sequence_id,sequence,length,cross_avg_weighted_score,cross_std_weighted_score,cross_avg_reduction,cross_std_reduction,successful_datasets,cluster_55_score,cluster_55_avg_red,cluster_55_med_red,cluster_55_min_red,cluster_55_std_red,cluster_55_neg_rate,cluster_55_runs
2689,"['--ipsccp', '--speculative-execution', '--sccp', '--early-cse', '--mem2reg', '--jump-threading', '--globalopt', '--elim-avail-extern', '--elim-avail-extern', '--instcombine', '--loop-instsimplify', '--instcombine', '--loop-instsimplify', '--jump-threading', '--gvn', '--simplifycfg', '--loweratomic', '--inline', '--mergefunc', '--gvn-hoist', '--elim-avail-extern', '--loweratomic', '--indvars', '--indvars', '--gvn', '--gvn', '--ipsccp', '--gvn', '--nary-reassociate', '--mem2reg', '--jump-threading', '--correlated-propagation', '--mem2reg', '--memcpyopt', '--jump-threading', '--bdce', '--elim-avail-extern', '--instcombine', '--memcpyopt', '--simplifycfg', '--sroa', '--lower-constant-intrinsics', '--adce', '--slsr', '--gvn-hoist', '--adce', '--loop-simplifycfg', '--loop-simplify', '--adce', '--loop-simplify', '--dse', '--scalarizer', '--scalarizer', '--simplifycfg', '--lower-expect', '--simplifycfg', '--elim-avail-extern', '--lower-constant-intrinsics', '--lower-constant-intrinsics', '--ipsccp', '--nary-reassociate', '--adce', '--lower-expect', '--loop-guard-widening', '--jump-threading', '--slp-vectorizer', '--instcombine', '--slp-vectorizer', '--instcombine', '--simplifycfg', '--sroa', '--early-cse', '--early-cse', '--lower-expect', '--aggressive-instcombine']",75,-3.5305433083205577,0.0,-0.7187561247462853,0.0,1,-3.5305433083205577,-0.7187561247462853,0.5620873773639496,-67.51269035532995,12.267703324079028,11.76470588235294,34
2720,"['--ipsccp', '--speculative-execution', '--slsr', '--early-cse', '--mem2reg', '--jump-threading', '--globalopt', '--instsimplify', '--elim-avail-extern', '--instcombine', '--loop-instsimplify', '--jump-threading', '--gvn', '--simplifycfg', '--instsimplify', '--inline', '--inline', '--mergefunc', '--gvn-hoist', '--instcombine', '--globalopt', '--indvars', '--elim-avail-extern', '--loweratomic', '--indvars', '--indvars', '--gvn', '--gvn', '--ipsccp', '--gvn', '--nary-reassociate', '--mem2reg', '--partially-inline-libcalls', '--correlated-propagation', '--jump-threading', '--mem2reg', '--memcpyopt', '--globalopt', '--jump-threading', '--bdce', '--elim-avail-extern', '--instcombine', '--simplifycfg', '--sroa', '--lower-constant-intrinsics', '--adce', '--slsr', '--gvn-hoist', '--adce', '--loop-simplify', '--adce', '--loop-simplify', '--dse', '--scalarizer', '--simplifycfg', '--lower-expect', '--gvn-hoist', '--simplifycfg', '--lower-expect', '--simplifycfg', '--elim-avail-extern', '--lower-constant-intrinsics', '--ipsccp', '--gvn', '--nary-reassociate', '--gvn', '--early-cse', '--loop-guard-widening', '--jump-threading', '--globalopt', '--slp-vectorizer', '--instcombine', '--slp-vectorizer', '--instcombine', '--simplifycfg', '--sroa', '--early-cse', '--lower-expect', '--aggressive-instcombine']",79,-3.5574286695729693,0.0,-0.7759139535391936,0.0,1,-3.5574286695729693,-0.7759139535391936,0.5620873773639496,-67.00507614213198,12.107873220656332,11.76470588235294,34
2462,"['--ipsccp', '--speculative-execution', '--sccp', '--early-cse', '--mem2reg', '--sroa', '--globalopt', '--elim-avail-extern', '--instcombine', '--loop-instsimplify', '--jump-threading', '--gvn', '--simplifycfg', '--instsimplify', '--inline', '--mergefunc', '--gvn-hoist', '--mergefunc', '--gvn-hoist', '--globalopt', '--elim-avail-extern', '--loweratomic', '--indvars', '--indvars', '--gvn', '--gvn', '--ipsccp', '--gvn', '--nary-reassociate', '--adce', '--early-cse', '--mem2reg', '--jump-threading', '--simplifycfg', '--elim-avail-extern', '--instcombine', '--globalopt', '--sroa', '--mem2reg', '--globaldce', '--gvn-hoist', '--sccp', '--early-cse', '--early-cse', '--lower-constant-intrinsics', '--adce', '--slsr', '--gvn-hoist', '--adce', '--loop-simplify', '--dse', '--scalarizer', '--adce', '--loop-simplify', '--scalarizer', '--simplifycfg', '--mergereturn', '--lower-expect', '--ipsccp', '--gvn', '--nary-reassociate', '--gvn', '--early-cse', '--mem2reg', '--jump-threading', '--globalopt', '--slp-vectorizer', '--instcombine', '--simplifycfg', '--sroa', '--early-cse', '--lower-expect', '--sroa', '--sroa', '--lower-expect', '--aggressive-instcombine']",76,-3.5574286695729693,0.0,-0.7759139535391936,0.0,1,-3.5574286695729693,-0.7759139535391936,0.5620873773639496,-67.00507614213198,12.107873220656332,11.76470588235294,34
2427,"['--ipsccp', '--speculative-execution', '--sccp', '--lower-constant-intrinsics', '--early-cse', '--mem2reg', '--jump-threading', '--globalopt', '--elim-avail-extern', '--instcombine', '--loop-instsimplify', '--jump-threading', '--gvn', '--simplifycfg', '--instsimplify', '--inline', '--mergefunc', '--gvn-hoist', '--instcombine', '--globalopt', '--elim-avail-extern', '--loweratomic', '--indvars', '--indvars', '--gvn', '--gvn', '--ipsccp', '--gvn', '--nary-reassociate', '--adce', '--early-cse', '--lower-constant-intrinsics', '--jump-threading', '--globalopt', '--elim-avail-extern', '--instcombine', '--sroa', '--simplifycfg', '--sroa', '--instcombine', '--simplifycfg', '--sroa', '--lower-constant-intrinsics', '--adce', '--slsr', '--gvn-hoist', '--adce', '--loop-simplify', '--adce', '--loop-simplify', '--dse', '--scalarizer', '--simplifycfg', '--lower-expect', '--simplifycfg', '--elim-avail-extern', '--lower-constant-intrinsics', '--ipsccp', '--gvn', '--nary-reassociate', '--gvn', '--mem2reg', '--jump-threading', '--globalopt', '--slp-vectorizer', '--instcombine', '--simplifycfg', '--sroa', '--early-cse', '--lower-expect', '--sroa', '--sroa', '--lower-expect', '--aggressive-instcombine']",74,-3.5574286695729693,0.0,-0.7759139535391936,0.0,1,-3.5574286695729693,-0.7759139535391936,0.5620873773639496,-67.00507614213198,12.107873220656332,11.76470588235294,34
2428,"['--ipsccp', '--speculative-execution', '--sccp', '--lower-constant-intrinsics', '--early-cse', '--mem2reg', '--mergefunc', '--jump-threading', '--elim-avail-extern', '--instcombine', '--loop-instsimplify', '--jump-threading', '--gvn', '--simplifycfg', '--instsimplify', '--inline', '--mergefunc', '--gvn-hoist', '--instcombine', '--globalopt', '--elim-avail-extern', '--loweratomic', '--indvars', '--indvars', '--gvn', '--gvn', '--ipsccp', '--gvn', '--nary-reassociate', '--mem2reg', '--jump-threading', '--correlated-propagation', '--mem2reg', '--memcpyopt', '--globalopt', '--jump-threading', '--bdce', '--elim-avail-extern', '--instcombine', '--simplifycfg', '--sroa', '--lower-constant-intrinsics', '--adce', '--slsr', '--gvn-hoist', '--adce', '--loop-simplify', '--adce', '--loop-simplify', '--dse', '--scalarizer', '--scalarizer', '--simplifycfg', '--lower-expect', '--simplifycfg', '--elim-avail-extern', '--lower-constant-intrinsics', '--lower-constant-intrinsics', '--ipsccp', '--nary-reassociate', '--adce', '--early-cse', '--loop-guard-widening', '--jump-threading', '--slp-vectorizer', '--instcombine', '--dse', '--instcombine', '--slp-vectorizer', '--instcombine', '--simplifycfg', '--sroa', '--early-cse', '--lower-expect', '--aggressive-instcombine']",75,-3.5574286695729693,0.0,-0.7759139535391936,0.0,1,-3.5574286695729693,-0.7759139535391936,0.5620873773639496,-67.00507614213198,12.107873220656332,11.76470588235294,34
2429,"['--ipsccp', '--speculative-execution', '--sccp', '--lower-constant-intrinsics', '--early-cse', '--mem2reg', '--jump-threading', '--globalopt', '--elim-avail-extern', '--instcombine', '--loop-instsimplify', '--gvn', '--simplifycfg', '--instsimplify', '--inline', '--mergefunc', '--gvn-hoist', '--instcombine', '--globalopt', '--dse', '--loweratomic', '--indvars', '--indvars', '--gvn', '--gvn', '--ipsccp', '--gvn', '--nary-reassociate', '--adce', '--early-cse', '--mem2reg', '--jump-threading', '--globalopt', '--elim-avail-extern', '--instcombine', '--simplifycfg', '--sroa', '--mem2reg', '--globaldce', '--simplifycfg', '--sccp', '--early-cse', '--lower-constant-intrinsics', '--adce', '--slsr', '--gvn-hoist', '--adce', '--loop-simplify', '--elim-avail-extern', '--scalarizer', '--simplifycfg', '--lower-expect', '--loop-simplify', '--dse', '--scalarizer', '--simplifycfg', '--mergereturn', '--lower-expect', '--elim-avail-extern', '--nary-reassociate', '--gvn', '--early-cse', '--loop-guard-widening', '--jump-threading', '--globalopt', '--slp-vectorizer', '--instcombine', '--slp-vectorizer', '--instcombine', '--simplifycfg', '--early-cse', '--lower-expect', '--sroa', '--lower-expect', '--aggressive-instcombine']",75,-3.5574286695729693,0.0,-0.7759139535391936,0.0,1,-3.5574286695729693,-0.7759139535391936,0.5620873773639496,-67.00507614213198,12.107873220656332,11.76470588235294,34
2431,"['--ipsccp', '--speculative-execution', '--sccp', '--lower-constant-intrinsics', '--early-cse', '--mem2reg', '--jump-threading', '--globalopt', '--elim-avail-extern', '--instcombine', '--loop-instsimplify', '--jump-threading', '--gvn', '--simplifycfg', '--instsimplify', '--inline', '--mergefunc', '--gvn-hoist', '--instcombine', '--globalopt', '--elim-avail-extern', '--loweratomic', '--indvars', '--indvars', '--gvn', '--gvn', '--ipsccp', '--gvn', '--nary-reassociate', '--adce', '--early-cse', '--mem2reg', '--jump-threading', '--globalopt', '--elim-avail-extern', '--instcombine', '--simplifycfg', '--sroa', '--mem2reg', '--globaldce', '--gvn-hoist', '--sccp', '--early-cse', '--loop-guard-widening', '--adce', '--slsr', '--nary-reassociate', '--adce', '--loop-simplify', '--dse', '--scalarizer', '--adce', '--loop-simplify', '--dse', '--ipsccp', '--dse', '--scalarizer', '--simplifycfg', '--lower-expect', '--simplifycfg', '--elim-avail-extern', '--lower-constant-intrinsics', '--ipsccp', '--nary-reassociate', '--gvn', '--jump-threading', '--jump-threading', '--globalopt', '--slp-vectorizer', '--instcombine', '--simplifycfg', '--early-cse', '--sroa', '--sroa', '--instcombine', '--aggressive-instcombine']",76,-3.5574286695729693,0.0,-0.7759139535391936,0.0,1,-3.5574286695729693,-0.7759139535391936,0.5620873773639496,-67.00507614213198,12.107873220656332,11.76470588235294,34
2436,"['--ipsccp', '--speculative-execution', '--sccp', '--lower-constant-intrinsics', '--early-cse', '--mem2reg', '--jump-threading', '--globalopt', '--elim-avail-extern', '--instcombine', '--loop-instsimplify', '--jump-threading', '--gvn', '--simplifycfg', '--instsimplify', '--inline', '--mergefunc', '--gvn-hoist', '--instcombine', '--globalopt', '--elim-avail-extern', '--loweratomic', '--indvars', '--indvars', '--gvn', '--gvn', '--ipsccp', '--gvn', '--nary-reassociate', '--adce', '--early-cse', '--mem2reg', '--jump-threading', '--lower-expect', '--elim-avail-extern', '--instcombine', '--simplifycfg', '--sroa', '--mem2reg', '--globaldce', '--gvn-hoist', '--sccp', '--early-cse', '--lower-constant-intrinsics', '--adce', '--slsr', '--nary-reassociate', '--adce', '--loop-simplify', '--dse', '--scalarizer', '--adce', '--loop-simplify', '--dse', '--scalarizer', '--simplifycfg', '--mergereturn', '--lower-expect', '--elim-avail-extern', '--lower-constant-intrinsics', '--ipsccp', '--gvn-hoist', '--gvn', '--jump-threading', '--globalopt', '--slp-vectorizer', '--instcombine', '--slp-vectorizer', '--instcombine', '--simplifycfg', '--sroa', '--early-cse', '--early-cse', '--globalopt', '--aggressive-instcombine']",75,-3.5574286695729693,0.0,-0.7759139535391936,0.0,1,-3.5574286695729693,-0.7759139535391936,0.5620873773639496,-67.00507614213198,12.107873220656332,11.76470588235294,34
2437,"['--ipsccp', '--speculative-execution', '--sccp', '--lower-constant-intrinsics', '--early-cse', '--mem2reg', '--jump-threading', '--globalopt', '--elim-avail-extern', '--instcombine', '--loop-instsimplify', '--gvn', '--simplifycfg', '--instsimplify', '--inline', '--inline', '--mergefunc', '--gvn-hoist', '--instcombine', '--globalopt', '--elim-avail-extern', '--loweratomic', '--indvars', '--indvars', '--gvn', '--gvn', '--ipsccp', '--gvn', '--nary-reassociate', '--adce', '--early-cse', '--mem2reg', '--jump-threading', '--globalopt', '--elim-avail-extern', '--instcombine', '--simplifycfg', '--sroa', '--mem2reg', '--globaldce', '--gvn-hoist', '--sccp', '--early-cse', '--lower-constant-intrinsics', '--adce', '--adce', '--slsr', '--gvn-hoist', '--adce', '--loop-simplify', '--dse', '--scalarizer', '--lower-expect', '--ipsccp', '--elim-avail-extern', '--lower-constant-intrinsics', '--ipsccp', '--gvn', '--gvn', '--gvn', '--early-cse', '--mem2reg', '--jump-threading', '--correlated-propagation', '--slp-vectorizer', '--instcombine', '--simplifycfg', '--slp-vectorizer', '--instcombine', '--simplifycfg', '--sroa', '--early-cse', '--lower-expect', '--aggressive-instcombine']",74,-3.5574286695729693,0.0,-0.7759139535391936,0.0,1,-3.5574286695729693,-0.7759139535391936,0.5620873773639496,-67.00507614213198,12.107873220656332,11.76470588235294,34
2438,"['--ipsccp', '--speculative-execution', '--sccp', '--lower-constant-intrinsics', '--early-cse', '--mem2reg', '--jump-threading', '--globalopt', '--elim-avail-extern', '--instcombine', '--loop-instsimplify', '--gvn', '--simplifycfg', '--instsimplify', '--inline', '--mergefunc', '--gvn-hoist', '--instcombine', '--globalopt', '--dse', '--loweratomic', '--indvars', '--indvars', '--gvn', '--gvn', '--ipsccp', '--gvn', '--adce', '--early-cse', '--mem2reg', '--jump-threading', '--globalopt', '--elim-avail-extern', '--instcombine', '--simplifycfg', '--sroa', '--mem2reg', '--globaldce', '--simplifycfg', '--sccp', '--early-cse', '--lower-constant-intrinsics', '--adce', '--slsr', '--gvn-hoist', '--adce', '--loop-simplify', '--elim-avail-extern', '--scalarizer', '--simplifycfg', '--lower-expect', '--gvn-hoist', '--simplifycfg', '--lower-expect', '--simplifycfg', '--elim-avail-extern', '--lower-constant-intrinsics', '--ipsccp', '--gvn', '--nary-reassociate', '--gvn', '--early-cse', '--loop-guard-widening', '--jump-threading', '--globalopt', '--slp-vectorizer', '--instcombine', '--simplifycfg', '--sroa', '--early-cse', '--lower-expect', '--sroa', '--lower-expect', '--aggressive-instcombine']",74,-3.5574286695729693,0.0,-0.7759139535391936,0.0,1,-3.5574286695729693,-0.7759139535391936,0.5620873773639496,-67.00507614213198,12.107873220656332,11.76470588235294,34
2440,"['--ipsccp', '--speculative-execution', '--sccp', '--lower-constant-intrinsics', '--early-cse', '--mem2reg', '--jump-threading', '--globalopt', '--elim-avail-extern', '--instcombine', '--loop-instsimplify', '--jump-threading', '--gvn', '--simplifycfg', '--instsimplify', '--inline', '--mergefunc', '--gvn-hoist', '--instcombine', '--globalopt', '--elim-avail-extern', '--loweratomic', '--indvars', '--indvars', '--gvn', '--gvn', '--ipsccp', '--gvn', '--nary-reassociate', '--adce', '--early-cse', '--mem2reg', '--jump-threading', '--globalopt', '--elim-avail-extern', '--instcombine', '--simplifycfg', '--sroa', '--mem2reg', '--globaldce', '--gvn-hoist', '--sccp', '--early-cse', '--lower-constant-intrinsics', '--adce', '--slsr', '--gvn-hoist', '--adce', '--loop-simplify', '--dse', '--scalarizer', '--bdce', '--adce', '--loop-simplify', '--scalarizer', '--simplifycfg', '--mergereturn', '--lower-expect', '--ipsccp', '--gvn', '--nary-reassociate', '--gvn', '--early-cse', '--mem2reg', '--jump-threading', '--globalopt', '--slp-vectorizer', '--instcombine', '--simplifycfg', '--sroa', '--early-cse', '--lower-expect', '--sroa', '--sroa', '--lower-expect', '--aggressive-instcombine']",76,-3.5574286695729693,0.0,-0.7759139535391936,0.0,1,-3.5574286695729693,-0.7759139535391936,0.5620873773639496,-67.00507614213198,12.107873220656332,11.76470588235294,34
2443,"['--ipsccp', '--speculative-execution', '--sccp', '--lower-constant-intrinsics', '--early-cse', '--mem2reg', '--jump-threading', '--instcombine', '--elim-avail-extern', '--instcombine', '--loop-instsimplify', '--jump-threading', '--gvn', '--simplifycfg', '--instsimplify', '--inline', '--mergefunc', '--gvn-hoist', '--instcombine', '--globalopt', '--elim-avail-extern', '--loweratomic', '--indvars', '--indvars', '--gvn', '--gvn', '--ipsccp', '--gvn', '--nary-reassociate', '--mem2reg', '--jump-threading', '--correlated-propagation', '--mem2reg', '--memcpyopt', '--globalopt', '--jump-threading', '--bdce', '--elim-avail-extern', '--instcombine', '--memcpyopt', '--simplifycfg', '--sroa', '--lower-constant-intrinsics', '--adce', '--slsr', '--gvn-hoist', '--adce', '--loop-simplify', '--adce', '--loop-simplify', '--dse', '--scalarizer', '--scalarizer', '--simplifycfg', '--lower-expect', '--simplifycfg', '--elim-avail-extern', '--lower-constant-intrinsics', '--lower-constant-intrinsics', '--ipsccp', '--nary-reassociate', '--adce', '--early-cse', '--loop-guard-widening', '--jump-threading', '--slp-vectorizer', '--instcombine', '--slp-vectorizer', '--instcombine', '--simplifycfg', '--sroa', '--sroa', '--early-cse', '--lower-expect', '--sroa', '--lower-expect', '--aggressive-instcombine']",77,-3.5574286695729693,0.0,-0.7759139535391936,0.0,1,-3.5574286695729693,-0.7759139535391936,0.5620873773639496,-67.00507614213198,12.107873220656332,11.76470588235294,34
2447,"['--ipsccp', '--speculative-execution', '--sccp', '--lower-constant-intrinsics', '--early-cse', '--mem2reg', '--jump-threading', '--globalopt', '--elim-avail-extern', '--instcombine', '--loop-instsimplify', '--jump-threading', '--gvn', '--simplifycfg', '--instsimplify', '--inline', '--correlated-propagation', '--mergefunc', '--gvn-hoist', '--instcombine', '--globalopt', '--elim-avail-extern', '--loweratomic', '--indvars', '--indvars', '--gvn', '--gvn', '--ipsccp', '--gvn', '--nary-reassociate', '--adce', '--early-cse', '--mem2reg', '--jump-threading', '--globalopt', '--elim-avail-extern', '--instcombine', '--simplifycfg', '--sroa', '--mem2reg', '--globaldce', '--gvn-hoist', '--sccp', '--early-cse', '--lower-constant-intrinsics', '--adce', '--slsr', '--gvn-hoist', '--adce', '--loop-simplify', '--dse', '--scalarizer', '--adce', '--gvn-hoist', '--simplifycfg', '--lower-expect', '--simplifycfg', '--elim-avail-extern', '--lower-constant-intrinsics', '--ipsccp', '--gvn', '--nary-reassociate', '--gvn', '--early-cse', '--loop-guard-widening', '--jump-threading', '--globalopt', '--slp-vectorizer', '--instcombine', '--slp-vectorizer', '--instcombine', '--simplifycfg', '--sroa', '--early-cse', '--lower-expect', '--aggressive-instcombine']",76,-3.5574286695729693,0.0,-0.7759139535391936,0.0,1,-3.5574286695729693,-0.7759139535391936,0.5620873773639496,-67.00507614213198,12.107873220656332,11.76470588235294,34
2449,"['--ipsccp', '--speculative-execution', '--sccp', '--lower-constant-intrinsics', '--early-cse', '--mem2reg', '--jump-threading', '--globalopt', '--elim-avail-extern', '--instcombine', '--loop-instsimplify', '--jump-threading', '--gvn', '--simplifycfg', '--instsimplify', '--inline', '--mergefunc', '--gvn-hoist', '--instcombine', '--globalopt', '--elim-avail-extern', '--loweratomic', '--indvars', '--indvars', '--gvn', '--gvn', '--ipsccp', '--loop-simplifycfg', '--nary-reassociate', '--adce', '--early-cse', '--mem2reg', '--jump-threading', '--globalopt', '--elim-avail-extern', '--instcombine', '--sroa', '--simplifycfg', '--sroa', '--mem2reg', '--globaldce', '--simplifycfg', '--sccp', '--lower-constant-intrinsics', '--lower-constant-intrinsics', '--slsr', '--gvn-hoist', '--adce', '--loop-simplify', '--dse', '--scalarizer', '--adce', '--loop-simplify', '--dse', '--scalarizer', '--simplifycfg', '--mergereturn', '--lower-expect', '--elim-avail-extern', '--lower-constant-intrinsics', '--ipsccp', '--nary-reassociate', '--gvn', '--jump-threading', '--globalopt', '--slp-vectorizer', '--instcombine', '--instcombine', '--simplifycfg', '--sroa', '--early-cse', '--lower-expect', '--sroa', '--sroa', '--aggressive-instcombine']",75,-3.5574286695729693,0.0,-0.7759139535391936,0.0,1,-3.5574286695729693,-0.7759139535391936,0.5620873773639496,-67.00507614213198,12.107873220656332,11.76470588235294,34
2450,"['--ipsccp', '--speculative-execution', '--sccp', '--early-cse', '--mem2reg', '--jump-threading', '--globalopt', '--elim-avail-extern', '--instcombine', '--loop-instsimplify', '--jump-threading', '--gvn', '--simplifycfg', '--instsimplify', '--inline', '--inline', '--mergefunc', '--gvn-hoist', '--instcombine', '--globalopt', '--elim-avail-extern', '--loweratomic', '--indvars', '--indvars', '--gvn', '--gvn', '--ipsccp', '--gvn', '--nary-reassociate', '--mem2reg', '--jump-threading', '--correlated-propagation', '--mem2reg', '--memcpyopt', '--globalopt', '--bdce', '--elim-avail-extern', '--instcombine', '--simplifycfg', '--sroa', '--lower-constant-intrinsics', '--adce', '--slsr', '--gvn-hoist', '--adce', '--loop-simplify', '--adce', '--loop-simplify', '--dse', '--scalarizer', '--dce', '--simplifycfg', '--lower-expect', '--simplifycfg', '--elim-avail-extern', '--lower-constant-intrinsics', '--lower-constant-intrinsics', '--ipsccp', '--nary-reassociate', '--adce', '--early-cse', '--loop-guard-widening', '--jump-threading', '--slp-vectorizer', '--instcombine', '--slp-vectorizer', '--instcombine', '--instcombine', '--simplifycfg', '--sroa', '--early-cse', '--elim-avail-extern', '--lower-expect', '--sroa', '--sroa', '--aggressive-instcombine']",76,-3.5574286695729693,0.0,-0.7759139535391936,0.0,1,-3.5574286695729693,-0.7759139535391936,0.5620873773639496,-67.00507614213198,12.107873220656332,11.76470588235294,34
2452,"['--ipsccp', '--speculative-execution', '--sccp', '--early-cse', '--mem2reg', '--jump-threading', '--globalopt', '--elim-avail-extern', '--instcombine', '--loop-instsimplify', '--jump-threading', '--gvn', '--simplifycfg', '--simplifycfg', '--instsimplify', '--inline', '--mergefunc', '--gvn-hoist', '--instcombine', '--globalopt', '--elim-avail-extern', '--loweratomic', '--indvars', '--indvars', '--gvn', '--gvn', '--nary-reassociate', '--adce', '--early-cse', '--mem2reg', '--jump-threading', '--globalopt', '--elim-avail-extern', '--instcombine', '--simplifycfg', '--sroa', '--mem2reg', '--globaldce', '--mem2reg', '--globaldce', '--gvn-hoist', '--loop-simplify', '--sccp', '--early-cse', '--lower-constant-intrinsics', '--slsr', '--gvn-hoist', '--adce', '--loop-simplify', '--dse', '--scalarizer', '--adce', '--loop-simplify', '--dse', '--scalarizer', '--simplifycfg', '--mergereturn', '--lower-expect', '--elim-avail-extern', '--lower-constant-intrinsics', '--ipsccp', '--nary-reassociate', '--gvn', '--jump-threading', '--globalopt', '--slp-vectorizer', '--instcombine', '--slp-vectorizer', '--instcombine', '--simplifycfg', '--sroa', '--early-cse', '--lower-expect', '--sroa', '--sroa', '--aggressive-instcombine']",76,-3.5574286695729693,0.0,-0.7759139535391936,0.0,1,-3.5574286695729693,-0.7759139535391936,0.5620873773639496,-67.00507614213198,12.107873220656332,11.76470588235294,34
2454,"['--ipsccp', '--speculative-execution', '--sccp', '--lower-constant-intrinsics', '--early-cse', '--mem2reg', '--jump-threading', '--globalopt', '--elim-avail-extern', '--instcombine', '--loop-instsimplify', '--jump-threading', '--gvn', '--simplifycfg', '--instsimplify', '--inline', '--mergefunc', '--gvn-hoist', '--instcombine', '--globalopt', '--elim-avail-extern', '--loweratomic', '--indvars', '--indvars', '--gvn', '--ipsccp', '--gvn', '--nary-reassociate', '--adce', '--early-cse', '--mem2reg', '--jump-threading', '--globalopt', '--elim-avail-extern', '--instcombine', '--simplifycfg', '--sroa', '--mem2reg', '--globaldce', '--gvn-hoist', '--sccp', '--early-cse', '--lower-constant-intrinsics', '--adce', '--slsr', '--gvn-hoist', '--adce', '--loop-simplify', '--dse', '--scalarizer', '--adce', '--loop-simplify', '--dse', '--scalarizer', '--simplifycfg', '--mergereturn', '--lower-expect', '--nary-reassociate', '--lower-constant-intrinsics', '--ipsccp', '--elim-avail-extern', '--gvn', '--jump-threading', '--globalopt', '--slp-vectorizer', '--instcombine', '--slp-vectorizer', '--instcombine', '--simplifycfg', '--sroa', '--early-cse', '--lower-expect', '--sroa', '--sroa', '--aggressive-instcombine']",75,-3.5574286695729693,0.0,-0.7759139535391936,0.0,1,-3.5574286695729693,-0.7759139535391936,0.5620873773639496,-67.00507614213198,12.107873220656332,11.76470588235294,34
2456,"['--ipsccp', '--speculative-execution', '--slsr', '--early-cse', '--mem2reg', '--jump-threading', '--globalopt', '--jump-threading', '--instcombine', '--elim-avail-extern', '--gvn', '--simplifycfg', '--instsimplify', '--inline', '--mergefunc', '--loop-versioning-licm', '--gvn-hoist', '--instcombine', '--globalopt', '--elim-avail-extern', '--loweratomic', '--indvars', '--indvars', '--gvn', '--gvn', '--ipsccp', '--gvn', '--nary-reassociate', '--mem2reg', '--jump-threading', '--correlated-propagation', '--mem2reg', '--memcpyopt', '--globalopt', '--jump-threading', '--bdce', '--elim-avail-extern', '--instcombine', '--simplifycfg', '--sroa', '--lower-constant-intrinsics', '--adce', '--slsr', '--gvn-hoist', '--adce', '--loop-simplify', '--adce', '--loop-simplify', '--dse', '--scalarizer', '--scalarizer', '--simplifycfg', '--lower-expect', '--simplifycfg', '--elim-avail-extern', '--lower-constant-intrinsics', '--lower-constant-intrinsics', '--lower-expect', '--elim-avail-extern', '--lower-constant-intrinsics', '--ipsccp', '--nary-reassociate', '--gvn', '--jump-threading', '--globalopt', '--slp-vectorizer', '--instcombine', '--slp-vectorizer', '--instcombine', '--simplifycfg', '--sroa', '--early-cse', '--lower-expect', '--sroa', '--sroa', '--aggressive-instcombine']",76,-3.5574286695729693,0.0,-0.7759139535391936,0.0,1,-3.5574286695729693,-0.7759139535391936,0.5620873773639496,-67.00507614213198,12.107873220656332,11.76470588235294,34
2458,"['--ipsccp', '--speculative-execution', '--sccp', '--lower-constant-intrinsics', '--early-cse', '--mem2reg', '--mergefunc', '--jump-threading', '--globalopt', '--lower-constant-intrinsics', '--elim-avail-extern', '--instcombine', '--loop-instsimplify', '--jump-threading', '--gvn', '--simplifycfg', '--instsimplify', '--inline', '--mergefunc', '--gvn-hoist', '--instcombine', '--globalopt', '--elim-avail-extern', '--loweratomic', '--indvars', '--indvars', '--gvn', '--gvn', '--ipsccp', '--gvn', '--nary-reassociate', '--adce', '--early-cse', '--mem2reg', '--jump-threading', '--globalopt', '--elim-avail-extern', '--lower-constant-intrinsics', '--instcombine', '--simplifycfg', '--sroa', '--mem2reg', '--globaldce', '--simplifycfg', '--sccp', '--early-cse', '--lower-constant-intrinsics', '--adce', '--slsr', '--gvn-hoist', '--adce', '--loop-simplify', '--dse', '--scalarizer', '--simplifycfg', '--lower-expect', '--gvn-hoist', '--simplifycfg', '--lower-expect', '--simplifycfg', '--elim-avail-extern', '--elim-avail-extern', '--lower-constant-intrinsics', '--ipsccp', '--nary-reassociate', '--gvn', '--jump-threading', '--jump-threading', '--globalopt', '--slp-vectorizer', '--instcombine', '--simplifycfg', '--early-cse', '--sroa', '--sroa', '--instcombine', '--aggressive-instcombine']",77,-3.5574286695729693,0.0,-0.7759139535391936,0.0,1,-3.5574286695729693,-0.7759139535391936,0.5620873773639496,-67.00507614213198,12.107873220656332,11.76470588235294,34
2459,"['--ipsccp', '--speculative-execution', '--sccp', '--early-cse', '--mem2reg', '--jump-threading', '--globalopt', '--elim-avail-extern', '--instcombine', '--loop-instsimplify', '--jump-threading', '--gvn', '--simplifycfg', '--instsimplify', '--inline', '--inline', '--mergefunc', '--gvn-hoist', '--instcombine', '--globalopt', '--elim-avail-extern', '--loweratomic', '--indvars', '--indvars', '--gvn', '--gvn', '--ipsccp', '--gvn', '--nary-reassociate', '--mem2reg', '--jump-threading', '--correlated-propagation', '--mem2reg', '--memcpyopt', '--globalopt', '--jump-threading', '--bdce', '--elim-avail-extern', '--instcombine', '--simplifycfg', '--sroa', '--lower-constant-intrinsics', '--adce', '--slsr', '--gvn-hoist', '--adce', '--loop-simplify', '--adce', '--loop-simplify', '--dse', '--scalarizer', '--scalarizer', '--simplifycfg', '--lower-expect', '--simplifycfg', '--elim-avail-extern', '--lower-constant-intrinsics', '--lower-constant-intrinsics', '--ipsccp', '--nary-reassociate', '--adce', '--early-cse', '--loop-guard-widening', '--jump-threading', '--slp-vectorizer', '--instcombine', '--dse', '--instcombine', '--slp-vectorizer', '--instcombine', '--simplifycfg', '--sroa', '--early-cse', '--lower-expect', '--aggressive-instcombine']",75,-3.5574286695729693,0.0,-0.7759139535391936,0.0,1,-3.5574286695729693,-0.7759139535391936,0.5620873773639496,-67.00507614213198,12.107873220656332,11.76470588235294,34
2460,"['--ipsccp', '--speculative-execution', '--sccp', '--lower-constant-intrinsics', '--early-cse', '--mem2reg', '--mergefunc', '--jump-threading', '--elim-avail-extern', '--instcombine', '--loop-instsimplify', '--jump-threading', '--gvn', '--simplifycfg', '--instsimplify', '--inline', '--mergefunc', '--gvn-hoist', '--instcombine', '--globalopt', '--elim-avail-extern', '--loweratomic', '--indvars', '--indvars', '--gvn', '--gvn', '--ipsccp', '--gvn', '--nary-reassociate', '--mem2reg', '--jump-threading', '--correlated-propagation', '--mem2reg', '--memcpyopt', '--globalopt', '--jump-threading', '--bdce', '--elim-avail-extern', '--instcombine', '--simplifycfg', '--sroa', '--lower-constant-intrinsics', '--adce', '--slsr', '--gvn-hoist', '--adce', '--loop-simplify', '--adce', '--loop-simplify', '--dse', '--scalarizer', '--dce', '--simplifycfg', '--lower-expect', '--simplifycfg', '--elim-avail-extern', '--lower-constant-intrinsics', '--lower-constant-intrinsics', '--ipsccp', '--nary-reassociate', '--adce', '--early-cse', '--loop-guard-widening', '--jump-threading', '--slp-vectorizer', '--instcombine', '--slp-vectorizer', '--instcombine', '--instcombine', '--simplifycfg', '--sroa', '--early-cse', '--elim-avail-extern', '--lower-expect', '--sroa', '--sroa', '--aggressive-instcombine']",77,-3.5574286695729693,0.0,-0.7759139535391936,0.0,1,-3.5574286695729693,-0.7759139535391936,0.5620873773639496,-67.00507614213198,12.107873220656332,11.76470588235294,34
2425,"['--ipsccp', '--speculative-execution', '--sccp', '--early-cse', '--mem2reg', '--jump-threading', '--globalopt', '--elim-avail-extern', '--instcombine', '--adce', '--jump-threading', '--gvn', '--simplifycfg', '--instsimplify', '--inline', '--loweratomic', '--gvn-hoist', '--gvn-hoist', '--instcombine', '--globalopt', '--elim-avail-extern', '--mergefunc', '--indvars', '--indvars', '--gvn', '--gvn', '--ipsccp', '--gvn', '--nary-reassociate', '--adce', '--strip', '--mem2reg', '--jump-threading', '--globalopt', '--instcombine', '--simplifycfg', '--sroa', '--mem2reg', '--globaldce', '--gvn-hoist', '--sccp', '--early-cse', '--lower-constant-intrinsics', '--adce', '--slsr', '--gvn-hoist', '--adce', '--loop-simplify', '--dse', '--scalarizer', '--adce', '--loop-simplify', '--dse', '--scalarizer', '--simplifycfg', '--loop-deletion', '--mergereturn', '--lower-expect', '--elim-avail-extern', '--lower-constant-intrinsics', '--ipsccp', '--nary-reassociate', '--gvn', '--jump-threading', '--globalopt', '--slp-vectorizer', '--instcombine', '--slp-vectorizer', '--instcombine', '--simplifycfg', '--early-cse', '--early-cse', '--lower-expect', '--aggressive-instcombine']",74,-3.5574286695729693,0.0,-0.7759139535391936,0.0,1,-3.5574286695729693,-0.7759139535391936,0.5620873773639496,-67.00507614213198,12.107873220656332,11.76470588235294,34
2424,"['--ipsccp', '--speculative-execution', '--sccp', '--lower-constant-intrinsics', '--early-cse', '--mem2reg', '--jump-threading', '--globalopt', '--elim-avail-extern', '--instcombine', '--loop-instsimplify', '--jump-threading', '--gvn', '--simplifycfg', '--loop-versioning-licm', '--instsimplify', '--inline', '--mergefunc', '--gvn-hoist', '--instcombine', '--globalopt', '--elim-avail-extern', '--loweratomic', '--indvars', '--indvars', '--gvn', '--gvn', '--ipsccp', '--nary-reassociate', '--adce', '--early-cse', '--mem2reg', '--jump-threading', '--globalopt', '--elim-avail-extern', '--instcombine', '--simplifycfg', '--sroa', '--mem2reg', '--lowerinvoke', '--gvn-hoist', '--sccp', '--early-cse', '--lower-constant-intrinsics', '--adce', '--slsr', '--gvn-hoist', '--adce', '--gvn-hoist', '--adce', '--scalarizer', '--adce', '--loop-simplify', '--dse', '--scalarizer', '--simplifycfg', '--loop-deletion', '--mergereturn', '--lower-expect', '--elim-avail-extern', '--lower-constant-intrinsics', '--ipsccp', '--nary-reassociate', '--gvn', '--jump-threading', '--globalopt', '--slp-vectorizer', '--sroa', '--slp-vectorizer', '--instcombine', '--simplifycfg', '--sroa', '--early-cse', '--early-cse', '--lower-expect', '--aggressive-instcombine']",76,-3.5574286695729693,0.0,-0.7759139535391936,0.0,1,-3.5574286695729693,-0.7759139535391936,0.5620873773639496,-67.00507614213198,12.107873220656332,11.76470588235294,34
2423,"['--ipsccp', '--speculative-execution', '--sccp', '--lower-constant-intrinsics', '--early-cse', '--mem2reg', '--jump-threading', '--globalopt', '--elim-avail-extern', '--instcombine', '--loop-instsimplify', '--gvn', '--simplifycfg', '--instsimplify', '--inline', '--mergefunc', '--reassociate', '--gvn-hoist', '--instcombine', '--globalopt', '--dse', '--loweratomic', '--indvars', '--indvars', '--gvn', '--gvn', '--ipsccp', '--gvn', '--nary-reassociate', '--adce', '--early-cse', '--mem2reg', '--jump-threading', '--globalopt', '--elim-avail-extern', '--instcombine', '--simplifycfg', '--sroa', '--mem2reg', '--globaldce', '--simplifycfg', '--sccp', '--early-cse', '--lower-constant-intrinsics', '--adce', '--slsr', '--gvn-hoist', '--adce', '--loop-simplify', '--elim-avail-extern', '--scalarizer', '--simplifycfg', '--lower-expect', '--gvn-hoist', '--simplifycfg', '--lower-expect', '--simplifycfg', '--elim-avail-extern', '--lower-constant-intrinsics', '--ipsccp', '--gvn', '--nary-reassociate', '--gvn', '--early-cse', '--loop-guard-widening', '--jump-threading', '--globalopt', '--slp-vectorizer', '--instcombine', '--slp-vectorizer', '--instcombine', '--simplifycfg', '--sroa', '--early-cse', '--lower-expect', '--aggressive-instcombine']",76,-3.5574286695729693,0.0,-0.7759139535391936,0.0,1,-3.5574286695729693,-0.7759139535391936,0.5620873773639496,-67.00507614213198,12.107873220656332,11.76470588235294,34
2407,"['--ipsccp', '--speculative-execution', '--sccp', '--early-cse', '--mem2reg', '--jump-threading', '--globalopt', '--elim-avail-extern', '--instcombine', '--loop-instsimplify', '--jump-threading', '--gvn', '--simplifycfg', '--hotcoldsplit', '--inline', '--mergefunc', '--mergefunc', '--gvn-hoist', '--instcombine', '--globalopt', '--elim-avail-extern', '--loweratomic', '--indvars', '--indvars', '--gvn', '--gvn', '--ipsccp', '--gvn', '--nary-reassociate', '--mldst-motion', '--early-cse', '--mem2reg', '--jump-threading', '--globalopt', '--elim-avail-extern', '--instcombine', '--simplifycfg', '--sroa', '--mem2reg', '--globaldce', '--gvn-hoist', '--sccp', '--early-cse', '--loop-guard-widening', '--adce', '--nary-reassociate', '--slsr', '--adce', '--loop-simplify', '--dse', '--scalarizer', '--adce', '--loop-simplify', '--dse', '--ipsccp', '--dse', '--scalarizer', '--simplifycfg', '--lower-expect', '--simplifycfg', '--elim-avail-extern', '--lower-constant-intrinsics', '--ipsccp', '--nary-reassociate', '--gvn', '--jump-threading', '--jump-threading', '--globalopt', '--slp-vectorizer', '--instcombine', '--simplifycfg', '--early-cse', '--sroa', '--sroa', '--instcombine', '--aggressive-instcombine']",76,-3.5574286695729693,0.0,-0.7759139535391936,0.0,1,-3.5574286695729693,-0.7759139535391936,0.5620873773639496,-67.00507614213198,12.107873220656332,11.76470588235294,34
2395,"['--ipsccp', '--speculative-execution', '--sccp', '--lower-constant-intrinsics', '--early-cse', '--mem2reg', '--jump-threading', '--instcombine', '--elim-avail-extern', '--globalopt', '--loop-instsimplify', '--jump-threading', '--gvn', '--simplifycfg', '--instsimplify', '--inline', '--mergefunc', '--gvn-hoist', '--instcombine', '--globalopt', '--elim-avail-extern', '--loweratomic', '--indvars', '--indvars', '--gvn', '--gvn', '--ipsccp', '--gvn', '--nary-reassociate', '--adce', '--early-cse', '--early-cse', '--mem2reg', '--jump-threading', '--globalopt', '--elim-avail-extern', '--dse', '--simplifycfg', '--sroa', '--mem2reg', '--globaldce', '--gvn-hoist', '--sccp', '--early-cse', '--lower-constant-intrinsics', '--adce', '--slsr', '--gvn-hoist', '--adce', '--loop-simplify', '--instcombine', '--scalarizer', '--adce', '--loop-simplify', '--dse', '--scalarizer', '--simplifycfg', '--mergereturn', '--lower-expect', '--elim-avail-extern', '--lower-constant-intrinsics', '--nary-reassociate', '--gvn', '--jump-threading', '--globalopt', '--slp-vectorizer', '--aggressive-instcombine', '--slp-vectorizer', '--instcombine', '--simplifycfg', '--sroa', '--early-cse', '--early-cse', '--lower-expect', '--aggressive-instcombine']",75,-3.5574286695729693,0.0,-0.7759139535391936,0.0,1,-3.5574286695729693,-0.7759139535391936,0.5620873773639496,-67.00507614213198,12.107873220656332,11.76470588235294,34
2396,"['--ipsccp', '--speculative-execution', '--sccp', '--lower-constant-intrinsics', '--early-cse', '--mem2reg', '--jump-threading', '--globalopt', '--elim-avail-extern', '--instcombine', '--loop-instsimplify', '--jump-threading', '--gvn', '--simplifycfg', '--instsimplify', '--inline', '--mergefunc', '--gvn-hoist', '--instcombine', '--globalopt', '--elim-avail-extern', '--loweratomic', '--indvars', '--indvars', '--gvn', '--ipsccp', '--gvn', '--nary-reassociate', '--adce', '--early-cse', '--mem2reg', '--jump-threading', '--globalopt', '--elim-avail-extern', '--instcombine', '--simplifycfg', '--sroa', '--mem2reg', '--globaldce', '--gvn-hoist', '--sccp', '--early-cse', '--lower-constant-intrinsics', '--adce', '--slsr', '--gvn-hoist', '--adce', '--loop-simplify', '--dse', '--scalarizer', '--adce', '--loop-simplify', '--dse', '--scalarizer', '--simplifycfg', '--mergereturn', '--lower-expect', '--elim-avail-extern', '--lower-constant-intrinsics', '--ipsccp', '--nary-reassociate', '--gvn', '--jump-threading', '--globalopt', '--slp-vectorizer', '--instcombine', '--slp-vectorizer', '--instcombine', '--simplifycfg', '--sroa', '--early-cse', '--lower-expect', '--sroa', '--sroa', '--aggressive-instcombine']",75,-3.5574286695729693,0.0,-0.7759139535391936,0.0,1,-3.5574286695729693,-0.7759139535391936,0.5620873773639496,-67.00507614213198,12.107873220656332,11.76470588235294,34
2398,"['--ipsccp', '--speculative-execution', '--sccp', '--lower-constant-intrinsics', '--early-cse', '--mem2reg', '--jump-threading', '--globalopt', '--elim-avail-extern', '--instcombine', '--loop-instsimplify', '--jump-threading', '--gvn', '--simplifycfg', '--instsimplify', '--inline', '--mergefunc', '--gvn-hoist', '--instcombine', '--globalopt', '--elim-avail-extern', '--loweratomic', '--indvars', '--indvars', '--gvn', '--gvn', '--nary-reassociate', '--adce', '--early-cse', '--mem2reg', '--jump-threading', '--globalopt', '--elim-avail-extern', '--instcombine', '--simplifycfg', '--sroa', '--mem2reg', '--globaldce', '--mem2reg', '--globaldce', '--gvn-hoist', '--loop-simplify', '--sccp', '--early-cse', '--lower-constant-intrinsics', '--slsr', '--gvn-hoist', '--adce', '--loop-simplify', '--dse', '--scalarizer', '--adce', '--loop-simplify', '--dse', '--scalarizer', '--simplifycfg', '--mergereturn', '--lower-expect', '--elim-avail-extern', '--lower-constant-intrinsics', '--ipsccp', '--nary-reassociate', '--gvn', '--jump-threading', '--globalopt', '--slp-vectorizer', '--instcombine', '--slp-vectorizer', '--instcombine', '--simplifycfg', '--sroa', '--early-cse', '--lower-expect', '--sroa', '--sroa', '--aggressive-instcombine']",76,-3.5574286695729693,0.0,-0.7759139535391936,0.0,1,-3.5574286695729693,-0.7759139535391936,0.5620873773639496,-67.00507614213198,12.107873220656332,11.76470588235294,34
2399,"['--ipsccp', '--speculative-execution', '--sccp', '--lower-constant-intrinsics', '--early-cse', '--mem2reg', '--jump-threading', '--jump-threading', '--globalopt', '--elim-avail-extern', '--instcombine', '--loop-instsimplify', '--jump-threading', '--gvn', '--simplifycfg', '--instsimplify', '--inline', '--mergefunc', '--gvn-hoist', '--instcombine', '--globalopt', '--elim-avail-extern', '--loweratomic', '--indvars', '--indvars', '--gvn', '--gvn', '--ipsccp', '--gvn', '--nary-reassociate', '--adce', '--mem2reg', '--jump-threading', '--globalopt', '--elim-avail-extern', '--instcombine', '--simplifycfg', '--sroa', '--mem2reg', '--globaldce', '--gvn-hoist', '--sccp', '--early-cse', '--lower-constant-intrinsics', '--adce', '--slsr', '--gvn-hoist', '--adce', '--loop-simplify', '--dse', '--scalarizer', '--adce', '--loop-simplify', '--dse', '--scalarizer', '--simplifycfg', '--mergereturn', '--lower-expect', '--elim-avail-extern', '--lower-constant-intrinsics', '--correlated-propagation', '--ipsccp', '--nary-reassociate', '--jump-threading', '--globalopt', '--slp-vectorizer', '--instcombine', '--slp-vectorizer', '--instcombine', '--simplifycfg', '--sroa', '--early-cse', '--early-cse', '--lower-expect', '--aggressive-instcombine']",75,-3.5574286695729693,0.0,-0.7759139535391936,0.0,1,-3.5574286695729693,-0.7759139535391936,0.5620873773639496,-67.00507614213198,12.107873220656332,11.76470588235294,34
2401,"['--ipsccp', '--speculative-execution', '--slsr', '--early-cse', '--mem2reg', '--jump-threading', '--globalopt', '--elim-avail-extern', '--instcombine', '--jump-threading', '--gvn', '--simplifycfg', '--instsimplify', '--inline', '--mergefunc', '--loop-versioning-licm', '--gvn-hoist', '--instcombine', '--globalopt', '--elim-avail-extern', '--loweratomic', '--indvars', '--indvars', '--gvn', '--gvn', '--ipsccp', '--gvn', '--nary-reassociate', '--mem2reg', '--jump-threading', '--correlated-propagation', '--mem2reg', '--memcpyopt', '--globalopt', '--jump-threading', '--bdce', '--elim-avail-extern', '--instcombine', '--simplifycfg', '--sroa', '--lower-constant-intrinsics', '--adce', '--slsr', '--gvn-hoist', '--adce', '--loop-simplify', '--adce', '--loop-simplify', '--dse', '--scalarizer', '--scalarizer', '--simplifycfg', '--lower-expect', '--simplifycfg', '--elim-avail-extern', '--lower-constant-intrinsics', '--lower-constant-intrinsics', '--ipsccp', '--nary-reassociate', '--adce', '--early-cse', '--loop-guard-widening', '--jump-threading', '--slp-vectorizer', '--instcombine', '--slp-vectorizer', '--instcombine', '--simplifycfg', '--sroa', '--sroa', '--early-cse', '--lower-expect', '--sroa', '--lower-expect', '--aggressive-instcombine']",75,-3.5574286695729693,0.0,-0.7759139535391936,0.0,1,-3.5574286695729693,-0.7759139535391936,0.5620873773639496,-67.00507614213198,12.107873220656332,11.76470588235294,34
2403,"['--ipsccp', '--speculative-execution', '--sccp', '--early-cse', '--mem2reg', '--jump-threading', '--globalopt', '--elim-avail-extern', '--instcombine', '--loop-instsimplify', '--jump-threading', '--gvn', '--simplifycfg', '--instsimplify', '--inline', '--inline', '--mergefunc', '--gvn-hoist', '--instcombine', '--globalopt', '--elim-avail-extern', '--loweratomic', '--indvars', '--indvars', '--gvn', '--gvn', '--ipsccp', '--gvn', '--nary-reassociate', '--mem2reg', '--jump-threading', '--correlated-propagation', '--mem2reg', '--memcpyopt', '--globalopt', '--jump-threading', '--bdce', '--elim-avail-extern', '--instcombine', '--simplifycfg', '--sroa', '--lower-constant-intrinsics', '--adce', '--slsr', '--gvn-hoist', '--adce', '--loop-simplify', '--adce', '--loop-simplify', '--dse', '--scalarizer', '--dce', '--simplifycfg', '--lower-expect', '--simplifycfg', '--elim-avail-extern', '--lower-constant-intrinsics', '--lower-constant-intrinsics', '--ipsccp', '--nary-reassociate', '--adce', '--early-cse', '--loop-guard-widening', '--jump-threading', '--slp-vectorizer', '--instcombine', '--slp-vectorizer', '--instcombine', '--instcombine', '--simplifycfg', '--sroa', '--early-cse', '--elim-avail-extern', '--lower-expect', '--sroa', '--sroa', '--aggressive-instcombine']",77,-3.5574286695729693,0.0,-0.7759139535391936,0.0,1,-3.5574286695729693,-0.7759139535391936,0.5620873773639496,-67.00507614213198,12.107873220656332,11.76470588235294,34
2405,"['--ipsccp', '--speculative-execution', '--sccp', '--lower-constant-intrinsics', '--early-cse', '--mem2reg', '--jump-threading', '--jump-threading', '--globalopt', '--elim-avail-extern', '--instcombine', '--loop-instsimplify', '--jump-threading', '--gvn', '--simplifycfg', '--instsimplify', '--inline', '--mergefunc', '--gvn-hoist', '--instcombine', '--globalopt', '--elim-avail-extern', '--loweratomic', '--indvars', '--indvars', '--gvn', '--gvn', '--ipsccp', '--gvn', '--nary-reassociate', '--adce', '--early-cse', '--mem2reg', '--jump-threading', '--globalopt', '--elim-avail-extern', '--instcombine', '--simplifycfg', '--sroa', '--mem2reg', '--globaldce', '--gvn-hoist', '--sccp', '--early-cse', '--lower-constant-intrinsics', '--adce', '--slsr', '--adce', '--loop-simplify', '--dse', '--scalarizer', '--adce', '--loop-simplify', '--dse', '--scalarizer', '--simplifycfg', '--mergereturn', '--lower-expect', '--elim-avail-extern', '--lower-constant-intrinsics', '--correlated-propagation', '--ipsccp', '--gvn', '--jump-threading', '--globalopt', '--slp-vectorizer', '--instcombine', '--slp-vectorizer', '--early-cse', '--instcombine', '--simplifycfg', '--sroa', '--early-cse', '--lower-expect', '--aggressive-instcombine']",75,-3.5574286695729693,0.0,-0.7759139535391936,0.0,1,-3.5574286695729693,-0.7759139535391936,0.5620873773639496,-67.00507614213198,12.107873220656332,11.76470588235294,34
2406,"['--ipsccp', '--speculative-execution', '--sccp', '--lower-constant-intrinsics', '--early-cse', '--mem2reg', '--jump-threading', '--globalopt', '--elim-avail-extern', '--instcombine', '--loop-instsimplify', '--jump-threading', '--gvn', '--simplifycfg', '--instsimplify', '--inline', '--mergefunc', '--gvn-hoist', '--instcombine', '--globalopt', '--elim-avail-extern', '--loweratomic', '--indvars', '--indvars', '--gvn', '--gvn', '--ipsccp', '--gvn', '--nary-reassociate', '--adce', '--early-cse', '--mem2reg', '--jump-threading', '--globalopt', '--elim-avail-extern', '--instcombine', '--simplifycfg', '--sroa', '--mem2reg', '--globaldce', '--gvn-hoist', '--sccp', '--early-cse', '--lower-constant-intrinsics', '--adce', '--slsr', '--gvn-hoist', '--gvn-hoist', '--adce', '--loop-simplify', '--gvn', '--scalarizer', '--adce', '--loop-simplify', '--dse', '--scalarizer', '--simplifycfg', '--mergereturn', '--lower-expect', '--elim-avail-extern', '--lower-constant-intrinsics', '--nary-reassociate', '--dse', '--jump-threading', '--globalopt', '--slp-vectorizer', '--aggressive-instcombine', '--slp-vectorizer', '--instcombine', '--simplifycfg', '--sroa', '--early-cse', '--early-cse', '--lower-expect', '--aggressive-instcombine']",75,-3.5574286695729693,0.0,-0.7759139535391936,0.0,1,-3.5574286695729693,-0.7759139535391936,0.5620873773639496,-67.00507614213198,12.107873220656332,11.76470588235294,34
2411,"['--ipsccp', '--speculative-execution', '--sccp', '--lower-constant-intrinsics', '--early-cse', '--mem2reg', '--jump-threading', '--globalopt', '--elim-avail-extern', '--instcombine', '--loop-instsimplify', '--jump-threading', '--gvn', '--simplifycfg', '--inline', '--mergefunc', '--gvn-hoist', '--instcombine', '--globalopt', '--dse', '--loweratomic', '--indvars', '--indvars', '--gvn', '--gvn', '--ipsccp', '--gvn', '--nary-reassociate', '--adce', '--early-cse', '--mem2reg', '--jump-threading', '--globalopt', '--elim-avail-extern', '--instcombine', '--simplifycfg', '--sroa', '--mem2reg', '--globaldce', '--simplifycfg', '--sccp', '--early-cse', '--lower-constant-intrinsics', '--adce', '--slsr', '--gvn-hoist', '--adce', '--loop-simplify', '--elim-avail-extern', '--scalarizer', '--simplifycfg', '--lower-expect', '--gvn-hoist', '--simplifycfg', '--lower-expect', '--simplifycfg', '--elim-avail-extern', '--lower-constant-intrinsics', '--ipsccp', '--gvn', '--nary-reassociate', '--gvn', '--early-cse', '--loop-guard-widening', '--jump-threading', '--globalopt', '--slp-vectorizer', '--instcombine', '--slp-vectorizer', '--instcombine', '--simplifycfg', '--sroa', '--early-cse', '--lower-expect', '--aggressive-instcombine']",75,-3.5574286695729693,0.0,-0.7759139535391936,0.0,1,-3.5574286695729693,-0.7759139535391936,0.5620873773639496,-67.00507614213198,12.107873220656332,11.76470588235294,34
2422,"['--ipsccp', '--speculative-execution', '--sccp', '--lower-constant-intrinsics', '--early-cse', '--mem2reg', '--jump-threading', '--globalopt', '--elim-avail-extern', '--instcombine', '--loop-instsimplify', '--gvn', '--simplifycfg', '--instsimplify', '--inline', '--mergefunc', '--gvn-hoist', '--instcombine', '--globalopt', '--elim-avail-extern', '--loweratomic', '--indvars', '--indvars', '--gvn', '--gvn', '--ipsccp', '--gvn', '--nary-reassociate', '--adce', '--early-cse', '--mem2reg', '--jump-threading', '--globalopt', '--elim-avail-extern', '--instcombine', '--elim-avail-extern', '--instcombine', '--simplifycfg', '--sroa', '--mem2reg', '--globaldce', '--simplifycfg', '--sccp', '--early-cse', '--lower-constant-intrinsics', '--adce', '--slsr', '--gvn-hoist', '--adce', '--loop-simplify', '--dse', '--scalarizer', '--simplifycfg', '--lower-expect', '--gvn-hoist', '--simplifycfg', '--lower-expect', '--simplifycfg', '--elim-avail-extern', '--lower-constant-intrinsics', '--ipsccp', '--gvn', '--nary-reassociate', '--gvn', '--early-cse', '--loop-guard-widening', '--jump-threading', '--globalopt', '--slp-vectorizer', '--instcombine', '--slp-vectorizer', '--instcombine', '--simplifycfg', '--sroa', '--early-cse', '--lower-expect', '--aggressive-instcombine']",77,-3.5574286695729693,0.0,-0.7759139535391936,0.0,1,-3.5574286695729693,-0.7759139535391936,0.5620873773639496,-67.00507614213198,12.107873220656332,11.76470588235294,34
2413,"['--ipsccp', '--speculative-execution', '--sccp', '--lower-constant-intrinsics', '--early-cse', '--mem2reg', '--jump-threading', '--globalopt', '--elim-avail-extern', '--instcombine', '--loop-instsimplify', '--jump-threading', '--gvn', '--simplifycfg', '--instsimplify', '--inline', '--mergefunc', '--gvn-hoist', '--instcombine', '--globalopt', '--elim-avail-extern', '--loweratomic', '--indvars', '--indvars', '--gvn', '--gvn', '--ipsccp', '--gvn', '--nary-reassociate', '--adce', '--early-cse', '--mem2reg', '--jump-threading', '--globalopt', '--elim-avail-extern', '--instcombine', '--simplifycfg', '--sroa', '--mem2reg', '--globaldce', '--gvn-hoist', '--sccp', '--early-cse', '--early-cse', '--lower-constant-intrinsics', '--adce', '--slsr', '--gvn-hoist', '--adce', '--loop-simplify', '--loop-simplify', '--dse', '--scalarizer', '--simplifycfg', '--elim-avail-extern', '--nary-reassociate', '--elim-avail-extern', '--lower-constant-intrinsics', '--ipsccp', '--loop-simplify', '--nary-reassociate', '--gvn', '--early-cse', '--lower-constant-intrinsics', '--jump-threading', '--globalopt', '--slp-vectorizer', '--instcombine', '--simplifycfg', '--nary-reassociate', '--sroa', '--early-cse', '--lower-expect', '--sroa', '--lower-expect', '--simplifycfg', '--aggressive-instcombine', '--dce']",78,-3.5574286695729693,0.0,-0.7759139535391936,0.0,1,-3.5574286695729693,-0.7759139535391936,0.5620873773639496,-67.00507614213198,12.107873220656332,11.76470588235294,34
2415,"['--ipsccp', '--speculative-execution', '--sccp', '--lower-constant-intrinsics', '--early-cse', '--mem2reg', '--jump-threading', '--instcombine', '--elim-avail-extern', '--globalopt', '--loop-instsimplify', '--jump-threading', '--gvn', '--simplifycfg', '--ipsccp', '--inline', '--mergefunc', '--gvn-hoist', '--instcombine', '--globalopt', '--elim-avail-extern', '--loweratomic', '--indvars', '--indvars', '--gvn', '--gvn', '--instsimplify', '--gvn', '--nary-reassociate', '--adce', '--early-cse', '--mem2reg', '--jump-threading', '--globalopt', '--elim-avail-extern', '--instcombine', '--loop-vectorize', '--sroa', '--mem2reg', '--globaldce', '--gvn-hoist', '--sccp', '--early-cse', '--lower-constant-intrinsics', '--adce', '--slsr', '--gvn-hoist', '--adce', '--loop-simplify', '--dse', '--scalarizer', '--adce', '--loop-simplify', '--dse', '--scalarizer', '--simplifycfg', '--mergereturn', '--lower-expect', '--elim-avail-extern', '--lower-constant-intrinsics', '--ipsccp', '--nary-reassociate', '--gvn', '--loop-interchange', '--globalopt', '--slp-vectorizer', '--instcombine', '--slp-vectorizer', '--instcombine', '--simplifycfg', '--sroa', '--early-cse', '--early-cse', '--lower-expect', '--aggressive-instcombine']",75,-3.5574286695729693,0.0,-0.7759139535391936,0.0,1,-3.5574286695729693,-0.7759139535391936,0.5620873773639496,-67.00507614213198,12.107873220656332,11.76470588235294,34
2416,"['--ipsccp', '--speculative-execution', '--sccp', '--lower-constant-intrinsics', '--early-cse', '--mem2reg', '--jump-threading', '--globalopt', '--elim-avail-extern', '--instcombine', '--loop-instsimplify', '--jump-threading', '--gvn', '--simplifycfg', '--instsimplify', '--inline', '--mergefunc', '--gvn-hoist', '--instcombine', '--globalopt', '--elim-avail-extern', '--loweratomic', '--indvars', '--indvars', '--gvn', '--gvn', '--ipsccp', '--gvn', '--early-cse', '--nary-reassociate', '--adce', '--early-cse', '--early-cse', '--mem2reg', '--jump-threading', '--loop-simplifycfg', '--globalopt', '--elim-avail-extern', '--instcombine', '--simplifycfg', '--sroa', '--mem2reg', '--globaldce', '--gvn-hoist', '--sccp', '--early-cse', '--lower-constant-intrinsics', '--adce', '--slsr', '--gvn-hoist', '--adce', '--loop-simplify', '--dse', '--scalarizer', '--adce', '--loop-simplify', '--dse', '--scalarizer', '--simplifycfg', '--mergereturn', '--lower-expect', '--elim-avail-extern', '--lower-constant-intrinsics', '--nary-reassociate', '--gvn', '--jump-threading', '--globalopt', '--slp-vectorizer', '--instcombine', '--slp-vectorizer', '--instcombine', '--simplifycfg', '--sroa', '--early-cse', '--early-cse', '--lower-expect', '--aggressive-instcombine']",77,-3.5574286695729693,0.0,-0.7759139535391936,0.0,1,-3.5574286695729693,-0.7759139535391936,0.5620873773639496,-67.00507614213198,12.107873220656332,11.76470588235294,34
2417,"['--ipsccp', '--speculative-execution', '--sccp', '--lower-constant-intrinsics', '--early-cse', '--mem2reg', '--mergefunc', '--jump-threading', '--globalopt', '--lower-constant-intrinsics', '--elim-avail-extern', '--instcombine', '--loop-instsimplify', '--jump-threading', '--gvn', '--simplifycfg', '--instsimplify', '--inline', '--mergefunc', '--gvn-hoist', '--instcombine', '--globalopt', '--elim-avail-extern', '--loweratomic', '--indvars', '--indvars', '--gvn', '--gvn', '--ipsccp', '--gvn', '--nary-reassociate', '--adce', '--early-cse', '--mem2reg', '--jump-threading', '--globalopt', '--elim-avail-extern', '--instcombine', '--simplifycfg', '--sroa', '--mem2reg', '--globaldce', '--simplifycfg', '--sccp', '--early-cse', '--lower-constant-intrinsics', '--adce', '--slsr', '--gvn-hoist', '--adce', '--loop-simplify', '--dse', '--scalarizer', '--simplifycfg', '--lower-expect', '--gvn-hoist', '--simplifycfg', '--lower-expect', '--simplifycfg', '--elim-avail-extern', '--lower-constant-intrinsics', '--ipsccp', '--gvn', '--nary-reassociate', '--gvn', '--early-cse', '--loop-guard-widening', '--jump-threading', '--globalopt', '--slp-vectorizer', '--instcombine', '--slp-vectorizer', '--instcombine', '--simplifycfg', '--sroa', '--early-cse', '--lower-expect', '--aggressive-instcombine']",78,-3.5574286695729693,0.0,-0.7759139535391936,0.0,1,-3.5574286695729693,-0.7759139535391936,0.5620873773639496,-67.00507614213198,12.107873220656332,11.76470588235294,34
2418,"['--ipsccp', '--speculative-execution', '--sccp', '--lower-constant-intrinsics', '--early-cse', '--mem2reg', '--jump-threading', '--globalopt', '--elim-avail-extern', '--instcombine', '--loop-instsimplify', '--jump-threading', '--gvn', '--simplifycfg', '--instsimplify', '--inline', '--mergefunc', '--gvn-hoist', '--instcombine', '--globalopt', '--elim-avail-extern', '--loweratomic', '--indvars', '--indvars', '--gvn', '--gvn', '--ipsccp', '--gvn', '--nary-reassociate', '--adce', '--early-cse', '--loweratomic', '--mem2reg', '--jump-threading', '--globalopt', '--elim-avail-extern', '--instcombine', '--simplifycfg', '--sroa', '--mem2reg', '--globaldce', '--simplifycfg', '--sccp', '--early-cse', '--lower-constant-intrinsics', '--adce', '--slsr', '--gvn-hoist', '--adce', '--loop-simplify', '--dse', '--scalarizer', '--simplifycfg', '--lower-expect', '--gvn-hoist', '--simplifycfg', '--lower-expect', '--simplifycfg', '--elim-avail-extern', '--lower-constant-intrinsics', '--ipsccp', '--gvn', '--nary-reassociate', '--gvn', '--early-cse', '--loop-guard-widening', '--jump-threading', '--globalopt', '--slp-vectorizer', '--instcombine', '--mergefunc', '--instcombine', '--simplifycfg', '--sroa', '--early-cse', '--lower-expect', '--aggressive-instcombine']",77,-3.5574286695729693,0.0,-0.7759139535391936,0.0,1,-3.5574286695729693,-0.7759139535391936,0.5620873773639496,-67.00507614213198,12.107873220656332,11.76470588235294,34
2419,"['--ipsccp', '--speculative-execution', '--sccp', '--lower-constant-intrinsics', '--early-cse', '--mem2reg', '--mergefunc', '--jump-threading', '--globalopt', '--elim-avail-extern', '--instcombine', '--loop-instsimplify', '--jump-threading', '--gvn', '--simplifycfg', '--instsimplify', '--inline', '--mergefunc', '--gvn-hoist', '--instcombine', '--globalopt', '--elim-avail-extern', '--loweratomic', '--indvars', '--indvars', '--gvn', '--gvn', '--ipsccp', '--gvn', '--nary-reassociate', '--adce', '--early-cse', '--mem2reg', '--jump-threading', '--globalopt', '--elim-avail-extern', '--instcombine', '--simplifycfg', '--sroa', '--mem2reg', '--globaldce', '--simplifycfg', '--sccp', '--early-cse', '--lower-constant-intrinsics', '--adce', '--slsr', '--gvn-hoist', '--adce', '--loop-simplify', '--dse', '--scalarizer', '--simplifycfg', '--lower-expect', '--gvn-hoist', '--strip', '--lower-expect', '--simplifycfg', '--elim-avail-extern', '--lower-constant-intrinsics', '--ipsccp', '--gvn', '--nary-reassociate', '--gvn', '--early-cse', '--loop-guard-widening', '--jump-threading', '--globalopt', '--slp-vectorizer', '--instcombine', '--slp-vectorizer', '--instcombine', '--simplifycfg', '--sroa', '--early-cse', '--lower-expect', '--aggressive-instcombine']",77,-3.5574286695729693,0.0,-0.7759139535391936,0.0,1,-3.5574286695729693,-0.7759139535391936,0.5620873773639496,-67.00507614213198,12.107873220656332,11.76470588235294,34
2420,"['--ipsccp', '--speculative-execution', '--sccp', '--lower-constant-intrinsics', '--early-cse', '--mem2reg', '--jump-threading', '--globalopt', '--elim-avail-extern', '--instcombine', '--loop-instsimplify', '--jump-threading', '--gvn', '--simplifycfg', '--instsimplify', '--inline', '--mergefunc', '--gvn-hoist', '--instcombine', '--globalopt', '--elim-avail-extern', '--loweratomic', '--indvars', '--indvars', '--gvn', '--gvn', '--ipsccp', '--gvn', '--nary-reassociate', '--adce', '--early-cse', '--lower-constant-intrinsics', '--jump-threading', '--globalopt', '--elim-avail-extern', '--instcombine', '--sroa', '--simplifycfg', '--sroa', '--mem2reg', '--sccp', '--early-cse', '--lower-constant-intrinsics', '--adce', '--slsr', '--gvn-hoist', '--adce', '--loop-simplify', '--dse', '--scalarizer', '--simplifycfg', '--lower-expect', '--gvn-hoist', '--simplifycfg', '--lower-expect', '--simplifycfg', '--elim-avail-extern', '--mem2reg', '--ipsccp', '--gvn', '--nary-reassociate', '--gvn', '--early-cse', '--loop-guard-widening', '--jump-threading', '--globalopt', '--slp-vectorizer', '--instcombine', '--slp-vectorizer', '--instcombine', '--hotcoldsplit', '--simplifycfg', '--sroa', '--early-cse', '--lower-expect', '--aggressive-instcombine']",76,-3.5574286695729693,0.0,-0.7759139535391936,0.0,1,-3.5574286695729693,-0.7759139535391936,0.5620873773639496,-67.00507614213198,12.107873220656332,11.76470588235294,34
2421,"['--ipsccp', '--speculative-execution', '--sccp', '--lower-constant-intrinsics', '--early-cse', '--mem2reg', '--jump-threading', '--globalopt', '--elim-avail-extern', '--instcombine', '--loop-instsimplify', '--gvn', '--simplifycfg', '--instsimplify', '--inline', '--mergefunc', '--gvn-hoist', '--instcombine', '--globalopt', '--elim-avail-extern', '--loweratomic', '--indvars', '--indvars', '--gvn', '--gvn', '--ipsccp', '--gvn', '--nary-reassociate', '--adce', '--early-cse', '--mem2reg', '--jump-threading', '--globalopt', '--elim-avail-extern', '--instcombine', '--simplifycfg', '--sroa', '--scalarizer', '--sroa', '--mem2reg', '--globaldce', '--simplifycfg', '--sccp', '--early-cse', '--lower-constant-intrinsics', '--adce', '--slsr', '--gvn-hoist', '--adce', '--loop-simplify', '--dse', '--simplifycfg', '--simplifycfg', '--lower-expect', '--gvn-hoist', '--simplifycfg', '--lower-expect', '--simplifycfg', '--elim-avail-extern', '--lower-constant-intrinsics', '--ipsccp', '--gvn', '--nary-reassociate', '--gvn', '--early-cse', '--loop-guard-widening', '--jump-threading', '--globalopt', '--slp-vectorizer', '--instcombine', '--slp-vectorizer', '--instcombine', '--simplifycfg', '--sroa', '--early-cse', '--lower-expect', '--aggressive-instcombine']",77,-3.5574286695729693,0.0,-0.7759139535391936,0.0,1,-3.5574286695729693,-0.7759139535391936,0.5620873773639496,-67.00507614213198,12.107873220656332,11.76470588235294,34
2461,"['--ipsccp', '--speculative-execution', '--sccp', '--lower-constant-intrinsics', '--early-cse', '--mem2reg', '--jump-threading', '--globalopt', '--elim-avail-extern', '--instcombine', '--loop-instsimplify', '--jump-threading', '--gvn', '--simplifycfg', '--instsimplify', '--inline', '--mergefunc', '--gvn-hoist', '--instcombine', '--globalopt', '--elim-avail-extern', '--loweratomic', '--indvars', '--indvars', '--gvn', '--gvn', '--ipsccp', '--gvn', '--nary-reassociate', '--adce', '--early-cse', '--mem2reg', '--jump-threading', '--globalopt', '--elim-avail-extern', '--instcombine', '--simplifycfg', '--sroa', '--mem2reg', '--globaldce', '--gvn-hoist', '--sccp', '--early-cse', '--lower-constant-intrinsics', '--adce', '--adce', '--slsr', '--gvn-hoist', '--adce', '--loop-simplify', '--dse', '--scalarizer', '--simplifycfg', '--lower-expect', '--ipsccp', '--elim-avail-extern', '--lower-constant-intrinsics', '--ipsccp', '--gvn', '--gvn', '--aggressive-instcombine', '--early-cse', '--mem2reg', '--jump-threading', '--correlated-propagation', '--slp-vectorizer', '--instcombine', '--simplifycfg', '--slp-vectorizer', '--instcombine', '--simplifycfg', '--sroa', '--early-cse', '--lower-expect', '--gvn']",75,-3.5574286695729693,0.0,-0.7759139535391936,0.0,1,-3.5574286695729693,-0.7759139535391936,0.5620873773639496,-67.00507614213198,12.107873220656332,11.76470588235294,34
2464,"['--ipsccp', '--speculative-execution', '--sccp', '--early-cse', '--mem2reg', '--jump-threading', '--globalopt', '--elim-avail-extern', '--instcombine', '--adce', '--jump-threading', '--gvn', '--simplifycfg', '--instsimplify', '--inline', '--mergefunc', '--reassociate', '--gvn-hoist', '--instcombine', '--globalopt', '--dse', '--loweratomic', '--indvars', '--indvars', '--gvn', '--gvn', '--gvn', '--nary-reassociate', '--adce', '--early-cse', '--mem2reg', '--jump-threading', '--globalopt', '--elim-avail-extern', '--instcombine', '--simplifycfg', '--sroa', '--mem2reg', '--globaldce', '--simplifycfg', '--sccp', '--early-cse', '--lower-constant-intrinsics', '--adce', '--slsr', '--gvn-hoist', '--adce', '--loop-simplify', '--elim-avail-extern', '--scalarizer', '--simplifycfg', '--lower-expect', '--gvn-hoist', '--simplifycfg', '--lower-expect', '--simplifycfg', '--elim-avail-extern', '--lower-constant-intrinsics', '--ipsccp', '--gvn', '--nary-reassociate', '--gvn', '--early-cse', '--loop-guard-widening', '--jump-threading', '--globalopt', '--slp-vectorizer', '--instcombine', '--slp-vectorizer', '--instcombine', '--simplifycfg', '--sroa', '--early-cse', '--lower-expect', '--aggressive-instcombine']",75,-3.5574286695729693,0.0,-0.7759139535391936,0.0,1,-3.5574286695729693,-0.7759139535391936,0.5620873773639496,-67.00507614213198,12.107873220656332,11.76470588235294,34
2393,"['--ipsccp', '--speculative-execution', '--sccp', '--lower-constant-intrinsics', '--early-cse', '--mem2reg', '--jump-threading', '--globalopt', '--elim-avail-extern', '--instcombine', '--loop-instsimplify', '--jump-threading', '--gvn', '--simplifycfg', '--instsimplify', '--inline', '--mergefunc', '--gvn-hoist', '--instcombine', '--globalopt', '--elim-avail-extern', '--loweratomic', '--indvars', '--indvars', '--gvn', '--gvn', '--ipsccp', '--gvn', '--nary-reassociate', '--adce', '--early-cse', '--mem2reg', '--jump-threading', '--globalopt', '--elim-avail-extern', '--instcombine', '--sroa', '--simplifycfg', '--sroa', '--mem2reg', '--globaldce', '--simplifycfg', '--sccp', '--lower-constant-intrinsics', '--lower-constant-intrinsics', '--slsr', '--gvn-hoist', '--adce', '--loop-simplify', '--dse', '--scalarizer', '--adce', '--loop-simplify', '--dse', '--scalarizer', '--simplifycfg', '--mergereturn', '--lower-expect', '--elim-avail-extern', '--lower-constant-intrinsics', '--ipsccp', '--nary-reassociate', '--gvn', '--jump-threading', '--globalopt', '--slp-vectorizer', '--instcombine', '--instcombine', '--simplifycfg', '--sroa', '--early-cse', '--lower-expect', '--sroa', '--sroa', '--aggressive-instcombine']",75,-3.5574286695729693,0.0,-0.7759139535391936,0.0,1,-3.5574286695729693,-0.7759139535391936,0.5620873773639496,-67.00507614213198,12.107873220656332,11.76470588235294,34
2508,"['--ipsccp', '--speculative-execution', '--sccp', '--lower-constant-intrinsics', '--early-cse', '--mem2reg', '--jump-threading', '--globalopt', '--elim-avail-extern', '--instcombine', '--loop-instsimplify', '--gvn', '--simplifycfg', '--instsimplify', '--inline', '--mergefunc', '--gvn-hoist', '--instcombine', '--globalopt', '--dse', '--loweratomic', '--indvars', '--indvars', '--gvn', '--gvn', '--ipsccp', '--gvn', '--adce', '--early-cse', '--mem2reg', '--jump-threading', '--globalopt', '--globalopt', '--elim-avail-extern', '--instcombine', '--simplifycfg', '--sroa', '--mem2reg', '--globaldce', '--gvn-hoist', '--sccp', '--early-cse', '--lower-constant-intrinsics', '--adce', '--slsr', '--gvn-hoist', '--adce', '--ipsccp', '--dse', '--scalarizer', '--adce', '--loop-simplify', '--dse', '--scalarizer', '--simplifycfg', '--mergereturn', '--lower-expect', '--elim-avail-extern', '--lower-constant-intrinsics', '--loop-simplify', '--nary-reassociate', '--gvn', '--jump-threading', '--globalopt', '--slp-vectorizer', '--instcombine', '--slp-vectorizer', '--instcombine', '--simplifycfg', '--sroa', '--early-cse', '--lower-expect', '--sroa', '--sroa', '--aggressive-instcombine']",75,-3.5574286695729693,0.0,-0.7759139535391936,0.0,1,-3.5574286695729693,-0.7759139535391936,0.5620873773639496,-67.00507614213198,12.107873220656332,11.76470588235294,34
2495,"['--ipsccp', '--speculative-execution', '--sccp', '--lower-constant-intrinsics', '--early-cse', '--mem2reg', '--jump-threading', '--globalopt', '--elim-avail-extern', '--instcombine', '--loop-instsimplify', '--jump-threading', '--gvn', '--simplifycfg', '--instsimplify', '--inline', '--mergefunc', '--gvn-hoist', '--instcombine', '--globalopt', '--elim-avail-extern', '--loweratomic', '--indvars', '--indvars', '--gvn', '--loop-simplifycfg', '--ipsccp', '--gvn', '--nary-reassociate', '--adce', '--early-cse', '--mem2reg', '--jump-threading', '--globalopt', '--elim-avail-extern', '--instcombine', '--simplifycfg', '--sroa', '--mem2reg', '--globaldce', '--gvn-hoist', '--sccp', '--early-cse', '--lower-constant-intrinsics', '--adce', '--slsr', '--gvn-hoist', '--adce', '--loop-simplify', '--dse', '--scalarizer', '--bdce', '--adce', '--loop-simplify', '--scalarizer', '--simplifycfg', '--mergereturn', '--lower-expect', '--ipsccp', '--gvn', '--nary-reassociate', '--gvn', '--early-cse', '--mem2reg', '--jump-threading', '--globalopt', '--slp-vectorizer', '--instcombine', '--simplifycfg', '--sroa', '--early-cse', '--lower-expect', '--sroa', '--sroa', '--lower-expect', '--aggressive-instcombine']",76,-3.5574286695729693,0.0,-0.7759139535391936,0.0,1,-3.5574286695729693,-0.7759139535391936,0.5620873773639496,-67.00507614213198,12.107873220656332,11.76470588235294,34
2496,"['--ipsccp', '--speculative-execution', '--separate-const-offset-from-gep', '--sccp', '--lower-constant-intrinsics', '--early-cse', '--mem2reg', '--mergefunc', '--jump-threading', '--globalopt', '--lower-constant-intrinsics', '--elim-avail-extern', '--instcombine', '--loop-instsimplify', '--jump-threading', '--gvn', '--simplifycfg', '--instsimplify', '--inline', '--mergefunc', '--gvn-hoist', '--instcombine', '--globalopt', '--elim-avail-extern', '--loweratomic', '--indvars', '--indvars', '--gvn', '--gvn', '--ipsccp', '--gvn', '--nary-reassociate', '--adce', '--early-cse', '--mem2reg', '--jump-threading', '--globalopt', '--elim-avail-extern', '--instcombine', '--simplifycfg', '--sroa', '--mem2reg', '--globaldce', '--simplifycfg', '--sccp', '--early-cse', '--lower-constant-intrinsics', '--adce', '--slsr', '--gvn-hoist', '--adce', '--loop-simplify', '--dse', '--scalarizer', '--simplifycfg', '--lower-expect', '--gvn-hoist', '--simplifycfg', '--lower-expect', '--simplifycfg', '--elim-avail-extern', '--lower-constant-intrinsics', '--ipsccp', '--gvn', '--nary-reassociate', '--gvn', '--early-cse', '--loop-guard-widening', '--jump-threading', '--globalopt', '--slp-vectorizer', '--instcombine', '--slp-vectorizer', '--instcombine', '--simplifycfg', '--sroa', '--early-cse', '--lower-expect', '--aggressive-instcombine']",79,-3.5574286695729693,0.0,-0.7759139535391936,0.0,1,-3.5574286695729693,-0.7759139535391936,0.5620873773639496,-67.00507614213198,12.107873220656332,11.76470588235294,34
2499,"['--ipsccp', '--speculative-execution', '--sccp', '--early-cse', '--mem2reg', '--jump-threading', '--globalopt', '--elim-avail-extern', '--instcombine', '--loop-instsimplify', '--jump-threading', '--gvn', '--simplifycfg', '--hotcoldsplit', '--inline', '--mergefunc', '--mergefunc', '--loop-idiom', '--instcombine', '--globalopt', '--elim-avail-extern', '--loweratomic', '--indvars', '--indvars', '--gvn', '--gvn', '--ipsccp', '--gvn', '--nary-reassociate', '--mldst-motion', '--early-cse', '--mem2reg', '--jump-threading', '--globalopt', '--elim-avail-extern', '--instcombine', '--simplifycfg', '--sroa', '--mem2reg', '--globaldce', '--gvn-hoist', '--sccp', '--early-cse', '--loop-guard-widening', '--adce', '--nary-reassociate', '--slsr', '--adce', '--loop-simplify', '--dse', '--scalarizer', '--adce', '--loop-simplify', '--dse', '--ipsccp', '--dse', '--scalarizer', '--simplifycfg', '--lower-expect', '--simplifycfg', '--lower-constant-intrinsics', '--ipsccp', '--gvn', '--mem2reg', '--jump-threading', '--globalopt', '--slp-vectorizer', '--instcombine', '--simplifycfg', '--sroa', '--early-cse', '--lower-expect', '--sroa', '--sroa', '--lower-expect', '--aggressive-instcombine']",76,-3.5574286695729693,0.0,-0.7759139535391936,0.0,1,-3.5574286695729693,-0.7759139535391936,0.5620873773639496,-67.00507614213198,12.107873220656332,11.76470588235294,34
2500,"['--ipsccp', '--sccp', '--speculative-execution', '--lower-constant-intrinsics', '--early-cse', '--mem2reg', '--jump-threading', '--globalopt', '--elim-avail-extern', '--instcombine', '--loop-instsimplify', '--gvn', '--simplifycfg', '--instsimplify', '--inline', '--mergefunc', '--reassociate', '--gvn-hoist', '--instcombine', '--globalopt', '--elim-avail-extern', '--loweratomic', '--indvars', '--indvars', '--gvn', '--gvn', '--ipsccp', '--gvn', '--nary-reassociate', '--mem2reg', '--jump-threading', '--correlated-propagation', '--mem2reg', '--memcpyopt', '--globalopt', '--bdce', '--elim-avail-extern', '--instcombine', '--simplifycfg', '--sroa', '--lower-constant-intrinsics', '--adce', '--slsr', '--gvn-hoist', '--adce', '--loop-simplify', '--adce', '--loop-simplify', '--dse', '--scalarizer', '--dce', '--simplifycfg', '--lower-expect', '--simplifycfg', '--elim-avail-extern', '--lower-constant-intrinsics', '--lower-constant-intrinsics', '--ipsccp', '--nary-reassociate', '--adce', '--early-cse', '--loop-guard-widening', '--jump-threading', '--slp-vectorizer', '--instcombine', '--slp-vectorizer', '--instcombine', '--instcombine', '--simplifycfg', '--sroa', '--early-cse', '--elim-avail-extern', '--lower-expect', '--sroa', '--sroa', '--aggressive-instcombine']",76,-3.5574286695729693,0.0,-0.7759139535391936,0.0,1,-3.5574286695729693,-0.7759139535391936,0.5620873773639496,-67.00507614213198,12.107873220656332,11.76470588235294,34
2502,"['--ipsccp', '--speculative-execution', '--sccp', '--lower-constant-intrinsics', '--early-cse', '--mem2reg', '--jump-threading', '--globalopt', '--elim-avail-extern', '--instcombine', '--loop-instsimplify', '--jump-threading', '--gvn', '--simplifycfg', '--instsimplify', '--inline', '--mergefunc', '--gvn-hoist', '--elim-avail-extern', '--globalopt', '--elim-avail-extern', '--loweratomic', '--indvars', '--indvars', '--gvn', '--gvn', '--ipsccp', '--gvn', '--nary-reassociate', '--adce', '--early-cse', '--mem2reg', '--jump-threading', '--globalopt', '--instcombine', '--instcombine', '--simplifycfg', '--sroa', '--mem2reg', '--globaldce', '--gvn-hoist', '--sccp', '--early-cse', '--lower-constant-intrinsics', '--adce', '--slsr', '--gvn-hoist', '--adce', '--loop-simplify', '--dse', '--scalarizer', '--bdce', '--simplifycfg', '--lower-expect', '--simplifycfg', '--elim-avail-extern', '--lower-constant-intrinsics', '--ipsccp', '--gvn', '--nary-reassociate', '--gvn', '--early-cse', '--mem2reg', '--jump-threading', '--globalopt', '--slp-vectorizer', '--instcombine', '--simplifycfg', '--sroa', '--early-cse', '--lower-expect', '--sroa', '--sroa', '--lower-expect', '--aggressive-instcombine']",75,-3.5574286695729693,0.0,-0.7759139535391936,0.0,1,-3.5574286695729693,-0.7759139535391936,0.5620873773639496,-67.00507614213198,12.107873220656332,11.76470588235294,34
2503,"['--ipsccp', '--speculative-execution', '--sccp', '--early-cse', '--mem2reg', '--jump-threading', '--globalopt', '--elim-avail-extern', '--instcombine', '--adce', '--jump-threading', '--gvn', '--simplifycfg', '--instsimplify', '--inline', '--mergefunc', '--gvn-hoist', '--gvn-hoist', '--instcombine', '--globalopt', '--elim-avail-extern', '--loweratomic', '--indvars', '--indvars', '--gvn', '--mem2reg', '--ipsccp', '--gvn', '--nary-reassociate', '--adce', '--strip', '--mem2reg', '--jump-threading', '--globalopt', '--elim-avail-extern', '--instcombine', '--simplifycfg', '--sroa', '--mem2reg', '--globaldce', '--gvn-hoist', '--sccp', '--early-cse', '--lower-constant-intrinsics', '--adce', '--slsr', '--gvn-hoist', '--adce', '--loop-simplify', '--loop-simplify', '--dse', '--scalarizer', '--dse', '--scalarizer', '--simplifycfg', '--mergereturn', '--lower-expect', '--elim-avail-extern', '--lower-constant-intrinsics', '--ipsccp', '--nary-reassociate', '--gvn', '--jump-threading', '--globalopt', '--slp-vectorizer', '--instcombine', '--slp-vectorizer', '--instcombine', '--simplifycfg', '--sroa', '--early-cse', '--lower-expect', '--sroa', '--sroa', '--aggressive-instcombine']",75,-3.5574286695729693,0.0,-0.7759139535391936,0.0,1,-3.5574286695729693,-0.7759139535391936,0.5620873773639496,-67.00507614213198,12.107873220656332,11.76470588235294,34
2504,"['--ipsccp', '--speculative-execution', '--sccp', '--lower-constant-intrinsics', '--early-cse', '--mem2reg', '--mergefunc', '--jump-threading', '--globalopt', '--lower-constant-intrinsics', '--elim-avail-extern', '--instcombine', '--loop-instsimplify', '--jump-threading', '--gvn', '--simplifycfg', '--instsimplify', '--inline', '--mergefunc', '--gvn-hoist', '--elim-avail-extern', '--loweratomic', '--indvars', '--indvars', '--gvn', '--gvn', '--ipsccp', '--gvn', '--nary-reassociate', '--mem2reg', '--jump-threading', '--correlated-propagation', '--mem2reg', '--memcpyopt', '--jump-threading', '--bdce', '--elim-avail-extern', '--instcombine', '--memcpyopt', '--simplifycfg', '--sroa', '--lower-constant-intrinsics', '--adce', '--slsr', '--gvn-hoist', '--adce', '--loop-simplifycfg', '--loop-simplify', '--adce', '--loop-simplify', '--dse', '--scalarizer', '--scalarizer', '--simplifycfg', '--lower-expect', '--simplifycfg', '--elim-avail-extern', '--lower-constant-intrinsics', '--lower-constant-intrinsics', '--ipsccp', '--nary-reassociate', '--adce', '--early-cse', '--loop-guard-widening', '--jump-threading', '--slp-vectorizer', '--instcombine', '--slp-vectorizer', '--instcombine', '--simplifycfg', '--sroa', '--early-cse', '--early-cse', '--lower-expect', '--aggressive-instcombine']",75,-3.5574286695729693,0.0,-0.7759139535391936,0.0,1,-3.5574286695729693,-0.7759139535391936,0.5620873773639496,-67.00507614213198,12.107873220656332,11.76470588235294,34
2506,"['--ipsccp', '--speculative-execution', '--sccp', '--lower-constant-intrinsics', '--early-cse', '--mem2reg', '--jump-threading', '--globalopt', '--elim-avail-extern', '--instcombine', '--loop-instsimplify', '--gvn', '--simplifycfg', '--instsimplify', '--inline', '--inline', '--mergefunc', '--gvn-hoist', '--instcombine', '--globalopt', '--elim-avail-extern', '--loweratomic', '--indvars', '--indvars', '--gvn', '--gvn', '--ipsccp', '--gvn', '--nary-reassociate', '--adce', '--early-cse', '--early-cse', '--mem2reg', '--jump-threading', '--globalopt', '--elim-avail-extern', '--dse', '--simplifycfg', '--sroa', '--mem2reg', '--globaldce', '--gvn-hoist', '--sccp', '--early-cse', '--lower-constant-intrinsics', '--adce', '--slsr', '--gvn-hoist', '--adce', '--loop-simplify', '--instcombine', '--scalarizer', '--mergefunc', '--loop-simplify', '--dse', '--scalarizer', '--simplifycfg', '--mergereturn', '--lower-expect', '--elim-avail-extern', '--lower-constant-intrinsics', '--nary-reassociate', '--gvn', '--jump-threading', '--globalopt', '--slp-vectorizer', '--aggressive-instcombine', '--slp-vectorizer', '--instcombine', '--simplifycfg', '--sroa', '--early-cse', '--early-cse', '--lower-expect', '--aggressive-instcombine']",75,-3.5574286695729693,0.0,-0.7759139535391936,0.0,1,-3.5574286695729693,-0.7759139535391936,0.5620873773639496,-67.00507614213198,12.107873220656332,11.76470588235294,34
2509,"['--ipsccp', '--speculative-execution', '--indvars', '--sccp', '--lower-constant-intrinsics', '--early-cse', '--mem2reg', '--jump-threading', '--globalopt', '--elim-avail-extern', '--instcombine', '--loop-instsimplify', '--gvn', '--simplifycfg', '--instsimplify', '--inline', '--mergefunc', '--gvn-hoist', '--instcombine', '--globalopt', '--dse', '--loweratomic', '--indvars', '--indvars', '--gvn', '--gvn', '--ipsccp', '--gvn', '--adce', '--early-cse', '--mem2reg', '--jump-threading', '--globalopt', '--elim-avail-extern', '--instcombine', '--simplifycfg', '--sroa', '--mem2reg', '--globaldce', '--simplifycfg', '--sccp', '--early-cse', '--lower-constant-intrinsics', '--adce', '--slsr', '--gvn-hoist', '--adce', '--loop-simplify', '--elim-avail-extern', '--scalarizer', '--simplifycfg', '--lower-expect', '--gvn-hoist', '--simplifycfg', '--lower-expect', '--simplifycfg', '--elim-avail-extern', '--lower-constant-intrinsics', '--ipsccp', '--gvn', '--nary-reassociate', '--gvn', '--early-cse', '--loop-guard-widening', '--jump-threading', '--globalopt', '--slp-vectorizer', '--instcombine', '--simplifycfg', '--sroa', '--early-cse', '--lower-expect', '--sroa', '--lower-expect', '--aggressive-instcombine']",75,-3.5574286695729693,0.0,-0.7759139535391936,0.0,1,-3.5574286695729693,-0.7759139535391936,0.5620873773639496,-67.00507614213198,12.107873220656332,11.76470588235294,34
2492,"['--ipsccp', '--speculative-execution', '--sccp', '--lower-constant-intrinsics', '--early-cse', '--mem2reg', '--jump-threading', '--instcombine', '--elim-avail-extern', '--globalopt', '--loop-instsimplify', '--jump-threading', '--gvn', '--simplifycfg', '--ipsccp', '--inline', '--mergefunc', '--gvn-hoist', '--globalopt', '--elim-avail-extern', '--loweratomic', '--indvars', '--indvars', '--gvn', '--gvn', '--ipsccp', '--gvn', '--nary-reassociate', '--adce', '--early-cse', '--mem2reg', '--jump-threading', '--globalopt', '--elim-avail-extern', '--instcombine', '--simplifycfg', '--sroa', '--mem2reg', '--globaldce', '--gvn-hoist', '--sccp', '--early-cse', '--lower-constant-intrinsics', '--adce', '--slsr', '--gvn-hoist', '--adce', '--loop-simplify', '--dse', '--scalarizer', '--adce', '--loop-simplify', '--dse', '--scalarizer', '--simplifycfg', '--mergereturn', '--lower-expect', '--elim-avail-extern', '--lower-constant-intrinsics', '--ipsccp', '--nary-reassociate', '--gvn', '--jump-threading', '--globalopt', '--slp-vectorizer', '--instcombine', '--slp-vectorizer', '--instcombine', '--simplifycfg', '--sroa', '--early-cse', '--lower-expect', '--sroa', '--sroa', '--aggressive-instcombine']",75,-3.5574286695729693,0.0,-0.7759139535391936,0.0,1,-3.5574286695729693,-0.7759139535391936,0.5620873773639496,-67.00507614213198,12.107873220656332,11.76470588235294,34
2510,"['--ipsccp', '--speculative-execution', '--sccp', '--lower-constant-intrinsics', '--early-cse', '--mem2reg', '--jump-threading', '--jump-threading', '--globalopt', '--elim-avail-extern', '--instcombine', '--loop-instsimplify', '--jump-threading', '--gvn', '--simplifycfg', '--instsimplify', '--inline', '--mergefunc', '--gvn-hoist', '--instcombine', '--globalopt', '--elim-avail-extern', '--loweratomic', '--indvars', '--indvars', '--gvn', '--gvn', '--ipsccp', '--gvn', '--nary-reassociate', '--adce', '--mem2reg', '--jump-threading', '--globalopt', '--elim-avail-extern', '--instcombine', '--simplifycfg', '--sroa', '--mem2reg', '--globaldce', '--gvn-hoist', '--sccp', '--early-cse', '--lower-constant-intrinsics', '--adce', '--slsr', '--globaldce', '--gvn-hoist', '--adce', '--loop-simplify', '--dse', '--scalarizer', '--adce', '--loop-simplify', '--dse', '--scalarizer', '--simplifycfg', '--mergereturn', '--lower-expect', '--elim-avail-extern', '--lower-constant-intrinsics', '--correlated-propagation', '--irce', '--ipsccp', '--nary-reassociate', '--jump-threading', '--globalopt', '--slp-vectorizer', '--instcombine', '--slp-vectorizer', '--instcombine', '--simplifycfg', '--sroa', '--sroa', '--early-cse', '--lower-expect', '--sroa', '--lower-expect', '--aggressive-instcombine']",79,-3.5574286695729693,0.0,-0.7759139535391936,0.0,1,-3.5574286695729693,-0.7759139535391936,0.5620873773639496,-67.00507614213198,12.107873220656332,11.76470588235294,34
2511,"['--ipsccp', '--speculative-execution', '--sccp', '--early-cse', '--mem2reg', '--jump-threading', '--globalopt', '--elim-avail-extern', '--instcombine', '--loop-instsimplify', '--jump-threading', '--gvn', '--simplifycfg', '--instsimplify', '--inline', '--inline', '--elim-avail-extern', '--gvn-hoist', '--instcombine', '--globalopt', '--dse', '--loweratomic', '--indvars', '--indvars', '--gvn', '--gvn', '--ipsccp', '--gvn', '--nary-reassociate', '--adce', '--early-cse', '--mem2reg', '--jump-threading', '--globalopt', '--elim-avail-extern', '--instcombine', '--simplifycfg', '--sroa', '--mem2reg', '--globaldce', '--simplifycfg', '--sccp', '--early-cse', '--lower-constant-intrinsics', '--adce', '--slsr', '--gvn-hoist', '--adce', '--loop-simplify', '--mergefunc', '--scalarizer', '--simplifycfg', '--lower-expect', '--gvn-hoist', '--simplifycfg', '--lower-expect', '--simplifycfg', '--elim-avail-extern', '--lower-constant-intrinsics', '--ipsccp', '--gvn', '--nary-reassociate', '--gvn', '--early-cse', '--loop-guard-widening', '--jump-threading', '--globalopt', '--slp-vectorizer', '--instcombine', '--slp-vectorizer', '--instcombine', '--simplifycfg', '--sroa', '--early-cse', '--lower-expect', '--aggressive-instcombine']",76,-3.5574286695729693,0.0,-0.7759139535391936,0.0,1,-3.5574286695729693,-0.7759139535391936,0.5620873773639496,-67.00507614213198,12.107873220656332,11.76470588235294,34
2513,"['--ipsccp', '--speculative-execution', '--sccp', '--early-cse', '--mem2reg', '--jump-threading', '--globalopt', '--elim-avail-extern', '--instcombine', '--loop-instsimplify', '--jump-threading', '--gvn', '--simplifycfg', '--instsimplify', '--inline', '--inline', '--mergefunc', '--gvn-hoist', '--instcombine', '--globalopt', '--elim-avail-extern', '--loweratomic', '--indvars', '--indvars', '--gvn', '--gvn', '--ipsccp', '--gvn', '--nary-reassociate', '--mem2reg', '--jump-threading', '--correlated-propagation', '--mem2reg', '--memcpyopt', '--globalopt', '--jump-threading', '--bdce', '--elim-avail-extern', '--instcombine', '--simplifycfg', '--sroa', '--lower-constant-intrinsics', '--adce', '--slsr', '--gvn-hoist', '--adce', '--loop-simplify', '--adce', '--loop-simplify', '--dse', '--scalarizer', '--scalarizer', '--simplifycfg', '--lower-expect', '--simplifycfg', '--elim-avail-extern', '--lower-constant-intrinsics', '--lower-constant-intrinsics', '--ipsccp', '--nary-reassociate', '--adce', '--early-cse', '--loop-guard-widening', '--jump-threading', '--slp-vectorizer', '--instcombine', '--dse', '--instcombine', '--instcombine', '--simplifycfg', '--sroa', '--early-cse', '--lower-expect', '--sroa', '--lower-expect', '--aggressive-instcombine']",76,-3.5574286695729693,0.0,-0.7759139535391936,0.0,1,-3.5574286695729693,-0.7759139535391936,0.5620873773639496,-67.00507614213198,12.107873220656332,11.76470588235294,34
2514,"['--ipsccp', '--speculative-execution', '--sccp', '--lower-constant-intrinsics', '--early-cse', '--mem2reg', '--jump-threading', '--globalopt', '--elim-avail-extern', '--instcombine', '--loop-instsimplify', '--jump-threading', '--gvn', '--gvn', '--instsimplify', '--inline', '--mergefunc', '--gvn-hoist', '--instcombine', '--globalopt', '--elim-avail-extern', '--loweratomic', '--indvars', '--indvars', '--simplifycfg', '--gvn', '--ipsccp', '--gvn', '--nary-reassociate', '--adce', '--early-cse', '--mem2reg', '--jump-threading', '--globalopt', '--elim-avail-extern', '--instcombine', '--simplifycfg', '--sroa', '--mem2reg', '--globaldce', '--gvn-hoist', '--sccp', '--early-cse', '--loop-guard-widening', '--adce', '--slsr', '--nary-reassociate', '--adce', '--loop-simplify', '--dse', '--scalarizer', '--adce', '--dse', '--scalarizer', '--simplifycfg', '--mergereturn', '--lower-expect', '--elim-avail-extern', '--lower-constant-intrinsics', '--ipsccp', '--nary-reassociate', '--gvn', '--jump-threading', '--globalopt', '--slp-vectorizer', '--instcombine', '--slp-vectorizer', '--instcombine', '--simplifycfg', '--sroa', '--early-cse', '--lower-expect', '--sroa', '--sroa', '--aggressive-instcombine']",75,-3.5574286695729693,0.0,-0.7759139535391936,0.0,1,-3.5574286695729693,-0.7759139535391936,0.5620873773639496,-67.00507614213198,12.107873220656332,11.76470588235294,34
2515,"['--ipsccp', '--speculative-execution', '--loop-vectorize', '--lower-constant-intrinsics', '--early-cse', '--mem2reg', '--jump-threading', '--instcombine', '--elim-avail-extern', '--globalopt', '--loop-instsimplify', '--jump-threading', '--gvn', '--simplifycfg', '--ipsccp', '--inline', '--mergefunc', '--gvn-hoist', '--instcombine', '--globalopt', '--elim-avail-extern', '--loweratomic', '--indvars', '--indvars', '--gvn', '--gvn', '--instsimplify', '--gvn', '--nary-reassociate', '--adce', '--early-cse', '--mem2reg', '--jump-threading', '--globalopt', '--elim-avail-extern', '--instcombine', '--sccp', '--sroa', '--mem2reg', '--globaldce', '--gvn-hoist', '--sccp', '--early-cse', '--lower-constant-intrinsics', '--adce', '--slsr', '--gvn-hoist', '--adce', '--loop-simplify', '--dse', '--scalarizer', '--adce', '--loop-simplify', '--dse', '--scalarizer', '--simplifycfg', '--mergereturn', '--lower-expect', '--elim-avail-extern', '--lower-constant-intrinsics', '--ipsccp', '--nary-reassociate', '--gvn', '--loop-interchange', '--globalopt', '--slp-vectorizer', '--instcombine', '--slp-vectorizer', '--instcombine', '--simplifycfg', '--sroa', '--early-cse', '--early-cse', '--lower-expect', '--aggressive-instcombine']",75,-3.5574286695729693,0.0,-0.7759139535391936,0.0,1,-3.5574286695729693,-0.7759139535391936,0.5620873773639496,-67.00507614213198,12.107873220656332,11.76470588235294,34
2516,"['--ipsccp', '--speculative-execution', '--sccp', '--lower-constant-intrinsics', '--early-cse', '--mem2reg', '--jump-threading', '--globalopt', '--elim-avail-extern', '--instcombine', '--loop-instsimplify', '--jump-threading', '--gvn', '--simplifycfg', '--instsimplify', '--inline', '--mergefunc', '--gvn-hoist', '--instcombine', '--globalopt', '--elim-avail-extern', '--loweratomic', '--indvars', '--indvars', '--gvn', '--loop-simplifycfg', '--ipsccp', '--gvn', '--nary-reassociate', '--adce', '--early-cse', '--mem2reg', '--jump-threading', '--globalopt', '--elim-avail-extern', '--instcombine', '--simplifycfg', '--sroa', '--mem2reg', '--globaldce', '--gvn-hoist', '--sccp', '--early-cse', '--lower-constant-intrinsics', '--adce', '--slsr', '--gvn-hoist', '--adce', '--loop-simplify', '--dse', '--gvn', '--scalarizer', '--adce', '--loop-simplify', '--dse', '--scalarizer', '--simplifycfg', '--lower-expect', '--elim-avail-extern', '--lower-constant-intrinsics', '--nary-reassociate', '--dse', '--jump-threading', '--globalopt', '--slp-vectorizer', '--aggressive-instcombine', '--slp-vectorizer', '--instcombine', '--simplifycfg', '--sroa', '--early-cse', '--early-cse', '--lower-expect', '--aggressive-instcombine']",74,-3.5574286695729693,0.0,-0.7759139535391936,0.0,1,-3.5574286695729693,-0.7759139535391936,0.5620873773639496,-67.00507614213198,12.107873220656332,11.76470588235294,34
2518,"['--ipsccp', '--speculative-execution', '--sccp', '--early-cse', '--early-cse', '--mem2reg', '--jump-threading', '--loop-unroll-and-jam', '--globalopt', '--elim-avail-extern', '--instcombine', '--loop-instsimplify', '--jump-threading', '--gvn', '--simplifycfg', '--instsimplify', '--inline', '--mergefunc', '--gvn-hoist', '--instcombine', '--globalopt', '--elim-avail-extern', '--loweratomic', '--indvars', '--indvars', '--gvn', '--ipsccp', '--gvn', '--nary-reassociate', '--adce', '--early-cse', '--mem2reg', '--jump-threading', '--globalopt', '--elim-avail-extern', '--instcombine', '--simplifycfg', '--sroa', '--mem2reg', '--globaldce', '--gvn-hoist', '--sccp', '--early-cse', '--lower-constant-intrinsics', '--adce', '--slsr', '--gvn-hoist', '--adce', '--loop-simplify', '--dse', '--scalarizer', '--adce', '--loop-simplify', '--dse', '--scalarizer', '--simplifycfg', '--mergereturn', '--lower-expect', '--nary-reassociate', '--lower-constant-intrinsics', '--ipsccp', '--elim-avail-extern', '--gvn', '--jump-threading', '--globalopt', '--slp-vectorizer', '--instcombine', '--slp-vectorizer', '--instcombine', '--simplifycfg', '--sroa', '--early-cse', '--lower-expect', '--sroa', '--sroa', '--aggressive-instcombine']",76,-3.5574286695729693,0.0,-0.7759139535391936,0.0,1,-3.5574286695729693,-0.7759139535391936,0.5620873773639496,-67.00507614213198,12.107873220656332,11.76470588235294,34
2519,"['--ipsccp', '--speculative-execution', '--sccp', '--reassociate', '--early-cse', '--mem2reg', '--jump-threading', '--globalopt', '--elim-avail-extern', '--instcombine', '--loop-instsimplify', '--jump-threading', '--gvn', '--simplifycfg', '--instsimplify', '--inline', '--mergefunc', '--gvn-hoist', '--instcombine', '--globalopt', '--elim-avail-extern', '--loweratomic', '--indvars', '--indvars', '--gvn', '--ipsccp', '--gvn', '--nary-reassociate', '--adce', '--early-cse', '--mem2reg', '--jump-threading', '--globalopt', '--elim-avail-extern', '--instcombine', '--simplifycfg', '--sroa', '--mem2reg', '--globaldce', '--gvn-hoist', '--sccp', '--early-cse', '--lower-constant-intrinsics', '--adce', '--slsr', '--gvn-hoist', '--adce', '--loop-simplify', '--dse', '--scalarizer', '--adce', '--loop-simplify', '--dse', '--scalarizer', '--simplifycfg', '--simplifycfg', '--elim-avail-extern', '--lower-constant-intrinsics', '--ipsccp', '--nary-reassociate', '--gvn', '--early-cse', '--loop-guard-widening', '--jump-threading', '--globalopt', '--slp-vectorizer', '--instcombine', '--slp-vectorizer', '--instcombine', '--simplifycfg', '--sroa', '--early-cse', '--lower-expect', '--sroa', '--lower-expect', '--aggressive-instcombine']",76,-3.5574286695729693,0.0,-0.7759139535391936,0.0,1,-3.5574286695729693,-0.7759139535391936,0.5620873773639496,-67.00507614213198,12.107873220656332,11.76470588235294,34
2494,"['--ipsccp', '--speculative-execution', '--sccp', '--lower-constant-intrinsics', '--early-cse', '--mem2reg', '--jump-threading', '--globalopt', '--elim-avail-extern', '--instcombine', '--loop-instsimplify', '--jump-threading', '--gvn', '--simplifycfg', '--instsimplify', '--inline', '--mergefunc', '--gvn-hoist', '--instcombine', '--globalopt', '--elim-avail-extern', '--loweratomic', '--indvars', '--indvars', '--gvn', '--gvn', '--instsimplify', '--gvn', '--partially-inline-libcalls', '--nary-reassociate', '--adce', '--early-cse', '--mem2reg', '--jump-threading', '--globalopt', '--elim-avail-extern', '--instcombine', '--loop-vectorize', '--sroa', '--mem2reg', '--globaldce', '--gvn-hoist', '--sccp', '--early-cse', '--lower-constant-intrinsics', '--adce', '--slsr', '--gvn-hoist', '--adce', '--loop-simplify', '--dse', '--scalarizer', '--adce', '--loop-simplify', '--dse', '--scalarizer', '--simplifycfg', '--mergereturn', '--lower-expect', '--elim-avail-extern', '--lower-constant-intrinsics', '--ipsccp', '--nary-reassociate', '--gvn', '--loop-interchange', '--globalopt', '--slp-vectorizer', '--instcombine', '--slp-vectorizer', '--instcombine', '--simplifycfg', '--sroa', '--early-cse', '--early-cse', '--lower-expect', '--aggressive-instcombine']",76,-3.5574286695729693,0.0,-0.7759139535391936,0.0,1,-3.5574286695729693,-0.7759139535391936,0.5620873773639496,-67.00507614213198,12.107873220656332,11.76470588235294,34
2491,"['--ipsccp', '--speculative-execution', '--sccp', '--early-cse', '--mem2reg', '--jump-threading', '--globalopt', '--elim-avail-extern', '--instcombine', '--loop-instsimplify', '--jump-threading', '--gvn', '--simplifycfg', '--instsimplify', '--inline', '--inline', '--mergefunc', '--gvn-hoist', '--instcombine', '--globalopt', '--elim-avail-extern', '--loweratomic', '--indvars', '--indvars', '--gvn', '--gvn', '--ipsccp', '--gvn', '--nary-reassociate', '--mem2reg', '--partially-inline-libcalls', '--correlated-propagation', '--mem2reg', '--memcpyopt', '--globalopt', '--jump-threading', '--bdce', '--elim-avail-extern', '--instcombine', '--simplifycfg', '--sroa', '--lower-constant-intrinsics', '--adce', '--slsr', '--gvn-hoist', '--adce', '--loop-simplify', '--adce', '--loop-simplify', '--dse', '--scalarizer', '--simplifycfg', '--lower-expect', '--gvn-hoist', '--simplifycfg', '--lower-expect', '--simplifycfg', '--elim-avail-extern', '--lower-constant-intrinsics', '--ipsccp', '--gvn', '--nary-reassociate', '--gvn', '--early-cse', '--loop-guard-widening', '--jump-threading', '--globalopt', '--slp-vectorizer', '--instcombine', '--slp-vectorizer', '--instcombine', '--simplifycfg', '--sroa', '--early-cse', '--lower-expect', '--aggressive-instcombine']",76,-3.5574286695729693,0.0,-0.7759139535391936,0.0,1,-3.5574286695729693,-0.7759139535391936,0.5620873773639496,-67.00507614213198,12.107873220656332,11.76470588235294,34
2466,"['--ipsccp', '--speculative-execution', '--sccp', '--lower-constant-intrinsics', '--early-cse', '--mem2reg', '--jump-threading', '--globalopt', '--elim-avail-extern', '--instcombine', '--loop-instsimplify', '--jump-threading', '--gvn', '--simplifycfg', '--instsimplify', '--inline', '--mergefunc', '--gvn-hoist', '--instcombine', '--globalopt', '--elim-avail-extern', '--loweratomic', '--indvars', '--indvars', '--gvn', '--gvn', '--ipsccp', '--gvn', '--nary-reassociate', '--adce', '--early-cse', '--mem2reg', '--jump-threading', '--globalopt', '--elim-avail-extern', '--instcombine', '--simplifycfg', '--sroa', '--mem2reg', '--globaldce', '--gvn-hoist', '--sccp', '--early-cse', '--lower-constant-intrinsics', '--adce', '--slsr', '--gvn-hoist', '--adce', '--loop-simplify', '--dse', '--scalarizer', '--bdce', '--simplifycfg', '--lower-expect', '--simplifycfg', '--elim-avail-extern', '--lower-constant-intrinsics', '--ipsccp', '--gvn', '--nary-reassociate', '--gvn', '--early-cse', '--mem2reg', '--jump-threading', '--globalopt', '--slp-vectorizer', '--instcombine', '--simplifycfg', '--sroa', '--early-cse', '--lower-expect', '--sroa', '--sroa', '--lower-expect', '--aggressive-instcombine']",75,-3.5574286695729693,0.0,-0.7759139535391936,0.0,1,-3.5574286695729693,-0.7759139535391936,0.5620873773639496,-67.00507614213198,12.107873220656332,11.76470588235294,34
2477,"['--ipsccp', '--speculative-execution', '--sccp', '--lower-constant-intrinsics', '--early-cse', '--mem2reg', '--jump-threading', '--globalopt', '--elim-avail-extern', '--instcombine', '--loop-instsimplify', '--gvn', '--simplifycfg', '--instsimplify', '--inline', '--mergefunc', '--gvn-hoist', '--instcombine', '--globalopt', '--elim-avail-extern', '--loweratomic', '--indvars', '--indvars', '--gvn', '--gvn', '--ipsccp', '--gvn', '--nary-reassociate', '--adce', '--early-cse', '--mem2reg', '--jump-threading', '--globalopt', '--elim-avail-extern', '--instcombine', '--simplifycfg', '--sroa', '--scalarizer', '--sroa', '--mem2reg', '--globaldce', '--simplifycfg', '--sccp', '--early-cse', '--lower-constant-intrinsics', '--adce', '--slsr', '--gvn-hoist', '--adce', '--loop-simplify', '--dse', '--simplifycfg', '--simplifycfg', '--lower-expect', '--gvn-hoist', '--simplifycfg', '--lower-expect', '--simplifycfg', '--elim-avail-extern', '--lower-constant-intrinsics', '--ipsccp', '--gvn', '--nary-reassociate', '--gvn', '--early-cse', '--loop-guard-widening', '--jump-threading', '--globalopt', '--slp-vectorizer', '--instcombine', '--mergefunc', '--instcombine', '--simplifycfg', '--sroa', '--early-cse', '--lower-expect', '--aggressive-instcombine']",77,-3.5574286695729693,0.0,-0.7759139535391936,0.0,1,-3.5574286695729693,-0.7759139535391936,0.5620873773639496,-67.00507614213198,12.107873220656332,11.76470588235294,34
2467,"['--ipsccp', '--speculative-execution', '--sccp', '--lower-constant-intrinsics', '--early-cse', '--mem2reg', '--jump-threading', '--globalopt', '--elim-avail-extern', '--instcombine', '--loop-instsimplify', '--gvn', '--simplifycfg', '--instsimplify', '--inline', '--inline', '--mergefunc', '--gvn-hoist', '--instcombine', '--globalopt', '--elim-avail-extern', '--loweratomic', '--indvars', '--indvars', '--gvn', '--gvn', '--ipsccp', '--gvn', '--nary-reassociate', '--adce', '--early-cse', '--mem2reg', '--jump-threading', '--globalopt', '--elim-avail-extern', '--instcombine', '--simplifycfg', '--sroa', '--mem2reg', '--globaldce', '--gvn-hoist', '--sccp', '--early-cse', '--lower-constant-intrinsics', '--adce', '--slsr', '--gvn-hoist', '--adce', '--gvn-hoist', '--adce', '--loop-simplify', '--dse', '--scalarizer', '--simplifycfg', '--lower-expect', '--simplifycfg', '--elim-avail-extern', '--lower-constant-intrinsics', '--ipsccp', '--nary-reassociate', '--gvn', '--early-cse', '--loop-guard-widening', '--jump-threading', '--globalopt', '--slp-vectorizer', '--instcombine', '--slp-vectorizer', '--instcombine', '--simplifycfg', '--sroa', '--early-cse', '--lower-expect', '--sroa', '--lower-expect', '--aggressive-instcombine']",76,-3.5574286695729693,0.0,-0.7759139535391936,0.0,1,-3.5574286695729693,-0.7759139535391936,0.5620873773639496,-67.00507614213198,12.107873220656332,11.76470588235294,34
2468,"['--ipsccp', '--speculative-execution', '--sccp', '--lower-constant-intrinsics', '--early-cse', '--mem2reg', '--jump-threading', '--globalopt', '--elim-avail-extern', '--instcombine', '--loop-instsimplify', '--gvn', '--simplifycfg', '--instsimplify', '--inline', '--mergefunc', '--reassociate', '--gvn-hoist', '--instcombine', '--globalopt', '--dse', '--loweratomic', '--indvars', '--indvars', '--gvn', '--gvn', '--ipsccp', '--gvn', '--nary-reassociate', '--adce', '--early-cse', '--mem2reg', '--jump-threading', '--globalopt', '--elim-avail-extern', '--instcombine', '--simplifycfg', '--sroa', '--mem2reg', '--globaldce', '--simplifycfg', '--sccp', '--early-cse', '--lower-constant-intrinsics', '--adce', '--slsr', '--gvn-hoist', '--adce', '--loop-simplify', '--elim-avail-extern', '--scalarizer', '--simplifycfg', '--lower-expect', '--gvn-hoist', '--simplifycfg', '--lower-expect', '--simplifycfg', '--elim-avail-extern', '--lower-constant-intrinsics', '--ipsccp', '--gvn', '--nary-reassociate', '--gvn', '--early-cse', '--loop-guard-widening', '--jump-threading', '--globalopt', '--slp-vectorizer', '--instcombine', '--slp-vectorizer', '--instcombine', '--simplifycfg', '--early-cse', '--lower-expect', '--aggressive-instcombine']",75,-3.5574286695729693,0.0,-0.7759139535391936,0.0,1,-3.5574286695729693,-0.7759139535391936,0.5620873773639496,-67.00507614213198,12.107873220656332,11.76470588235294,34
2469,"['--ipsccp', '--speculative-execution', '--sccp', '--lower-constant-intrinsics', '--early-cse', '--mem2reg', '--jump-threading', '--globalopt', '--elim-avail-extern', '--instcombine', '--loop-instsimplify', '--jump-threading', '--loop-fusion', '--gvn', '--simplifycfg', '--instsimplify', '--inline', '--mergefunc', '--gvn-hoist', '--instcombine', '--globalopt', '--elim-avail-extern', '--loweratomic', '--indvars', '--indvars', '--gvn', '--gvn', '--ipsccp', '--gvn', '--nary-reassociate', '--adce', '--early-cse', '--mem2reg', '--jump-threading', '--lower-expect', '--elim-avail-extern', '--instcombine', '--simplifycfg', '--sroa', '--mem2reg', '--globaldce', '--gvn-hoist', '--sccp', '--early-cse', '--lower-constant-intrinsics', '--adce', '--slsr', '--nary-reassociate', '--adce', '--loop-simplify', '--dse', '--scalarizer', '--adce', '--loop-simplify', '--dse', '--scalarizer', '--simplifycfg', '--mergereturn', '--lower-expect', '--elim-avail-extern', '--lower-constant-intrinsics', '--ipsccp', '--gvn-hoist', '--gvn', '--jump-threading', '--globalopt', '--slp-vectorizer', '--instcombine', '--slp-vectorizer', '--instcombine', '--simplifycfg', '--sroa', '--early-cse', '--early-cse', '--globalopt', '--aggressive-instcombine']",76,-3.5574286695729693,0.0,-0.7759139535391936,0.0,1,-3.5574286695729693,-0.7759139535391936,0.5620873773639496,-67.00507614213198,12.107873220656332,11.76470588235294,34
2470,"['--ipsccp', '--speculative-execution', '--sccp', '--lower-constant-intrinsics', '--early-cse', '--mem2reg', '--jump-threading', '--globalopt', '--elim-avail-extern', '--instcombine', '--loop-instsimplify', '--gvn', '--simplifycfg', '--instsimplify', '--inline', '--mergefunc', '--gvn-hoist', '--instcombine', '--globalopt', '--dse', '--loweratomic', '--indvars', '--indvars', '--indvars', '--gvn', '--gvn', '--ipsccp', '--gvn', '--adce', '--early-cse', '--mem2reg', '--jump-threading', '--globalopt', '--elim-avail-extern', '--instcombine', '--simplifycfg', '--sroa', '--mem2reg', '--globaldce', '--simplifycfg', '--sccp', '--early-cse', '--lower-constant-intrinsics', '--adce', '--slsr', '--gvn-hoist', '--adce', '--loop-simplify', '--elim-avail-extern', '--scalarizer', '--simplifycfg', '--lower-expect', '--gvn-hoist', '--simplifycfg', '--lower-expect', '--simplifycfg', '--elim-avail-extern', '--lower-constant-intrinsics', '--ipsccp', '--gvn', '--nary-reassociate', '--gvn', '--lower-constant-intrinsics', '--ipsccp', '--nary-reassociate', '--gvn', '--jump-threading', '--jump-threading', '--globalopt', '--slp-vectorizer', '--instcombine', '--simplifycfg', '--early-cse', '--sroa', '--sroa', '--instcombine', '--aggressive-instcombine']",77,-3.5574286695729693,0.0,-0.7759139535391936,0.0,1,-3.5574286695729693,-0.7759139535391936,0.5620873773639496,-67.00507614213198,12.107873220656332,11.76470588235294,34
2471,"['--ipsccp', '--speculative-execution', '--sccp', '--early-cse', '--mem2reg', '--jump-threading', '--globalopt', '--elim-avail-extern', '--instcombine', '--loop-instsimplify', '--jump-threading', '--gvn', '--simplifycfg', '--hotcoldsplit', '--inline', '--mergefunc', '--mergefunc', '--loop-idiom', '--instcombine', '--globalopt', '--elim-avail-extern', '--loweratomic', '--indvars', '--indvars', '--gvn', '--gvn', '--ipsccp', '--gvn', '--nary-reassociate', '--mldst-motion', '--early-cse', '--mem2reg', '--jump-threading', '--globalopt', '--elim-avail-extern', '--instcombine', '--simplifycfg', '--sroa', '--mem2reg', '--globaldce', '--gvn-hoist', '--sccp', '--early-cse', '--loop-guard-widening', '--adce', '--nary-reassociate', '--slsr', '--adce', '--loop-simplify', '--dse', '--scalarizer', '--adce', '--loop-simplify', '--dse', '--ipsccp', '--dse', '--scalarizer', '--simplifycfg', '--lower-expect', '--simplifycfg', '--lower-constant-intrinsics', '--ipsccp', '--gvn', '--nary-reassociate', '--gvn', '--early-cse', '--loop-guard-widening', '--jump-threading', '--globalopt', '--slp-vectorizer', '--instcombine', '--slp-vectorizer', '--instcombine', '--simplifycfg', '--sroa', '--early-cse', '--lower-expect', '--aggressive-instcombine']",78,-3.5574286695729693,0.0,-0.7759139535391936,0.0,1,-3.5574286695729693,-0.7759139535391936,0.5620873773639496,-67.00507614213198,12.107873220656332,11.76470588235294,34
2472,"['--ipsccp', '--speculative-execution', '--sccp', '--lower-constant-intrinsics', '--early-cse', '--mem2reg', '--jump-threading', '--globalopt', '--elim-avail-extern', '--instcombine', '--loop-instsimplify', '--jump-threading', '--gvn', '--simplifycfg', '--instsimplify', '--inline', '--mergefunc', '--gvn-hoist', '--instcombine', '--globalopt', '--elim-avail-extern', '--loweratomic', '--indvars', '--indvars', '--gvn', '--gvn', '--ipsccp', '--gvn', '--nary-reassociate', '--adce', '--early-cse', '--mem2reg', '--jump-threading', '--globalopt', '--elim-avail-extern', '--instcombine', '--simplifycfg', '--sroa', '--mem2reg', '--globaldce', '--gvn-hoist', '--sccp', '--early-cse', '--lower-constant-intrinsics', '--adce', '--adce', '--slsr', '--gvn-hoist', '--adce', '--loop-simplify', '--dse', '--scalarizer', '--lower-expect', '--ipsccp', '--elim-avail-extern', '--lower-constant-intrinsics', '--ipsccp', '--gvn', '--gvn', '--gvn', '--early-cse', '--mem2reg', '--jump-threading', '--correlated-propagation', '--slp-vectorizer', '--instcombine', '--simplifycfg', '--slp-vectorizer', '--instcombine', '--simplifycfg', '--sroa', '--early-cse', '--lower-expect', '--aggressive-instcombine']",74,-3.5574286695729693,0.0,-0.7759139535391936,0.0,1,-3.5574286695729693,-0.7759139535391936,0.5620873773639496,-67.00507614213198,12.107873220656332,11.76470588235294,34
2473,"['--ipsccp', '--speculative-execution', '--sccp', '--lower-constant-intrinsics', '--early-cse', '--mem2reg', '--jump-threading', '--globalopt', '--elim-avail-extern', '--instcombine', '--loop-instsimplify', '--jump-threading', '--gvn', '--simplifycfg', '--instsimplify', '--inline', '--mergefunc', '--gvn-hoist', '--instcombine', '--globalopt', '--elim-avail-extern', '--loweratomic', '--indvars', '--indvars', '--gvn', '--gvn', '--ipsccp', '--gvn', '--nary-reassociate', '--adce', '--early-cse', '--lower-constant-intrinsics', '--jump-threading', '--globalopt', '--elim-avail-extern', '--instcombine', '--elim-avail-extern', '--sroa', '--simplifycfg', '--sroa', '--instcombine', '--simplifycfg', '--sroa', '--lower-constant-intrinsics', '--adce', '--slsr', '--gvn-hoist', '--adce', '--loop-simplify', '--adce', '--loop-simplify', '--dse', '--scalarizer', '--simplifycfg', '--lower-expect', '--gvn-hoist', '--simplifycfg', '--lower-expect', '--simplifycfg', '--elim-avail-extern', '--lower-constant-intrinsics', '--ipsccp', '--gvn', '--nary-reassociate', '--gvn', '--early-cse', '--loop-guard-widening', '--jump-threading', '--globalopt', '--slp-vectorizer', '--instcombine', '--slp-vectorizer', '--instcombine', '--simplifycfg', '--sroa', '--early-cse', '--lower-expect', '--aggressive-instcombine']",78,-3.5574286695729693,0.0,-0.7759139535391936,0.0,1,-3.5574286695729693,-0.7759139535391936,0.5620873773639496,-67.00507614213198,12.107873220656332,11.76470588235294,34
2474,"['--ipsccp', '--speculative-execution', '--sccp', '--lower-constant-intrinsics', '--early-cse', '--mem2reg', '--jump-threading', '--globalopt', '--elim-avail-extern', '--instcombine', '--loop-instsimplify', '--jump-threading', '--gvn', '--simplifycfg', '--instsimplify', '--inline', '--mergefunc', '--gvn-hoist', '--globalopt', '--elim-avail-extern', '--loweratomic', '--indvars', '--indvars', '--gvn', '--gvn', '--ipsccp', '--gvn', '--nary-reassociate', '--adce', '--early-cse', '--loweratomic', '--mem2reg', '--jump-threading', '--globalopt', '--elim-avail-extern', '--instcombine', '--simplifycfg', '--sroa', '--mem2reg', '--globaldce', '--simplifycfg', '--sccp', '--early-cse', '--lower-constant-intrinsics', '--adce', '--slsr', '--gvn-hoist', '--adce', '--loop-simplify', '--dse', '--scalarizer', '--simplifycfg', '--lower-expect', '--gvn-hoist', '--simplifycfg', '--lower-expect', '--simplifycfg', '--elim-avail-extern', '--lower-constant-intrinsics', '--ipsccp', '--gvn', '--nary-reassociate', '--gvn', '--early-cse', '--loop-guard-widening', '--jump-threading', '--globalopt', '--slp-vectorizer', '--instcombine', '--slp-vectorizer', '--instcombine', '--simplifycfg', '--sroa', '--early-cse', '--lower-expect', '--aggressive-instcombine']",76,-3.5574286695729693,0.0,-0.7759139535391936,0.0,1,-3.5574286695729693,-0.7759139535391936,0.5620873773639496,-67.00507614213198,12.107873220656332,11.76470588235294,34
2478,"['--ipsccp', '--speculative-execution', '--sccp', '--lower-constant-intrinsics', '--early-cse', '--mem2reg', '--jump-threading', '--globalopt', '--elim-avail-extern', '--instcombine', '--loop-instsimplify', '--jump-threading', '--gvn', '--simplifycfg', '--instsimplify', '--inline', '--mergefunc', '--gvn-hoist', '--instcombine', '--globalopt', '--elim-avail-extern', '--loweratomic', '--indvars', '--indvars', '--gvn', '--gvn', '--ipsccp', '--gvn', '--nary-reassociate', '--adce', '--early-cse', '--lower-constant-intrinsics', '--jump-threading', '--globalopt', '--elim-avail-extern', '--instcombine', '--sroa', '--simplifycfg', '--sroa', '--mem2reg', '--sccp', '--early-cse', '--lower-constant-intrinsics', '--adce', '--early-cse-memssa', '--slsr', '--gvn-hoist', '--adce', '--loop-simplify', '--dse', '--scalarizer', '--simplifycfg', '--lower-expect', '--gvn-hoist', '--simplifycfg', '--lower-expect', '--simplifycfg', '--elim-avail-extern', '--mem2reg', '--ipsccp', '--gvn', '--nary-reassociate', '--gvn', '--mem2reg', '--jump-threading', '--correlated-propagation', '--slp-vectorizer', '--instcombine', '--simplifycfg', '--slp-vectorizer', '--instcombine', '--simplifycfg', '--sroa', '--early-cse', '--lower-expect', '--aggressive-instcombine']",76,-3.5574286695729693,0.0,-0.7759139535391936,0.0,1,-3.5574286695729693,-0.7759139535391936,0.5620873773639496,-67.00507614213198,12.107873220656332,11.76470588235294,34
2490,"['--ipsccp', '--speculative-execution', '--sccp', '--early-cse', '--mem2reg', '--sroa', '--globalopt', '--elim-avail-extern', '--instcombine', '--loop-instsimplify', '--jump-threading', '--gvn', '--simplifycfg', '--instsimplify', '--inline', '--mergefunc', '--gvn-hoist', '--mergefunc', '--gvn-hoist', '--globalopt', '--elim-avail-extern', '--loweratomic', '--indvars', '--indvars', '--gvn', '--gvn', '--ipsccp', '--gvn', '--nary-reassociate', '--adce', '--early-cse', '--mem2reg', '--jump-threading', '--simplifycfg', '--elim-avail-extern', '--instcombine', '--globalopt', '--mem2reg', '--globaldce', '--gvn-hoist', '--sccp', '--early-cse', '--lower-constant-intrinsics', '--adce', '--slsr', '--gvn-hoist', '--adce', '--loop-simplify', '--dse', '--scalarizer', '--adce', '--loop-simplify', '--dse', '--scalarizer', '--simplifycfg', '--mergereturn', '--lower-expect', '--elim-avail-extern', '--lower-constant-intrinsics', '--ipsccp', '--nary-reassociate', '--gvn', '--loop-interchange', '--globalopt', '--slp-vectorizer', '--instcombine', '--slp-vectorizer', '--instcombine', '--simplifycfg', '--sroa', '--early-cse', '--early-cse', '--lower-expect', '--aggressive-instcombine']",74,-3.5574286695729693,0.0,-0.7759139535391936,0.0,1,-3.5574286695729693,-0.7759139535391936,0.5620873773639496,-67.00507614213198,12.107873220656332,11.76470588235294,34
2480,"['--ipsccp', '--speculative-execution', '--sccp', '--lower-constant-intrinsics', '--early-cse', '--mem2reg', '--jump-threading', '--globalopt', '--elim-avail-extern', '--instcombine', '--loop-instsimplify', '--jump-threading', '--gvn', '--simplifycfg', '--instsimplify', '--inline', '--adce', '--gvn-hoist', '--instcombine', '--globalopt', '--elim-avail-extern', '--loweratomic', '--indvars', '--indvars', '--gvn', '--gvn', '--ipsccp', '--gvn', '--nary-reassociate', '--adce', '--early-cse', '--early-cse', '--mem2reg', '--jump-threading', '--globalopt', '--elim-avail-extern', '--dse', '--simplifycfg', '--sroa', '--mem2reg', '--globaldce', '--gvn-hoist', '--sccp', '--early-cse', '--lower-constant-intrinsics', '--adce', '--slsr', '--gvn-hoist', '--adce', '--loop-simplify', '--instcombine', '--scalarizer', '--mergefunc', '--loop-simplify', '--dse', '--scalarizer', '--simplifycfg', '--mergereturn', '--lower-expect', '--elim-avail-extern', '--lower-constant-intrinsics', '--nary-reassociate', '--gvn', '--jump-threading', '--globalopt', '--slp-vectorizer', '--aggressive-instcombine', '--slp-vectorizer', '--instcombine', '--simplifycfg', '--sroa', '--early-cse', '--early-cse', '--lower-expect', '--aggressive-instcombine']",75,-3.5574286695729693,0.0,-0.7759139535391936,0.0,1,-3.5574286695729693,-0.7759139535391936,0.5620873773639496,-67.00507614213198,12.107873220656332,11.76470588235294,34
2481,"['--ipsccp', '--speculative-execution', '--sccp', '--lower-constant-intrinsics', '--early-cse', '--mem2reg', '--jump-threading', '--instcombine', '--elim-avail-extern', '--instcombine', '--loop-instsimplify', '--jump-threading', '--gvn', '--simplifycfg', '--instsimplify', '--inline', '--mergefunc', '--gvn-hoist', '--instcombine', '--globalopt', '--elim-avail-extern', '--loweratomic', '--indvars', '--indvars', '--gvn', '--gvn', '--ipsccp', '--gvn', '--nary-reassociate', '--adce', '--early-cse', '--mem2reg', '--jump-threading', '--globalopt', '--elim-avail-extern', '--instcombine', '--simplifycfg', '--sroa', '--mem2reg', '--globaldce', '--gvn-hoist', '--sccp', '--early-cse', '--lower-constant-intrinsics', '--adce', '--slsr', '--gvn-hoist', '--gvn-hoist', '--adce', '--loop-simplify', '--gvn', '--scalarizer', '--adce', '--loop-simplify', '--dse', '--scalarizer', '--simplifycfg', '--mergereturn', '--lower-expect', '--elim-avail-extern', '--lower-constant-intrinsics', '--nary-reassociate', '--dse', '--jump-threading', '--globalopt', '--slp-vectorizer', '--aggressive-instcombine', '--slp-vectorizer', '--instcombine', '--simplifycfg', '--sroa', '--early-cse', '--early-cse', '--lower-expect', '--aggressive-instcombine']",75,-3.5574286695729693,0.0,-0.7759139535391936,0.0,1,-3.5574286695729693,-0.7759139535391936,0.5620873773639496,-67.00507614213198,12.107873220656332,11.76470588235294,34
2484,"['--ipsccp', '--speculative-execution', '--sccp', '--lower-constant-intrinsics', '--early-cse', '--mem2reg', '--jump-threading', '--instcombine', '--elim-avail-extern', '--instcombine', '--loop-instsimplify', '--jump-threading', '--gvn', '--simplifycfg', '--instsimplify', '--inline', '--mergefunc', '--gvn-hoist', '--instcombine', '--globalopt', '--elim-avail-extern', '--loweratomic', '--indvars', '--indvars', '--gvn', '--gvn', '--ipsccp', '--gvn', '--nary-reassociate', '--mem2reg', '--jump-threading', '--correlated-propagation', '--mem2reg', '--memcpyopt', '--globalopt', '--jump-threading', '--bdce', '--elim-avail-extern', '--instcombine', '--memcpyopt', '--simplifycfg', '--sroa', '--lower-constant-intrinsics', '--adce', '--slsr', '--gvn-hoist', '--adce', '--loop-simplifycfg', '--loop-simplify', '--adce', '--loop-simplify', '--dse', '--scalarizer', '--scalarizer', '--simplifycfg', '--lower-expect', '--simplifycfg', '--elim-avail-extern', '--lower-constant-intrinsics', '--lower-constant-intrinsics', '--ipsccp', '--nary-reassociate', '--adce', '--early-cse', '--loop-guard-widening', '--jump-threading', '--slp-vectorizer', '--instcombine', '--slp-vectorizer', '--instcombine', '--simplifycfg', '--sroa', '--early-cse', '--early-cse', '--lower-expect', '--aggressive-instcombine']",76,-3.5574286695729693,0.0,-0.7759139535391936,0.0,1,-3.5574286695729693,-0.7759139535391936,0.5620873773639496,-67.00507614213198,12.107873220656332,11.76470588235294,34
2485,"['--ipsccp', '--speculative-execution', '--sccp', '--early-cse', '--mem2reg', '--sroa', '--globalopt', '--elim-avail-extern', '--instcombine', '--loop-instsimplify', '--jump-threading', '--gvn', '--simplifycfg', '--instsimplify', '--inline', '--mergefunc', '--gvn-hoist', '--mergefunc', '--gvn-hoist', '--globalopt', '--elim-avail-extern', '--loweratomic', '--indvars', '--indvars', '--gvn', '--gvn', '--ipsccp', '--gvn', '--nary-reassociate', '--adce', '--early-cse', '--mem2reg', '--jump-threading', '--simplifycfg', '--elim-avail-extern', '--instcombine', '--globalopt', '--sroa', '--mem2reg', '--globaldce', '--gvn-hoist', '--sccp', '--early-cse', '--early-cse', '--lower-constant-intrinsics', '--adce', '--slsr', '--gvn-hoist', '--adce', '--loop-simplify', '--dse', '--scalarizer', '--simplifycfg', '--lower-expect', '--simplifycfg', '--elim-avail-extern', '--lower-constant-intrinsics', '--ipsccp', '--gvn', '--nary-reassociate', '--gvn', '--loop-simplify', '--early-cse', '--mem2reg', '--jump-threading', '--globalopt', '--slp-vectorizer', '--instcombine', '--simplifycfg', '--sroa', '--early-cse', '--lower-expect', '--sroa', '--sroa', '--lower-expect', '--aggressive-instcombine']",76,-3.5574286695729693,0.0,-0.7759139535391936,0.0,1,-3.5574286695729693,-0.7759139535391936,0.5620873773639496,-67.00507614213198,12.107873220656332,11.76470588235294,34
2486,"['--ipsccp', '--speculative-execution', '--sccp', '--lower-constant-intrinsics', '--early-cse', '--mem2reg', '--jump-threading', '--instcombine', '--elim-avail-extern', '--globalopt', '--loop-instsimplify', '--jump-threading', '--gvn', '--simplifycfg', '--instsimplify', '--inline', '--mergefunc', '--gvn-hoist', '--instcombine', '--globalopt', '--elim-avail-extern', '--loweratomic', '--indvars', '--indvars', '--gvn', '--gvn', '--ipsccp', '--gvn', '--nary-reassociate', '--adce', '--early-cse', '--slsr', '--jump-threading', '--globalopt', '--elim-avail-extern', '--instcombine', '--sroa', '--simplifycfg', '--sroa', '--instcombine', '--simplifycfg', '--sroa', '--lower-constant-intrinsics', '--adce', '--lower-constant-intrinsics', '--gvn-hoist', '--adce', '--loop-simplify', '--adce', '--loop-simplify', '--dse', '--scalarizer', '--simplifycfg', '--lower-expect', '--simplifycfg', '--elim-avail-extern', '--lower-constant-intrinsics', '--ipsccp', '--gvn', '--nary-reassociate', '--gvn', '--mem2reg', '--jump-threading', '--globalopt', '--slp-vectorizer', '--instcombine', '--simplifycfg', '--sroa', '--early-cse', '--lower-expect', '--sroa', '--sroa', '--lower-expect', '--aggressive-instcombine']",74,-3.5574286695729693,0.0,-0.7759139535391936,0.0,1,-3.5574286695729693,-0.7759139535391936,0.5620873773639496,-67.00507614213198,12.107873220656332,11.76470588235294,34
2487,"['--ipsccp', '--speculative-execution', '--sccp', '--lower-constant-intrinsics', '--early-cse', '--mem2reg', '--jump-threading', '--globalopt', '--elim-avail-extern', '--instcombine', '--loop-instsimplify', '--gvn', '--simplifycfg', '--instsimplify', '--inline', '--mergefunc', '--reassociate', '--gvn-hoist', '--instcombine', '--globalopt', '--dse', '--loweratomic', '--indvars', '--indvars', '--gvn', '--gvn', '--ipsccp', '--gvn', '--nary-reassociate', '--adce', '--early-cse', '--mem2reg', '--jump-threading', '--globalopt', '--elim-avail-extern', '--instcombine', '--simplifycfg', '--sroa', '--mem2reg', '--globaldce', '--simplifycfg', '--sccp', '--early-cse', '--lower-constant-intrinsics', '--adce', '--slsr', '--gvn-hoist', '--adce', '--loop-simplify', '--scalarizer', '--bdce', '--adce', '--loop-simplify', '--scalarizer', '--simplifycfg', '--mergereturn', '--lower-expect', '--ipsccp', '--gvn', '--nary-reassociate', '--gvn', '--early-cse', '--mem2reg', '--jump-threading', '--globalopt', '--slp-vectorizer', '--instcombine', '--simplifycfg', '--sroa', '--early-cse', '--lower-expect', '--sroa', '--sroa', '--lower-expect', '--aggressive-instcombine']",75,-3.5574286695729693,0.0,-0.7759139535391936,0.0,1,-3.5574286695729693,-0.7759139535391936,0.5620873773639496,-67.00507614213198,12.107873220656332,11.76470588235294,34
2488,"['--ipsccp', '--speculative-execution', '--sccp', '--lower-constant-intrinsics', '--early-cse', '--mem2reg', '--jump-threading', '--instcombine', '--elim-avail-extern', '--globalopt', '--loop-instsimplify', '--jump-threading', '--gvn', '--simplifycfg', '--ipsccp', '--inline', '--mergefunc', '--gvn-hoist', '--instcombine', '--globalopt', '--elim-avail-extern', '--loweratomic', '--indvars', '--indvars', '--gvn', '--gvn', '--instsimplify', '--gvn', '--nary-reassociate', '--adce', '--early-cse', '--mem2reg', '--jump-threading', '--globalopt', '--elim-avail-extern', '--instcombine', '--loop-vectorize', '--sroa', '--mem2reg', '--globaldce', '--gvn-hoist', '--sccp', '--early-cse', '--early-cse', '--lower-constant-intrinsics', '--adce', '--slsr', '--gvn-hoist', '--adce', '--loop-simplify', '--dse', '--scalarizer', '--simplifycfg', '--lower-expect', '--simplifycfg', '--elim-avail-extern', '--lower-constant-intrinsics', '--ipsccp', '--gvn', '--nary-reassociate', '--gvn', '--early-cse', '--mem2reg', '--jump-threading', '--globalopt', '--slp-vectorizer', '--instcombine', '--simplifycfg', '--sroa', '--early-cse', '--lower-expect', '--sroa', '--sroa', '--lower-expect', '--aggressive-instcombine']",75,-3.5574286695729693,0.0,-0.7759139535391936,0.0,1,-3.5574286695729693,-0.7759139535391936,0.5620873773639496,-67.00507614213198,12.107873220656332,11.76470588235294,34
2489,"['--ipsccp', '--speculative-execution', '--sccp', '--lower-constant-intrinsics', '--early-cse', '--mem2reg', '--jump-threading', '--jump-threading', '--globalopt', '--elim-avail-extern', '--instcombine', '--loop-instsimplify', '--jump-threading', '--gvn', '--simplifycfg', '--instsimplify', '--inline', '--mergefunc', '--gvn-hoist', '--instcombine', '--globalopt', '--elim-avail-extern', '--loweratomic', '--indvars', '--indvars', '--gvn', '--gvn', '--ipsccp', '--gvn', '--nary-reassociate', '--adce', '--mem2reg', '--jump-threading', '--globalopt', '--elim-avail-extern', '--instcombine', '--simplifycfg', '--sroa', '--mem2reg', '--globaldce', '--gvn-hoist', '--sccp', '--early-cse', '--lower-constant-intrinsics', '--adce', '--slsr', '--gvn-hoist', '--adce', '--loop-simplify', '--dse', '--scalarizer', '--adce', '--loop-simplify', '--dse', '--scalarizer', '--simplifycfg', '--mergereturn', '--lower-expect', '--elim-avail-extern', '--lower-constant-intrinsics', '--correlated-propagation', '--irce', '--ipsccp', '--nary-reassociate', '--jump-threading', '--globalopt', '--slp-vectorizer', '--instcombine', '--slp-vectorizer', '--instcombine', '--simplifycfg', '--sroa', '--sroa', '--early-cse', '--lower-expect', '--sroa', '--lower-expect', '--aggressive-instcombine']",78,-3.5574286695729693,0.0,-0.7759139535391936,0.0,1,-3.5574286695729693,-0.7759139535391936,0.5620873773639496,-67.00507614213198,12.107873220656332,11.76470588235294,34
2394,"['--ipsccp', '--speculative-execution', '--sccp', '--early-cse', '--mem2reg', '--sroa', '--globalopt', '--elim-avail-extern', '--instcombine', '--loop-instsimplify', '--jump-threading', '--gvn', '--simplifycfg', '--instsimplify', '--inline', '--mergefunc', '--gvn-hoist', '--mergefunc', '--gvn-hoist', '--globalopt', '--elim-avail-extern', '--loweratomic', '--indvars', '--indvars', '--gvn', '--gvn', '--ipsccp', '--gvn', '--nary-reassociate', '--adce', '--early-cse', '--mem2reg', '--jump-threading', '--simplifycfg', '--elim-avail-extern', '--instcombine', '--globalopt', '--sroa', '--mem2reg', '--globaldce', '--gvn-hoist', '--sccp', '--early-cse', '--early-cse', '--lower-constant-intrinsics', '--adce', '--slsr', '--gvn-hoist', '--adce', '--loop-simplify', '--dse', '--scalarizer', '--simplifycfg', '--lower-expect', '--simplifycfg', '--elim-avail-extern', '--lower-constant-intrinsics', '--ipsccp', '--gvn', '--nary-reassociate', '--gvn', '--early-cse', '--mem2reg', '--jump-threading', '--globalopt', '--slp-vectorizer', '--instcombine', '--simplifycfg', '--sroa', '--early-cse', '--lower-expect', '--sroa', '--sroa', '--lower-expect', '--aggressive-instcombine']",75,-3.5574286695729693,0.0,-0.7759139535391936,0.0,1,-3.5574286695729693,-0.7759139535391936,0.5620873773639496,-67.00507614213198,12.107873220656332,11.76470588235294,34
2392,"['--ipsccp', '--speculative-execution', '--sccp', '--early-cse', '--mem2reg', '--jump-threading', '--globalopt', '--elim-avail-extern', '--instcombine', '--loop-instsimplify', '--jump-threading', '--gvn', '--simplifycfg', '--instsimplify', '--inline', '--inline', '--mergefunc', '--gvn-hoist', '--instcombine', '--globalopt', '--elim-avail-extern', '--loweratomic', '--indvars', '--indvars', '--gvn', '--gvn', '--ipsccp', '--gvn', '--nary-reassociate', '--mem2reg', '--partially-inline-libcalls', '--jump-threading', '--correlated-propagation', '--mem2reg', '--memcpyopt', '--globalopt', '--jump-threading', '--bdce', '--elim-avail-extern', '--instcombine', '--simplifycfg', '--sroa', '--lower-constant-intrinsics', '--adce', '--slsr', '--gvn-hoist', '--adce', '--loop-simplify', '--adce', '--loop-simplify', '--dse', '--scalarizer', '--simplifycfg', '--lower-expect', '--gvn-hoist', '--simplifycfg', '--lower-expect', '--simplifycfg', '--elim-avail-extern', '--lower-constant-intrinsics', '--ipsccp', '--gvn', '--nary-reassociate', '--gvn', '--early-cse', '--loop-guard-widening', '--jump-threading', '--globalopt', '--slp-vectorizer', '--instcombine', '--slp-vectorizer', '--instcombine', '--simplifycfg', '--sroa', '--early-cse', '--lower-expect', '--aggressive-instcombine']",77,-3.5574286695729693,0.0,-0.7759139535391936,0.0,1,-3.5574286695729693,-0.7759139535391936,0.5620873773639496,-67.00507614213198,12.107873220656332,11.76470588235294,34
2522,"['--ipsccp', '--speculative-execution', '--sccp', '--lower-constant-intrinsics', '--early-cse', '--mem2reg', '--jump-threading', '--globalopt', '--elim-avail-extern', '--instcombine', '--loop-instsimplify', '--gvn', '--simplifycfg', '--instsimplify', '--inline', '--mergefunc', '--gvn-hoist', '--instcombine', '--globalopt', '--dse', '--loweratomic', '--indvars', '--indvars', '--indvars', '--gvn', '--gvn', '--ipsccp', '--gvn', '--nary-reassociate', '--adce', '--early-cse', '--mem2reg', '--jump-threading', '--globalopt', '--elim-avail-extern', '--instcombine', '--simplifycfg', '--sroa', '--mem2reg', '--globaldce', '--gvn-hoist', '--sccp', '--early-cse', '--lower-constant-intrinsics', '--adce', '--slsr', '--gvn-hoist', '--adce', '--gvn-hoist', '--adce', '--loop-simplify', '--dse', '--scalarizer', '--simplifycfg', '--lower-expect', '--simplifycfg', '--elim-avail-extern', '--lower-constant-intrinsics', '--ipsccp', '--nary-reassociate', '--gvn', '--early-cse', '--loop-guard-widening', '--jump-threading', '--globalopt', '--slp-vectorizer', '--instcombine', '--slp-vectorizer', '--instcombine', '--simplifycfg', '--sroa', '--early-cse', '--lower-expect', '--sroa', '--lower-expect', '--aggressive-instcombine']",76,-3.5574286695729693,0.0,-0.7759139535391936,0.0,1,-3.5574286695729693,-0.7759139535391936,0.5620873773639496,-67.00507614213198,12.107873220656332,11.76470588235294,34
2312,"['--ipsccp', '--speculative-execution', '--sccp', '--early-cse', '--mem2reg', '--jump-threading', '--globalopt', '--elim-avail-extern', '--instcombine', '--adce', '--jump-threading', '--gvn', '--simplifycfg', '--instsimplify', '--inline', '--mergefunc', '--gvn-hoist', '--gvn-hoist', '--instcombine', '--globalopt', '--elim-avail-extern', '--loweratomic', '--indvars', '--indvars', '--gvn', '--gvn', '--reassociate', '--gvn', '--nary-reassociate', '--adce', '--loop-instsimplify', '--early-cse', '--mem2reg', '--memcpyopt', '--globalopt', '--instsimplify', '--jump-threading', '--bdce', '--elim-avail-extern', '--instcombine', '--simplifycfg', '--sroa', '--lower-constant-intrinsics', '--adce', '--slsr', '--gvn-hoist', '--adce', '--loop-simplify', '--adce', '--loop-simplify', '--dse', '--adce', '--loop-simplify', '--loop-deletion', '--ipsccp', '--dse', '--scalarizer', '--simplifycfg', '--lower-expect', '--simplifycfg', '--elim-avail-extern', '--lower-constant-intrinsics', '--ipsccp', '--nary-reassociate', '--gvn', '--jump-threading', '--jump-threading', '--globalopt', '--slp-vectorizer', '--instcombine', '--simplifycfg', '--early-cse', '--sroa', '--sroa', '--instcombine', '--aggressive-instcombine']",76,-3.5574286695729693,0.0,-0.7759139535391936,0.0,1,-3.5574286695729693,-0.7759139535391936,0.5620873773639496,-67.00507614213198,12.107873220656332,11.76470588235294,34
2292,"['--ipsccp', '--speculative-execution', '--sccp', '--lower-constant-intrinsics', '--early-cse', '--mem2reg', '--jump-threading', '--globalopt', '--elim-avail-extern', '--instcombine', '--loop-instsimplify', '--jump-threading', '--gvn', '--simplifycfg', '--instsimplify', '--inline', '--mergefunc', '--gvn-hoist', '--instcombine', '--globalopt', '--elim-avail-extern', '--loweratomic', '--indvars', '--indvars', '--gvn', '--gvn', '--ipsccp', '--gvn', '--nary-reassociate', '--adce', '--early-cse', '--mem2reg', '--jump-threading', '--globalopt', '--elim-avail-extern', '--instcombine', '--simplifycfg', '--sroa', '--mem2reg', '--globaldce', '--gvn-hoist', '--sccp', '--early-cse', '--lower-constant-intrinsics', '--aggressive-instcombine', '--slsr', '--nary-reassociate', '--adce', '--loop-simplify', '--dse', '--scalarizer', '--adce', '--loop-simplify', '--dse', '--scalarizer', '--simplifycfg', '--mergereturn', '--lower-expect', '--elim-avail-extern', '--lower-constant-intrinsics', '--ipsccp', '--gvn-hoist', '--gvn', '--jump-threading', '--globalopt', '--slp-vectorizer', '--instcombine', '--slp-vectorizer', '--instcombine', '--simplifycfg', '--sroa', '--early-cse', '--early-cse', '--lower-expect', '--adce']",75,-3.5574286695729693,0.0,-0.7759139535391936,0.0,1,-3.5574286695729693,-0.7759139535391936,0.5620873773639496,-67.00507614213198,12.107873220656332,11.76470588235294,34
2293,"['--ipsccp', '--speculative-execution', '--sccp', '--lower-constant-intrinsics', '--early-cse', '--speculative-execution', '--mem2reg', '--jump-threading', '--globalopt', '--elim-avail-extern', '--instcombine', '--loop-instsimplify', '--jump-threading', '--gvn', '--simplifycfg', '--instsimplify', '--inline', '--mergefunc', '--gvn-hoist', '--instcombine', '--globalopt', '--elim-avail-extern', '--loweratomic', '--indvars', '--indvars', '--gvn', '--gvn', '--ipsccp', '--gvn', '--nary-reassociate', '--mem2reg', '--jump-threading', '--correlated-propagation', '--mem2reg', '--memcpyopt', '--globalopt', '--jump-threading', '--bdce', '--elim-avail-extern', '--instcombine', '--simplifycfg', '--sroa', '--lower-constant-intrinsics', '--adce', '--slsr', '--gvn-hoist', '--adce', '--loop-simplify', '--adce', '--loop-simplify', '--dse', '--scalarizer', '--scalarizer', '--simplifycfg', '--lower-expect', '--simplifycfg', '--elim-avail-extern', '--lower-constant-intrinsics', '--lower-constant-intrinsics', '--ipsccp', '--nary-reassociate', '--adce', '--early-cse', '--loop-guard-widening', '--jump-threading', '--slp-vectorizer', '--instcombine', '--slp-vectorizer', '--instcombine', '--simplifycfg', '--sroa', '--early-cse', '--lower-expect', '--sroa', '--lower-expect', '--aggressive-instcombine']",76,-3.5574286695729693,0.0,-0.7759139535391936,0.0,1,-3.5574286695729693,-0.7759139535391936,0.5620873773639496,-67.00507614213198,12.107873220656332,11.76470588235294,34
2294,"['--ipsccp', '--speculative-execution', '--sccp', '--lower-constant-intrinsics', '--early-cse', '--mem2reg', '--jump-threading', '--globalopt', '--elim-avail-extern', '--instcombine', '--loop-instsimplify', '--jump-threading', '--gvn', '--simplifycfg', '--loop-versioning-licm', '--instsimplify', '--inline', '--mergefunc', '--gvn-hoist', '--instcombine', '--globalopt', '--elim-avail-extern', '--loweratomic', '--indvars', '--indvars', '--gvn', '--gvn', '--ipsccp', '--gvn', '--nary-reassociate', '--mem2reg', '--jump-threading', '--correlated-propagation', '--mem2reg', '--memcpyopt', '--globalopt', '--jump-threading', '--bdce', '--elim-avail-extern', '--instcombine', '--simplifycfg', '--sroa', '--lower-constant-intrinsics', '--adce', '--slsr', '--gvn-hoist', '--adce', '--dse', '--adce', '--loop-simplify', '--loop-simplify', '--scalarizer', '--scalarizer', '--simplifycfg', '--lower-expect', '--simplifycfg', '--elim-avail-extern', '--lower-constant-intrinsics', '--lower-constant-intrinsics', '--ipsccp', '--nary-reassociate', '--adce', '--early-cse', '--loop-guard-widening', '--jump-threading', '--slp-vectorizer', '--instcombine', '--slp-vectorizer', '--instcombine', '--simplifycfg', '--sroa', '--early-cse', '--lower-expect', '--sroa', '--lower-expect', '--aggressive-instcombine']",76,-3.5574286695729693,0.0,-0.7759139535391936,0.0,1,-3.5574286695729693,-0.7759139535391936,0.5620873773639496,-67.00507614213198,12.107873220656332,11.76470588235294,34
2295,"['--ipsccp', '--speculative-execution', '--sccp', '--lower-constant-intrinsics', '--early-cse', '--mem2reg', '--jump-threading', '--globalopt', '--elim-avail-extern', '--instcombine', '--loop-instsimplify', '--jump-threading', '--gvn', '--simplifycfg', '--loop-versioning-licm', '--instsimplify', '--inline', '--mergefunc', '--gvn-hoist', '--instcombine', '--globalopt', '--elim-avail-extern', '--loweratomic', '--indvars', '--indvars', '--gvn', '--gvn', '--ipsccp', '--gvn', '--nary-reassociate', '--early-cse', '--mem2reg', '--jump-threading', '--globalopt', '--elim-avail-extern', '--instcombine', '--simplifycfg', '--sroa', '--mem2reg', '--globaldce', '--gvn-hoist', '--sccp', '--early-cse', '--lower-constant-intrinsics', '--adce', '--slsr', '--nary-reassociate', '--adce', '--loop-simplify', '--dse', '--scalarizer', '--adce', '--loop-simplify', '--dse', '--scalarizer', '--simplifycfg', '--mergereturn', '--lower-expect', '--elim-avail-extern', '--lower-constant-intrinsics', '--ipsccp', '--gvn-hoist', '--gvn', '--jump-threading', '--globalopt', '--slp-vectorizer', '--instcombine', '--slp-vectorizer', '--instcombine', '--simplifycfg', '--sroa', '--early-cse', '--early-cse', '--lower-expect', '--aggressive-instcombine']",75,-3.5574286695729693,0.0,-0.7759139535391936,0.0,1,-3.5574286695729693,-0.7759139535391936,0.5620873773639496,-67.00507614213198,12.107873220656332,11.76470588235294,34
2301,"['--ipsccp', '--speculative-execution', '--sccp', '--early-cse', '--mem2reg', '--jump-threading', '--globalopt', '--elim-avail-extern', '--instcombine', '--adce', '--jump-threading', '--gvn', '--simplifycfg', '--instsimplify', '--inline', '--mergefunc', '--gvn-hoist', '--gvn-hoist', '--instcombine', '--globalopt', '--elim-avail-extern', '--loweratomic', '--indvars', '--indvars', '--gvn', '--gvn', '--ipsccp', '--gvn', '--nary-reassociate', '--adce', '--strip', '--mem2reg', '--jump-threading', '--globalopt', '--elim-avail-extern', '--instcombine', '--simplifycfg', '--sroa', '--mem2reg', '--globaldce', '--gvn-hoist', '--sccp', '--early-cse', '--lower-constant-intrinsics', '--adce', '--slsr', '--gvn-hoist', '--adce', '--loop-simplify', '--dse', '--scalarizer', '--adce', '--loop-simplify', '--dse', '--scalarizer', '--simplifycfg', '--loop-deletion', '--mergereturn', '--lower-expect', '--elim-avail-extern', '--lower-constant-intrinsics', '--ipsccp', '--nary-reassociate', '--gvn', '--jump-threading', '--globalopt', '--slp-vectorizer', '--instcombine', '--slp-vectorizer', '--instcombine', '--simplifycfg', '--sroa', '--early-cse', '--early-cse', '--lower-expect', '--aggressive-instcombine']",76,-3.5574286695729693,0.0,-0.7759139535391936,0.0,1,-3.5574286695729693,-0.7759139535391936,0.5620873773639496,-67.00507614213198,12.107873220656332,11.76470588235294,34
2302,"['--ipsccp', '--speculative-execution', '--sccp', '--early-cse', '--mem2reg', '--jump-threading', '--globalopt', '--elim-avail-extern', '--instcombine', '--loop-instsimplify', '--jump-threading', '--gvn', '--simplifycfg', '--instsimplify', '--inline', '--inline', '--mergefunc', '--gvn-hoist', '--instcombine', '--globalopt', '--elim-avail-extern', '--loweratomic', '--indvars', '--indvars', '--gvn', '--gvn', '--ipsccp', '--gvn', '--nary-reassociate', '--mem2reg', '--partially-inline-libcalls', '--jump-threading', '--correlated-propagation', '--mem2reg', '--memcpyopt', '--globalopt', '--jump-threading', '--bdce', '--elim-avail-extern', '--instcombine', '--simplifycfg', '--sroa', '--lower-constant-intrinsics', '--adce', '--slsr', '--gvn-hoist', '--adce', '--loop-simplify', '--adce', '--loop-simplify', '--dse', '--scalarizer', '--simplifycfg', '--lower-expect', '--simplifycfg', '--elim-avail-extern', '--lower-constant-intrinsics', '--ipsccp', '--gvn', '--nary-reassociate', '--gvn', '--early-cse', '--mem2reg', '--jump-threading', '--globalopt', '--slp-vectorizer', '--instcombine', '--simplifycfg', '--sroa', '--early-cse', '--lower-expect', '--sroa', '--sroa', '--lower-expect', '--aggressive-instcombine']",75,-3.5574286695729693,0.0,-0.7759139535391936,0.0,1,-3.5574286695729693,-0.7759139535391936,0.5620873773639496,-67.00507614213198,12.107873220656332,11.76470588235294,34
2308,"['--ipsccp', '--speculative-execution', '--sccp', '--early-cse', '--mem2reg', '--sroa', '--globalopt', '--elim-avail-extern', '--instcombine', '--loop-instsimplify', '--jump-threading', '--gvn', '--simplifycfg', '--instsimplify', '--inline', '--mergefunc', '--gvn-hoist', '--mergefunc', '--gvn-hoist', '--globalopt', '--elim-avail-extern', '--loweratomic', '--indvars', '--indvars', '--gvn', '--gvn', '--ipsccp', '--gvn', '--nary-reassociate', '--adce', '--early-cse', '--mem2reg', '--jump-threading', '--simplifycfg', '--elim-avail-extern', '--instcombine', '--globalopt', '--sroa', '--mem2reg', '--globaldce', '--gvn-hoist', '--sccp', '--early-cse', '--lower-constant-intrinsics', '--lower-constant-intrinsics', '--slsr', '--gvn-hoist', '--adce', '--loop-simplify', '--dse', '--scalarizer', '--adce', '--loop-simplify', '--dse', '--scalarizer', '--simplifycfg', '--mergereturn', '--lower-expect', '--elim-avail-extern', '--lower-constant-intrinsics', '--ipsccp', '--nary-reassociate', '--gvn', '--jump-threading', '--globalopt', '--slp-vectorizer', '--instcombine', '--slp-vectorizer', '--instcombine', '--simplifycfg', '--sroa', '--early-cse', '--lower-expect', '--sroa', '--sroa', '--aggressive-instcombine']",76,-3.5574286695729693,0.0,-0.7759139535391936,0.0,1,-3.5574286695729693,-0.7759139535391936,0.5620873773639496,-67.00507614213198,12.107873220656332,11.76470588235294,34
2311,"['--ipsccp', '--speculative-execution', '--slsr', '--early-cse', '--mem2reg', '--jump-threading', '--globalopt', '--elim-avail-extern', '--instcombine', '--adce', '--jump-threading', '--gvn', '--simplifycfg', '--instsimplify', '--inline', '--mergefunc', '--loop-versioning-licm', '--gvn-hoist', '--instcombine', '--globalopt', '--elim-avail-extern', '--loweratomic', '--indvars', '--indvars', '--gvn', '--gvn', '--ipsccp', '--gvn', '--nary-reassociate', '--adce', '--early-cse', '--mem2reg', '--jump-threading', '--globalopt', '--elim-avail-extern', '--instcombine', '--simplifycfg', '--sroa', '--mem2reg', '--globaldce', '--gvn-hoist', '--sccp', '--early-cse', '--lower-constant-intrinsics', '--adce', '--slsr', '--gvn-hoist', '--adce', '--loop-simplify', '--dse', '--scalarizer', '--simplifycfg', '--lower-expect', '--simplifycfg', '--elim-avail-extern', '--lower-constant-intrinsics', '--ipsccp', '--gvn', '--nary-reassociate', '--gvn', '--early-cse', '--mem2reg', '--jump-threading', '--globalopt', '--slp-vectorizer', '--instcombine', '--simplifycfg', '--sroa', '--early-cse', '--lower-expect', '--sroa', '--sroa', '--lower-expect', '--aggressive-instcombine']",74,-3.5574286695729693,0.0,-0.7759139535391936,0.0,1,-3.5574286695729693,-0.7759139535391936,0.5620873773639496,-67.00507614213198,12.107873220656332,11.76470588235294,34
2313,"['--ipsccp', '--speculative-execution', '--sccp', '--lower-constant-intrinsics', '--early-cse', '--mem2reg', '--jump-threading', '--globalopt', '--elim-avail-extern', '--instcombine', '--loop-instsimplify', '--jump-threading', '--gvn', '--simplifycfg', '--instsimplify', '--inline', '--mergefunc', '--gvn-hoist', '--instcombine', '--globalopt', '--elim-avail-extern', '--loweratomic', '--indvars', '--indvars', '--gvn', '--gvn', '--ipsccp', '--gvn', '--nary-reassociate', '--adce', '--early-cse', '--mem2reg', '--jump-threading', '--globalopt', '--instcombine', '--simplifycfg', '--sroa', '--mem2reg', '--globaldce', '--mem2reg', '--globaldce', '--gvn-hoist', '--sccp', '--early-cse', '--lower-constant-intrinsics', '--adce', '--slsr', '--gvn-hoist', '--adce', '--loop-simplify', '--dse', '--scalarizer', '--simplifycfg', '--lower-expect', '--ipsccp', '--elim-avail-extern', '--lower-constant-intrinsics', '--ipsccp', '--gvn', '--gvn', '--gvn', '--early-cse', '--mem2reg', '--jump-threading', '--correlated-propagation', '--slp-vectorizer', '--instcombine', '--simplifycfg', '--early-cse-memssa', '--sroa', '--early-cse', '--lower-expect', '--sroa', '--sroa', '--lower-expect', '--aggressive-instcombine']",76,-3.5574286695729693,0.0,-0.7759139535391936,0.0,1,-3.5574286695729693,-0.7759139535391936,0.5620873773639496,-67.00507614213198,12.107873220656332,11.76470588235294,34
2278,"['--ipsccp', '--speculative-execution', '--sccp', '--early-cse', '--mem2reg', '--jump-threading', '--globalopt', '--elim-avail-extern', '--instcombine', '--loop-instsimplify', '--jump-threading', '--gvn', '--simplifycfg', '--hotcoldsplit', '--inline', '--mergefunc', '--gvn-hoist', '--gvn-hoist', '--instcombine', '--globalopt', '--elim-avail-extern', '--loweratomic', '--indvars', '--indvars', '--gvn', '--gvn', '--ipsccp', '--gvn', '--nary-reassociate', '--adce', '--early-cse', '--mem2reg', '--jump-threading', '--globalopt', '--elim-avail-extern', '--instcombine', '--simplifycfg', '--sroa', '--mem2reg', '--globaldce', '--gvn-hoist', '--sccp', '--early-cse', '--lower-constant-intrinsics', '--adce', '--slsr', '--gvn-hoist', '--adce', '--loop-simplify', '--dse', '--scalarizer', '--adce', '--loop-simplify', '--dse', '--scalarizer', '--simplifycfg', '--mergereturn', '--lower-expect', '--elim-avail-extern', '--lower-constant-intrinsics', '--ipsccp', '--nary-reassociate', '--gvn', '--jump-threading', '--globalopt', '--slp-vectorizer', '--instcombine', '--slp-vectorizer', '--instcombine', '--simplifycfg', '--sroa', '--early-cse', '--early-cse', '--lower-expect', '--aggressive-instcombine']",75,-3.5574286695729693,0.0,-0.7759139535391936,0.0,1,-3.5574286695729693,-0.7759139535391936,0.5620873773639496,-67.00507614213198,12.107873220656332,11.76470588235294,34
2314,"['--ipsccp', '--speculative-execution', '--sccp', '--lower-constant-intrinsics', '--early-cse', '--mem2reg', '--instsimplify', '--jump-threading', '--globalopt', '--elim-avail-extern', '--instcombine', '--loop-instsimplify', '--jump-threading', '--gvn', '--simplifycfg', '--instsimplify', '--inline', '--mergefunc', '--gvn-hoist', '--instcombine', '--globalopt', '--elim-avail-extern', '--loweratomic', '--indvars', '--indvars', '--gvn', '--gvn', '--ipsccp', '--gvn', '--nary-reassociate', '--adce', '--early-cse', '--mem2reg', '--jump-threading', '--globalopt', '--elim-avail-extern', '--instcombine', '--simplifycfg', '--sroa', '--mem2reg', '--globaldce', '--gvn-hoist', '--sccp', '--early-cse', '--lower-constant-intrinsics', '--adce', '--slsr', '--gvn-hoist', '--adce', '--loop-simplify', '--dse', '--scalarizer', '--adce', '--loop-simplify', '--dse', '--scalarizer', '--simplifycfg', '--mergereturn', '--lower-expect', '--elim-avail-extern', '--lower-constant-intrinsics', '--nary-reassociate', '--gvn', '--jump-threading', '--globalopt', '--slp-vectorizer', '--instcombine', '--slp-vectorizer', '--instcombine', '--simplifycfg', '--sroa', '--early-cse', '--early-cse', '--lower-expect', '--aggressive-instcombine']",75,-3.5574286695729693,0.0,-0.7759139535391936,0.0,1,-3.5574286695729693,-0.7759139535391936,0.5620873773639496,-67.00507614213198,12.107873220656332,11.76470588235294,34
2318,"['--ipsccp', '--speculative-execution', '--sccp', '--early-cse', '--mem2reg', '--jump-threading', '--globalopt', '--elim-avail-extern', '--instcombine', '--loop-instsimplify', '--jump-threading', '--gvn', '--simplifycfg', '--hotcoldsplit', '--inline', '--mergefunc', '--mergefunc', '--gvn-hoist', '--instcombine', '--globalopt', '--elim-avail-extern', '--loweratomic', '--indvars', '--indvars', '--gvn', '--gvn', '--ipsccp', '--gvn', '--nary-reassociate', '--adce', '--early-cse', '--mem2reg', '--jump-threading', '--globalopt', '--elim-avail-extern', '--instcombine', '--simplifycfg', '--sroa', '--mem2reg', '--globaldce', '--gvn-hoist', '--sccp', '--early-cse', '--loop-guard-widening', '--adce', '--slsr', '--nary-reassociate', '--adce', '--loop-simplify', '--dse', '--scalarizer', '--adce', '--loop-simplify', '--dse', '--scalarizer', '--simplifycfg', '--mergereturn', '--lower-expect', '--elim-avail-extern', '--lower-constant-intrinsics', '--ipsccp', '--gvn-hoist', '--gvn', '--jump-threading', '--globalopt', '--slp-vectorizer', '--instcombine', '--slp-vectorizer', '--instcombine', '--simplifycfg', '--sroa', '--early-cse', '--early-cse', '--lower-expect', '--aggressive-instcombine']",75,-3.5574286695729693,0.0,-0.7759139535391936,0.0,1,-3.5574286695729693,-0.7759139535391936,0.5620873773639496,-67.00507614213198,12.107873220656332,11.76470588235294,34
2319,"['--ipsccp', '--speculative-execution', '--sccp', '--lower-constant-intrinsics', '--early-cse', '--mem2reg', '--jump-threading', '--globalopt', '--elim-avail-extern', '--instcombine', '--loop-instsimplify', '--jump-threading', '--gvn', '--simplifycfg', '--instsimplify', '--inline', '--mergefunc', '--gvn-hoist', '--instcombine', '--globalopt', '--elim-avail-extern', '--loweratomic', '--indvars', '--indvars', '--gvn', '--gvn', '--ipsccp', '--gvn', '--nary-reassociate', '--adce', '--early-cse', '--mem2reg', '--jump-threading', '--globalopt', '--elim-avail-extern', '--instcombine', '--simplifycfg', '--sroa', '--mem2reg', '--globaldce', '--gvn-hoist', '--sccp', '--early-cse', '--lower-constant-intrinsics', '--adce', '--slsr', '--gvn-hoist', '--adce', '--loop-simplify', '--loop-simplify', '--dse', '--scalarizer', '--simplifycfg', '--elim-avail-extern', '--nary-reassociate', '--elim-avail-extern', '--lower-constant-intrinsics', '--ipsccp', '--loop-simplify', '--nary-reassociate', '--gvn', '--early-cse', '--lower-constant-intrinsics', '--jump-threading', '--globalopt', '--slp-vectorizer', '--instcombine', '--simplifycfg', '--nary-reassociate', '--sroa', '--early-cse', '--lower-expect', '--sroa', '--lower-expect', '--simplifycfg', '--aggressive-instcombine', '--dce']",77,-3.5574286695729693,0.0,-0.7759139535391936,0.0,1,-3.5574286695729693,-0.7759139535391936,0.5620873773639496,-67.00507614213198,12.107873220656332,11.76470588235294,34
2320,"['--ipsccp', '--speculative-execution', '--sccp', '--lower-constant-intrinsics', '--early-cse', '--mem2reg', '--jump-threading', '--globalopt', '--elim-avail-extern', '--instcombine', '--loop-instsimplify', '--jump-threading', '--gvn', '--simplifycfg', '--instsimplify', '--inline', '--mergefunc', '--gvn-hoist', '--instcombine', '--globalopt', '--elim-avail-extern', '--loweratomic', '--indvars', '--indvars', '--gvn', '--gvn', '--ipsccp', '--gvn', '--nary-reassociate', '--adce', '--early-cse', '--mem2reg', '--jump-threading', '--globalopt', '--elim-avail-extern', '--instcombine', '--simplifycfg', '--sroa', '--mem2reg', '--globaldce', '--gvn-hoist', '--sccp', '--early-cse', '--lower-constant-intrinsics', '--adce', '--slsr', '--gvn-hoist', '--adce', '--loop-simplify', '--dse', '--scalarizer', '--adce', '--loop-simplify', '--dse', '--scalarizer', '--simplifycfg', '--mergereturn', '--lower-expect', '--elim-avail-extern', '--lower-constant-intrinsics', '--ipsccp', '--nary-reassociate', '--gvn', '--loop-interchange', '--globalopt', '--slp-vectorizer', '--instcombine', '--slp-vectorizer', '--instcombine', '--simplifycfg', '--sroa', '--early-cse', '--early-cse', '--lower-expect', '--aggressive-instcombine']",75,-3.5574286695729693,0.0,-0.7759139535391936,0.0,1,-3.5574286695729693,-0.7759139535391936,0.5620873773639496,-67.00507614213198,12.107873220656332,11.76470588235294,34
2321,"['--ipsccp', '--speculative-execution', '--sccp', '--lower-constant-intrinsics', '--early-cse', '--mem2reg', '--jump-threading', '--globalopt', '--elim-avail-extern', '--instcombine', '--loop-instsimplify', '--jump-threading', '--gvn', '--simplifycfg', '--instsimplify', '--inline', '--mergefunc', '--gvn-hoist', '--instcombine', '--globalopt', '--elim-avail-extern', '--loweratomic', '--indvars', '--indvars', '--gvn', '--gvn', '--ipsccp', '--gvn', '--nary-reassociate', '--adce', '--early-cse', '--mem2reg', '--jump-threading', '--globalopt', '--elim-avail-extern', '--instcombine', '--sroa', '--simplifycfg', '--sroa', '--mem2reg', '--globaldce', '--simplifycfg', '--sccp', '--early-cse', '--lower-constant-intrinsics', '--adce', '--slsr', '--gvn-hoist', '--adce', '--loop-simplify', '--dse', '--scalarizer', '--simplifycfg', '--lower-expect', '--gvn-hoist', '--simplifycfg', '--lower-expect', '--simplifycfg', '--elim-avail-extern', '--lower-constant-intrinsics', '--ipsccp', '--gvn', '--nary-reassociate', '--gvn', '--early-cse', '--loop-guard-widening', '--jump-threading', '--globalopt', '--slp-vectorizer', '--instcombine', '--slp-vectorizer', '--instcombine', '--simplifycfg', '--sroa', '--early-cse', '--lower-expect', '--aggressive-instcombine']",77,-3.5574286695729693,0.0,-0.7759139535391936,0.0,1,-3.5574286695729693,-0.7759139535391936,0.5620873773639496,-67.00507614213198,12.107873220656332,11.76470588235294,34
2322,"['--ipsccp', '--speculative-execution', '--sccp', '--lower-constant-intrinsics', '--early-cse', '--mem2reg', '--jump-threading', '--globalopt', '--elim-avail-extern', '--instcombine', '--loop-instsimplify', '--jump-threading', '--gvn', '--simplifycfg', '--instsimplify', '--inline', '--mergefunc', '--gvn-hoist', '--instcombine', '--globalopt', '--elim-avail-extern', '--loweratomic', '--indvars', '--indvars', '--gvn', '--gvn', '--ipsccp', '--gvn', '--nary-reassociate', '--adce', '--early-cse', '--mem2reg', '--jump-threading', '--globalopt', '--elim-avail-extern', '--instcombine', '--simplifycfg', '--sroa', '--mem2reg', '--globaldce', '--gvn-hoist', '--sccp', '--early-cse', '--lower-constant-intrinsics', '--adce', '--slsr', '--gvn-hoist', '--adce', '--loop-simplify', '--dse', '--scalarizer', '--adce', '--loop-simplify', '--dse', '--nary-reassociate', '--scalarizer', '--simplifycfg', '--mergereturn', '--lower-expect', '--elim-avail-extern', '--lower-constant-intrinsics', '--nary-reassociate', '--gvn', '--jump-threading', '--globalopt', '--slp-vectorizer', '--slp-vectorizer', '--instcombine', '--slp-vectorizer', '--instcombine', '--simplifycfg', '--sroa', '--early-cse', '--lower-expect', '--sroa', '--sroa', '--aggressive-instcombine']",77,-3.5574286695729693,0.0,-0.7759139535391936,0.0,1,-3.5574286695729693,-0.7759139535391936,0.5620873773639496,-67.00507614213198,12.107873220656332,11.76470588235294,34
2323,"['--ipsccp', '--speculative-execution', '--sccp', '--lower-constant-intrinsics', '--early-cse', '--mem2reg', '--jump-threading', '--globalopt', '--elim-avail-extern', '--instcombine', '--loop-instsimplify', '--gvn', '--simplifycfg', '--instsimplify', '--inline', '--mergefunc', '--gvn-hoist', '--instcombine', '--globalopt', '--elim-avail-extern', '--loweratomic', '--indvars', '--indvars', '--gvn', '--gvn', '--ipsccp', '--gvn', '--nary-reassociate', '--adce', '--early-cse', '--mem2reg', '--jump-threading', '--globalopt', '--elim-avail-extern', '--instcombine', '--simplifycfg', '--sroa', '--mem2reg', '--globaldce', '--simplifycfg', '--sccp', '--early-cse', '--lower-constant-intrinsics', '--adce', '--slsr', '--gvn-hoist', '--adce', '--loop-simplify', '--dse', '--scalarizer', '--simplifycfg', '--lower-expect', '--gvn-hoist', '--simplifycfg', '--lower-expect', '--simplifycfg', '--elim-avail-extern', '--lower-constant-intrinsics', '--ipsccp', '--gvn', '--nary-reassociate', '--gvn', '--early-cse', '--loop-guard-widening', '--jump-threading', '--globalopt', '--slp-vectorizer', '--instcombine', '--slp-vectorizer', '--instcombine', '--simplifycfg', '--sroa', '--early-cse', '--lower-expect', '--aggressive-instcombine']",75,-3.5574286695729693,0.0,-0.7759139535391936,0.0,1,-3.5574286695729693,-0.7759139535391936,0.5620873773639496,-67.00507614213198,12.107873220656332,11.76470588235294,34
2324,"['--ipsccp', '--speculative-execution', '--sccp', '--early-cse', '--mem2reg', '--jump-threading', '--globalopt', '--elim-avail-extern', '--instcombine', '--loop-instsimplify', '--jump-threading', '--gvn', '--simplifycfg', '--instsimplify', '--inline', '--inline', '--mergefunc', '--gvn-hoist', '--instcombine', '--globalopt', '--elim-avail-extern', '--loweratomic', '--indvars', '--indvars', '--gvn', '--gvn', '--ipsccp', '--gvn', '--nary-reassociate', '--mem2reg', '--jump-threading', '--correlated-propagation', '--mem2reg', '--memcpyopt', '--globalopt', '--jump-threading', '--bdce', '--elim-avail-extern', '--instcombine', '--simplifycfg', '--sroa', '--lower-constant-intrinsics', '--adce', '--slsr', '--gvn-hoist', '--adce', '--loop-simplify', '--adce', '--loop-simplify', '--dse', '--scalarizer', '--dce', '--simplifycfg', '--lower-expect', '--simplifycfg', '--elim-avail-extern', '--lower-constant-intrinsics', '--lower-constant-intrinsics', '--ipsccp', '--nary-reassociate', '--adce', '--early-cse', '--loop-guard-widening', '--jump-threading', '--slp-vectorizer', '--instcombine', '--slp-vectorizer', '--instcombine', '--instcombine', '--simplifycfg', '--sroa', '--early-cse', '--lower-expect', '--sroa', '--sroa', '--aggressive-instcombine']",76,-3.5574286695729693,0.0,-0.7759139535391936,0.0,1,-3.5574286695729693,-0.7759139535391936,0.5620873773639496,-67.00507614213198,12.107873220656332,11.76470588235294,34
2280,"['--ipsccp', '--speculative-execution', '--sccp', '--lower-constant-intrinsics', '--early-cse', '--mem2reg', '--jump-threading', '--globalopt', '--elim-avail-extern', '--instcombine', '--loop-instsimplify', '--jump-threading', '--gvn', '--simplifycfg', '--instsimplify', '--inline', '--mergefunc', '--gvn-hoist', '--instcombine', '--globalopt', '--elim-avail-extern', '--loweratomic', '--indvars', '--indvars', '--gvn', '--gvn', '--ipsccp', '--gvn', '--nary-reassociate', '--adce', '--early-cse', '--mem2reg', '--jump-threading', '--globalopt', '--elim-avail-extern', '--instcombine', '--simplifycfg', '--sroa', '--mem2reg', '--globaldce', '--gvn-hoist', '--sccp', '--early-cse', '--lower-constant-intrinsics', '--adce', '--slsr', '--nary-reassociate', '--adce', '--loop-simplify', '--dse', '--scalarizer', '--adce', '--loop-simplify', '--dse', '--scalarizer', '--simplifycfg', '--mergereturn', '--lower-expect', '--elim-avail-extern', '--lower-constant-intrinsics', '--ipsccp', '--gvn-hoist', '--gvn', '--jump-threading', '--globalopt', '--slp-vectorizer', '--instcombine', '--slp-vectorizer', '--instcombine', '--simplifycfg', '--sroa', '--early-cse', '--early-cse', '--lower-expect', '--aggressive-instcombine']",75,-3.5574286695729693,0.0,-0.7759139535391936,0.0,1,-3.5574286695729693,-0.7759139535391936,0.5620873773639496,-67.00507614213198,12.107873220656332,11.76470588235294,34
2276,"['--ipsccp', '--speculative-execution', '--sccp', '--early-cse', '--mem2reg', '--jump-threading', '--elim-avail-extern', '--instcombine', '--adce', '--loop-interchange', '--aggressive-instcombine', '--jump-threading', '--gvn', '--simplifycfg', '--instsimplify', '--inline', '--mergefunc', '--gvn-hoist', '--instcombine', '--globalopt', '--elim-avail-extern', '--loweratomic', '--indvars', '--indvars', '--gvn', '--gvn', '--ipsccp', '--gvn', '--nary-reassociate', '--adce', '--early-cse', '--mem2reg', '--jump-threading', '--globalopt', '--elim-avail-extern', '--instcombine', '--simplifycfg', '--sroa', '--mem2reg', '--globaldce', '--gvn-hoist', '--sccp', '--early-cse', '--lower-constant-intrinsics', '--lower-constant-intrinsics', '--slsr', '--gvn-hoist', '--adce', '--loop-simplify', '--dse', '--scalarizer', '--adce', '--loop-simplify', '--dse', '--scalarizer', '--simplifycfg', '--mergereturn', '--lower-expect', '--elim-avail-extern', '--lower-constant-intrinsics', '--ipsccp', '--nary-reassociate', '--gvn', '--jump-threading', '--globalopt', '--slp-vectorizer', '--instcombine', '--slp-vectorizer', '--instcombine', '--simplifycfg', '--sroa', '--early-cse', '--lower-expect', '--sroa', '--sroa', '--aggressive-instcombine']",76,-3.5574286695729693,0.0,-0.7759139535391936,0.0,1,-3.5574286695729693,-0.7759139535391936,0.5620873773639496,-67.00507614213198,12.107873220656332,11.76470588235294,34
2327,"['--ipsccp', '--speculative-execution', '--sccp', '--lower-constant-intrinsics', '--early-cse', '--mem2reg', '--jump-threading', '--globalopt', '--elim-avail-extern', '--instcombine', '--loop-instsimplify', '--jump-threading', '--gvn', '--simplifycfg', '--instsimplify', '--inline', '--mergefunc', '--gvn-hoist', '--instcombine', '--globalopt', '--elim-avail-extern', '--loweratomic', '--indvars', '--indvars', '--gvn', '--gvn', '--nary-reassociate', '--adce', '--early-cse', '--mem2reg', '--jump-threading', '--globalopt', '--elim-avail-extern', '--instcombine', '--simplifycfg', '--sroa', '--mem2reg', '--globaldce', '--mem2reg', '--globaldce', '--gvn-hoist', '--loop-simplify', '--sccp', '--early-cse', '--lower-constant-intrinsics', '--adce', '--slsr', '--gvn-hoist', '--adce', '--loop-simplify', '--dse', '--scalarizer', '--simplifycfg', '--lower-expect', '--ipsccp', '--elim-avail-extern', '--lower-constant-intrinsics', '--ipsccp', '--gvn', '--gvn', '--gvn', '--early-cse', '--mem2reg', '--jump-threading', '--correlated-propagation', '--slp-vectorizer', '--instcombine', '--simplifycfg', '--slp-vectorizer', '--instcombine', '--simplifycfg', '--sroa', '--early-cse', '--lower-expect', '--aggressive-instcombine']",75,-3.5574286695729693,0.0,-0.7759139535391936,0.0,1,-3.5574286695729693,-0.7759139535391936,0.5620873773639496,-67.00507614213198,12.107873220656332,11.76470588235294,34
2242,"['--ipsccp', '--speculative-execution', '--sccp', '--lower-constant-intrinsics', '--early-cse', '--mem2reg', '--jump-threading', '--globalopt', '--elim-avail-extern', '--instcombine', '--loop-instsimplify', '--jump-threading', '--gvn', '--simplifycfg', '--loop-versioning-licm', '--instsimplify', '--inline', '--mergefunc', '--gvn-hoist', '--instcombine', '--globalopt', '--elim-avail-extern', '--loweratomic', '--indvars', '--indvars', '--gvn', '--gvn', '--ipsccp', '--gvn', '--nary-reassociate', '--mem2reg', '--jump-threading', '--correlated-propagation', '--mem2reg', '--memcpyopt', '--globalopt', '--jump-threading', '--bdce', '--elim-avail-extern', '--instcombine', '--simplifycfg', '--sroa', '--lower-constant-intrinsics', '--adce', '--slsr', '--gvn-hoist', '--adce', '--loop-simplify', '--adce', '--loop-simplify', '--dse', '--scalarizer', '--scalarizer', '--simplifycfg', '--lower-expect', '--simplifycfg', '--elim-avail-extern', '--lower-constant-intrinsics', '--lower-constant-intrinsics', '--ipsccp', '--nary-reassociate', '--adce', '--early-cse', '--loop-guard-widening', '--jump-threading', '--slp-vectorizer', '--instcombine', '--slp-vectorizer', '--instcombine', '--simplifycfg', '--sroa', '--early-cse', '--lower-expect', '--sroa', '--lower-expect', '--aggressive-instcombine']",76,-3.5574286695729693,0.0,-0.7759139535391936,0.0,1,-3.5574286695729693,-0.7759139535391936,0.5620873773639496,-67.00507614213198,12.107873220656332,11.76470588235294,34
2147,"['--ipsccp', '--speculative-execution', '--sccp', '--lower-constant-intrinsics', '--early-cse', '--mem2reg', '--jump-threading', '--globalopt', '--elim-avail-extern', '--instcombine', '--loop-instsimplify', '--jump-threading', '--gvn', '--simplifycfg', '--instsimplify', '--inline', '--mergefunc', '--gvn-hoist', '--instcombine', '--globalopt', '--elim-avail-extern', '--loweratomic', '--indvars', '--indvars', '--gvn', '--gvn', '--ipsccp', '--gvn', '--nary-reassociate', '--adce', '--early-cse', '--mem2reg', '--jump-threading', '--globalopt', '--elim-avail-extern', '--instcombine', '--simplifycfg', '--sroa', '--mem2reg', '--globaldce', '--gvn-hoist', '--sccp', '--early-cse', '--lower-constant-intrinsics', '--adce', '--slsr', '--gvn-hoist', '--adce', '--loop-simplify', '--dse', '--scalarizer', '--adce', '--loop-simplify', '--dse', '--scalarizer', '--simplifycfg', '--mergereturn', '--lower-expect', '--elim-avail-extern', '--lower-constant-intrinsics', '--ipsccp', '--nary-reassociate', '--gvn', '--jump-threading', '--globalopt', '--slp-vectorizer', '--instcombine', '--slp-vectorizer', '--instcombine', '--simplifycfg', '--sroa', '--early-cse', '--lower-expect', '--sroa', '--sroa', '--aggressive-instcombine']",76,-3.5574286695729693,0.0,-0.7759139535391936,0.0,1,-3.5574286695729693,-0.7759139535391936,0.5620873773639496,-67.00507614213198,12.107873220656332,11.76470588235294,34
2189,"['--ipsccp', '--speculative-execution', '--sccp', '--lower-constant-intrinsics', '--early-cse', '--mem2reg', '--jump-threading', '--globalopt', '--elim-avail-extern', '--instcombine', '--loop-instsimplify', '--jump-threading', '--gvn', '--simplifycfg', '--instsimplify', '--inline', '--mergefunc', '--gvn-hoist', '--instcombine', '--globalopt', '--elim-avail-extern', '--loweratomic', '--indvars', '--indvars', '--gvn', '--gvn', '--ipsccp', '--gvn', '--nary-reassociate', '--mem2reg', '--jump-threading', '--correlated-propagation', '--mem2reg', '--memcpyopt', '--globalopt', '--jump-threading', '--bdce', '--elim-avail-extern', '--instcombine', '--simplifycfg', '--sroa', '--lower-constant-intrinsics', '--adce', '--slsr', '--gvn-hoist', '--adce', '--loop-simplify', '--adce', '--loop-simplify', '--dse', '--scalarizer', '--scalarizer', '--simplifycfg', '--lower-expect', '--simplifycfg', '--elim-avail-extern', '--lower-constant-intrinsics', '--lower-constant-intrinsics', '--ipsccp', '--nary-reassociate', '--adce', '--early-cse', '--loop-guard-widening', '--jump-threading', '--slp-vectorizer', '--instcombine', '--slp-vectorizer', '--instcombine', '--simplifycfg', '--sroa', '--early-cse', '--lower-expect', '--sroa', '--lower-expect', '--aggressive-instcombine']",75,-3.5574286695729693,0.0,-0.7759139535391936,0.0,1,-3.5574286695729693,-0.7759139535391936,0.5620873773639496,-67.00507614213198,12.107873220656332,11.76470588235294,34
2197,"['--ipsccp', '--speculative-execution', '--sccp', '--adce', '--early-cse', '--mem2reg', '--jump-threading', '--globalopt', '--elim-avail-extern', '--instcombine', '--loop-instsimplify', '--jump-threading', '--gvn', '--simplifycfg', '--instsimplify', '--inline', '--mergefunc', '--gvn-hoist', '--instcombine', '--globalopt', '--elim-avail-extern', '--loweratomic', '--indvars', '--indvars', '--gvn', '--gvn', '--ipsccp', '--gvn', '--nary-reassociate', '--adce', '--early-cse', '--mem2reg', '--jump-threading', '--globalopt', '--elim-avail-extern', '--instcombine', '--simplifycfg', '--sroa', '--mem2reg', '--globaldce', '--gvn-hoist', '--sccp', '--early-cse', '--lower-constant-intrinsics', '--lower-constant-intrinsics', '--slsr', '--gvn-hoist', '--adce', '--loop-simplify', '--dse', '--scalarizer', '--adce', '--loop-simplify', '--dse', '--scalarizer', '--simplifycfg', '--mergereturn', '--lower-expect', '--elim-avail-extern', '--lower-constant-intrinsics', '--ipsccp', '--nary-reassociate', '--gvn', '--jump-threading', '--globalopt', '--slp-vectorizer', '--instcombine', '--slp-vectorizer', '--instcombine', '--simplifycfg', '--sroa', '--early-cse', '--lower-expect', '--sroa', '--sroa', '--aggressive-instcombine']",76,-3.5574286695729693,0.0,-0.7759139535391936,0.0,1,-3.5574286695729693,-0.7759139535391936,0.5620873773639496,-67.00507614213198,12.107873220656332,11.76470588235294,34
2204,"['--ipsccp', '--speculative-execution', '--sccp', '--lower-constant-intrinsics', '--early-cse', '--mem2reg', '--jump-threading', '--globalopt', '--elim-avail-extern', '--instcombine', '--loop-instsimplify', '--jump-threading', '--gvn', '--simplifycfg', '--instsimplify', '--inline', '--mergefunc', '--gvn-hoist', '--instcombine', '--globalopt', '--elim-avail-extern', '--loweratomic', '--indvars', '--indvars', '--gvn', '--gvn', '--ipsccp', '--gvn', '--nary-reassociate', '--adce', '--early-cse', '--mem2reg', '--jump-threading', '--globalopt', '--elim-avail-extern', '--instcombine', '--simplifycfg', '--sroa', '--mem2reg', '--globaldce', '--gvn-hoist', '--sccp', '--early-cse', '--lower-constant-intrinsics', '--adce', '--slsr', '--gvn-hoist', '--adce', '--gvn-hoist', '--adce', '--loop-simplify', '--dse', '--scalarizer', '--simplifycfg', '--lower-expect', '--simplifycfg', '--elim-avail-extern', '--lower-constant-intrinsics', '--ipsccp', '--nary-reassociate', '--gvn', '--early-cse', '--loop-guard-widening', '--jump-threading', '--globalopt', '--slp-vectorizer', '--instcombine', '--slp-vectorizer', '--instcombine', '--simplifycfg', '--sroa', '--early-cse', '--lower-expect', '--sroa', '--lower-expect', '--aggressive-instcombine']",76,-3.5574286695729693,0.0,-0.7759139535391936,0.0,1,-3.5574286695729693,-0.7759139535391936,0.5620873773639496,-67.00507614213198,12.107873220656332,11.76470588235294,34
2215,"['--ipsccp', '--speculative-execution', '--sccp', '--lower-constant-intrinsics', '--early-cse', '--mem2reg', '--jump-threading', '--globalopt', '--elim-avail-extern', '--instcombine', '--loop-instsimplify', '--jump-threading', '--gvn', '--simplifycfg', '--instsimplify', '--inline', '--mergefunc', '--gvn-hoist', '--instcombine', '--globalopt', '--elim-avail-extern', '--loweratomic', '--indvars', '--indvars', '--gvn', '--gvn', '--ipsccp', '--gvn', '--nary-reassociate', '--adce', '--early-cse', '--mem2reg', '--jump-threading', '--globalopt', '--elim-avail-extern', '--instcombine', '--simplifycfg', '--sroa', '--mem2reg', '--globaldce', '--gvn-hoist', '--sccp', '--early-cse', '--lower-constant-intrinsics', '--adce', '--slsr', '--gvn-hoist', '--adce', '--loop-simplify', '--dse', '--scalarizer', '--simplifycfg', '--lower-expect', '--simplifycfg', '--elim-avail-extern', '--lower-constant-intrinsics', '--ipsccp', '--gvn', '--nary-reassociate', '--gvn', '--early-cse', '--mem2reg', '--jump-threading', '--globalopt', '--slp-vectorizer', '--instcombine', '--simplifycfg', '--sroa', '--early-cse', '--lower-expect', '--sroa', '--sroa', '--lower-expect', '--aggressive-instcombine']",74,-3.5574286695729693,0.0,-0.7759139535391936,0.0,1,-3.5574286695729693,-0.7759139535391936,0.5620873773639496,-67.00507614213198,12.107873220656332,11.76470588235294,34
2217,"['--ipsccp', '--speculative-execution', '--sccp', '--lower-constant-intrinsics', '--early-cse', '--mem2reg', '--jump-threading', '--globalopt', '--elim-avail-extern', '--instcombine', '--loop-instsimplify', '--jump-threading', '--gvn', '--simplifycfg', '--instsimplify', '--inline', '--mergefunc', '--gvn-hoist', '--instcombine', '--globalopt', '--elim-avail-extern', '--loweratomic', '--indvars', '--indvars', '--gvn', '--gvn', '--ipsccp', '--gvn', '--nary-reassociate', '--adce', '--early-cse', '--mem2reg', '--jump-threading', '--globalopt', '--elim-avail-extern', '--instcombine', '--simplifycfg', '--sroa', '--mem2reg', '--globaldce', '--gvn-hoist', '--sccp', '--early-cse', '--lower-constant-intrinsics', '--adce', '--slsr', '--gvn-hoist', '--adce', '--loop-simplify', '--dse', '--scalarizer', '--adce', '--loop-simplify', '--dse', '--scalarizer', '--simplifycfg', '--mergereturn', '--lower-expect', '--elim-avail-extern', '--lower-constant-intrinsics', '--ipsccp', '--nary-reassociate', '--gvn', '--jump-threading', '--globalopt', '--slp-vectorizer', '--instcombine', '--slp-vectorizer', '--instcombine', '--simplifycfg', '--sroa', '--early-cse', '--early-cse', '--lower-expect', '--aggressive-instcombine']",75,-3.5574286695729693,0.0,-0.7759139535391936,0.0,1,-3.5574286695729693,-0.7759139535391936,0.5620873773639496,-67.00507614213198,12.107873220656332,11.76470588235294,34
2235,"['--simplifycfg', '--speculative-execution', '--sccp', '--early-cse', '--mem2reg', '--jump-threading', '--globalopt', '--elim-avail-extern', '--instcombine', '--loop-instsimplify', '--jump-threading', '--gvn', '--simplifycfg', '--instsimplify', '--inline', '--mergefunc', '--gvn-hoist', '--gvn-hoist', '--instcombine', '--globalopt', '--elim-avail-extern', '--loweratomic', '--indvars', '--indvars', '--gvn', '--gvn', '--ipsccp', '--gvn', '--nary-reassociate', '--mem2reg', '--jump-threading', '--correlated-propagation', '--mem2reg', '--memcpyopt', '--globalopt', '--jump-threading', '--bdce', '--elim-avail-extern', '--instcombine', '--simplifycfg', '--sroa', '--lower-constant-intrinsics', '--adce', '--slsr', '--gvn-hoist', '--adce', '--loop-simplify', '--adce', '--loop-simplify', '--dse', '--scalarizer', '--simplifycfg', '--lower-expect', '--simplifycfg', '--elim-avail-extern', '--lower-constant-intrinsics', '--lower-constant-intrinsics', '--ipsccp', '--nary-reassociate', '--adce', '--early-cse', '--loop-guard-widening', '--jump-threading', '--slp-vectorizer', '--instcombine', '--slp-vectorizer', '--instcombine', '--simplifycfg', '--sroa', '--early-cse', '--lower-expect', '--sroa', '--lower-expect', '--aggressive-instcombine']",74,-3.5574286695729693,0.0,-0.7759139535391936,0.0,1,-3.5574286695729693,-0.7759139535391936,0.5620873773639496,-67.00507614213198,12.107873220656332,11.76470588235294,34
2239,"['--ipsccp', '--speculative-execution', '--sccp', '--early-cse', '--mem2reg', '--jump-threading', '--globalopt', '--elim-avail-extern', '--instcombine', '--loop-instsimplify', '--jump-threading', '--gvn', '--simplifycfg', '--instsimplify', '--inline', '--inline', '--mergefunc', '--gvn-hoist', '--instcombine', '--globalopt', '--elim-avail-extern', '--loweratomic', '--indvars', '--indvars', '--gvn', '--gvn', '--ipsccp', '--gvn', '--nary-reassociate', '--mem2reg', '--jump-threading', '--correlated-propagation', '--mem2reg', '--memcpyopt', '--globalopt', '--jump-threading', '--bdce', '--elim-avail-extern', '--instcombine', '--simplifycfg', '--sroa', '--lower-constant-intrinsics', '--adce', '--slsr', '--gvn-hoist', '--adce', '--loop-simplify', '--adce', '--loop-simplify', '--dse', '--scalarizer', '--scalarizer', '--simplifycfg', '--lower-expect', '--simplifycfg', '--elim-avail-extern', '--lower-constant-intrinsics', '--lower-constant-intrinsics', '--ipsccp', '--nary-reassociate', '--adce', '--early-cse', '--loop-guard-widening', '--jump-threading', '--slp-vectorizer', '--instcombine', '--slp-vectorizer', '--instcombine', '--simplifycfg', '--sroa', '--early-cse', '--lower-expect', '--sroa', '--lower-expect', '--aggressive-instcombine']",75,-3.5574286695729693,0.0,-0.7759139535391936,0.0,1,-3.5574286695729693,-0.7759139535391936,0.5620873773639496,-67.00507614213198,12.107873220656332,11.76470588235294,34
2243,"['--ipsccp', '--speculative-execution', '--sccp', '--early-cse', '--mem2reg', '--jump-threading', '--globalopt', '--elim-avail-extern', '--instcombine', '--adce', '--jump-threading', '--gvn', '--simplifycfg', '--instsimplify', '--inline', '--mergefunc', '--gvn-hoist', '--gvn-hoist', '--instcombine', '--globalopt', '--elim-avail-extern', '--loweratomic', '--indvars', '--indvars', '--gvn', '--gvn', '--ipsccp', '--gvn', '--nary-reassociate', '--adce', '--strip', '--mem2reg', '--jump-threading', '--globalopt', '--elim-avail-extern', '--instcombine', '--simplifycfg', '--sroa', '--mem2reg', '--globaldce', '--gvn-hoist', '--sccp', '--early-cse', '--lower-constant-intrinsics', '--adce', '--slsr', '--gvn-hoist', '--adce', '--loop-simplify', '--dse', '--scalarizer', '--adce', '--loop-simplify', '--dse', '--scalarizer', '--simplifycfg', '--mergereturn', '--lower-expect', '--elim-avail-extern', '--lower-constant-intrinsics', '--ipsccp', '--nary-reassociate', '--gvn', '--jump-threading', '--globalopt', '--slp-vectorizer', '--instcombine', '--slp-vectorizer', '--instcombine', '--simplifycfg', '--sroa', '--early-cse', '--early-cse', '--lower-expect', '--aggressive-instcombine']",75,-3.5574286695729693,0.0,-0.7759139535391936,0.0,1,-3.5574286695729693,-0.7759139535391936,0.5620873773639496,-67.00507614213198,12.107873220656332,11.76470588235294,34
2275,"['--ipsccp', '--speculative-execution', '--sccp', '--early-cse', '--mem2reg', '--sroa', '--globalopt', '--elim-avail-extern', '--instcombine', '--loop-instsimplify', '--jump-threading', '--gvn', '--simplifycfg', '--instsimplify', '--inline', '--mergefunc', '--gvn-hoist', '--mergefunc', '--gvn-hoist', '--globalopt', '--elim-avail-extern', '--loweratomic', '--indvars', '--indvars', '--gvn', '--gvn', '--ipsccp', '--gvn', '--nary-reassociate', '--adce', '--early-cse', '--mem2reg', '--jump-threading', '--globalopt', '--elim-avail-extern', '--instcombine', '--simplifycfg', '--sroa', '--mem2reg', '--globaldce', '--gvn-hoist', '--sccp', '--early-cse', '--lower-constant-intrinsics', '--lower-constant-intrinsics', '--slsr', '--gvn-hoist', '--adce', '--loop-simplify', '--dse', '--scalarizer', '--adce', '--loop-simplify', '--dse', '--scalarizer', '--simplifycfg', '--mergereturn', '--lower-expect', '--elim-avail-extern', '--lower-constant-intrinsics', '--ipsccp', '--nary-reassociate', '--gvn', '--jump-threading', '--globalopt', '--slp-vectorizer', '--instcombine', '--slp-vectorizer', '--instcombine', '--simplifycfg', '--sroa', '--early-cse', '--lower-expect', '--sroa', '--sroa', '--aggressive-instcombine']",76,-3.5574286695729693,0.0,-0.7759139535391936,0.0,1,-3.5574286695729693,-0.7759139535391936,0.5620873773639496,-67.00507614213198,12.107873220656332,11.76470588235294,34
2249,"['--ipsccp', '--speculative-execution', '--sccp', '--lower-constant-intrinsics', '--early-cse', '--mem2reg', '--jump-threading', '--globalopt', '--elim-avail-extern', '--instcombine', '--loop-instsimplify', '--jump-threading', '--gvn', '--simplifycfg', '--instsimplify', '--inline', '--mergefunc', '--gvn-hoist', '--instcombine', '--globalopt', '--elim-avail-extern', '--loweratomic', '--indvars', '--indvars', '--gvn', '--gvn', '--ipsccp', '--gvn', '--nary-reassociate', '--adce', '--early-cse', '--mem2reg', '--jump-threading', '--globalopt', '--elim-avail-extern', '--instcombine', '--simplifycfg', '--sroa', '--mem2reg', '--globaldce', '--gvn-hoist', '--sccp', '--early-cse', '--lower-constant-intrinsics', '--adce', '--slsr', '--gvn-hoist', '--adce', '--gvn-hoist', '--adce', '--loop-simplify', '--dse', '--scalarizer', '--simplifycfg', '--lower-expect', '--simplifycfg', '--elim-avail-extern', '--lower-constant-intrinsics', '--ipsccp', '--nary-reassociate', '--gvn', '--jump-threading', '--globalopt', '--slp-vectorizer', '--instcombine', '--simplifycfg', '--early-cse', '--lower-expect', '--sroa', '--lower-expect', '--aggressive-instcombine']",71,-3.5574286695729693,0.0,-0.7759139535391936,0.0,1,-3.5574286695729693,-0.7759139535391936,0.5620873773639496,-67.00507614213198,12.107873220656332,11.76470588235294,34
2252,"['--ipsccp', '--speculative-execution', '--sccp', '--lower-constant-intrinsics', '--early-cse', '--mem2reg', '--jump-threading', '--globalopt', '--elim-avail-extern', '--instcombine', '--loop-instsimplify', '--jump-threading', '--gvn', '--simplifycfg', '--instsimplify', '--inline', '--mergefunc', '--gvn-hoist', '--instcombine', '--globalopt', '--elim-avail-extern', '--loweratomic', '--indvars', '--indvars', '--gvn', '--gvn', '--ipsccp', '--gvn', '--nary-reassociate', '--adce', '--early-cse', '--mem2reg', '--jump-threading', '--globalopt', '--elim-avail-extern', '--instcombine', '--simplifycfg', '--sroa', '--mem2reg', '--globaldce', '--gvn-hoist', '--sccp', '--early-cse', '--lower-constant-intrinsics', '--adce', '--slsr', '--gvn-hoist', '--adce', '--loop-simplify', '--dse', '--scalarizer', '--adce', '--loop-simplify', '--dse', '--scalarizer', '--simplifycfg', '--mergereturn', '--lower-expect', '--elim-avail-extern', '--lower-constant-intrinsics', '--correlated-propagation', '--ipsccp', '--nary-reassociate', '--gvn', '--jump-threading', '--globalopt', '--slp-vectorizer', '--instcombine', '--slp-vectorizer', '--early-cse', '--lower-expect', '--sroa', '--lower-expect', '--simplifycfg', '--aggressive-instcombine']",75,-3.5574286695729693,0.0,-0.7759139535391936,0.0,1,-3.5574286695729693,-0.7759139535391936,0.5620873773639496,-67.00507614213198,12.107873220656332,11.76470588235294,34
2255,"['--ipsccp', '--speculative-execution', '--sccp', '--lower-constant-intrinsics', '--early-cse', '--mem2reg', '--jump-threading', '--globalopt', '--elim-avail-extern', '--instcombine', '--loop-instsimplify', '--jump-threading', '--gvn', '--simplifycfg', '--instsimplify', '--inline', '--mergefunc', '--gvn-hoist', '--instcombine', '--globalopt', '--adce', '--loweratomic', '--indvars', '--indvars', '--gvn', '--gvn', '--ipsccp', '--gvn', '--nary-reassociate', '--adce', '--early-cse', '--mem2reg', '--jump-threading', '--globalopt', '--elim-avail-extern', '--instcombine', '--simplifycfg', '--sroa', '--mem2reg', '--globaldce', '--gvn-hoist', '--sccp', '--early-cse', '--lower-constant-intrinsics', '--adce', '--slsr', '--gvn-hoist', '--adce', '--loop-simplify', '--dse', '--scalarizer', '--elim-avail-extern', '--loop-simplify', '--dse', '--scalarizer', '--simplifycfg', '--mergereturn', '--lower-expect', '--elim-avail-extern', '--lower-constant-intrinsics', '--ipsccp', '--nary-reassociate', '--gvn', '--jump-threading', '--globalopt', '--slp-vectorizer', '--instcombine', '--slp-vectorizer', '--instcombine', '--simplifycfg', '--sroa', '--early-cse', '--early-cse', '--lower-expect', '--aggressive-instcombine']",75,-3.5574286695729693,0.0,-0.7759139535391936,0.0,1,-3.5574286695729693,-0.7759139535391936,0.5620873773639496,-67.00507614213198,12.107873220656332,11.76470588235294,34
2260,"['--ipsccp', '--speculative-execution', '--sccp', '--lower-constant-intrinsics', '--early-cse', '--mem2reg', '--jump-threading', '--globalopt', '--elim-avail-extern', '--instcombine', '--loop-instsimplify', '--jump-threading', '--gvn', '--simplifycfg', '--instsimplify', '--inline', '--mergefunc', '--gvn-hoist', '--instcombine', '--globalopt', '--elim-avail-extern', '--loweratomic', '--indvars', '--indvars', '--gvn', '--gvn', '--ipsccp', '--gvn', '--nary-reassociate', '--adce', '--early-cse', '--mem2reg', '--jump-threading', '--globalopt', '--elim-avail-extern', '--instcombine', '--simplifycfg', '--sroa', '--mem2reg', '--globaldce', '--simplifycfg', '--sccp', '--early-cse', '--lower-constant-intrinsics', '--adce', '--slsr', '--gvn-hoist', '--adce', '--loop-simplify', '--dse', '--scalarizer', '--simplifycfg', '--lower-expect', '--gvn-hoist', '--simplifycfg', '--lower-expect', '--simplifycfg', '--elim-avail-extern', '--lower-constant-intrinsics', '--ipsccp', '--gvn', '--nary-reassociate', '--gvn', '--early-cse', '--loop-guard-widening', '--jump-threading', '--globalopt', '--slp-vectorizer', '--instcombine', '--slp-vectorizer', '--instcombine', '--simplifycfg', '--sroa', '--early-cse', '--lower-expect', '--aggressive-instcombine']",76,-3.5574286695729693,0.0,-0.7759139535391936,0.0,1,-3.5574286695729693,-0.7759139535391936,0.5620873773639496,-67.00507614213198,12.107873220656332,11.76470588235294,34
2268,"['--ipsccp', '--speculative-execution', '--sccp', '--early-cse', '--mem2reg', '--jump-threading', '--globalopt', '--elim-avail-extern', '--instcombine', '--adce', '--jump-threading', '--gvn', '--simplifycfg', '--instsimplify', '--inline', '--mergefunc', '--loop-versioning-licm', '--gvn-hoist', '--instcombine', '--globalopt', '--elim-avail-extern', '--loweratomic', '--indvars', '--indvars', '--gvn', '--gvn', '--ipsccp', '--gvn', '--nary-reassociate', '--adce', '--early-cse', '--mem2reg', '--jump-threading', '--globalopt', '--elim-avail-extern', '--instcombine', '--simplifycfg', '--sroa', '--mem2reg', '--globaldce', '--gvn-hoist', '--sccp', '--early-cse', '--lower-constant-intrinsics', '--adce', '--slsr', '--gvn-hoist', '--adce', '--loop-simplify', '--dse', '--scalarizer', '--simplifycfg', '--lower-expect', '--simplifycfg', '--elim-avail-extern', '--lower-constant-intrinsics', '--ipsccp', '--gvn', '--nary-reassociate', '--gvn', '--early-cse', '--mem2reg', '--jump-threading', '--globalopt', '--slp-vectorizer', '--instcombine', '--simplifycfg', '--sroa', '--early-cse', '--lower-expect', '--sroa', '--sroa', '--lower-expect', '--aggressive-instcombine']",74,-3.5574286695729693,0.0,-0.7759139535391936,0.0,1,-3.5574286695729693,-0.7759139535391936,0.5620873773639496,-67.00507614213198,12.107873220656332,11.76470588235294,34
2270,"['--ipsccp', '--speculative-execution', '--sccp', '--lower-constant-intrinsics', '--early-cse', '--mem2reg', '--jump-threading', '--globalopt', '--elim-avail-extern', '--instcombine', '--loop-instsimplify', '--jump-threading', '--gvn', '--simplifycfg', '--instsimplify', '--inline', '--mergefunc', '--gvn-hoist', '--instcombine', '--globalopt', '--elim-avail-extern', '--loweratomic', '--indvars', '--indvars', '--gvn', '--gvn', '--ipsccp', '--gvn', '--nary-reassociate', '--adce', '--early-cse', '--mem2reg', '--jump-threading', '--globalopt', '--elim-avail-extern', '--instcombine', '--simplifycfg', '--sroa', '--mem2reg', '--globaldce', '--gvn-hoist', '--sccp', '--early-cse', '--lower-constant-intrinsics', '--adce', '--slsr', '--gvn-hoist', '--adce', '--loop-simplify', '--dse', '--scalarizer', '--adce', '--loop-simplify', '--dse', '--scalarizer', '--simplifycfg', '--mergereturn', '--lower-expect', '--elim-avail-extern', '--lower-constant-intrinsics', '--nary-reassociate', '--gvn', '--jump-threading', '--globalopt', '--slp-vectorizer', '--instcombine', '--slp-vectorizer', '--instcombine', '--simplifycfg', '--sroa', '--early-cse', '--early-cse', '--lower-expect', '--aggressive-instcombine']",74,-3.5574286695729693,0.0,-0.7759139535391936,0.0,1,-3.5574286695729693,-0.7759139535391936,0.5620873773639496,-67.00507614213198,12.107873220656332,11.76470588235294,34
2271,"['--ipsccp', '--speculative-execution', '--sccp', '--lower-constant-intrinsics', '--early-cse', '--mem2reg', '--jump-threading', '--globalopt', '--elim-avail-extern', '--instcombine', '--loop-instsimplify', '--jump-threading', '--gvn', '--simplifycfg', '--instsimplify', '--inline', '--mergefunc', '--gvn-hoist', '--instcombine', '--globalopt', '--elim-avail-extern', '--loweratomic', '--indvars', '--indvars', '--gvn', '--gvn', '--ipsccp', '--gvn', '--nary-reassociate', '--adce', '--early-cse', '--mem2reg', '--jump-threading', '--globalopt', '--elim-avail-extern', '--instcombine', '--simplifycfg', '--sroa', '--mem2reg', '--globaldce', '--gvn-hoist', '--sccp', '--early-cse', '--lower-constant-intrinsics', '--adce', '--slsr', '--gvn-hoist', '--adce', '--loop-simplify', '--dse', '--scalarizer', '--adce', '--loop-simplify', '--memcpyopt', '--scalarizer', '--simplifycfg', '--mergereturn', '--lower-expect', '--elim-avail-extern', '--lower-constant-intrinsics', '--ipsccp', '--nary-reassociate', '--gvn', '--jump-threading', '--globalopt', '--slp-vectorizer', '--instcombine', '--slp-vectorizer', '--instcombine', '--simplifycfg', '--sroa', '--early-cse', '--lower-expect', '--sroa', '--sroa', '--aggressive-instcombine']",76,-3.5574286695729693,0.0,-0.7759139535391936,0.0,1,-3.5574286695729693,-0.7759139535391936,0.5620873773639496,-67.00507614213198,12.107873220656332,11.76470588235294,34
2272,"['--ipsccp', '--speculative-execution', '--sccp', '--lower-constant-intrinsics', '--early-cse', '--mem2reg', '--jump-threading', '--globalopt', '--elim-avail-extern', '--instcombine', '--loop-instsimplify', '--jump-threading', '--gvn', '--simplifycfg', '--instsimplify', '--inline', '--mergefunc', '--gvn-hoist', '--instcombine', '--globalopt', '--elim-avail-extern', '--loweratomic', '--indvars', '--indvars', '--gvn', '--gvn', '--ipsccp', '--gvn', '--nary-reassociate', '--adce', '--early-cse', '--mem2reg', '--jump-threading', '--globalopt', '--elim-avail-extern', '--instcombine', '--simplifycfg', '--sroa', '--mem2reg', '--globaldce', '--gvn-hoist', '--sccp', '--early-cse', '--lower-constant-intrinsics', '--adce', '--slsr', '--gvn-hoist', '--adce', '--loop-simplify', '--dse', '--scalarizer', '--simplifycfg', '--simplifycfg', '--elim-avail-extern', '--lower-constant-intrinsics', '--ipsccp', '--gvn', '--nary-reassociate', '--gvn', '--early-cse', '--mem2reg', '--jump-threading', '--globalopt', '--slp-vectorizer', '--instcombine', '--simplifycfg', '--sroa', '--early-cse', '--lower-expect', '--sroa', '--sroa', '--lower-expect', '--aggressive-instcombine']",73,-3.5574286695729693,0.0,-0.7759139535391936,0.0,1,-3.5574286695729693,-0.7759139535391936,0.5620873773639496,-67.00507614213198,12.107873220656332,11.76470588235294,34
2326,"['--ipsccp', '--speculative-execution', '--sccp', '--nary-reassociate', '--early-cse', '--mem2reg', '--jump-threading', '--globalopt', '--elim-avail-extern', '--instcombine', '--loop-instsimplify', '--jump-threading', '--gvn', '--simplifycfg', '--instsimplify', '--inline', '--mergefunc', '--gvn-hoist', '--instcombine', '--globalopt', '--elim-avail-extern', '--loweratomic', '--indvars', '--indvars', '--gvn', '--gvn', '--ipsccp', '--gvn', '--lower-constant-intrinsics', '--adce', '--early-cse', '--mem2reg', '--jump-threading', '--globalopt', '--elim-avail-extern', '--instcombine', '--simplifycfg', '--sroa', '--mem2reg', '--globaldce', '--gvn-hoist', '--sccp', '--early-cse', '--lower-constant-intrinsics', '--adce', '--slsr', '--gvn-hoist', '--adce', '--loop-simplify', '--dse', '--scalarizer', '--simplifycfg', '--lower-expect', '--simplifycfg', '--elim-avail-extern', '--lower-constant-intrinsics', '--ipsccp', '--gvn', '--nary-reassociate', '--gvn', '--early-cse', '--mem2reg', '--jump-threading', '--globalopt', '--slp-vectorizer', '--instcombine', '--simplifycfg', '--sroa', '--early-cse', '--lower-expect', '--sroa', '--sroa', '--lower-expect', '--aggressive-instcombine']",74,-3.5574286695729693,0.0,-0.7759139535391936,0.0,1,-3.5574286695729693,-0.7759139535391936,0.5620873773639496,-67.00507614213198,12.107873220656332,11.76470588235294,34
2329,"['--ipsccp', '--speculative-execution', '--sccp', '--lower-constant-intrinsics', '--early-cse', '--mem2reg', '--jump-threading', '--globalopt', '--elim-avail-extern', '--instcombine', '--loop-instsimplify', '--jump-threading', '--gvn', '--simplifycfg', '--instsimplify', '--inline', '--mergefunc', '--gvn-hoist', '--instcombine', '--globalopt', '--elim-avail-extern', '--loweratomic', '--indvars', '--indvars', '--gvn', '--ipsccp', '--gvn', '--nary-reassociate', '--adce', '--early-cse', '--mem2reg', '--jump-threading', '--globalopt', '--elim-avail-extern', '--instcombine', '--simplifycfg', '--sroa', '--mem2reg', '--globaldce', '--gvn-hoist', '--sccp', '--early-cse', '--lower-constant-intrinsics', '--adce', '--slsr', '--gvn-hoist', '--adce', '--loop-simplify', '--dse', '--scalarizer', '--adce', '--loop-simplify', '--dse', '--scalarizer', '--simplifycfg', '--mergereturn', '--lower-expect', '--elim-avail-extern', '--lower-constant-intrinsics', '--correlated-propagation', '--ipsccp', '--nary-reassociate', '--gvn', '--jump-threading', '--globalopt', '--slp-vectorizer', '--instcombine', '--slp-vectorizer', '--early-cse', '--lower-expect', '--sroa', '--lower-expect', '--simplifycfg', '--aggressive-instcombine']",74,-3.5574286695729693,0.0,-0.7759139535391936,0.0,1,-3.5574286695729693,-0.7759139535391936,0.5620873773639496,-67.00507614213198,12.107873220656332,11.76470588235294,34
2388,"['--ipsccp', '--speculative-execution', '--sccp', '--lower-constant-intrinsics', '--early-cse', '--mem2reg', '--jump-threading', '--globalopt', '--elim-avail-extern', '--instcombine', '--loop-instsimplify', '--jump-threading', '--gvn', '--simplifycfg', '--instsimplify', '--inline', '--mergefunc', '--gvn-hoist', '--instcombine', '--globalopt', '--elim-avail-extern', '--loweratomic', '--indvars', '--indvars', '--gvn', '--gvn', '--ipsccp', '--gvn', '--nary-reassociate', '--adce', '--early-cse', '--mem2reg', '--jump-threading', '--globalopt', '--elim-avail-extern', '--instcombine', '--simplifycfg', '--sroa', '--mem2reg', '--globaldce', '--gvn-hoist', '--sccp', '--early-cse', '--lower-constant-intrinsics', '--adce', '--adce', '--slsr', '--gvn-hoist', '--adce', '--loop-simplify', '--dse', '--scalarizer', '--simplifycfg', '--lower-expect', '--ipsccp', '--elim-avail-extern', '--lower-constant-intrinsics', '--ipsccp', '--gvn', '--gvn', '--gvn', '--early-cse', '--mem2reg', '--jump-threading', '--correlated-propagation', '--slp-vectorizer', '--instcombine', '--simplifycfg', '--slp-vectorizer', '--instcombine', '--simplifycfg', '--sroa', '--early-cse', '--lower-expect', '--aggressive-instcombine']",75,-3.5574286695729693,0.0,-0.7759139535391936,0.0,1,-3.5574286695729693,-0.7759139535391936,0.5620873773639496,-67.00507614213198,12.107873220656332,11.76470588235294,34
2373,"['--ipsccp', '--speculative-execution', '--sccp', '--lower-constant-intrinsics', '--early-cse', '--mem2reg', '--jump-threading', '--globalopt', '--elim-avail-extern', '--instcombine', '--loop-instsimplify', '--gvn', '--simplifycfg', '--instsimplify', '--inline', '--mergefunc', '--gvn-hoist', '--instcombine', '--globalopt', '--dse', '--loweratomic', '--indvars', '--indvars', '--gvn', '--gvn', '--ipsccp', '--gvn', '--nary-reassociate', '--adce', '--early-cse', '--mem2reg', '--jump-threading', '--globalopt', '--elim-avail-extern', '--instcombine', '--simplifycfg', '--sroa', '--mem2reg', '--globaldce', '--simplifycfg', '--sccp', '--early-cse', '--lower-constant-intrinsics', '--adce', '--slsr', '--gvn-hoist', '--adce', '--loop-simplify', '--elim-avail-extern', '--scalarizer', '--simplifycfg', '--lower-expect', '--gvn-hoist', '--simplifycfg', '--lower-expect', '--simplifycfg', '--elim-avail-extern', '--lower-constant-intrinsics', '--ipsccp', '--gvn', '--nary-reassociate', '--gvn', '--early-cse', '--loop-guard-widening', '--jump-threading', '--globalopt', '--slp-vectorizer', '--instcombine', '--slp-vectorizer', '--instcombine', '--simplifycfg', '--sroa', '--early-cse', '--lower-expect', '--aggressive-instcombine']",75,-3.5574286695729693,0.0,-0.7759139535391936,0.0,1,-3.5574286695729693,-0.7759139535391936,0.5620873773639496,-67.00507614213198,12.107873220656332,11.76470588235294,34
2363,"['--ipsccp', '--speculative-execution', '--sccp', '--lower-constant-intrinsics', '--early-cse', '--mem2reg', '--jump-threading', '--globalopt', '--elim-avail-extern', '--instcombine', '--loop-instsimplify', '--jump-threading', '--gvn', '--simplifycfg', '--instsimplify', '--inline', '--mergefunc', '--gvn-hoist', '--instcombine', '--globalopt', '--elim-avail-extern', '--loweratomic', '--indvars', '--indvars', '--gvn', '--gvn', '--ipsccp', '--gvn', '--nary-reassociate', '--adce', '--early-cse', '--mem2reg', '--jump-threading', '--globalopt', '--elim-avail-extern', '--instcombine', '--simplifycfg', '--sroa', '--mem2reg', '--globaldce', '--gvn-hoist', '--sccp', '--early-cse', '--lower-constant-intrinsics', '--adce', '--slsr', '--gvn-hoist', '--adce', '--gvn-hoist', '--adce', '--scalarizer', '--adce', '--loop-simplify', '--dse', '--scalarizer', '--simplifycfg', '--loop-deletion', '--mergereturn', '--lower-expect', '--elim-avail-extern', '--lower-constant-intrinsics', '--ipsccp', '--nary-reassociate', '--gvn', '--jump-threading', '--globalopt', '--slp-vectorizer', '--sroa', '--slp-vectorizer', '--instcombine', '--simplifycfg', '--sroa', '--early-cse', '--early-cse', '--lower-expect', '--aggressive-instcombine']",76,-3.5574286695729693,0.0,-0.7759139535391936,0.0,1,-3.5574286695729693,-0.7759139535391936,0.5620873773639496,-67.00507614213198,12.107873220656332,11.76470588235294,34
2364,"['--ipsccp', '--speculative-execution', '--sccp', '--early-cse', '--mem2reg', '--jump-threading', '--globalopt', '--elim-avail-extern', '--instcombine', '--adce', '--jump-threading', '--gvn', '--simplifycfg', '--instsimplify', '--inline', '--mergefunc', '--loop-versioning-licm', '--gvn-hoist', '--instcombine', '--globalopt', '--elim-avail-extern', '--loweratomic', '--indvars', '--indvars', '--gvn', '--gvn', '--ipsccp', '--gvn', '--nary-reassociate', '--adce', '--early-cse', '--mem2reg', '--jump-threading', '--globalopt', '--elim-avail-extern', '--instcombine', '--simplifycfg', '--sroa', '--mem2reg', '--globaldce', '--gvn-hoist', '--sccp', '--early-cse', '--lower-constant-intrinsics', '--adce', '--slsr', '--gvn-hoist', '--adce', '--loop-simplify', '--dse', '--scalarizer', '--simplifycfg', '--lower-expect', '--simplifycfg', '--elim-avail-extern', '--lower-constant-intrinsics', '--ipsccp', '--gvn', '--nary-reassociate', '--gvn', '--early-cse', '--mem2reg', '--jump-threading', '--globalopt', '--slp-vectorizer', '--instcombine', '--sroa', '--early-cse', '--lower-expect', '--sroa', '--sroa', '--lower-expect', '--aggressive-instcombine']",73,-3.5574286695729693,0.0,-0.7759139535391936,0.0,1,-3.5574286695729693,-0.7759139535391936,0.5620873773639496,-67.00507614213198,12.107873220656332,11.76470588235294,34
2365,"['--ipsccp', '--speculative-execution', '--sccp', '--lower-constant-intrinsics', '--early-cse', '--mem2reg', '--jump-threading', '--globalopt', '--elim-avail-extern', '--instcombine', '--loop-instsimplify', '--jump-threading', '--gvn', '--simplifycfg', '--instsimplify', '--inline', '--mergefunc', '--gvn-hoist', '--instcombine', '--globalopt', '--elim-avail-extern', '--loweratomic', '--indvars', '--indvars', '--gvn', '--ipsccp', '--gvn', '--nary-reassociate', '--adce', '--early-cse', '--mem2reg', '--jump-threading', '--globalopt', '--elim-avail-extern', '--instcombine', '--simplifycfg', '--sroa', '--mem2reg', '--globaldce', '--gvn-hoist', '--sccp', '--early-cse', '--lower-constant-intrinsics', '--early-cse', '--lower-constant-intrinsics', '--adce', '--slsr', '--gvn-hoist', '--adce', '--loop-simplify', '--dse', '--scalarizer', '--simplifycfg', '--lower-expect', '--gvn-hoist', '--simplifycfg', '--lower-expect', '--simplifycfg', '--elim-avail-extern', '--lower-constant-intrinsics', '--ipsccp', '--gvn', '--nary-reassociate', '--gvn', '--early-cse', '--loop-guard-widening', '--jump-threading', '--globalopt', '--slp-vectorizer', '--instcombine', '--slp-vectorizer', '--instcombine', '--simplifycfg', '--sroa', '--early-cse', '--lower-expect', '--aggressive-instcombine']",77,-3.5574286695729693,0.0,-0.7759139535391936,0.0,1,-3.5574286695729693,-0.7759139535391936,0.5620873773639496,-67.00507614213198,12.107873220656332,11.76470588235294,34
2366,"['--ipsccp', '--speculative-execution', '--sccp', '--lower-constant-intrinsics', '--early-cse', '--mem2reg', '--jump-threading', '--globalopt', '--elim-avail-extern', '--instcombine', '--loop-instsimplify', '--jump-threading', '--gvn', '--simplifycfg', '--strip', '--instsimplify', '--inline', '--mergefunc', '--gvn-hoist', '--instcombine', '--globalopt', '--elim-avail-extern', '--loweratomic', '--indvars', '--indvars', '--gvn', '--gvn', '--nary-reassociate', '--adce', '--early-cse', '--mem2reg', '--jump-threading', '--globalopt', '--elim-avail-extern', '--instcombine', '--simplifycfg', '--sroa', '--mem2reg', '--globaldce', '--mem2reg', '--globaldce', '--gvn-hoist', '--loop-simplify', '--sccp', '--early-cse', '--lower-constant-intrinsics', '--adce', '--slsr', '--gvn-hoist', '--adce', '--loop-simplify', '--dse', '--scalarizer', '--simplifycfg', '--lower-expect', '--ipsccp', '--elim-avail-extern', '--lower-constant-intrinsics', '--ipsccp', '--gvn', '--gvn', '--gvn', '--early-cse', '--mem2reg', '--jump-threading', '--correlated-propagation', '--slp-vectorizer', '--instcombine', '--simplifycfg', '--slp-vectorizer', '--instcombine', '--simplifycfg', '--sroa', '--early-cse', '--lower-expect', '--aggressive-instcombine']",76,-3.5574286695729693,0.0,-0.7759139535391936,0.0,1,-3.5574286695729693,-0.7759139535391936,0.5620873773639496,-67.00507614213198,12.107873220656332,11.76470588235294,34
2368,"['--ipsccp', '--speculative-execution', '--sccp', '--early-cse', '--mem2reg', '--instcombine', '--globalopt', '--elim-avail-extern', '--instcombine', '--loop-instsimplify', '--jump-threading', '--gvn', '--simplifycfg', '--instsimplify', '--inline', '--inline', '--mergefunc', '--gvn-hoist', '--instcombine', '--globalopt', '--elim-avail-extern', '--loweratomic', '--indvars', '--indvars', '--gvn', '--gvn', '--ipsccp', '--gvn', '--nary-reassociate', '--mem2reg', '--early-cse', '--mem2reg', '--jump-threading', '--globalopt', '--elim-avail-extern', '--instcombine', '--simplifycfg', '--sroa', '--mem2reg', '--globaldce', '--gvn-hoist', '--sccp', '--early-cse', '--lower-constant-intrinsics', '--adce', '--slsr', '--gvn-hoist', '--adce', '--loop-simplify', '--dse', '--scalarizer', '--adce', '--loop-simplify', '--dse', '--scalarizer', '--simplifycfg', '--mergereturn', '--lower-expect', '--elim-avail-extern', '--lower-constant-intrinsics', '--ipsccp', '--nary-reassociate', '--gvn', '--loop-interchange', '--globalopt', '--slp-vectorizer', '--jump-threading', '--slp-vectorizer', '--instcombine', '--simplifycfg', '--sroa', '--early-cse', '--early-cse', '--lower-expect', '--aggressive-instcombine']",75,-3.5574286695729693,0.0,-0.7759139535391936,0.0,1,-3.5574286695729693,-0.7759139535391936,0.5620873773639496,-67.00507614213198,12.107873220656332,11.76470588235294,34
2370,"['--ipsccp', '--speculative-execution', '--sccp', '--lower-constant-intrinsics', '--early-cse', '--mem2reg', '--jump-threading', '--globalopt', '--elim-avail-extern', '--instcombine', '--loop-instsimplify', '--jump-threading', '--gvn', '--simplifycfg', '--instsimplify', '--inline', '--mergefunc', '--gvn-hoist', '--instcombine', '--globalopt', '--elim-avail-extern', '--loweratomic', '--indvars', '--indvars', '--gvn', '--gvn', '--ipsccp', '--gvn', '--nary-reassociate', '--adce', '--early-cse', '--early-cse', '--mem2reg', '--jump-threading', '--loop-simplifycfg', '--globalopt', '--elim-avail-extern', '--instcombine', '--simplifycfg', '--sroa', '--mem2reg', '--globaldce', '--gvn-hoist', '--sccp', '--early-cse', '--lower-constant-intrinsics', '--adce', '--slsr', '--gvn-hoist', '--adce', '--loop-simplify', '--dse', '--scalarizer', '--adce', '--loop-simplify', '--dse', '--scalarizer', '--simplifycfg', '--mergereturn', '--lower-expect', '--elim-avail-extern', '--lower-constant-intrinsics', '--nary-reassociate', '--gvn', '--jump-threading', '--globalopt', '--slp-vectorizer', '--instcombine', '--slp-vectorizer', '--instcombine', '--simplifycfg', '--sroa', '--early-cse', '--early-cse', '--lower-expect', '--aggressive-instcombine']",76,-3.5574286695729693,0.0,-0.7759139535391936,0.0,1,-3.5574286695729693,-0.7759139535391936,0.5620873773639496,-67.00507614213198,12.107873220656332,11.76470588235294,34
2371,"['--ipsccp', '--speculative-execution', '--slsr', '--early-cse', '--mem2reg', '--jump-threading', '--globalopt', '--elim-avail-extern', '--instcombine', '--adce', '--jump-threading', '--gvn', '--simplifycfg', '--instsimplify', '--inline', '--mergefunc', '--loop-versioning-licm', '--gvn-hoist', '--instcombine', '--globalopt', '--elim-avail-extern', '--loweratomic', '--indvars', '--indvars', '--gvn', '--ipsccp', '--gvn', '--nary-reassociate', '--adce', '--early-cse', '--mem2reg', '--jump-threading', '--globalopt', '--elim-avail-extern', '--instcombine', '--simplifycfg', '--sroa', '--mem2reg', '--globaldce', '--gvn-hoist', '--sccp', '--early-cse', '--lower-constant-intrinsics', '--adce', '--slsr', '--gvn-hoist', '--adce', '--loop-simplify', '--dse', '--scalarizer', '--adce', '--loop-simplify', '--dse', '--scalarizer', '--simplifycfg', '--mergereturn', '--lower-expect', '--elim-avail-extern', '--lower-constant-intrinsics', '--ipsccp', '--nary-reassociate', '--gvn', '--jump-threading', '--globalopt', '--slp-vectorizer', '--instcombine', '--slp-vectorizer', '--instcombine', '--simplifycfg', '--sroa', '--early-cse', '--lower-expect', '--sroa', '--sroa', '--aggressive-instcombine']",75,-3.5574286695729693,0.0,-0.7759139535391936,0.0,1,-3.5574286695729693,-0.7759139535391936,0.5620873773639496,-67.00507614213198,12.107873220656332,11.76470588235294,34
2372,"['--ipsccp', '--speculative-execution', '--sccp', '--lower-constant-intrinsics', '--early-cse', '--mem2reg', '--jump-threading', '--globalopt', '--elim-avail-extern', '--instcombine', '--loop-instsimplify', '--jump-threading', '--gvn', '--simplifycfg', '--instsimplify', '--inline', '--mergefunc', '--gvn-hoist', '--instcombine', '--globalopt', '--elim-avail-extern', '--loweratomic', '--indvars', '--indvars', '--gvn', '--gvn', '--ipsccp', '--gvn', '--nary-reassociate', '--adce', '--early-cse', '--mem2reg', '--jump-threading', '--globalopt', '--elim-avail-extern', '--instcombine', '--simplifycfg', '--sroa', '--mem2reg', '--globaldce', '--gvn-hoist', '--sccp', '--early-cse', '--lower-constant-intrinsics', '--adce', '--slsr', '--gvn-hoist', '--adce', '--loop-simplify', '--loop-simplify', '--dse', '--scalarizer', '--simplifycfg', '--elim-avail-extern', '--nary-reassociate', '--elim-avail-extern', '--lower-constant-intrinsics', '--ipsccp', '--loop-simplify', '--nary-reassociate', '--gvn', '--jump-threading', '--lower-constant-intrinsics', '--early-cse', '--globalopt', '--slp-vectorizer', '--instcombine', '--simplifycfg', '--nary-reassociate', '--sroa', '--early-cse', '--lower-expect', '--sroa', '--lower-expect', '--simplifycfg', '--aggressive-instcombine', '--dce']",77,-3.5574286695729693,0.0,-0.7759139535391936,0.0,1,-3.5574286695729693,-0.7759139535391936,0.5620873773639496,-67.00507614213198,12.107873220656332,11.76470588235294,34
2374,"['--ipsccp', '--speculative-execution', '--sccp', '--lower-constant-intrinsics', '--early-cse', '--mem2reg', '--jump-threading', '--globalopt', '--loop-guard-widening', '--elim-avail-extern', '--instcombine', '--loop-instsimplify', '--jump-threading', '--gvn', '--simplifycfg', '--instsimplify', '--inline', '--mergefunc', '--gvn-hoist', '--instcombine', '--globalopt', '--elim-avail-extern', '--loweratomic', '--indvars', '--indvars', '--gvn', '--gvn', '--ipsccp', '--gvn', '--nary-reassociate', '--adce', '--early-cse', '--mem2reg', '--jump-threading', '--globalopt', '--elim-avail-extern', '--instcombine', '--simplifycfg', '--sroa', '--mem2reg', '--globaldce', '--simplifycfg', '--sccp', '--early-cse', '--lower-constant-intrinsics', '--adce', '--slsr', '--gvn-hoist', '--adce', '--loop-simplify', '--dse', '--scalarizer', '--simplifycfg', '--lower-expect', '--gvn-hoist', '--simplifycfg', '--lower-expect', '--simplifycfg', '--elim-avail-extern', '--lower-constant-intrinsics', '--ipsccp', '--gvn', '--nary-reassociate', '--gvn', '--early-cse', '--loop-guard-widening', '--jump-threading', '--globalopt', '--slp-vectorizer', '--instcombine', '--slp-vectorizer', '--instcombine', '--simplifycfg', '--sroa', '--early-cse', '--lower-expect', '--aggressive-instcombine']",77,-3.5574286695729693,0.0,-0.7759139535391936,0.0,1,-3.5574286695729693,-0.7759139535391936,0.5620873773639496,-67.00507614213198,12.107873220656332,11.76470588235294,34
2360,"['--ipsccp', '--speculative-execution', '--sccp', '--lower-constant-intrinsics', '--early-cse', '--mem2reg', '--jump-threading', '--globalopt', '--elim-avail-extern', '--instcombine', '--loop-instsimplify', '--jump-threading', '--gvn', '--simplifycfg', '--instsimplify', '--inline', '--mergefunc', '--gvn-hoist', '--instcombine', '--globalopt', '--elim-avail-extern', '--correlated-propagation', '--indvars', '--indvars', '--gvn', '--gvn', '--ipsccp', '--gvn', '--nary-reassociate', '--adce', '--partially-inline-libcalls', '--jump-threading', '--loweratomic', '--mem2reg', '--memcpyopt', '--globalopt', '--jump-threading', '--bdce', '--elim-avail-extern', '--instcombine', '--simplifycfg', '--sroa', '--lower-constant-intrinsics', '--adce', '--slsr', '--gvn-hoist', '--adce', '--loop-simplify', '--adce', '--loop-simplify', '--dse', '--scalarizer', '--simplifycfg', '--lower-expect', '--simplifycfg', '--elim-avail-extern', '--lower-constant-intrinsics', '--ipsccp', '--gvn', '--nary-reassociate', '--gvn', '--early-cse', '--mem2reg', '--jump-threading', '--globalopt', '--slp-vectorizer', '--instcombine', '--simplifycfg', '--sroa', '--early-cse', '--lower-expect', '--sroa', '--sroa', '--lower-expect', '--aggressive-instcombine']",75,-3.5574286695729693,0.0,-0.7759139535391936,0.0,1,-3.5574286695729693,-0.7759139535391936,0.5620873773639496,-67.00507614213198,12.107873220656332,11.76470588235294,34
2375,"['--ipsccp', '--speculative-execution', '--sccp', '--lower-constant-intrinsics', '--early-cse', '--mem2reg', '--jump-threading', '--globalopt', '--elim-avail-extern', '--instcombine', '--loop-instsimplify', '--jump-threading', '--gvn', '--simplifycfg', '--instsimplify', '--inline', '--mergefunc', '--gvn-hoist', '--instcombine', '--globalopt', '--elim-avail-extern', '--loweratomic', '--indvars', '--indvars', '--gvn', '--gvn', '--ipsccp', '--gvn', '--nary-reassociate', '--adce', '--early-cse', '--instcombine', '--jump-threading', '--globalopt', '--elim-avail-extern', '--instcombine', '--simplifycfg', '--sroa', '--mem2reg', '--globaldce', '--gvn-hoist', '--sccp', '--early-cse', '--lower-constant-intrinsics', '--adce', '--slsr', '--gvn-hoist', '--adce', '--gvn-hoist', '--adce', '--loop-simplify', '--dse', '--scalarizer', '--simplifycfg', '--lower-expect', '--simplifycfg', '--elim-avail-extern', '--lower-constant-intrinsics', '--ipsccp', '--nary-reassociate', '--gvn', '--early-cse', '--loop-guard-widening', '--jump-threading', '--globalopt', '--slp-vectorizer', '--mem2reg', '--slp-vectorizer', '--instcombine', '--simplifycfg', '--sroa', '--early-cse', '--lower-expect', '--sroa', '--lower-expect', '--aggressive-instcombine']",76,-3.5574286695729693,0.0,-0.7759139535391936,0.0,1,-3.5574286695729693,-0.7759139535391936,0.5620873773639496,-67.00507614213198,12.107873220656332,11.76470588235294,34
2378,"['--ipsccp', '--speculative-execution', '--lower-constant-intrinsics', '--early-cse', '--mem2reg', '--mergefunc', '--jump-threading', '--globalopt', '--elim-avail-extern', '--instcombine', '--loop-instsimplify', '--jump-threading', '--gvn', '--simplifycfg', '--instsimplify', '--inline', '--mergefunc', '--gvn-hoist', '--instcombine', '--globalopt', '--elim-avail-extern', '--loweratomic', '--indvars', '--indvars', '--gvn', '--gvn', '--ipsccp', '--gvn', '--nary-reassociate', '--adce', '--early-cse', '--mem2reg', '--jump-threading', '--globalopt', '--elim-avail-extern', '--instcombine', '--simplifycfg', '--sroa', '--mem2reg', '--globaldce', '--simplifycfg', '--sccp', '--early-cse', '--lower-constant-intrinsics', '--adce', '--slsr', '--gvn-hoist', '--adce', '--loop-simplify', '--dse', '--scalarizer', '--simplifycfg', '--lower-expect', '--gvn-hoist', '--simplifycfg', '--lower-expect', '--simplifycfg', '--elim-avail-extern', '--lower-constant-intrinsics', '--ipsccp', '--gvn', '--nary-reassociate', '--gvn', '--early-cse', '--loop-guard-widening', '--jump-threading', '--globalopt', '--slp-vectorizer', '--instcombine', '--slp-vectorizer', '--instcombine', '--simplifycfg', '--sroa', '--early-cse', '--lower-expect', '--aggressive-instcombine']",76,-3.5574286695729693,0.0,-0.7759139535391936,0.0,1,-3.5574286695729693,-0.7759139535391936,0.5620873773639496,-67.00507614213198,12.107873220656332,11.76470588235294,34
2380,"['--ipsccp', '--speculative-execution', '--sccp', '--lower-constant-intrinsics', '--early-cse', '--mem2reg', '--jump-threading', '--globalopt', '--elim-avail-extern', '--instcombine', '--loop-instsimplify', '--jump-threading', '--gvn', '--simplifycfg', '--instsimplify', '--inline', '--mergefunc', '--gvn-hoist', '--instcombine', '--globalopt', '--elim-avail-extern', '--loweratomic', '--indvars', '--indvars', '--gvn', '--gvn', '--nary-reassociate', '--adce', '--early-cse', '--mem2reg', '--jump-threading', '--globalopt', '--elim-avail-extern', '--instcombine', '--simplifycfg', '--sroa', '--mem2reg', '--globaldce', '--mem2reg', '--globaldce', '--gvn-hoist', '--loop-simplify', '--sccp', '--early-cse', '--lower-constant-intrinsics', '--slsr', '--gvn-hoist', '--adce', '--loop-simplify', '--dse', '--scalarizer', '--adce', '--loop-simplify', '--dse', '--scalarizer', '--simplifycfg', '--mergereturn', '--lower-expect', '--elim-avail-extern', '--lower-constant-intrinsics', '--ipsccp', '--nary-reassociate', '--gvn', '--loop-interchange', '--globalopt', '--slp-vectorizer', '--instcombine', '--slp-vectorizer', '--instcombine', '--simplifycfg', '--sroa', '--early-cse', '--early-cse', '--lower-expect', '--aggressive-instcombine']",75,-3.5574286695729693,0.0,-0.7759139535391936,0.0,1,-3.5574286695729693,-0.7759139535391936,0.5620873773639496,-67.00507614213198,12.107873220656332,11.76470588235294,34
2381,"['--ipsccp', '--speculative-execution', '--sccp', '--lower-constant-intrinsics', '--early-cse', '--mem2reg', '--jump-threading', '--instcombine', '--elim-avail-extern', '--globalopt', '--loop-instsimplify', '--jump-threading', '--gvn', '--simplifycfg', '--ipsccp', '--inline', '--mergefunc', '--gvn-hoist', '--instcombine', '--globalopt', '--elim-avail-extern', '--loweratomic', '--indvars', '--indvars', '--gvn', '--gvn', '--instsimplify', '--gvn', '--nary-reassociate', '--adce', '--early-cse', '--mem2reg', '--jump-threading', '--globalopt', '--elim-avail-extern', '--instcombine', '--simplifycfg', '--sroa', '--mem2reg', '--globaldce', '--gvn-hoist', '--sccp', '--early-cse', '--lower-constant-intrinsics', '--adce', '--slsr', '--gvn-hoist', '--adce', '--loop-simplify', '--dse', '--scalarizer', '--adce', '--loop-simplify', '--dse', '--scalarizer', '--simplifycfg', '--mergereturn', '--lower-expect', '--elim-avail-extern', '--lower-constant-intrinsics', '--ipsccp', '--nary-reassociate', '--gvn', '--jump-threading', '--globalopt', '--slp-vectorizer', '--instcombine', '--slp-vectorizer', '--instcombine', '--simplifycfg', '--sroa', '--early-cse', '--lower-expect', '--sroa', '--sroa', '--aggressive-instcombine']",76,-3.5574286695729693,0.0,-0.7759139535391936,0.0,1,-3.5574286695729693,-0.7759139535391936,0.5620873773639496,-67.00507614213198,12.107873220656332,11.76470588235294,34
2382,"['--ipsccp', '--speculative-execution', '--sccp', '--lower-constant-intrinsics', '--early-cse', '--mem2reg', '--jump-threading', '--globalopt', '--elim-avail-extern', '--instcombine', '--loop-instsimplify', '--jump-threading', '--gvn', '--simplifycfg', '--instsimplify', '--inline', '--mergefunc', '--gvn-hoist', '--instcombine', '--globalopt', '--elim-avail-extern', '--loweratomic', '--indvars', '--indvars', '--gvn', '--gvn', '--ipsccp', '--gvn', '--nary-reassociate', '--adce', '--early-cse', '--mem2reg', '--jump-threading', '--globalopt', '--elim-avail-extern', '--instcombine', '--sroa', '--simplifycfg', '--sroa', '--mem2reg', '--globaldce', '--simplifycfg', '--sccp', '--early-cse', '--lower-constant-intrinsics', '--adce', '--slsr', '--gvn-hoist', '--adce', '--loop-simplify', '--dse', '--scalarizer', '--simplifycfg', '--lower-expect', '--simplifycfg', '--elim-avail-extern', '--lower-constant-intrinsics', '--ipsccp', '--gvn', '--nary-reassociate', '--gvn', '--early-cse', '--mem2reg', '--jump-threading', '--globalopt', '--slp-vectorizer', '--instcombine', '--simplifycfg', '--sroa', '--early-cse', '--lower-expect', '--sroa', '--sroa', '--lower-expect', '--aggressive-instcombine']",75,-3.5574286695729693,0.0,-0.7759139535391936,0.0,1,-3.5574286695729693,-0.7759139535391936,0.5620873773639496,-67.00507614213198,12.107873220656332,11.76470588235294,34
2383,"['--ipsccp', '--speculative-execution', '--sccp', '--lower-constant-intrinsics', '--early-cse', '--mem2reg', '--instsimplify', '--jump-threading', '--globalopt', '--elim-avail-extern', '--instcombine', '--loop-instsimplify', '--jump-threading', '--gvn', '--simplifycfg', '--instsimplify', '--inline', '--mergefunc', '--gvn-hoist', '--instcombine', '--globalopt', '--elim-avail-extern', '--loweratomic', '--indvars', '--indvars', '--gvn', '--gvn', '--ipsccp', '--gvn', '--nary-reassociate', '--early-cse', '--mem2reg', '--jump-threading', '--globalopt', '--elim-avail-extern', '--instcombine', '--simplifycfg', '--sroa', '--mem2reg', '--globaldce', '--gvn-hoist', '--sccp', '--early-cse', '--lower-constant-intrinsics', '--adce', '--slsr', '--nary-reassociate', '--adce', '--loop-simplify', '--dse', '--scalarizer', '--adce', '--loop-simplify', '--dse', '--scalarizer', '--simplifycfg', '--mergereturn', '--lower-expect', '--elim-avail-extern', '--lower-constant-intrinsics', '--ipsccp', '--gvn-hoist', '--gvn', '--jump-threading', '--globalopt', '--slp-vectorizer', '--instcombine', '--slp-vectorizer', '--instcombine', '--simplifycfg', '--sroa', '--early-cse', '--early-cse', '--lower-expect', '--aggressive-instcombine']",75,-3.5574286695729693,0.0,-0.7759139535391936,0.0,1,-3.5574286695729693,-0.7759139535391936,0.5620873773639496,-67.00507614213198,12.107873220656332,11.76470588235294,34
2386,"['--ipsccp', '--speculative-execution', '--sccp', '--lower-constant-intrinsics', '--early-cse', '--mem2reg', '--jump-threading', '--globalopt', '--elim-avail-extern', '--instcombine', '--loop-instsimplify', '--jump-threading', '--gvn', '--simplifycfg', '--instsimplify', '--inline', '--mergefunc', '--gvn-hoist', '--instcombine', '--globalopt', '--elim-avail-extern', '--loweratomic', '--indvars', '--indvars', '--gvn', '--gvn', '--ipsccp', '--gvn', '--nary-reassociate', '--adce', '--early-cse', '--lower-constant-intrinsics', '--jump-threading', '--globalopt', '--elim-avail-extern', '--instcombine', '--sroa', '--simplifycfg', '--sroa', '--mem2reg', '--sccp', '--early-cse', '--lower-constant-intrinsics', '--adce', '--slsr', '--gvn-hoist', '--adce', '--loop-simplify', '--dse', '--scalarizer', '--simplifycfg', '--lower-expect', '--gvn-hoist', '--simplifycfg', '--lower-expect', '--simplifycfg', '--elim-avail-extern', '--mem2reg', '--ipsccp', '--gvn', '--nary-reassociate', '--gvn', '--early-cse', '--loop-guard-widening', '--jump-threading', '--globalopt', '--slp-vectorizer', '--instcombine', '--slp-vectorizer', '--instcombine', '--simplifycfg', '--sroa', '--early-cse', '--lower-expect', '--aggressive-instcombine']",75,-3.5574286695729693,0.0,-0.7759139535391936,0.0,1,-3.5574286695729693,-0.7759139535391936,0.5620873773639496,-67.00507614213198,12.107873220656332,11.76470588235294,34
2387,"['--ipsccp', '--speculative-execution', '--sccp', '--lower-constant-intrinsics', '--early-cse', '--mem2reg', '--jump-threading', '--globalopt', '--elim-avail-extern', '--instcombine', '--loop-instsimplify', '--jump-threading', '--gvn', '--simplifycfg', '--loop-versioning-licm', '--instsimplify', '--inline', '--mergefunc', '--gvn-hoist', '--instcombine', '--globalopt', '--elim-avail-extern', '--loweratomic', '--indvars', '--indvars', '--gvn', '--gvn', '--ipsccp', '--gvn', '--nary-reassociate', '--early-cse', '--mem2reg', '--jump-threading', '--globalopt', '--elim-avail-extern', '--instcombine', '--simplifycfg', '--sroa', '--mem2reg', '--globaldce', '--gvn-hoist', '--sccp', '--early-cse', '--lower-constant-intrinsics', '--aggressive-instcombine', '--slsr', '--nary-reassociate', '--adce', '--loop-simplify', '--dse', '--scalarizer', '--adce', '--loop-simplify', '--dse', '--scalarizer', '--simplifycfg', '--lower-expect', '--elim-avail-extern', '--lower-constant-intrinsics', '--ipsccp', '--gvn-hoist', '--gvn', '--jump-threading', '--globalopt', '--slp-vectorizer', '--instcombine', '--slp-vectorizer', '--instcombine', '--simplifycfg', '--sroa', '--early-cse', '--early-cse', '--lower-expect', '--adce']",74,-3.5574286695729693,0.0,-0.7759139535391936,0.0,1,-3.5574286695729693,-0.7759139535391936,0.5620873773639496,-67.00507614213198,12.107873220656332,11.76470588235294,34
2362,"['--ipsccp', '--speculative-execution', '--sccp', '--lower-constant-intrinsics', '--early-cse', '--mem2reg', '--jump-threading', '--globalopt', '--elim-avail-extern', '--instcombine', '--loop-instsimplify', '--jump-threading', '--gvn', '--simplifycfg', '--instsimplify', '--inline', '--mergefunc', '--gvn-hoist', '--instcombine', '--globalopt', '--elim-avail-extern', '--loweratomic', '--indvars', '--indvars', '--gvn', '--gvn', '--ipsccp', '--gvn', '--nary-reassociate', '--adce', '--early-cse', '--mem2reg', '--jump-threading', '--globalopt', '--elim-avail-extern', '--instcombine', '--simplifycfg', '--sroa', '--mem2reg', '--globaldce', '--gvn-hoist', '--sccp', '--early-cse', '--lower-constant-intrinsics', '--adce', '--slsr', '--gvn-hoist', '--adce', '--loop-simplify', '--dse', '--scalarizer', '--adce', '--loop-simplify', '--dse', '--scalarizer', '--simplifycfg', '--mergereturn', '--lower-expect', '--elim-avail-extern', '--nary-reassociate', '--gvn', '--early-cse', '--loop-guard-widening', '--jump-threading', '--globalopt', '--slp-vectorizer', '--instcombine', '--slp-vectorizer', '--instcombine', '--simplifycfg', '--early-cse', '--lower-expect', '--sroa', '--lower-expect', '--aggressive-instcombine']",75,-3.5574286695729693,0.0,-0.7759139535391936,0.0,1,-3.5574286695729693,-0.7759139535391936,0.5620873773639496,-67.00507614213198,12.107873220656332,11.76470588235294,34
2359,"['--ipsccp', '--speculative-execution', '--sccp', '--lower-constant-intrinsics', '--early-cse', '--mem2reg', '--instsimplify', '--globalopt', '--elim-avail-extern', '--instcombine', '--loop-instsimplify', '--jump-threading', '--gvn', '--simplifycfg', '--instsimplify', '--inline', '--mergefunc', '--gvn-hoist', '--instcombine', '--globalopt', '--elim-avail-extern', '--loweratomic', '--indvars', '--indvars', '--gvn', '--gvn', '--ipsccp', '--gvn', '--nary-reassociate', '--adce', '--early-cse', '--mem2reg', '--jump-threading', '--globalopt', '--elim-avail-extern', '--instcombine', '--simplifycfg', '--sroa', '--mem2reg', '--globaldce', '--gvn-hoist', '--sccp', '--early-cse', '--lower-constant-intrinsics', '--adce', '--slsr', '--gvn-hoist', '--adce', '--gvn-hoist', '--adce', '--loop-simplify', '--dse', '--scalarizer', '--dse', '--scalarizer', '--simplifycfg', '--mergereturn', '--lower-expect', '--elim-avail-extern', '--lower-constant-intrinsics', '--ipsccp', '--nary-reassociate', '--gvn', '--jump-threading', '--globalopt', '--slp-vectorizer', '--instcombine', '--slp-vectorizer', '--instcombine', '--simplifycfg', '--sroa', '--early-cse', '--lower-expect', '--sroa', '--sroa', '--aggressive-instcombine']",76,-3.5574286695729693,0.0,-0.7759139535391936,0.0,1,-3.5574286695729693,-0.7759139535391936,0.5620873773639496,-67.00507614213198,12.107873220656332,11.76470588235294,34
2330,"['--ipsccp', '--speculative-execution', '--sccp', '--lower-constant-intrinsics', '--early-cse', '--mem2reg', '--jump-threading', '--instcombine', '--elim-avail-extern', '--globalopt', '--loop-instsimplify', '--jump-threading', '--gvn', '--simplifycfg', '--instsimplify', '--inline', '--mergefunc', '--gvn-hoist', '--instcombine', '--globalopt', '--elim-avail-extern', '--loweratomic', '--indvars', '--indvars', '--gvn', '--gvn', '--ipsccp', '--gvn', '--nary-reassociate', '--adce', '--early-cse', '--mem2reg', '--jump-threading', '--globalopt', '--elim-avail-extern', '--instcombine', '--simplifycfg', '--sroa', '--mem2reg', '--globaldce', '--gvn-hoist', '--sccp', '--early-cse', '--lower-constant-intrinsics', '--adce', '--slsr', '--gvn-hoist', '--adce', '--loop-simplify', '--dse', '--scalarizer', '--adce', '--loop-simplify', '--dse', '--scalarizer', '--simplifycfg', '--mergereturn', '--lower-expect', '--elim-avail-extern', '--lower-constant-intrinsics', '--correlated-propagation', '--ipsccp', '--nary-reassociate', '--jump-threading', '--globalopt', '--slp-vectorizer', '--instcombine', '--slp-vectorizer', '--instcombine', '--simplifycfg', '--sroa', '--early-cse', '--early-cse', '--lower-expect', '--aggressive-instcombine']",75,-3.5574286695729693,0.0,-0.7759139535391936,0.0,1,-3.5574286695729693,-0.7759139535391936,0.5620873773639496,-67.00507614213198,12.107873220656332,11.76470588235294,34
2347,"['--ipsccp', '--speculative-execution', '--sccp', '--early-cse', '--mem2reg', '--jump-threading', '--globalopt', '--elim-avail-extern', '--instcombine', '--adce', '--jump-threading', '--gvn', '--simplifycfg', '--instsimplify', '--inline', '--mergefunc', '--gvn-hoist', '--gvn-hoist', '--instcombine', '--globalopt', '--elim-avail-extern', '--loweratomic', '--indvars', '--indvars', '--gvn', '--gvn', '--ipsccp', '--gvn', '--nary-reassociate', '--adce', '--strip', '--mem2reg', '--jump-threading', '--globalopt', '--elim-avail-extern', '--instcombine', '--simplifycfg', '--sroa', '--mem2reg', '--globaldce', '--gvn-hoist', '--sccp', '--early-cse', '--lower-constant-intrinsics', '--adce', '--slsr', '--gvn-hoist', '--adce', '--loop-simplify', '--loop-simplify', '--dse', '--scalarizer', '--dse', '--scalarizer', '--simplifycfg', '--mergereturn', '--lower-expect', '--elim-avail-extern', '--lower-constant-intrinsics', '--ipsccp', '--nary-reassociate', '--gvn', '--jump-threading', '--globalopt', '--slp-vectorizer', '--instcombine', '--slp-vectorizer', '--instcombine', '--simplifycfg', '--sroa', '--early-cse', '--lower-expect', '--sroa', '--sroa', '--aggressive-instcombine']",75,-3.5574286695729693,0.0,-0.7759139535391936,0.0,1,-3.5574286695729693,-0.7759139535391936,0.5620873773639496,-67.00507614213198,12.107873220656332,11.76470588235294,34
2333,"['--ipsccp', '--speculative-execution', '--sccp', '--lower-constant-intrinsics', '--early-cse', '--mem2reg', '--jump-threading', '--globalopt', '--elim-avail-extern', '--instcombine', '--loop-instsimplify', '--jump-threading', '--gvn', '--simplifycfg', '--instsimplify', '--inline', '--mergefunc', '--gvn-hoist', '--instcombine', '--globalopt', '--elim-avail-extern', '--loweratomic', '--indvars', '--indvars', '--gvn', '--gvn', '--ipsccp', '--gvn', '--nary-reassociate', '--adce', '--early-cse', '--mem2reg', '--jump-threading', '--globalopt', '--elim-avail-extern', '--instcombine', '--simplifycfg', '--sroa', '--mem2reg', '--globaldce', '--gvn-hoist', '--sccp', '--early-cse', '--lower-constant-intrinsics', '--adce', '--slsr', '--gvn-hoist', '--adce', '--loop-simplify', '--dse', '--scalarizer', '--adce', '--loop-simplify', '--dse', '--scalarizer', '--simplifycfg', '--mergereturn', '--lower-expect', '--elim-avail-extern', '--nary-reassociate', '--gvn', '--early-cse', '--loop-guard-widening', '--jump-threading', '--globalopt', '--slp-vectorizer', '--instcombine', '--slp-vectorizer', '--instcombine', '--simplifycfg', '--sroa', '--early-cse', '--lower-expect', '--sroa', '--lower-expect', '--aggressive-instcombine']",76,-3.5574286695729693,0.0,-0.7759139535391936,0.0,1,-3.5574286695729693,-0.7759139535391936,0.5620873773639496,-67.00507614213198,12.107873220656332,11.76470588235294,34
2334,"['--ipsccp', '--speculative-execution', '--sccp', '--early-cse', '--mem2reg', '--jump-threading', '--partially-inline-libcalls', '--globalopt', '--elim-avail-extern', '--instcombine', '--adce', '--jump-threading', '--gvn', '--simplifycfg', '--instsimplify', '--inline', '--mergefunc', '--loop-versioning-licm', '--gvn-hoist', '--instcombine', '--globalopt', '--elim-avail-extern', '--loweratomic', '--indvars', '--indvars', '--gvn', '--gvn', '--ipsccp', '--gvn', '--nary-reassociate', '--adce', '--early-cse', '--mem2reg', '--jump-threading', '--globalopt', '--elim-avail-extern', '--instcombine', '--simplifycfg', '--sroa', '--mem2reg', '--globaldce', '--gvn-hoist', '--sccp', '--early-cse', '--lower-constant-intrinsics', '--adce', '--slsr', '--gvn-hoist', '--adce', '--loop-simplify', '--dse', '--scalarizer', '--adce', '--loop-simplify', '--dse', '--scalarizer', '--simplifycfg', '--mergereturn', '--lower-expect', '--elim-avail-extern', '--lower-constant-intrinsics', '--nary-reassociate', '--gvn', '--jump-threading', '--globalopt', '--slp-vectorizer', '--instcombine', '--slp-vectorizer', '--instcombine', '--simplifycfg', '--sroa', '--early-cse', '--early-cse', '--lower-expect', '--aggressive-instcombine']",75,-3.5574286695729693,0.0,-0.7759139535391936,0.0,1,-3.5574286695729693,-0.7759139535391936,0.5620873773639496,-67.00507614213198,12.107873220656332,11.76470588235294,34
2335,"['--ipsccp', '--speculative-execution', '--sccp', '--lower-constant-intrinsics', '--early-cse', '--mem2reg', '--jump-threading', '--globalopt', '--elim-avail-extern', '--instcombine', '--loop-instsimplify', '--jump-threading', '--gvn', '--simplifycfg', '--instsimplify', '--inline', '--mergefunc', '--gvn-hoist', '--instcombine', '--globalopt', '--elim-avail-extern', '--loweratomic', '--indvars', '--indvars', '--gvn', '--gvn', '--ipsccp', '--gvn', '--nary-reassociate', '--adce', '--early-cse', '--mem2reg', '--jump-threading', '--globalopt', '--elim-avail-extern', '--instcombine', '--simplifycfg', '--sroa', '--mem2reg', '--globaldce', '--gvn-hoist', '--sccp', '--early-cse', '--lower-constant-intrinsics', '--adce', '--slsr', '--gvn-hoist', '--adce', '--gvn-hoist', '--adce', '--loop-simplify', '--dse', '--scalarizer', '--dse', '--scalarizer', '--simplifycfg', '--mergereturn', '--lower-expect', '--elim-avail-extern', '--lower-constant-intrinsics', '--ipsccp', '--nary-reassociate', '--gvn', '--jump-threading', '--globalopt', '--slp-vectorizer', '--instcombine', '--slp-vectorizer', '--instcombine', '--simplifycfg', '--sroa', '--early-cse', '--lower-expect', '--sroa', '--sroa', '--aggressive-instcombine']",76,-3.5574286695729693,0.0,-0.7759139535391936,0.0,1,-3.5574286695729693,-0.7759139535391936,0.5620873773639496,-67.00507614213198,12.107873220656332,11.76470588235294,34
2339,"['--ipsccp', '--speculative-execution', '--sccp', '--lower-constant-intrinsics', '--early-cse', '--mem2reg', '--jump-threading', '--globalopt', '--elim-avail-extern', '--instcombine', '--loop-instsimplify', '--jump-threading', '--gvn', '--simplifycfg', '--instsimplify', '--inline', '--mergefunc', '--gvn-hoist', '--instcombine', '--globalopt', '--elim-avail-extern', '--loweratomic', '--indvars', '--indvars', '--gvn', '--gvn', '--ipsccp', '--gvn', '--nary-reassociate', '--adce', '--early-cse', '--loweratomic', '--mem2reg', '--jump-threading', '--globalopt', '--elim-avail-extern', '--instcombine', '--simplifycfg', '--sroa', '--mem2reg', '--globaldce', '--simplifycfg', '--sccp', '--early-cse', '--lower-constant-intrinsics', '--adce', '--slsr', '--gvn-hoist', '--adce', '--loop-simplify', '--dse', '--scalarizer', '--simplifycfg', '--lower-expect', '--gvn-hoist', '--simplifycfg', '--lower-expect', '--simplifycfg', '--elim-avail-extern', '--lower-constant-intrinsics', '--ipsccp', '--gvn', '--nary-reassociate', '--gvn', '--early-cse', '--loop-guard-widening', '--jump-threading', '--globalopt', '--slp-vectorizer', '--instcombine', '--slp-vectorizer', '--instcombine', '--simplifycfg', '--sroa', '--early-cse', '--lower-expect', '--aggressive-instcombine']",77,-3.5574286695729693,0.0,-0.7759139535391936,0.0,1,-3.5574286695729693,-0.7759139535391936,0.5620873773639496,-67.00507614213198,12.107873220656332,11.76470588235294,34
2341,"['--ipsccp', '--speculative-execution', '--sccp', '--lower-constant-intrinsics', '--early-cse', '--mem2reg', '--mergefunc', '--jump-threading', '--globalopt', '--elim-avail-extern', '--instcombine', '--loop-instsimplify', '--jump-threading', '--gvn', '--simplifycfg', '--instsimplify', '--inline', '--mergefunc', '--gvn-hoist', '--instcombine', '--globalopt', '--elim-avail-extern', '--loweratomic', '--indvars', '--indvars', '--gvn', '--gvn', '--ipsccp', '--gvn', '--nary-reassociate', '--adce', '--early-cse', '--mem2reg', '--jump-threading', '--globalopt', '--elim-avail-extern', '--instcombine', '--simplifycfg', '--sroa', '--mem2reg', '--globaldce', '--simplifycfg', '--sccp', '--early-cse', '--lower-constant-intrinsics', '--adce', '--slsr', '--gvn-hoist', '--adce', '--loop-simplify', '--dse', '--scalarizer', '--simplifycfg', '--lower-expect', '--gvn-hoist', '--simplifycfg', '--lower-expect', '--simplifycfg', '--elim-avail-extern', '--lower-constant-intrinsics', '--ipsccp', '--gvn', '--nary-reassociate', '--gvn', '--early-cse', '--loop-guard-widening', '--jump-threading', '--globalopt', '--slp-vectorizer', '--instcombine', '--slp-vectorizer', '--instcombine', '--simplifycfg', '--sroa', '--early-cse', '--lower-expect', '--aggressive-instcombine']",77,-3.5574286695729693,0.0,-0.7759139535391936,0.0,1,-3.5574286695729693,-0.7759139535391936,0.5620873773639496,-67.00507614213198,12.107873220656332,11.76470588235294,34
2342,"['--ipsccp', '--speculative-execution', '--sccp', '--early-cse', '--mem2reg', '--sroa', '--globalopt', '--elim-avail-extern', '--instcombine', '--loop-instsimplify', '--jump-threading', '--gvn', '--simplifycfg', '--instsimplify', '--inline', '--mergefunc', '--gvn-hoist', '--mergefunc', '--gvn-hoist', '--globalopt', '--elim-avail-extern', '--loweratomic', '--indvars', '--indvars', '--gvn', '--gvn', '--ipsccp', '--gvn', '--nary-reassociate', '--adce', '--early-cse', '--mem2reg', '--jump-threading', '--globalopt', '--elim-avail-extern', '--instcombine', '--simplifycfg', '--sroa', '--mem2reg', '--globaldce', '--gvn-hoist', '--sccp', '--early-cse', '--lower-constant-intrinsics', '--lower-constant-intrinsics', '--slsr', '--gvn-hoist', '--adce', '--loop-simplify', '--dse', '--scalarizer', '--adce', '--loop-simplify', '--simplifycfg', '--lower-expect', '--simplifycfg', '--elim-avail-extern', '--lower-constant-intrinsics', '--ipsccp', '--nary-reassociate', '--gvn', '--early-cse', '--loop-guard-widening', '--jump-threading', '--globalopt', '--slp-vectorizer', '--instcombine', '--slp-vectorizer', '--instcombine', '--simplifycfg', '--sroa', '--early-cse', '--lower-expect', '--sroa', '--lower-expect', '--aggressive-instcombine']",76,-3.5574286695729693,0.0,-0.7759139535391936,0.0,1,-3.5574286695729693,-0.7759139535391936,0.5620873773639496,-67.00507614213198,12.107873220656332,11.76470588235294,34
2345,"['--ipsccp', '--speculative-execution', '--sccp', '--early-cse', '--mem2reg', '--jump-threading', '--globalopt', '--elim-avail-extern', '--instcombine', '--adce', '--jump-threading', '--gvn', '--simplifycfg', '--instsimplify', '--inline', '--mergefunc', '--gvn-hoist', '--gvn-hoist', '--instcombine', '--globalopt', '--elim-avail-extern', '--loweratomic', '--indvars', '--indvars', '--gvn', '--gvn', '--reassociate', '--gvn', '--nary-reassociate', '--adce', '--loop-instsimplify', '--early-cse', '--mem2reg', '--memcpyopt', '--globalopt', '--instsimplify', '--jump-threading', '--bdce', '--elim-avail-extern', '--instcombine', '--simplifycfg', '--sroa', '--lower-constant-intrinsics', '--adce', '--slsr', '--gvn-hoist', '--adce', '--loop-simplify', '--adce', '--loop-simplify', '--dse', '--adce', '--loop-simplify', '--loop-deletion', '--scalarizer', '--simplifycfg', '--mergereturn', '--lower-expect', '--elim-avail-extern', '--lower-constant-intrinsics', '--ipsccp', '--gvn-hoist', '--gvn', '--jump-threading', '--globalopt', '--slp-vectorizer', '--instcombine', '--slp-vectorizer', '--instcombine', '--simplifycfg', '--sroa', '--early-cse', '--early-cse', '--lower-expect', '--aggressive-instcombine']",75,-3.5574286695729693,0.0,-0.7759139535391936,0.0,1,-3.5574286695729693,-0.7759139535391936,0.5620873773639496,-67.00507614213198,12.107873220656332,11.76470588235294,34
2346,"['--ipsccp', '--speculative-execution', '--sccp', '--lower-constant-intrinsics', '--early-cse', '--mem2reg', '--jump-threading', '--globalopt', '--elim-avail-extern', '--instcombine', '--jump-threading', '--gvn', '--simplifycfg', '--instsimplify', '--inline', '--mergefunc', '--gvn-hoist', '--instcombine', '--globalopt', '--elim-avail-extern', '--loweratomic', '--indvars', '--indvars', '--gvn', '--gvn', '--ipsccp', '--gvn', '--nary-reassociate', '--adce', '--early-cse', '--mem2reg', '--jump-threading', '--globalopt', '--elim-avail-extern', '--instcombine', '--sroa', '--simplifycfg', '--sroa', '--mem2reg', '--globaldce', '--simplifycfg', '--sccp', '--adce', '--slsr', '--gvn-hoist', '--adce', '--loop-simplify', '--dse', '--scalarizer', '--adce', '--loop-simplify', '--dse', '--scalarizer', '--simplifycfg', '--mergereturn', '--lower-expect', '--elim-avail-extern', '--lower-constant-intrinsics', '--correlated-propagation', '--ipsccp', '--nary-reassociate', '--gvn', '--jump-threading', '--globalopt', '--slp-vectorizer', '--instcombine', '--slp-vectorizer', '--early-cse', '--lower-expect', '--sroa', '--lower-expect', '--simplifycfg', '--aggressive-instcombine']",73,-3.5574286695729693,0.0,-0.7759139535391936,0.0,1,-3.5574286695729693,-0.7759139535391936,0.5620873773639496,-67.00507614213198,12.107873220656332,11.76470588235294,34
2348,"['--ipsccp', '--speculative-execution', '--sccp', '--lower-constant-intrinsics', '--early-cse', '--mem2reg', '--jump-threading', '--globalopt', '--elim-avail-extern', '--instcombine', '--loop-instsimplify', '--jump-threading', '--gvn', '--simplifycfg', '--loop-versioning-licm', '--instsimplify', '--inline', '--mergefunc', '--gvn-hoist', '--globalopt', '--elim-avail-extern', '--loweratomic', '--indvars', '--indvars', '--gvn', '--gvn', '--ipsccp', '--gvn', '--nary-reassociate', '--mem2reg', '--jump-threading', '--correlated-propagation', '--mem2reg', '--memcpyopt', '--globalopt', '--jump-threading', '--bdce', '--elim-avail-extern', '--instcombine', '--simplifycfg', '--sroa', '--lower-constant-intrinsics', '--adce', '--slsr', '--gvn-hoist', '--adce', '--dse', '--adce', '--loop-simplify', '--loop-simplify', '--scalarizer', '--scalarizer', '--simplifycfg', '--lower-expect', '--simplifycfg', '--elim-avail-extern', '--lower-constant-intrinsics', '--lower-constant-intrinsics', '--ipsccp', '--nary-reassociate', '--adce', '--gvn', '--jump-threading', '--globalopt', '--slp-vectorizer', '--instcombine', '--slp-vectorizer', '--instcombine', '--simplifycfg', '--sroa', '--early-cse', '--early-cse', '--lower-expect', '--aggressive-instcombine']",74,-3.5574286695729693,0.0,-0.7759139535391936,0.0,1,-3.5574286695729693,-0.7759139535391936,0.5620873773639496,-67.00507614213198,12.107873220656332,11.76470588235294,34
2358,"['--ipsccp', '--speculative-execution', '--sccp', '--lower-constant-intrinsics', '--early-cse', '--mem2reg', '--jump-threading', '--globalopt', '--elim-avail-extern', '--instcombine', '--loop-instsimplify', '--jump-threading', '--gvn', '--simplifycfg', '--instsimplify', '--inline', '--mergefunc', '--gvn-hoist', '--instcombine', '--globalopt', '--elim-avail-extern', '--loweratomic', '--indvars', '--indvars', '--gvn', '--gvn', '--ipsccp', '--gvn', '--nary-reassociate', '--adce', '--early-cse', '--mem2reg', '--jump-threading', '--globalopt', '--elim-avail-extern', '--instcombine', '--simplifycfg', '--sroa', '--mem2reg', '--globaldce', '--gvn-hoist', '--sccp', '--early-cse', '--lower-constant-intrinsics', '--adce', '--slsr', '--nary-reassociate', '--adce', '--loop-simplify', '--dse', '--scalarizer', '--adce', '--loop-simplify', '--dse', '--scalarizer', '--simplifycfg', '--mergereturn', '--lower-expect', '--elim-avail-extern', '--lower-constant-intrinsics', '--ipsccp', '--gvn-hoist', '--gvn', '--jump-threading', '--globalopt', '--slp-vectorizer', '--instcombine', '--slp-vectorizer', '--instcombine', '--simplifycfg', '--sroa', '--sroa', '--early-cse', '--early-cse', '--lower-expect', '--aggressive-instcombine']",76,-3.5574286695729693,0.0,-0.7759139535391936,0.0,1,-3.5574286695729693,-0.7759139535391936,0.5620873773639496,-67.00507614213198,12.107873220656332,11.76470588235294,34
2349,"['--ipsccp', '--speculative-execution', '--sccp', '--lower-constant-intrinsics', '--early-cse', '--mem2reg', '--jump-threading', '--globalopt', '--elim-avail-extern', '--instcombine', '--loop-instsimplify', '--jump-threading', '--gvn', '--simplifycfg', '--instsimplify', '--inline', '--mergefunc', '--gvn-hoist', '--instcombine', '--globalopt', '--elim-avail-extern', '--loweratomic', '--indvars', '--indvars', '--gvn', '--gvn', '--ipsccp', '--gvn', '--nary-reassociate', '--adce', '--early-cse', '--mem2reg', '--jump-threading', '--globalopt', '--elim-avail-extern', '--instcombine', '--simplifycfg', '--sroa', '--mem2reg', '--globaldce', '--gvn-hoist', '--sccp', '--early-cse', '--lower-constant-intrinsics', '--adce', '--slsr', '--gvn-hoist', '--adce', '--loop-simplify', '--dse', '--scalarizer', '--adce', '--loop-simplify', '--scalarizer', '--simplifycfg', '--mergereturn', '--lower-expect', '--elim-avail-extern', '--lower-constant-intrinsics', '--ipsccp', '--nary-reassociate', '--gvn', '--jump-threading', '--globalopt', '--slp-vectorizer', '--instcombine', '--slp-vectorizer', '--instcombine', '--simplifycfg', '--sroa', '--early-cse', '--lower-expect', '--sroa', '--sroa', '--aggressive-instcombine']",75,-3.5574286695729693,0.0,-0.7759139535391936,0.0,1,-3.5574286695729693,-0.7759139535391936,0.5620873773639496,-67.00507614213198,12.107873220656332,11.76470588235294,34
2351,"['--ipsccp', '--speculative-execution', '--sccp', '--lower-constant-intrinsics', '--early-cse', '--mem2reg', '--jump-threading', '--globalopt', '--elim-avail-extern', '--instcombine', '--loop-instsimplify', '--jump-threading', '--gvn', '--simplifycfg', '--instsimplify', '--inline', '--mergefunc', '--gvn-hoist', '--instcombine', '--globalopt', '--elim-avail-extern', '--loweratomic', '--indvars', '--indvars', '--gvn', '--gvn', '--ipsccp', '--gvn', '--nary-reassociate', '--mem2reg', '--jump-threading', '--correlated-propagation', '--mem2reg', '--memcpyopt', '--globalopt', '--jump-threading', '--bdce', '--elim-avail-extern', '--instcombine', '--simplifycfg', '--sroa', '--lower-constant-intrinsics', '--adce', '--slsr', '--gvn-hoist', '--adce', '--loop-simplify', '--adce', '--loop-simplify', '--dse', '--scalarizer', '--scalarizer', '--simplifycfg', '--lower-expect', '--simplifycfg', '--elim-avail-extern', '--lower-constant-intrinsics', '--lower-constant-intrinsics', '--ipsccp', '--nary-reassociate', '--adce', '--early-cse', '--loop-guard-widening', '--jump-threading', '--slp-vectorizer', '--instcombine', '--slp-vectorizer', '--instcombine', '--simplifycfg', '--sroa', '--sroa', '--early-cse', '--lower-expect', '--sroa', '--lower-expect', '--aggressive-instcombine']",76,-3.5574286695729693,0.0,-0.7759139535391936,0.0,1,-3.5574286695729693,-0.7759139535391936,0.5620873773639496,-67.00507614213198,12.107873220656332,11.76470588235294,34
2352,"['--ipsccp', '--speculative-execution', '--sccp', '--lower-constant-intrinsics', '--early-cse', '--mem2reg', '--mergefunc', '--jump-threading', '--elim-avail-extern', '--instcombine', '--loop-instsimplify', '--jump-threading', '--gvn', '--simplifycfg', '--instsimplify', '--inline', '--mergefunc', '--gvn-hoist', '--instcombine', '--globalopt', '--elim-avail-extern', '--loweratomic', '--indvars', '--indvars', '--gvn', '--gvn', '--ipsccp', '--gvn', '--nary-reassociate', '--mem2reg', '--jump-threading', '--correlated-propagation', '--mem2reg', '--memcpyopt', '--globalopt', '--jump-threading', '--bdce', '--elim-avail-extern', '--instcombine', '--simplifycfg', '--sroa', '--lower-constant-intrinsics', '--adce', '--slsr', '--gvn-hoist', '--adce', '--loop-simplify', '--adce', '--loop-simplify', '--dse', '--scalarizer', '--scalarizer', '--simplifycfg', '--lower-expect', '--simplifycfg', '--elim-avail-extern', '--lower-constant-intrinsics', '--lower-constant-intrinsics', '--ipsccp', '--nary-reassociate', '--adce', '--early-cse', '--loop-guard-widening', '--jump-threading', '--slp-vectorizer', '--instcombine', '--slp-vectorizer', '--instcombine', '--simplifycfg', '--sroa', '--early-cse', '--lower-expect', '--sroa', '--lower-expect', '--aggressive-instcombine']",75,-3.5574286695729693,0.0,-0.7759139535391936,0.0,1,-3.5574286695729693,-0.7759139535391936,0.5620873773639496,-67.00507614213198,12.107873220656332,11.76470588235294,34
2353,"['--ipsccp', '--speculative-execution', '--sccp', '--early-cse', '--mem2reg', '--jump-threading', '--globalopt', '--elim-avail-extern', '--instcombine', '--loop-instsimplify', '--jump-threading', '--gvn', '--simplifycfg', '--hotcoldsplit', '--inline', '--mergefunc', '--mergefunc', '--gvn-hoist', '--instcombine', '--globalopt', '--elim-avail-extern', '--loweratomic', '--indvars', '--indvars', '--gvn', '--gvn', '--ipsccp', '--gvn', '--nary-reassociate', '--mldst-motion', '--early-cse', '--mem2reg', '--jump-threading', '--globalopt', '--elim-avail-extern', '--instcombine', '--simplifycfg', '--sroa', '--mem2reg', '--globaldce', '--gvn-hoist', '--sccp', '--early-cse', '--loop-guard-widening', '--adce', '--slsr', '--nary-reassociate', '--adce', '--loop-simplify', '--dse', '--scalarizer', '--adce', '--loop-simplify', '--dse', '--ipsccp', '--dse', '--scalarizer', '--simplifycfg', '--lower-expect', '--simplifycfg', '--elim-avail-extern', '--lower-constant-intrinsics', '--ipsccp', '--nary-reassociate', '--gvn', '--jump-threading', '--jump-threading', '--globalopt', '--slp-vectorizer', '--instcombine', '--simplifycfg', '--early-cse', '--sroa', '--sroa', '--instcombine', '--aggressive-instcombine']",76,-3.5574286695729693,0.0,-0.7759139535391936,0.0,1,-3.5574286695729693,-0.7759139535391936,0.5620873773639496,-67.00507614213198,12.107873220656332,11.76470588235294,34
2354,"['--ipsccp', '--speculative-execution', '--sccp', '--lower-constant-intrinsics', '--early-cse', '--mem2reg', '--jump-threading', '--globalopt', '--elim-avail-extern', '--instcombine', '--loop-instsimplify', '--jump-threading', '--gvn', '--simplifycfg', '--instsimplify', '--inline', '--mergefunc', '--gvn-hoist', '--instcombine', '--globalopt', '--elim-avail-extern', '--loweratomic', '--indvars', '--indvars', '--gvn', '--gvn', '--ipsccp', '--gvn', '--nary-reassociate', '--adce', '--early-cse', '--mem2reg', '--jump-threading', '--globalopt', '--elim-avail-extern', '--instcombine', '--simplifycfg', '--sroa', '--mem2reg', '--globaldce', '--gvn-hoist', '--sccp', '--early-cse', '--lower-constant-intrinsics', '--adce', '--slsr', '--gvn-hoist', '--adce', '--loop-simplify', '--dse', '--scalarizer', '--adce', '--loop-simplify', '--dse', '--scalarizer', '--simplifycfg', '--mergereturn', '--lower-expect', '--elim-avail-extern', '--lower-constant-intrinsics', '--correlated-propagation', '--ipsccp', '--nary-reassociate', '--gvn', '--jump-threading', '--globalopt', '--slp-vectorizer', '--instcombine', '--slp-vectorizer', '--early-cse', '--instcombine', '--simplifycfg', '--sroa', '--early-cse', '--lower-expect', '--aggressive-instcombine']",76,-3.5574286695729693,0.0,-0.7759139535391936,0.0,1,-3.5574286695729693,-0.7759139535391936,0.5620873773639496,-67.00507614213198,12.107873220656332,11.76470588235294,34
2355,"['--ipsccp', '--speculative-execution', '--sccp', '--lower-constant-intrinsics', '--early-cse', '--mem2reg', '--jump-threading', '--jump-threading', '--globalopt', '--elim-avail-extern', '--instcombine', '--loop-instsimplify', '--jump-threading', '--gvn', '--simplifycfg', '--instsimplify', '--inline', '--mergefunc', '--gvn-hoist', '--instcombine', '--globalopt', '--elim-avail-extern', '--loweratomic', '--indvars', '--indvars', '--gvn', '--gvn', '--ipsccp', '--gvn', '--nary-reassociate', '--adce', '--early-cse', '--mem2reg', '--jump-threading', '--globalopt', '--elim-avail-extern', '--instcombine', '--simplifycfg', '--sroa', '--mem2reg', '--globaldce', '--gvn-hoist', '--sccp', '--early-cse', '--lower-constant-intrinsics', '--adce', '--slsr', '--gvn-hoist', '--adce', '--loop-simplify', '--dse', '--scalarizer', '--adce', '--loop-simplify', '--dse', '--scalarizer', '--simplifycfg', '--mergereturn', '--lower-expect', '--elim-avail-extern', '--lower-constant-intrinsics', '--nary-reassociate', '--gvn', '--jump-threading', '--globalopt', '--slp-vectorizer', '--aggressive-instcombine', '--slp-vectorizer', '--instcombine', '--simplifycfg', '--sroa', '--early-cse', '--early-cse', '--lower-expect', '--aggressive-instcombine']",75,-3.5574286695729693,0.0,-0.7759139535391936,0.0,1,-3.5574286695729693,-0.7759139535391936,0.5620873773639496,-67.00507614213198,12.107873220656332,11.76470588235294,34
2356,"['--ipsccp', '--speculative-execution', '--sccp', '--lower-constant-intrinsics', '--early-cse', '--mem2reg', '--jump-threading', '--globalopt', '--elim-avail-extern', '--instcombine', '--loop-instsimplify', '--jump-threading', '--gvn', '--simplifycfg', '--instsimplify', '--inline', '--mergefunc', '--gvn-hoist', '--instcombine', '--globalopt', '--elim-avail-extern', '--loweratomic', '--indvars', '--indvars', '--gvn', '--gvn', '--ipsccp', '--gvn', '--nary-reassociate', '--adce', '--early-cse', '--mem2reg', '--jump-threading', '--globalopt', '--elim-avail-extern', '--instcombine', '--simplifycfg', '--sroa', '--mem2reg', '--globaldce', '--gvn-hoist', '--sccp', '--early-cse', '--lower-constant-intrinsics', '--adce', '--slsr', '--gvn-hoist', '--adce', '--indvars', '--loop-simplify', '--dse', '--scalarizer', '--simplifycfg', '--lower-expect', '--simplifycfg', '--elim-avail-extern', '--lower-constant-intrinsics', '--ipsccp', '--gvn', '--nary-reassociate', '--gvn', '--early-cse', '--mem2reg', '--jump-threading', '--globalopt', '--slp-vectorizer', '--instcombine', '--simplifycfg', '--sroa', '--early-cse', '--lower-expect', '--sroa', '--sroa', '--lower-expect', '--aggressive-instcombine']",75,-3.5574286695729693,0.0,-0.7759139535391936,0.0,1,-3.5574286695729693,-0.7759139535391936,0.5620873773639496,-67.00507614213198,12.107873220656332,11.76470588235294,34
2357,"['--ipsccp', '--speculative-execution', '--sccp', '--early-cse', '--mem2reg', '--jump-threading', '--globalopt', '--elim-avail-extern', '--instcombine', '--adce', '--jump-threading', '--gvn', '--simplifycfg', '--instsimplify', '--inline', '--loweratomic', '--gvn-hoist', '--gvn-hoist', '--instcombine', '--globalopt', '--elim-avail-extern', '--mergefunc', '--indvars', '--indvars', '--gvn', '--gvn', '--ipsccp', '--gvn', '--nary-reassociate', '--adce', '--strip', '--mem2reg', '--jump-threading', '--globalopt', '--elim-avail-extern', '--instcombine', '--simplifycfg', '--sroa', '--mem2reg', '--globaldce', '--gvn-hoist', '--sccp', '--early-cse', '--lower-constant-intrinsics', '--adce', '--slsr', '--gvn-hoist', '--adce', '--loop-simplify', '--dse', '--scalarizer', '--adce', '--loop-simplify', '--dse', '--scalarizer', '--simplifycfg', '--loop-deletion', '--mergereturn', '--lower-expect', '--elim-avail-extern', '--lower-constant-intrinsics', '--ipsccp', '--nary-reassociate', '--gvn', '--jump-threading', '--globalopt', '--slp-vectorizer', '--instcombine', '--slp-vectorizer', '--instcombine', '--simplifycfg', '--early-cse', '--early-cse', '--lower-expect', '--aggressive-instcombine']",75,-3.5574286695729693,0.0,-0.7759139535391936,0.0,1,-3.5574286695729693,-0.7759139535391936,0.5620873773639496,-67.00507614213198,12.107873220656332,11.76470588235294,34
2521,"['--ipsccp', '--speculative-execution', '--sccp', '--lower-constant-intrinsics', '--early-cse', '--mem2reg', '--jump-threading', '--globalopt', '--elim-avail-extern', '--instcombine', '--loop-instsimplify', '--jump-threading', '--gvn', '--simplifycfg', '--instsimplify', '--inline', '--mergefunc', '--gvn-hoist', '--instcombine', '--globalopt', '--elim-avail-extern', '--loweratomic', '--indvars', '--indvars', '--gvn', '--gvn', '--ipsccp', '--gvn', '--nary-reassociate', '--adce', '--early-cse', '--mem2reg', '--jump-threading', '--globalopt', '--elim-avail-extern', '--instcombine', '--simplifycfg', '--sroa', '--mem2reg', '--globaldce', '--gvn-hoist', '--sccp', '--early-cse', '--lower-constant-intrinsics', '--adce', '--slsr', '--gvn-hoist', '--adce', '--gvn-hoist', '--adce', '--loop-simplify', '--dse', '--scalarizer', '--simplifycfg', '--lower-expect', '--mergereturn', '--lower-expect', '--nary-reassociate', '--lower-constant-intrinsics', '--ipsccp', '--elim-avail-extern', '--gvn', '--jump-threading', '--globalopt', '--slp-vectorizer', '--instcombine', '--slp-vectorizer', '--instcombine', '--simplifycfg', '--sroa', '--early-cse', '--lower-expect', '--sroa', '--sroa', '--aggressive-instcombine']",75,-3.5574286695729693,0.0,-0.7759139535391936,0.0,1,-3.5574286695729693,-0.7759139535391936,0.5620873773639496,-67.00507614213198,12.107873220656332,11.76470588235294,34
2369,"['--ipsccp', '--speculative-execution', '--sccp', '--early-cse', '--mem2reg', '--sroa', '--globalopt', '--elim-avail-extern', '--instcombine', '--loop-instsimplify', '--jump-threading', '--gvn', '--simplifycfg', '--instsimplify', '--inline', '--mergefunc', '--gvn-hoist', '--mergefunc', '--gvn-hoist', '--globalopt', '--elim-avail-extern', '--loweratomic', '--indvars', '--indvars', '--gvn', '--gvn', '--ipsccp', '--gvn', '--nary-reassociate', '--adce', '--early-cse', '--mem2reg', '--jump-threading', '--simplifycfg', '--elim-avail-extern', '--instcombine', '--globalopt', '--sroa', '--mem2reg', '--globaldce', '--gvn-hoist', '--sccp', '--early-cse', '--lower-constant-intrinsics', '--lower-constant-intrinsics', '--slsr', '--gvn-hoist', '--adce', '--loop-simplify', '--dse', '--scalarizer', '--adce', '--loop-simplify', '--dse', '--scalarizer', '--simplifycfg', '--mergereturn', '--lower-expect', '--elim-avail-extern', '--lower-constant-intrinsics', '--ipsccp', '--nary-reassociate', '--loop-vectorize', '--gvn', '--jump-threading', '--globalopt', '--slp-vectorizer', '--instcombine', '--slp-vectorizer', '--instcombine', '--simplifycfg', '--sroa', '--early-cse', '--lower-expect', '--sroa', '--sroa', '--aggressive-instcombine']",77,-3.5574286695729693,0.0,-0.7759139535391936,0.0,1,-3.5574286695729693,-0.7759139535391936,0.5620873773639496,-67.00507614213198,12.107873220656332,11.76470588235294,34
2646,"['--ipsccp', '--speculative-execution', '--sccp', '--lower-constant-intrinsics', '--early-cse', '--mem2reg', '--jump-threading', '--globalopt', '--elim-avail-extern', '--instcombine', '--loop-instsimplify', '--gvn', '--simplifycfg', '--instsimplify', '--inline', '--mergefunc', '--gvn-hoist', '--instcombine', '--globalopt', '--dse', '--loweratomic', '--indvars', '--indvars', '--gvn', '--gvn', '--early-cse-memssa', '--gvn', '--adce', '--early-cse', '--mem2reg', '--jump-threading', '--globalopt', '--globalopt', '--elim-avail-extern', '--instcombine', '--simplifycfg', '--sroa', '--mem2reg', '--globaldce', '--gvn-hoist', '--gvn-hoist', '--sccp', '--early-cse', '--early-cse', '--lower-constant-intrinsics', '--adce', '--slsr', '--gvn-hoist', '--adce', '--loop-simplify', '--dse', '--scalarizer', '--adce', '--loop-simplify', '--scalarizer', '--simplifycfg', '--mergereturn', '--lower-expect', '--ipsccp', '--gvn', '--nary-reassociate', '--gvn', '--early-cse', '--mem2reg', '--jump-threading', '--globalopt', '--slp-vectorizer', '--instcombine', '--simplifycfg', '--sroa', '--early-cse', '--lower-expect', '--sroa', '--sroa', '--lower-expect', '--aggressive-instcombine']",76,-3.5574286695729693,0.0,-0.7759139535391936,0.0,1,-3.5574286695729693,-0.7759139535391936,0.5620873773639496,-67.00507614213198,12.107873220656332,11.76470588235294,34
2648,"['--ipsccp', '--speculative-execution', '--sccp', '--lower-constant-intrinsics', '--early-cse', '--mem2reg', '--jump-threading', '--globalopt', '--elim-avail-extern', '--instcombine', '--loop-instsimplify', '--jump-threading', '--loop-fusion', '--gvn', '--simplifycfg', '--instsimplify', '--inline', '--mergefunc', '--gvn-hoist', '--instcombine', '--globalopt', '--elim-avail-extern', '--loweratomic', '--indvars', '--indvars', '--gvn', '--gvn', '--ipsccp', '--gvn', '--nary-reassociate', '--adce', '--early-cse', '--mem2reg', '--jump-threading', '--lower-expect', '--elim-avail-extern', '--instcombine', '--simplifycfg', '--sroa', '--mem2reg', '--globaldce', '--gvn-hoist', '--sccp', '--early-cse', '--lower-constant-intrinsics', '--adce', '--slsr', '--nary-reassociate', '--adce', '--loop-simplify', '--scalarizer', '--adce', '--loop-simplify', '--dse', '--scalarizer', '--simplifycfg', '--mergereturn', '--lower-expect', '--elim-avail-extern', '--lower-constant-intrinsics', '--correlated-propagation', '--gvn', '--jump-threading', '--globalopt', '--slp-vectorizer', '--slp-vectorizer', '--instcombine', '--simplifycfg', '--sroa', '--early-cse', '--lower-expect', '--sroa', '--sroa', '--aggressive-instcombine']",74,-3.5574286695729693,0.0,-0.7759139535391936,0.0,1,-3.5574286695729693,-0.7759139535391936,0.5620873773639496,-67.00507614213198,12.107873220656332,11.76470588235294,34
2639,"['--ipsccp', '--speculative-execution', '--sccp', '--lower-constant-intrinsics', '--early-cse', '--mem2reg', '--jump-threading', '--jump-threading', '--globalopt', '--elim-avail-extern', '--instcombine', '--loop-instsimplify', '--jump-threading', '--gvn', '--simplifycfg', '--instsimplify', '--inline', '--mergefunc', '--gvn-hoist', '--instcombine', '--globalopt', '--elim-avail-extern', '--loweratomic', '--indvars', '--indvars', '--gvn', '--gvn', '--ipsccp', '--gvn', '--nary-reassociate', '--adce', '--mem2reg', '--jump-threading', '--globalopt', '--elim-avail-extern', '--instcombine', '--simplifycfg', '--sroa', '--mem2reg', '--globaldce', '--gvn-hoist', '--sccp', '--early-cse', '--lower-constant-intrinsics', '--adce', '--slsr', '--gvn-hoist', '--adce', '--loop-simplify', '--dse', '--dse', '--scalarizer', '--adce', '--loop-simplify', '--dse', '--simplifycfg', '--elim-avail-extern', '--lower-constant-intrinsics', '--ipsccp', '--nary-reassociate', '--gvn', '--early-cse', '--loop-guard-widening', '--jump-threading', '--globalopt', '--slp-vectorizer', '--instcombine', '--slp-vectorizer', '--instcombine', '--simplifycfg', '--sroa', '--early-cse', '--lower-expect', '--sroa', '--lower-expect', '--aggressive-instcombine']",76,-3.5574286695729693,0.0,-0.7759139535391936,0.0,1,-3.5574286695729693,-0.7759139535391936,0.5620873773639496,-67.00507614213198,12.107873220656332,11.76470588235294,34
2640,"['--ipsccp', '--speculative-execution', '--sccp', '--early-cse', '--mem2reg', '--sroa', '--globalopt', '--elim-avail-extern', '--instcombine', '--loop-instsimplify', '--jump-threading', '--gvn', '--simplifycfg', '--instsimplify', '--inline', '--mergefunc', '--gvn-hoist', '--mergefunc', '--gvn-hoist', '--globalopt', '--elim-avail-extern', '--loweratomic', '--indvars', '--indvars', '--gvn', '--gvn', '--ipsccp', '--gvn', '--nary-reassociate', '--adce', '--early-cse', '--mem2reg', '--jump-threading', '--simplifycfg', '--elim-avail-extern', '--instcombine', '--globalopt', '--sroa', '--mem2reg', '--globaldce', '--gvn-hoist', '--sccp', '--early-cse', '--early-cse', '--lower-constant-intrinsics', '--adce', '--slsr', '--gvn-hoist', '--adce', '--loop-simplify', '--dse', '--scalarizer', '--adce', '--loop-simplify', '--scalarizer', '--simplifycfg', '--mergereturn', '--ipconstprop', '--lower-expect', '--ipsccp', '--gvn', '--nary-reassociate', '--gvn', '--early-cse', '--jump-threading', '--globalopt', '--slp-vectorizer', '--instcombine', '--simplifycfg', '--sroa', '--early-cse', '--lower-expect', '--sroa', '--sroa', '--lower-expect', '--aggressive-instcombine']",76,-3.5574286695729693,0.0,-0.7759139535391936,0.0,1,-3.5574286695729693,-0.7759139535391936,0.5620873773639496,-67.00507614213198,12.107873220656332,11.76470588235294,34
2642,"['--ipsccp', '--speculative-execution', '--sccp', '--early-cse', '--early-cse', '--mem2reg', '--jump-threading', '--loop-unroll-and-jam', '--globalopt', '--elim-avail-extern', '--instcombine', '--loop-instsimplify', '--jump-threading', '--gvn', '--gvn', '--simplifycfg', '--instsimplify', '--inline', '--mergefunc', '--gvn-hoist', '--elim-avail-extern', '--loweratomic', '--indvars', '--indvars', '--gvn', '--gvn', '--ipsccp', '--gvn', '--nary-reassociate', '--mem2reg', '--partially-inline-libcalls', '--correlated-propagation', '--jump-threading', '--mem2reg', '--memcpyopt', '--globalopt', '--jump-threading', '--bdce', '--elim-avail-extern', '--instcombine', '--simplifycfg', '--sroa', '--lower-constant-intrinsics', '--adce', '--slsr', '--gvn-hoist', '--adce', '--loop-simplify', '--adce', '--loop-simplify', '--dse', '--scalarizer', '--simplifycfg', '--lower-expect', '--gvn-hoist', '--simplifycfg', '--lower-expect', '--simplifycfg', '--elim-avail-extern', '--lower-constant-intrinsics', '--ipsccp', '--gvn', '--nary-reassociate', '--gvn', '--early-cse', '--loop-guard-widening', '--jump-threading', '--globalopt', '--slp-vectorizer', '--instcombine', '--slp-vectorizer', '--instcombine', '--simplifycfg', '--early-cse', '--lower-expect', '--aggressive-instcombine']",76,-3.5574286695729693,0.0,-0.7759139535391936,0.0,1,-3.5574286695729693,-0.7759139535391936,0.5620873773639496,-67.00507614213198,12.107873220656332,11.76470588235294,34
2643,"['--ipsccp', '--speculative-execution', '--sccp', '--lower-constant-intrinsics', '--early-cse', '--mem2reg', '--jump-threading', '--globalopt', '--elim-avail-extern', '--instcombine', '--loop-instsimplify', '--jump-threading', '--gvn', '--simplifycfg', '--instsimplify', '--inline', '--mergefunc', '--gvn-hoist', '--instcombine', '--globalopt', '--elim-avail-extern', '--loweratomic', '--indvars', '--indvars', '--gvn', '--gvn', '--ipsccp', '--gvn', '--nary-reassociate', '--adce', '--early-cse', '--mem2reg', '--jump-threading', '--globalopt', '--elim-avail-extern', '--instcombine', '--simplifycfg', '--sroa', '--mem2reg', '--globaldce', '--gvn-hoist', '--sccp', '--early-cse', '--lower-constant-intrinsics', '--adce', '--slsr', '--gvn-hoist', '--adce', '--gvn-hoist', '--adce', '--loop-simplify', '--dse', '--scalarizer', '--simplifycfg', '--lower-expect', '--simplifycfg', '--elim-avail-extern', '--lower-constant-intrinsics', '--ipsccp', '--nary-reassociate', '--gvn', '--early-cse', '--loop-guard-widening', '--gvn', '--jump-threading', '--globalopt', '--slp-vectorizer', '--instcombine', '--slp-vectorizer', '--instcombine', '--irce', '--simplifycfg', '--sroa', '--early-cse', '--lower-expect', '--sroa', '--sroa', '--aggressive-instcombine']",78,-3.5574286695729693,0.0,-0.7759139535391936,0.0,1,-3.5574286695729693,-0.7759139535391936,0.5620873773639496,-67.00507614213198,12.107873220656332,11.76470588235294,34
2644,"['--ipsccp', '--speculative-execution', '--sccp', '--lower-constant-intrinsics', '--early-cse', '--mem2reg', '--jump-threading', '--globalopt', '--elim-avail-extern', '--instcombine', '--loop-instsimplify', '--jump-threading', '--gvn', '--simplifycfg', '--instsimplify', '--inline', '--mergefunc', '--loweratomic', '--instcombine', '--globalopt', '--elim-avail-extern', '--gvn-hoist', '--indvars', '--indvars', '--gvn', '--gvn', '--ipsccp', '--gvn', '--nary-reassociate', '--adce', '--early-cse', '--mem2reg', '--jump-threading', '--globalopt', '--elim-avail-extern', '--instcombine', '--simplifycfg', '--sroa', '--mem2reg', '--globaldce', '--sccp', '--early-cse', '--lower-constant-intrinsics', '--adce', '--slsr', '--gvn-hoist', '--adce', '--ipsccp', '--dse', '--scalarizer', '--adce', '--loop-simplify', '--dse', '--scalarizer', '--simplifycfg', '--mergereturn', '--lower-expect', '--elim-avail-extern', '--lower-constant-intrinsics', '--loop-simplify', '--nary-reassociate', '--gvn', '--jump-threading', '--globalopt', '--correlated-propagation', '--slp-vectorizer', '--instcombine', '--slp-vectorizer', '--instcombine', '--simplifycfg', '--sroa', '--early-cse', '--lower-expect', '--sroa', '--sroa', '--aggressive-instcombine']",76,-3.5574286695729693,0.0,-0.7759139535391936,0.0,1,-3.5574286695729693,-0.7759139535391936,0.5620873773639496,-67.00507614213198,12.107873220656332,11.76470588235294,34
2645,"['--ipsccp', '--speculative-execution', '--sccp', '--lower-constant-intrinsics', '--early-cse', '--mem2reg', '--jump-threading', '--globalopt', '--elim-avail-extern', '--instcombine', '--loop-instsimplify', '--jump-threading', '--loop-fusion', '--gvn', '--simplifycfg', '--instsimplify', '--inline', '--mergefunc', '--gvn-hoist', '--instcombine', '--globalopt', '--elim-avail-extern', '--loweratomic', '--indvars', '--indvars', '--gvn', '--ipsccp', '--gvn', '--nary-reassociate', '--adce', '--early-cse', '--mem2reg', '--jump-threading', '--lower-expect', '--elim-avail-extern', '--instcombine', '--simplifycfg', '--sroa', '--mem2reg', '--globaldce', '--gvn-hoist', '--sccp', '--early-cse', '--lower-constant-intrinsics', '--adce', '--slsr', '--nary-reassociate', '--adce', '--loop-simplify', '--scalarizer', '--adce', '--loop-simplify', '--dse', '--scalarizer', '--simplifycfg', '--mergereturn', '--lower-expect', '--elim-avail-extern', '--lower-constant-intrinsics', '--correlated-propagation', '--gvn', '--jump-threading', '--globalopt', '--slp-vectorizer', '--instcombine', '--slp-vectorizer', '--instcombine', '--simplifycfg', '--sroa', '--early-cse', '--lower-expect', '--sroa', '--sroa', '--aggressive-instcombine']",74,-3.5574286695729693,0.0,-0.7759139535391936,0.0,1,-3.5574286695729693,-0.7759139535391936,0.5620873773639496,-67.00507614213198,12.107873220656332,11.76470588235294,34
2647,"['--ipsccp', '--sccp', '--speculative-execution', '--lower-constant-intrinsics', '--early-cse', '--mem2reg', '--jump-threading', '--globalopt', '--elim-avail-extern', '--instcombine', '--loop-instsimplify', '--gvn', '--simplifycfg', '--instsimplify', '--inline', '--mergefunc', '--reassociate', '--mergefunc', '--gvn-hoist', '--instcombine', '--globalopt', '--elim-avail-extern', '--loweratomic', '--indvars', '--indvars', '--loop-fusion', '--gvn', '--ipsccp', '--gvn', '--nary-reassociate', '--adce', '--mem2reg', '--jump-threading', '--globalopt', '--elim-avail-extern', '--instcombine', '--simplifycfg', '--sroa', '--mem2reg', '--globaldce', '--gvn-hoist', '--sccp', '--early-cse', '--lower-constant-intrinsics', '--adce', '--slsr', '--gvn-hoist', '--adce', '--loop-simplify', '--dse', '--scalarizer', '--adce', '--loop-simplify', '--dse', '--scalarizer', '--simplifycfg', '--mergereturn', '--lower-expect', '--elim-avail-extern', '--lower-constant-intrinsics', '--correlated-propagation', '--gvn', '--jump-threading', '--globalopt', '--slp-vectorizer', '--instcombine', '--slp-vectorizer', '--instcombine', '--flattencfg', '--simplifycfg', '--sroa', '--early-cse', '--lower-expect', '--sroa', '--sroa', '--aggressive-instcombine']",76,-3.5574286695729693,0.0,-0.7759139535391936,0.0,1,-3.5574286695729693,-0.7759139535391936,0.5620873773639496,-67.00507614213198,12.107873220656332,11.76470588235294,34
2650,"['--ipsccp', '--sccp', '--speculative-execution', '--lower-constant-intrinsics', '--early-cse', '--mem2reg', '--jump-threading', '--globalopt', '--elim-avail-extern', '--instcombine', '--loop-instsimplify', '--gvn', '--simplifycfg', '--aggressive-instcombine', '--inline', '--mergefunc', '--reassociate', '--gvn-hoist', '--instcombine', '--lower-expect', '--elim-avail-extern', '--loweratomic', '--indvars', '--indvars', '--gvn', '--gvn', '--ipsccp', '--gvn', '--nary-reassociate', '--mem2reg', '--jump-threading', '--correlated-propagation', '--mem2reg', '--memcpyopt', '--globalopt', '--bdce', '--elim-avail-extern', '--instcombine', '--simplifycfg', '--sroa', '--lower-constant-intrinsics', '--adce', '--slsr', '--gvn-hoist', '--adce', '--loop-simplify', '--adce', '--loop-simplify', '--dse', '--scalarizer', '--dce', '--simplifycfg', '--globalopt', '--simplifycfg', '--elim-avail-extern', '--lower-constant-intrinsics', '--lower-constant-intrinsics', '--ipsccp', '--nary-reassociate', '--adce', '--early-cse', '--loop-guard-widening', '--loop-guard-widening', '--gvn', '--jump-threading', '--globalopt', '--slp-vectorizer', '--instcombine', '--slp-vectorizer', '--instcombine', '--simplifycfg', '--sroa', '--early-cse', '--lower-expect', '--sroa', '--sroa', '--instsimplify']",77,-3.5574286695729693,0.0,-0.7759139535391936,0.0,1,-3.5574286695729693,-0.7759139535391936,0.5620873773639496,-67.00507614213198,12.107873220656332,11.76470588235294,34
2634,"['--ipsccp', '--speculative-execution', '--slsr', '--early-cse', '--mem2reg', '--jump-threading', '--globalopt', '--jump-threading', '--instcombine', '--elim-avail-extern', '--gvn', '--simplifycfg', '--instsimplify', '--inline', '--mergefunc', '--loop-versioning-licm', '--gvn-hoist', '--instcombine', '--globalopt', '--elim-avail-extern', '--loweratomic', '--loweratomic', '--indvars', '--indvars', '--gvn', '--gvn', '--ipsccp', '--gvn', '--mem2reg', '--nary-reassociate', '--jump-threading', '--correlated-propagation', '--mem2reg', '--memcpyopt', '--globalopt', '--jump-threading', '--bdce', '--elim-avail-extern', '--instcombine', '--memcpyopt', '--simplifycfg', '--sroa', '--lower-constant-intrinsics', '--adce', '--slsr', '--gvn-hoist', '--adce', '--loop-simplifycfg', '--loop-simplify', '--adce', '--loop-simplify', '--dse', '--scalarizer', '--scalarizer', '--simplifycfg', '--lower-expect', '--simplifycfg', '--elim-avail-extern', '--lower-constant-intrinsics', '--lower-constant-intrinsics', '--ipsccp', '--nary-reassociate', '--adce', '--early-cse', '--loop-guard-widening', '--jump-threading', '--slp-vectorizer', '--instcombine', '--slp-vectorizer', '--instcombine', '--simplifycfg', '--sroa', '--early-cse', '--early-cse', '--lower-expect', '--aggressive-instcombine']",76,-3.5574286695729693,0.0,-0.7759139535391936,0.0,1,-3.5574286695729693,-0.7759139535391936,0.5620873773639496,-67.00507614213198,12.107873220656332,11.76470588235294,34
2652,"['--ipsccp', '--speculative-execution', '--sccp', '--lower-constant-intrinsics', '--early-cse', '--mem2reg', '--mergefunc', '--jump-threading', '--globalopt', '--lower-constant-intrinsics', '--elim-avail-extern', '--instcombine', '--loop-instsimplify', '--jump-threading', '--gvn', '--simplifycfg', '--instsimplify', '--inline', '--reassociate', '--mergefunc', '--gvn-hoist', '--elim-avail-extern', '--loweratomic', '--indvars', '--indvars', '--gvn', '--gvn', '--ipsccp', '--gvn', '--nary-reassociate', '--adce', '--early-cse', '--mem2reg', '--jump-threading', '--globalopt', '--jump-threading', '--bdce', '--elim-avail-extern', '--instcombine', '--simplifycfg', '--sroa', '--lower-constant-intrinsics', '--adce', '--slsr', '--gvn-hoist', '--adce', '--loop-simplify', '--adce', '--strip', '--dse', '--scalarizer', '--scalarizer', '--simplifycfg', '--lower-expect', '--simplifycfg', '--lower-expect', '--lower-constant-intrinsics', '--lower-constant-intrinsics', '--lower-expect', '--elim-avail-extern', '--lower-constant-intrinsics', '--ipsccp', '--nary-reassociate', '--gvn', '--jump-threading', '--globalopt', '--slp-vectorizer', '--instcombine', '--slp-vectorizer', '--instcombine', '--simplifycfg', '--sroa', '--early-cse', '--lower-expect', '--sroa', '--sroa', '--aggressive-instcombine']",77,-3.5574286695729693,0.0,-0.7759139535391936,0.0,1,-3.5574286695729693,-0.7759139535391936,0.5620873773639496,-67.00507614213198,12.107873220656332,11.76470588235294,34
2653,"['--ipsccp', '--speculative-execution', '--sccp', '--lower-constant-intrinsics', '--early-cse', '--mem2reg', '--jump-threading', '--globalopt', '--elim-avail-extern', '--instcombine', '--loop-instsimplify', '--gvn', '--simplifycfg', '--instsimplify', '--inline', '--mergefunc', '--gvn-hoist', '--instcombine', '--globalopt', '--dse', '--loweratomic', '--indvars', '--indvars', '--gvn', '--gvn', '--ipsccp', '--gvn', '--adce', '--early-cse', '--mem2reg', '--jump-threading', '--globalopt', '--globalopt', '--elim-avail-extern', '--instcombine', '--simplifycfg', '--sroa', '--mem2reg', '--globaldce', '--gvn-hoist', '--gvn-hoist', '--sccp', '--early-cse', '--lower-constant-intrinsics', '--adce', '--slsr', '--gvn-hoist', '--adce', '--gvn-hoist', '--adce', '--loop-simplify', '--dse', '--scalarizer', '--simplifycfg', '--lower-expect', '--simplifycfg', '--elim-avail-extern', '--lower-constant-intrinsics', '--ipsccp', '--nary-reassociate', '--gvn', '--early-cse', '--loop-guard-widening', '--gvn', '--jump-threading', '--globalopt', '--slp-vectorizer', '--instcombine', '--slp-vectorizer', '--instcombine', '--simplifycfg', '--sroa', '--early-cse', '--lower-expect', '--sroa', '--sroa', '--aggressive-instcombine']",77,-3.5574286695729693,0.0,-0.7759139535391936,0.0,1,-3.5574286695729693,-0.7759139535391936,0.5620873773639496,-67.00507614213198,12.107873220656332,11.76470588235294,34
2657,"['--ipsccp', '--sccp', '--speculative-execution', '--lower-constant-intrinsics', '--early-cse', '--mem2reg', '--mergefunc', '--jump-threading', '--globalopt', '--lower-constant-intrinsics', '--elim-avail-extern', '--instcombine', '--loop-instsimplify', '--jump-threading', '--gvn', '--simplifycfg', '--instsimplify', '--inline', '--mergefunc', '--gvn-hoist', '--elim-avail-extern', '--loweratomic', '--indvars', '--indvars', '--gvn', '--gvn', '--ipsccp', '--gvn', '--nary-reassociate', '--mem2reg', '--jump-threading', '--correlated-propagation', '--mem2reg', '--memcpyopt', '--jump-threading', '--bdce', '--elim-avail-extern', '--instcombine', '--memcpyopt', '--simplifycfg', '--sroa', '--lower-constant-intrinsics', '--adce', '--adce', '--adce', '--slsr', '--gvn-hoist', '--adce', '--early-cse-memssa', '--loop-simplify', '--dse', '--scalarizer', '--lower-expect', '--ipsccp', '--elim-avail-extern', '--lower-constant-intrinsics', '--ipsccp', '--gvn', '--loop-simplifycfg', '--gvn', '--early-cse', '--mem2reg', '--jump-threading', '--correlated-propagation', '--slp-vectorizer', '--instcombine', '--simplifycfg', '--slp-vectorizer', '--instcombine', '--simplifycfg', '--sroa', '--early-cse', '--lower-expect', '--aggressive-instcombine']",74,-3.5574286695729693,0.0,-0.7759139535391936,0.0,1,-3.5574286695729693,-0.7759139535391936,0.5620873773639496,-67.00507614213198,12.107873220656332,11.76470588235294,34
2658,"['--ipsccp', '--speculative-execution', '--slsr', '--early-cse', '--mem2reg', '--jump-threading', '--globalopt', '--jump-threading', '--instcombine', '--elim-avail-extern', '--gvn', '--simplifycfg', '--lowerinvoke', '--instsimplify', '--inline', '--mergefunc', '--loop-versioning-licm', '--gvn-hoist', '--instcombine', '--globalopt', '--elim-avail-extern', '--loweratomic', '--indvars', '--indvars', '--gvn', '--gvn', '--ipsccp', '--gvn', '--nary-reassociate', '--mem2reg', '--jump-threading', '--correlated-propagation', '--mem2reg', '--memcpyopt', '--globalopt', '--elim-avail-extern', '--instcombine', '--simplifycfg', '--sroa', '--mem2reg', '--globaldce', '--gvn-hoist', '--sccp', '--loop-vectorize', '--early-cse', '--lower-constant-intrinsics', '--adce', '--slsr', '--gvn-hoist', '--adce', '--loop-simplify', '--dse', '--scalarizer', '--adce', '--loop-simplify', '--dse', '--scalarizer', '--simplifycfg', '--mergereturn', '--lower-expect', '--elim-avail-extern', '--lower-constant-intrinsics', '--ipsccp', '--nary-reassociate', '--jump-threading', '--globalopt', '--slp-vectorizer', '--instcombine', '--slp-vectorizer', '--instcombine', '--simplifycfg', '--sroa', '--early-cse', '--lower-expect', '--sroa', '--lower-expect', '--aggressive-instcombine']",77,-3.5574286695729693,0.0,-0.7759139535391936,0.0,1,-3.5574286695729693,-0.7759139535391936,0.5620873773639496,-67.00507614213198,12.107873220656332,11.76470588235294,34
2660,"['--ipsccp', '--speculative-execution', '--sccp', '--early-cse', '--mem2reg', '--sroa', '--globalopt', '--elim-avail-extern', '--instcombine', '--loop-instsimplify', '--jump-threading', '--gvn', '--simplifycfg', '--instsimplify', '--inline', '--mergefunc', '--gvn-hoist', '--mergefunc', '--gvn-hoist', '--globalopt', '--elim-avail-extern', '--loweratomic', '--indvars', '--indvars', '--gvn', '--gvn', '--ipsccp', '--gvn', '--nary-reassociate', '--adce', '--early-cse', '--mem2reg', '--jump-threading', '--simplifycfg', '--elim-avail-extern', '--instcombine', '--globalopt', '--sroa', '--mem2reg', '--globaldce', '--gvn-hoist', '--sccp', '--early-cse', '--lower-constant-intrinsics', '--adce', '--slsr', '--adce', '--loop-simplify', '--dse', '--scalarizer', '--adce', '--loop-simplify', '--scalarizer', '--simplifycfg', '--mergereturn', '--lower-expect', '--ipsccp', '--gvn', '--nary-reassociate', '--gvn', '--early-cse', '--mem2reg', '--jump-threading', '--globalopt', '--slp-vectorizer', '--instcombine', '--simplifycfg', '--sroa', '--early-cse', '--lower-expect', '--sroa', '--sroa', '--lower-expect', '--lower-expect', '--sroa', '--lower-expect', '--aggressive-instcombine']",77,-3.5574286695729693,0.0,-0.7759139535391936,0.0,1,-3.5574286695729693,-0.7759139535391936,0.5620873773639496,-67.00507614213198,12.107873220656332,11.76470588235294,34
2661,"['--ipsccp', '--speculative-execution', '--sccp', '--lower-constant-intrinsics', '--early-cse', '--mem2reg', '--jump-threading', '--globalopt', '--elim-avail-extern', '--instcombine', '--loop-instsimplify', '--gvn', '--simplifycfg', '--instsimplify', '--inline', '--mergefunc', '--gvn-hoist', '--ipconstprop', '--instcombine', '--globalopt', '--dse', '--loweratomic', '--indvars', '--indvars', '--gvn', '--gvn', '--ipsccp', '--gvn', '--adce', '--early-cse', '--mem2reg', '--jump-threading', '--globalopt', '--globalopt', '--elim-avail-extern', '--instcombine', '--simplifycfg', '--sroa', '--mem2reg', '--globaldce', '--gvn-hoist', '--sccp', '--early-cse', '--lower-constant-intrinsics', '--adce', '--slsr', '--gvn-hoist', '--adce', '--ipsccp', '--dse', '--scalarizer', '--adce', '--loop-simplify', '--dse', '--scalarizer', '--simplifycfg', '--mergereturn', '--lower-expect', '--elim-avail-extern', '--lower-constant-intrinsics', '--loop-simplify', '--nary-reassociate', '--gvn', '--jump-threading', '--globalopt', '--correlated-propagation', '--slp-vectorizer', '--instcombine', '--slp-vectorizer', '--instcombine', '--simplifycfg', '--sroa', '--early-cse', '--lower-expect', '--sroa', '--sroa', '--aggressive-instcombine']",77,-3.5574286695729693,0.0,-0.7759139535391936,0.0,1,-3.5574286695729693,-0.7759139535391936,0.5620873773639496,-67.00507614213198,12.107873220656332,11.76470588235294,34
2662,"['--ipsccp', '--speculative-execution', '--sccp', '--early-cse', '--mem2reg', '--jump-threading', '--globalopt', '--elim-avail-extern', '--instcombine', '--loop-instsimplify', '--gvn', '--simplifycfg', '--instsimplify', '--inline', '--inline', '--mergefunc', '--gvn-hoist', '--instcombine', '--globalopt', '--elim-avail-extern', '--gvn', '--indvars', '--indvars', '--gvn', '--loweratomic', '--ipsccp', '--gvn', '--nary-reassociate', '--mem2reg', '--jump-threading', '--correlated-propagation', '--early-cse', '--mem2reg', '--jump-threading', '--globalopt', '--elim-avail-extern', '--instcombine', '--simplifycfg', '--sroa', '--mem2reg', '--globaldce', '--gvn-hoist', '--sccp', '--early-cse', '--lower-constant-intrinsics', '--adce', '--slsr', '--gvn-hoist', '--adce', '--loop-simplify', '--dse', '--scalarizer', '--adce', '--loop-simplify', '--dse', '--scalarizer', '--simplifycfg', '--mergereturn', '--lower-expect', '--nary-reassociate', '--lower-constant-intrinsics', '--ipsccp', '--elim-avail-extern', '--gvn', '--jump-threading', '--globalopt', '--slp-vectorizer', '--instcombine', '--slp-vectorizer', '--instcombine', '--simplifycfg', '--sroa', '--simplifycfg', '--sroa', '--early-cse', '--lower-expect', '--aggressive-instcombine']",77,-3.5574286695729693,0.0,-0.7759139535391936,0.0,1,-3.5574286695729693,-0.7759139535391936,0.5620873773639496,-67.00507614213198,12.107873220656332,11.76470588235294,34
2636,"['--ipsccp', '--speculative-execution', '--slsr', '--early-cse', '--mem2reg', '--jump-threading', '--globalopt', '--instsimplify', '--elim-avail-extern', '--instcombine', '--loop-instsimplify', '--jump-threading', '--gvn', '--simplifycfg', '--instsimplify', '--inline', '--inline', '--mergefunc', '--gvn-hoist', '--instcombine', '--globalopt', '--elim-avail-extern', '--loweratomic', '--indvars', '--indvars', '--gvn', '--gvn', '--ipsccp', '--gvn', '--nary-reassociate', '--mem2reg', '--partially-inline-libcalls', '--correlated-propagation', '--jump-threading', '--mem2reg', '--memcpyopt', '--globalopt', '--jump-threading', '--bdce', '--elim-avail-extern', '--instcombine', '--simplifycfg', '--sroa', '--lower-constant-intrinsics', '--adce', '--slsr', '--gvn-hoist', '--adce', '--loop-simplify', '--adce', '--loop-simplify', '--dse', '--scalarizer', '--simplifycfg', '--lower-expect', '--gvn-hoist', '--simplifycfg', '--lower-expect', '--simplifycfg', '--elim-avail-extern', '--lower-constant-intrinsics', '--ipsccp', '--gvn', '--nary-reassociate', '--gvn', '--early-cse', '--loop-guard-widening', '--jump-threading', '--globalopt', '--slp-vectorizer', '--instcombine', '--slp-vectorizer', '--instcombine', '--simplifycfg', '--sroa', '--early-cse', '--lower-expect', '--aggressive-instcombine']",78,-3.5574286695729693,0.0,-0.7759139535391936,0.0,1,-3.5574286695729693,-0.7759139535391936,0.5620873773639496,-67.00507614213198,12.107873220656332,11.76470588235294,34
2633,"['--ipsccp', '--speculative-execution', '--sccp', '--lower-constant-intrinsics', '--early-cse', '--mem2reg', '--jump-threading', '--globalopt', '--elim-avail-extern', '--instcombine', '--loop-instsimplify', '--jump-threading', '--gvn', '--simplifycfg', '--instsimplify', '--inline', '--mergefunc', '--gvn-hoist', '--instcombine', '--globalopt', '--elim-avail-extern', '--loweratomic', '--indvars', '--indvars', '--gvn', '--ipsccp', '--gvn', '--nary-reassociate', '--adce', '--early-cse', '--mem2reg', '--jump-threading', '--globalopt', '--elim-avail-extern', '--instcombine', '--early-cse', '--sroa', '--mem2reg', '--globaldce', '--gvn-hoist', '--sccp', '--simplifycfg', '--lower-constant-intrinsics', '--adce', '--slsr', '--gvn-hoist', '--adce', '--loop-simplify', '--dse', '--scalarizer', '--adce', '--loop-simplify', '--dse', '--scalarizer', '--simplifycfg', '--scalarizer', '--simplifycfg', '--mergereturn', '--lower-expect', '--elim-avail-extern', '--inferattrs', '--ipsccp', '--gvn-hoist', '--gvn', '--jump-threading', '--globalopt', '--slp-vectorizer', '--instcombine', '--slp-vectorizer', '--instcombine', '--simplifycfg', '--sroa', '--early-cse', '--early-cse', '--globalopt', '--aggressive-instcombine']",76,-3.5574286695729693,0.0,-0.7759139535391936,0.0,1,-3.5574286695729693,-0.7759139535391936,0.5620873773639496,-67.00507614213198,12.107873220656332,11.76470588235294,34
2591,"['--ipsccp', '--speculative-execution', '--sccp', '--early-cse', '--mem2reg', '--sroa', '--globalopt', '--elim-avail-extern', '--instcombine', '--loop-instsimplify', '--jump-threading', '--gvn', '--simplifycfg', '--instsimplify', '--inline', '--mergefunc', '--gvn-hoist', '--mergefunc', '--gvn-hoist', '--globalopt', '--elim-avail-extern', '--loweratomic', '--indvars', '--indvars', '--gvn', '--gvn', '--ipsccp', '--gvn', '--nary-reassociate', '--adce', '--early-cse', '--mem2reg', '--jump-threading', '--simplifycfg', '--elim-avail-extern', '--instcombine', '--globalopt', '--sroa', '--mem2reg', '--globaldce', '--gvn-hoist', '--sccp', '--early-cse', '--early-cse', '--lower-constant-intrinsics', '--adce', '--slsr', '--gvn-hoist', '--adce', '--loop-simplify', '--dse', '--scalarizer', '--adce', '--loop-simplify', '--scalarizer', '--simplifycfg', '--mergereturn', '--ipconstprop', '--lower-expect', '--ipsccp', '--gvn', '--nary-reassociate', '--gvn', '--early-cse', '--mem2reg', '--jump-threading', '--globalopt', '--slp-vectorizer', '--instcombine', '--simplifycfg', '--sroa', '--early-cse', '--lower-expect', '--sroa', '--sroa', '--lower-expect', '--aggressive-instcombine']",77,-3.5574286695729693,0.0,-0.7759139535391936,0.0,1,-3.5574286695729693,-0.7759139535391936,0.5620873773639496,-67.00507614213198,12.107873220656332,11.76470588235294,34
2610,"['--ipsccp', '--speculative-execution', '--sccp', '--lower-constant-intrinsics', '--early-cse', '--mem2reg', '--jump-threading', '--globalopt', '--elim-avail-extern', '--instcombine', '--loop-instsimplify', '--gvn', '--simplifycfg', '--instsimplify', '--inline', '--mergefunc', '--gvn-hoist', '--mergefunc', '--gvn-hoist', '--instcombine', '--globalopt', '--elim-avail-extern', '--loweratomic', '--indvars', '--indvars', '--gvn', '--gvn', '--ipsccp', '--gvn', '--nary-reassociate', '--adce', '--mem2reg', '--jump-threading', '--globalopt', '--elim-avail-extern', '--instcombine', '--simplifycfg', '--sroa', '--mem2reg', '--globaldce', '--gvn-hoist', '--sccp', '--early-cse', '--lower-constant-intrinsics', '--adce', '--slsr', '--globaldce', '--gvn-hoist', '--adce', '--loop-simplify', '--dse', '--scalarizer', '--adce', '--loop-simplify', '--dse', '--scalarizer', '--simplifycfg', '--mergereturn', '--lower-expect', '--elim-avail-extern', '--lower-constant-intrinsics', '--correlated-propagation', '--irce', '--ipsccp', '--nary-reassociate', '--jump-threading', '--globalopt', '--slp-vectorizer', '--instcombine', '--slp-vectorizer', '--instcombine', '--simplifycfg', '--sroa', '--sroa', '--early-cse', '--lower-expect', '--sroa', '--lower-expect', '--aggressive-instcombine']",79,-3.5574286695729693,0.0,-0.7759139535391936,0.0,1,-3.5574286695729693,-0.7759139535391936,0.5620873773639496,-67.00507614213198,12.107873220656332,11.76470588235294,34
2598,"['--ipsccp', '--speculative-execution', '--slsr', '--early-cse', '--mem2reg', '--jump-threading', '--globalopt', '--jump-threading', '--instcombine', '--elim-avail-extern', '--gvn', '--simplifycfg', '--instsimplify', '--inline', '--mergefunc', '--loop-versioning-licm', '--gvn-hoist', '--instcombine', '--globalopt', '--elim-avail-extern', '--loweratomic', '--loweratomic', '--indvars', '--indvars', '--gvn', '--gvn', '--ipsccp', '--gvn', '--nary-reassociate', '--mem2reg', '--jump-threading', '--correlated-propagation', '--mem2reg', '--memcpyopt', '--globalopt', '--jump-threading', '--bdce', '--elim-avail-extern', '--instcombine', '--memcpyopt', '--simplifycfg', '--sroa', '--lower-constant-intrinsics', '--adce', '--slsr', '--gvn-hoist', '--adce', '--loop-simplify', '--adce', '--loop-simplify', '--dse', '--scalarizer', '--scalarizer', '--simplifycfg', '--lower-expect', '--simplifycfg', '--mergereturn', '--lower-expect', '--elim-avail-extern', '--loop-deletion', '--lower-constant-intrinsics', '--ipsccp', '--nary-reassociate', '--gvn', '--die', '--globalopt', '--slp-vectorizer', '--instcombine', '--slp-vectorizer', '--instcombine', '--simplifycfg', '--sroa', '--early-cse', '--early-cse', '--lower-expect', '--aggressive-instcombine']",76,-3.5574286695729693,0.0,-0.7759139535391936,0.0,1,-3.5574286695729693,-0.7759139535391936,0.5620873773639496,-67.00507614213198,12.107873220656332,11.76470588235294,34
2599,"['--ipsccp', '--speculative-execution', '--slsr', '--early-cse', '--mem2reg', '--jump-threading', '--globalopt', '--jump-threading', '--instcombine', '--elim-avail-extern', '--gvn', '--simplifycfg', '--instsimplify', '--inline', '--mergefunc', '--loop-versioning-licm', '--gvn-hoist', '--instcombine', '--globalopt', '--elim-avail-extern', '--loweratomic', '--indvars', '--indvars', '--gvn', '--gvn', '--ipsccp', '--gvn', '--nary-reassociate', '--mem2reg', '--jump-threading', '--correlated-propagation', '--mem2reg', '--memcpyopt', '--globalopt', '--elim-avail-extern', '--instcombine', '--simplifycfg', '--sroa', '--mem2reg', '--globaldce', '--gvn-hoist', '--sccp', '--loop-vectorize', '--early-cse', '--lower-constant-intrinsics', '--adce', '--slsr', '--gvn-hoist', '--adce', '--loop-simplify', '--dse', '--scalarizer', '--adce', '--loop-simplify', '--dse', '--scalarizer', '--simplifycfg', '--mergereturn', '--lower-expect', '--elim-avail-extern', '--lower-constant-intrinsics', '--ipsccp', '--nary-reassociate', '--jump-threading', '--globalopt', '--slp-vectorizer', '--instcombine', '--slp-vectorizer', '--instcombine', '--simplifycfg', '--sroa', '--early-cse', '--lower-expect', '--sroa', '--lower-expect', '--aggressive-instcombine']",76,-3.5574286695729693,0.0,-0.7759139535391936,0.0,1,-3.5574286695729693,-0.7759139535391936,0.5620873773639496,-67.00507614213198,12.107873220656332,11.76470588235294,34
2600,"['--ipsccp', '--speculative-execution', '--sccp', '--lower-constant-intrinsics', '--early-cse', '--mem2reg', '--jump-threading', '--globalopt', '--elim-avail-extern', '--instcombine', '--loop-instsimplify', '--gvn', '--simplifycfg', '--instsimplify', '--inline', '--mergefunc', '--gvn-hoist', '--instcombine', '--globalopt', '--dse', '--loweratomic', '--indvars', '--indvars', '--indvars', '--gvn', '--gvn', '--ipsccp', '--gvn', '--nary-reassociate', '--adce', '--early-cse', '--mem2reg', '--jump-threading', '--globalopt', '--elim-avail-extern', '--instcombine', '--simplifycfg', '--sroa', '--mem2reg', '--globaldce', '--gvn-hoist', '--sccp', '--early-cse', '--lower-constant-intrinsics', '--adce', '--slsr', '--gvn-hoist', '--adce', '--gvn-hoist', '--adce', '--loop-simplify', '--dse', '--scalarizer', '--simplifycfg', '--simplifycfg', '--elim-avail-extern', '--lower-constant-intrinsics', '--ipsccp', '--nary-reassociate', '--gvn', '--early-cse', '--loop-guard-widening', '--jump-threading', '--jump-threading', '--slp-vectorizer', '--instcombine', '--slp-vectorizer', '--instcombine', '--simplifycfg', '--sroa', '--early-cse', '--early-cse', '--lower-expect', '--aggressive-instcombine']",74,-3.5574286695729693,0.0,-0.7759139535391936,0.0,1,-3.5574286695729693,-0.7759139535391936,0.5620873773639496,-67.00507614213198,12.107873220656332,11.76470588235294,34
2601,"['--ipsccp', '--speculative-execution', '--sccp', '--lower-constant-intrinsics', '--early-cse', '--mem2reg', '--jump-threading', '--jump-threading', '--globalopt', '--elim-avail-extern', '--instcombine', '--loop-instsimplify', '--loweratomic', '--jump-threading', '--gvn', '--simplifycfg', '--instsimplify', '--inline', '--mergefunc', '--gvn-hoist', '--instcombine', '--globalopt', '--elim-avail-extern', '--loweratomic', '--indvars', '--indvars', '--gvn', '--gvn', '--ipsccp', '--gvn', '--nary-reassociate', '--adce', '--mem2reg', '--jump-threading', '--globalopt', '--elim-avail-extern', '--instcombine', '--simplifycfg', '--sroa', '--mem2reg', '--globaldce', '--gvn-hoist', '--sccp', '--early-cse', '--lower-constant-intrinsics', '--adce', '--slsr', '--globaldce', '--gvn-hoist', '--adce', '--loop-simplify', '--dse', '--scalarizer', '--simplifycfg', '--lower-expect', '--simplifycfg', '--elim-avail-extern', '--lower-constant-intrinsics', '--ipsccp', '--nary-reassociate', '--gvn', '--early-cse', '--loop-guard-widening', '--jump-threading', '--globalopt', '--slp-vectorizer', '--instcombine', '--slp-vectorizer', '--slp-vectorizer', '--instcombine', '--simplifycfg', '--sroa', '--early-cse', '--lower-expect', '--aggressive-instcombine']",75,-3.5574286695729693,0.0,-0.7759139535391936,0.0,1,-3.5574286695729693,-0.7759139535391936,0.5620873773639496,-67.00507614213198,12.107873220656332,11.76470588235294,34
2602,"['--ipsccp', '--speculative-execution', '--sccp', '--early-cse', '--mem2reg', '--sroa', '--globalopt', '--elim-avail-extern', '--instcombine', '--loop-instsimplify', '--jump-threading', '--gvn', '--simplifycfg', '--instsimplify', '--inline', '--mergefunc', '--gvn-hoist', '--mergefunc', '--gvn-hoist', '--globalopt', '--elim-avail-extern', '--loweratomic', '--indvars', '--indvars', '--gvn', '--gvn', '--ipsccp', '--gvn', '--nary-reassociate', '--adce', '--early-cse', '--mem2reg', '--jump-threading', '--simplifycfg', '--elim-avail-extern', '--instcombine', '--globalopt', '--sroa', '--mem2reg', '--globaldce', '--gvn-hoist', '--sccp', '--early-cse', '--lower-constant-intrinsics', '--adce', '--slsr', '--gvn-hoist', '--adce', '--loop-simplify', '--dse', '--scalarizer', '--adce', '--loop-simplify', '--scalarizer', '--simplifycfg', '--mergereturn', '--lower-expect', '--ipsccp', '--gvn', '--nary-reassociate', '--gvn', '--early-cse', '--mem2reg', '--jump-threading', '--globalopt', '--slp-vectorizer', '--instcombine', '--simplifycfg', '--sroa', '--early-cse', '--lower-expect', '--sroa', '--sroa', '--lower-expect', '--lower-expect', '--sroa', '--lower-expect', '--aggressive-instcombine']",78,-3.5574286695729693,0.0,-0.7759139535391936,0.0,1,-3.5574286695729693,-0.7759139535391936,0.5620873773639496,-67.00507614213198,12.107873220656332,11.76470588235294,34
2603,"['--ipsccp', '--speculative-execution', '--sccp', '--early-cse', '--mem2reg', '--jump-threading', '--globalopt', '--elim-avail-extern', '--instcombine', '--loop-instsimplify', '--jump-threading', '--gvn', '--simplifycfg', '--instsimplify', '--inline', '--inline', '--mergefunc', '--gvn-hoist', '--instcombine', '--globalopt', '--elim-avail-extern', '--loweratomic', '--indvars', '--indvars', '--gvn', '--gvn', '--ipsccp', '--gvn', '--nary-reassociate', '--mem2reg', '--partially-inline-libcalls', '--correlated-propagation', '--mem2reg', '--memcpyopt', '--globalopt', '--jump-threading', '--bdce', '--elim-avail-extern', '--instcombine', '--simplifycfg', '--sroa', '--lower-constant-intrinsics', '--adce', '--slsr', '--gvn-hoist', '--adce', '--loop-simplify', '--adce', '--loop-simplify', '--dse', '--scalarizer', '--simplifycfg', '--lower-expect', '--gvn-hoist', '--simplifycfg', '--lower-expect', '--simplifycfg', '--elim-avail-extern', '--lower-constant-intrinsics', '--ipsccp', '--gvn', '--nary-reassociate', '--loop-guard-widening', '--jump-threading', '--globalopt', '--slp-vectorizer', '--instcombine', '--slp-vectorizer', '--instcombine', '--simplifycfg', '--sroa', '--early-cse', '--lower-expect', '--sroa', '--lower-expect', '--aggressive-instcombine']",76,-3.5574286695729693,0.0,-0.7759139535391936,0.0,1,-3.5574286695729693,-0.7759139535391936,0.5620873773639496,-67.00507614213198,12.107873220656332,11.76470588235294,34
2605,"['--ipsccp', '--speculative-execution', '--sccp', '--lower-constant-intrinsics', '--early-cse', '--mem2reg', '--jump-threading', '--globalopt', '--elim-avail-extern', '--instcombine', '--loop-instsimplify', '--jump-threading', '--gvn', '--simplifycfg', '--instsimplify', '--inline', '--mergefunc', '--gvn-hoist', '--instcombine', '--globalopt', '--elim-avail-extern', '--loweratomic', '--indvars', '--indvars', '--gvn', '--gvn', '--ipsccp', '--gvn', '--nary-reassociate', '--adce', '--early-cse', '--mem2reg', '--jump-threading', '--globalopt', '--elim-avail-extern', '--instcombine', '--simplifycfg', '--sroa', '--mem2reg', '--globaldce', '--gvn-hoist', '--sccp', '--early-cse', '--lower-constant-intrinsics', '--adce', '--slsr', '--gvn-hoist', '--adce', '--gvn-hoist', '--adce', '--loop-simplify', '--dse', '--scalarizer', '--simplifycfg', '--lower-expect', '--simplifycfg', '--elim-avail-extern', '--lower-constant-intrinsics', '--ipsccp', '--nary-reassociate', '--gvn', '--early-cse', '--loop-guard-widening', '--gvn', '--jump-threading', '--globalopt', '--slp-vectorizer', '--instcombine', '--slp-vectorizer', '--instcombine', '--simplifycfg', '--sroa', '--early-cse', '--lower-expect', '--sroa', '--sroa', '--aggressive-instcombine']",77,-3.5574286695729693,0.0,-0.7759139535391936,0.0,1,-3.5574286695729693,-0.7759139535391936,0.5620873773639496,-67.00507614213198,12.107873220656332,11.76470588235294,34
2614,"['--ipsccp', '--sccp', '--lower-constant-intrinsics', '--lower-constant-intrinsics', '--early-cse', '--mem2reg', '--mergefunc', '--jump-threading', '--globalopt', '--lower-constant-intrinsics', '--elim-avail-extern', '--instcombine', '--loop-instsimplify', '--jump-threading', '--gvn', '--simplifycfg', '--instsimplify', '--inline', '--mergefunc', '--gvn-hoist', '--elim-avail-extern', '--loweratomic', '--indvars', '--indvars', '--gvn', '--gvn', '--ipsccp', '--gvn', '--nary-reassociate', '--mem2reg', '--jump-threading', '--correlated-propagation', '--mem2reg', '--memcpyopt', '--jump-threading', '--bdce', '--elim-avail-extern', '--instcombine', '--memcpyopt', '--simplifycfg', '--sroa', '--speculative-execution', '--adce', '--slsr', '--gvn-hoist', '--adce', '--loop-simplifycfg', '--loop-simplify', '--adce', '--loop-simplify', '--dse', '--scalarizer', '--scalarizer', '--simplifycfg', '--lower-expect', '--simplifycfg', '--elim-avail-extern', '--lower-constant-intrinsics', '--lower-constant-intrinsics', '--ipsccp', '--nary-reassociate', '--adce', '--early-cse', '--loop-guard-widening', '--jump-threading', '--slp-vectorizer', '--instcombine', '--slp-vectorizer', '--instcombine', '--simplifycfg', '--sroa', '--early-cse', '--early-cse', '--lower-expect', '--aggressive-instcombine']",75,-3.5574286695729693,0.0,-0.7759139535391936,0.0,1,-3.5574286695729693,-0.7759139535391936,0.5620873773639496,-67.00507614213198,12.107873220656332,11.76470588235294,34
2631,"['--ipsccp', '--speculative-execution', '--sccp', '--reassociate', '--early-cse', '--mem2reg', '--jump-threading', '--globalopt', '--elim-avail-extern', '--dce', '--instcombine', '--loop-instsimplify', '--jump-threading', '--gvn', '--simplifycfg', '--instsimplify', '--inline', '--mergefunc', '--gvn-hoist', '--instcombine', '--globalopt', '--elim-avail-extern', '--loweratomic', '--indvars', '--indvars', '--gvn', '--ipsccp', '--gvn', '--nary-reassociate', '--adce', '--early-cse', '--mem2reg', '--jump-threading', '--globalopt', '--elim-avail-extern', '--instcombine', '--simplifycfg', '--sroa', '--mem2reg', '--globaldce', '--gvn-hoist', '--sccp', '--early-cse', '--lower-constant-intrinsics', '--adce', '--slsr', '--gvn-hoist', '--adce', '--loop-simplify', '--dse', '--scalarizer', '--adce', '--loop-simplify', '--dse', '--scalarizer', '--simplifycfg', '--simplifycfg', '--elim-avail-extern', '--lower-constant-intrinsics', '--ipsccp', '--nary-reassociate', '--gvn', '--early-cse', '--loop-guard-widening', '--jump-threading', '--globalopt', '--slp-vectorizer', '--instcombine', '--slp-vectorizer', '--instcombine', '--simplifycfg', '--sroa', '--early-cse', '--lower-expect', '--sroa', '--lower-expect', '--aggressive-instcombine']",77,-3.5574286695729693,0.0,-0.7759139535391936,0.0,1,-3.5574286695729693,-0.7759139535391936,0.5620873773639496,-67.00507614213198,12.107873220656332,11.76470588235294,34
2616,"['--ipsccp', '--speculative-execution', '--sccp', '--early-cse', '--mem2reg', '--jump-threading', '--globalopt', '--elim-avail-extern', '--instcombine', '--loop-instsimplify', '--jump-threading', '--gvn', '--simplifycfg', '--instsimplify', '--inline', '--inline', '--mergefunc', '--gvn-hoist', '--instcombine', '--globalopt', '--elim-avail-extern', '--loweratomic', '--indvars', '--indvars', '--gvn', '--gvn', '--ipsccp', '--gvn', '--nary-reassociate', '--mem2reg', '--partially-inline-libcalls', '--correlated-propagation', '--mem2reg', '--memcpyopt', '--globalopt', '--jump-threading', '--bdce', '--elim-avail-extern', '--instcombine', '--simplifycfg', '--sroa', '--lower-constant-intrinsics', '--adce', '--slsr', '--gvn-hoist', '--adce', '--loop-simplify', '--adce', '--loop-simplify', '--dse', '--scalarizer', '--simplifycfg', '--lower-expect', '--gvn-hoist', '--simplifycfg', '--lower-expect', '--simplifycfg', '--elim-avail-extern', '--lower-constant-intrinsics', '--ipsccp', '--gvn', '--nary-reassociate', '--jump-threading', '--globalopt', '--slp-vectorizer', '--instcombine', '--slp-vectorizer', '--instcombine', '--simplifycfg', '--sroa', '--early-cse', '--lower-expect', '--sroa', '--lower-expect', '--aggressive-instcombine']",75,-3.5574286695729693,0.0,-0.7759139535391936,0.0,1,-3.5574286695729693,-0.7759139535391936,0.5620873773639496,-67.00507614213198,12.107873220656332,11.76470588235294,34
2621,"['--ipsccp', '--speculative-execution', '--sccp', '--lower-constant-intrinsics', '--early-cse', '--mem2reg', '--jump-threading', '--globalopt', '--elim-avail-extern', '--instcombine', '--loop-instsimplify', '--jump-threading', '--gvn', '--simplifycfg', '--instsimplify', '--inline', '--mergefunc', '--gvn-hoist', '--instcombine', '--globalopt', '--elim-avail-extern', '--loweratomic', '--indvars', '--indvars', '--gvn', '--indvars', '--gvn', '--ipsccp', '--gvn', '--nary-reassociate', '--adce', '--early-cse', '--mem2reg', '--jump-threading', '--globalopt', '--elim-avail-extern', '--instcombine', '--simplifycfg', '--sroa', '--mem2reg', '--globaldce', '--gvn-hoist', '--sccp', '--early-cse', '--lower-constant-intrinsics', '--adce', '--slsr', '--gvn-hoist', '--adce', '--loop-simplify', '--dse', '--scalarizer', '--adce', '--loop-simplify', '--dse', '--scalarizer', '--simplifycfg', '--mergereturn', '--lower-expect', '--nary-reassociate', '--lower-constant-intrinsics', '--ipsccp', '--elim-avail-extern', '--gvn', '--jump-threading', '--globalopt', '--slp-vectorizer', '--instcombine', '--slp-vectorizer', '--instcombine', '--simplifycfg', '--sroa', '--simplifycfg', '--sroa', '--early-cse', '--lower-expect', '--aggressive-instcombine']",77,-3.5574286695729693,0.0,-0.7759139535391936,0.0,1,-3.5574286695729693,-0.7759139535391936,0.5620873773639496,-67.00507614213198,12.107873220656332,11.76470588235294,34
2622,"['--ipsccp', '--sccp', '--speculative-execution', '--lower-constant-intrinsics', '--early-cse', '--mem2reg', '--mergefunc', '--jump-threading', '--globalopt', '--lower-constant-intrinsics', '--elim-avail-extern', '--instcombine', '--loop-instsimplify', '--jump-threading', '--gvn', '--simplifycfg', '--loweratomic', '--inline', '--mergefunc', '--gvn-hoist', '--elim-avail-extern', '--loweratomic', '--indvars', '--indvars', '--gvn', '--gvn', '--ipsccp', '--gvn', '--nary-reassociate', '--mem2reg', '--jump-threading', '--correlated-propagation', '--mem2reg', '--memcpyopt', '--jump-threading', '--bdce', '--elim-avail-extern', '--instcombine', '--memcpyopt', '--simplifycfg', '--sroa', '--lower-constant-intrinsics', '--adce', '--slsr', '--gvn-hoist', '--adce', '--loop-simplifycfg', '--loop-simplify', '--adce', '--loop-simplify', '--dse', '--scalarizer', '--scalarizer', '--simplifycfg', '--lower-expect', '--simplifycfg', '--elim-avail-extern', '--lower-constant-intrinsics', '--lower-constant-intrinsics', '--ipsccp', '--nary-reassociate', '--adce', '--early-cse', '--loop-guard-widening', '--jump-threading', '--slp-vectorizer', '--instcombine', '--slp-vectorizer', '--instcombine', '--simplifycfg', '--sroa', '--early-cse', '--early-cse', '--lower-expect', '--aggressive-instcombine']",75,-3.5574286695729693,0.0,-0.7759139535391936,0.0,1,-3.5574286695729693,-0.7759139535391936,0.5620873773639496,-67.00507614213198,12.107873220656332,11.76470588235294,34
2625,"['--ipsccp', '--speculative-execution', '--sccp', '--early-cse', '--mem2reg', '--jump-threading', '--globalopt', '--elim-avail-extern', '--elim-avail-extern', '--instcombine', '--loop-instsimplify', '--jump-threading', '--gvn', '--simplifycfg', '--instsimplify', '--inline', '--mergefunc', '--mergefunc', '--gvn-hoist', '--globalopt', '--elim-avail-extern', '--loweratomic', '--indvars', '--indvars', '--gvn', '--gvn', '--ipsccp', '--gvn', '--nary-reassociate', '--adce', '--early-cse', '--loop-unroll', '--jump-threading', '--simplifycfg', '--elim-avail-extern', '--instcombine', '--globalopt', '--sroa', '--mem2reg', '--globaldce', '--gvn-hoist', '--sccp', '--early-cse', '--early-cse', '--lower-constant-intrinsics', '--adce', '--slsr', '--gvn-hoist', '--adce', '--loop-simplify', '--dse', '--scalarizer', '--adce', '--loop-simplify', '--scalarizer', '--simplifycfg', '--mergereturn', '--lower-expect', '--ipsccp', '--gvn', '--nary-reassociate', '--gvn', '--early-cse', '--mem2reg', '--jump-threading', '--globalopt', '--slp-vectorizer', '--instcombine', '--simplifycfg', '--sroa', '--early-cse', '--lower-expect', '--sroa', '--sroa', '--lower-expect', '--aggressive-instcombine']",76,-3.5574286695729693,0.0,-0.7759139535391936,0.0,1,-3.5574286695729693,-0.7759139535391936,0.5620873773639496,-67.00507614213198,12.107873220656332,11.76470588235294,34
2626,"['--ipsccp', '--sccp', '--speculative-execution', '--lower-constant-intrinsics', '--early-cse', '--mem2reg', '--mergefunc', '--jump-threading', '--globalopt', '--lower-constant-intrinsics', '--elim-avail-extern', '--instcombine', '--loop-instsimplify', '--jump-threading', '--gvn', '--simplifycfg', '--instsimplify', '--inline', '--mergefunc', '--gvn-hoist', '--elim-avail-extern', '--loweratomic', '--indvars', '--indvars', '--gvn', '--gvn', '--ipsccp', '--gvn', '--nary-reassociate', '--mem2reg', '--jump-threading', '--correlated-propagation', '--mem2reg', '--memcpyopt', '--jump-threading', '--bdce', '--elim-avail-extern', '--instcombine', '--memcpyopt', '--simplifycfg', '--sroa', '--lower-constant-intrinsics', '--adce', '--slsr', '--gvn-hoist', '--adce', '--loop-simplifycfg', '--loop-simplify', '--adce', '--loop-simplify', '--dse', '--scalarizer', '--scalarizer', '--simplifycfg', '--lower-expect', '--simplifycfg', '--elim-avail-extern', '--lower-constant-intrinsics', '--ipsccp', '--nary-reassociate', '--gvn', '--early-cse', '--loop-guard-widening', '--jump-threading', '--globalopt', '--slp-vectorizer', '--instcombine', '--slp-vectorizer', '--slp-vectorizer', '--instcombine', '--simplifycfg', '--sroa', '--early-cse', '--lower-expect', '--aggressive-instcombine']",75,-3.5574286695729693,0.0,-0.7759139535391936,0.0,1,-3.5574286695729693,-0.7759139535391936,0.5620873773639496,-67.00507614213198,12.107873220656332,11.76470588235294,34
2627,"['--ipsccp', '--speculative-execution', '--sccp', '--early-cse', '--mem2reg', '--jump-threading', '--globalopt', '--elim-avail-extern', '--instcombine', '--loop-instsimplify', '--jump-threading', '--gvn', '--simplifycfg', '--instsimplify', '--inline', '--inline', '--mergefunc', '--gvn-hoist', '--instcombine', '--globalopt', '--elim-avail-extern', '--loweratomic', '--indvars', '--indvars', '--gvn', '--gvn', '--ipsccp', '--gvn', '--nary-reassociate', '--mem2reg', '--jump-threading', '--correlated-propagation', '--mem2reg', '--memcpyopt', '--jump-threading', '--bdce', '--elim-avail-extern', '--instcombine', '--memcpyopt', '--simplifycfg', '--sroa', '--lower-constant-intrinsics', '--adce', '--early-cse', '--slsr', '--gvn-hoist', '--adce', '--loop-simplifycfg', '--loop-simplify', '--adce', '--loop-simplify', '--dse', '--scalarizer', '--scalarizer', '--simplifycfg', '--lower-expect', '--simplifycfg', '--elim-avail-extern', '--lower-constant-intrinsics', '--lower-constant-intrinsics', '--ipsccp', '--nary-reassociate', '--adce', '--early-cse', '--loop-guard-widening', '--jump-threading', '--slp-vectorizer', '--instcombine', '--ipconstprop', '--slp-vectorizer', '--instcombine', '--simplifycfg', '--sroa', '--early-cse', '--early-cse', '--lower-expect', '--aggressive-instcombine']",77,-3.5574286695729693,0.0,-0.7759139535391936,0.0,1,-3.5574286695729693,-0.7759139535391936,0.5620873773639496,-67.00507614213198,12.107873220656332,11.76470588235294,34
2628,"['--ipsccp', '--speculative-execution', '--sccp', '--lower-constant-intrinsics', '--early-cse', '--mem2reg', '--jump-threading', '--globalopt', '--elim-avail-extern', '--instcombine', '--loop-instsimplify', '--jump-threading', '--gvn', '--simplifycfg', '--instsimplify', '--inline', '--mergefunc', '--gvn-hoist', '--instcombine', '--globalopt', '--elim-avail-extern', '--loweratomic', '--indvars', '--indvars', '--gvn', '--gvn', '--ipsccp', '--gvn', '--nary-reassociate', '--mem2reg', '--jump-threading', '--correlated-propagation', '--mem2reg', '--memcpyopt', '--jump-threading', '--bdce', '--elim-avail-extern', '--instcombine', '--memcpyopt', '--simplifycfg', '--sroa', '--lower-constant-intrinsics', '--adce', '--slsr', '--gvn-hoist', '--adce', '--loop-simplify', '--adce', '--loop-simplify', '--dse', '--scalarizer', '--scalarizer', '--simplifycfg', '--lower-expect', '--simplifycfg', '--elim-avail-extern', '--lower-constant-intrinsics', '--lower-constant-intrinsics', '--ipsccp', '--nary-reassociate', '--adce', '--early-cse', '--loop-guard-widening', '--jump-threading', '--slp-vectorizer', '--instcombine', '--loop-versioning-licm', '--slp-vectorizer', '--instcombine', '--simplifycfg', '--sroa', '--early-cse', '--early-cse', '--lower-expect', '--aggressive-instcombine']",75,-3.5574286695729693,0.0,-0.7759139535391936,0.0,1,-3.5574286695729693,-0.7759139535391936,0.5620873773639496,-67.00507614213198,12.107873220656332,11.76470588235294,34
2664,"['--ipsccp', '--speculative-execution', '--sccp', '--early-cse', '--early-cse', '--mem2reg', '--jump-threading', '--loop-unroll-and-jam', '--globalopt', '--elim-avail-extern', '--instcombine', '--loop-instsimplify', '--jump-threading', '--gvn', '--gvn', '--simplifycfg', '--instsimplify', '--inline', '--mergefunc', '--gvn-hoist', '--elim-avail-extern', '--loweratomic', '--indvars', '--indvars', '--gvn', '--gvn', '--ipsccp', '--gvn', '--nary-reassociate', '--mem2reg', '--jump-threading', '--correlated-propagation', '--mem2reg', '--memcpyopt', '--jump-threading', '--bdce', '--elim-avail-extern', '--instcombine', '--memcpyopt', '--simplifycfg', '--sroa', '--lower-constant-intrinsics', '--adce', '--early-cse', '--slsr', '--gvn-hoist', '--adce', '--loop-simplifycfg', '--loop-simplify', '--adce', '--loop-simplify', '--dse', '--scalarizer', '--scalarizer', '--simplifycfg', '--lower-expect', '--simplifycfg', '--ipsccp', '--gvn', '--nary-reassociate', '--gvn', '--early-cse', '--mem2reg', '--jump-threading', '--globalopt', '--slp-vectorizer', '--instcombine', '--simplifycfg', '--sroa', '--early-cse', '--early-cse', '--sroa', '--sroa', '--lower-expect', '--lower-expect', '--sroa', '--lower-expect', '--aggressive-instcombine']",78,-3.5574286695729693,0.0,-0.7759139535391936,0.0,1,-3.5574286695729693,-0.7759139535391936,0.5620873773639496,-67.00507614213198,12.107873220656332,11.76470588235294,34
2665,"['--ipsccp', '--speculative-execution', '--sccp', '--lower-constant-intrinsics', '--early-cse', '--mem2reg', '--jump-threading', '--jump-threading', '--globalopt', '--elim-avail-extern', '--instcombine', '--loop-instsimplify', '--jump-threading', '--gvn', '--simplifycfg', '--instsimplify', '--inline', '--mergefunc', '--gvn-hoist', '--instcombine', '--globalopt', '--elim-avail-extern', '--loweratomic', '--indvars', '--indvars', '--gvn', '--gvn', '--ipsccp', '--gvn', '--nary-reassociate', '--adce', '--mem2reg', '--jump-threading', '--globalopt', '--elim-avail-extern', '--instcombine', '--simplifycfg', '--sroa', '--mem2reg', '--globaldce', '--gvn-hoist', '--sccp', '--early-cse', '--lower-constant-intrinsics', '--adce', '--slsr', '--gvn-hoist', '--adce', '--loop-simplify', '--dse', '--scalarizer', '--bdce', '--adce', '--loop-simplify', '--scalarizer', '--simplifycfg', '--mergereturn', '--lower-expect', '--simplifycfg', '--gvn', '--nary-reassociate', '--gvn', '--early-cse', '--mem2reg', '--jump-threading', '--globalopt', '--slp-vectorizer', '--jump-threading', '--globalopt', '--slp-vectorizer', '--instcombine', '--slp-vectorizer', '--instcombine', '--simplifycfg', '--sroa', '--early-cse', '--lower-expect', '--aggressive-instcombine']",78,-3.5574286695729693,0.0,-0.7759139535391936,0.0,1,-3.5574286695729693,-0.7759139535391936,0.5620873773639496,-67.00507614213198,12.107873220656332,11.76470588235294,34
2666,"['--ipsccp', '--speculative-execution', '--sccp', '--lower-constant-intrinsics', '--early-cse', '--mem2reg', '--jump-threading', '--globalopt', '--elim-avail-extern', '--instcombine', '--loop-instsimplify', '--jump-threading', '--gvn', '--simplifycfg', '--instsimplify', '--inline', '--mergefunc', '--gvn-hoist', '--instcombine', '--globalopt', '--elim-avail-extern', '--loweratomic', '--indvars', '--indvars', '--gvn', '--gvn', '--ipsccp', '--gvn', '--nary-reassociate', '--adce', '--early-cse', '--mem2reg', '--jump-threading', '--globalopt', '--elim-avail-extern', '--instcombine', '--simplifycfg', '--sroa', '--mem2reg', '--globaldce', '--gvn-hoist', '--sccp', '--early-cse', '--lower-constant-intrinsics', '--adce', '--slsr', '--gvn-hoist', '--adce', '--gvn-hoist', '--adce', '--loop-simplify', '--dse', '--scalarizer', '--simplifycfg', '--lower-expect', '--simplifycfg', '--elim-avail-extern', '--lower-constant-intrinsics', '--ipsccp', '--nary-reassociate', '--gvn', '--early-cse', '--jump-threading', '--slp-vectorizer', '--instcombine', '--slp-vectorizer', '--instcombine', '--instcombine', '--simplifycfg', '--sroa', '--early-cse', '--elim-avail-extern', '--lower-expect', '--sroa', '--sroa', '--aggressive-instcombine']",76,-3.5574286695729693,0.0,-0.7759139535391936,0.0,1,-3.5574286695729693,-0.7759139535391936,0.5620873773639496,-67.00507614213198,12.107873220656332,11.76470588235294,34
2701,"['--ipsccp', '--sccp', '--speculative-execution', '--lower-constant-intrinsics', '--early-cse', '--mem2reg', '--mergefunc', '--jump-threading', '--globalopt', '--lower-constant-intrinsics', '--elim-avail-extern', '--instcombine', '--loop-instsimplify', '--jump-threading', '--gvn', '--simplifycfg', '--loweratomic', '--inline', '--mergefunc', '--gvn-hoist', '--elim-avail-extern', '--loweratomic', '--indvars', '--indvars', '--gvn', '--gvn', '--ipsccp', '--gvn', '--nary-reassociate', '--mem2reg', '--jump-threading', '--correlated-propagation', '--mem2reg', '--memcpyopt', '--jump-threading', '--bdce', '--elim-avail-extern', '--instcombine', '--memcpyopt', '--simplifycfg', '--sroa', '--lower-constant-intrinsics', '--adce', '--early-cse', '--slsr', '--gvn-hoist', '--adce', '--loop-simplifycfg', '--loop-simplify', '--adce', '--loop-simplify', '--dse', '--scalarizer', '--scalarizer', '--simplifycfg', '--lower-expect', '--simplifycfg', '--ipsccp', '--gvn', '--nary-reassociate', '--gvn', '--early-cse', '--mem2reg', '--jump-threading', '--globalopt', '--slp-vectorizer', '--instcombine', '--simplifycfg', '--sroa', '--early-cse', '--early-cse', '--sroa', '--sroa', '--lower-expect', '--lower-expect', '--sroa', '--lower-expect', '--aggressive-instcombine']",78,-3.5574286695729693,0.0,-0.7759139535391936,0.0,1,-3.5574286695729693,-0.7759139535391936,0.5620873773639496,-67.00507614213198,12.107873220656332,11.76470588235294,34
2692,"['--ipsccp', '--speculative-execution', '--slsr', '--early-cse', '--mem2reg', '--jump-threading', '--globalopt', '--jump-threading', '--instcombine', '--elim-avail-extern', '--gvn', '--simplifycfg', '--lowerinvoke', '--instsimplify', '--inline', '--mergefunc', '--loop-versioning-licm', '--gvn-hoist', '--instcombine', '--globalopt', '--elim-avail-extern', '--loweratomic', '--indvars', '--indvars', '--gvn', '--gvn', '--ipsccp', '--gvn', '--nary-reassociate', '--mem2reg', '--jump-threading', '--correlated-propagation', '--simplifycfg', '--memcpyopt', '--globalopt', '--elim-avail-extern', '--instcombine', '--simplifycfg', '--sroa', '--mem2reg', '--globaldce', '--gvn-hoist', '--sccp', '--loop-vectorize', '--early-cse', '--lower-constant-intrinsics', '--adce', '--slsr', '--gvn-hoist', '--adce', '--loop-simplify', '--dse', '--scalarizer', '--adce', '--loop-simplify', '--dse', '--scalarizer', '--mem2reg', '--mergereturn', '--lower-expect', '--elim-avail-extern', '--lower-constant-intrinsics', '--ipsccp', '--gvn', '--jump-threading', '--globalopt', '--slp-vectorizer', '--instcombine', '--slp-vectorizer', '--instcombine', '--simplifycfg', '--sroa', '--simplifycfg', '--sroa', '--early-cse', '--lower-expect', '--aggressive-instcombine']",77,-3.5574286695729693,0.0,-0.7759139535391936,0.0,1,-3.5574286695729693,-0.7759139535391936,0.5620873773639496,-67.00507614213198,12.107873220656332,11.76470588235294,34
2694,"['--ipsccp', '--speculative-execution', '--sccp', '--early-cse', '--early-cse', '--mem2reg', '--jump-threading', '--loop-unroll-and-jam', '--globalopt', '--elim-avail-extern', '--instcombine', '--loop-instsimplify', '--jump-threading', '--gvn', '--gvn', '--simplifycfg', '--instsimplify', '--inline', '--mergefunc', '--gvn-hoist', '--elim-avail-extern', '--loweratomic', '--indvars', '--indvars', '--gvn', '--gvn', '--ipsccp', '--gvn', '--nary-reassociate', '--mem2reg', '--jump-threading', '--correlated-propagation', '--mem2reg', '--memcpyopt', '--jump-threading', '--bdce', '--elim-avail-extern', '--instcombine', '--memcpyopt', '--simplifycfg', '--sroa', '--lower-constant-intrinsics', '--adce', '--early-cse', '--slsr', '--gvn-hoist', '--adce', '--loop-simplifycfg', '--loop-simplify', '--adce', '--loop-simplify', '--dse', '--scalarizer', '--scalarizer', '--simplifycfg', '--lower-expect', '--simplifycfg', '--ipsccp', '--gvn', '--nary-reassociate', '--gvn', '--early-cse', '--mem2reg', '--jump-threading', '--globalopt', '--slp-vectorizer', '--instcombine', '--simplifycfg', '--sroa', '--early-cse', '--early-cse', '--sroa', '--sroa', '--lower-expect', '--lower-expect', '--sroa', '--mergefunc', '--aggressive-instcombine']",78,-3.5574286695729693,0.0,-0.7759139535391936,0.0,1,-3.5574286695729693,-0.7759139535391936,0.5620873773639496,-67.00507614213198,12.107873220656332,11.76470588235294,34
2719,"['--ipsccp', '--speculative-execution', '--slsr', '--early-cse', '--mem2reg', '--jump-threading', '--globalopt', '--jump-threading', '--instcombine', '--elim-avail-extern', '--gvn', '--simplifycfg', '--instsimplify', '--inline', '--mergefunc', '--loop-versioning-licm', '--gvn-hoist', '--instcombine', '--mergefunc', '--gvn-hoist', '--elim-avail-extern', '--loweratomic', '--indvars', '--indvars', '--gvn', '--gvn', '--ipsccp', '--gvn', '--nary-reassociate', '--mem2reg', '--jump-threading', '--correlated-propagation', '--mem2reg', '--memcpyopt', '--jump-threading', '--bdce', '--elim-avail-extern', '--instcombine', '--memcpyopt', '--simplifycfg', '--sroa', '--speculative-execution', '--adce', '--slsr', '--gvn-hoist', '--adce', '--loop-simplifycfg', '--loop-simplify', '--adce', '--loop-simplify', '--dse', '--scalarizer', '--scalarizer', '--simplifycfg', '--lower-expect', '--simplifycfg', '--elim-avail-extern', '--partially-inline-libcalls', '--lower-constant-intrinsics', '--lower-constant-intrinsics', '--ipsccp', '--nary-reassociate', '--adce', '--early-cse', '--loop-guard-widening', '--jump-threading', '--slp-vectorizer', '--instcombine', '--slp-vectorizer', '--instcombine', '--simplifycfg', '--sroa', '--early-cse', '--early-cse', '--lower-expect', '--aggressive-instcombine']",76,-3.5574286695729693,0.0,-0.7759139535391936,0.0,1,-3.5574286695729693,-0.7759139535391936,0.5620873773639496,-67.00507614213198,12.107873220656332,11.76470588235294,34
2696,"['--ipsccp', '--speculative-execution', '--sccp', '--reassociate', '--early-cse', '--mem2reg', '--jump-threading', '--globalopt', '--elim-avail-extern', '--dce', '--instcombine', '--loop-instsimplify', '--jump-threading', '--gvn', '--simplifycfg', '--instsimplify', '--inline', '--mergefunc', '--gvn-hoist', '--instcombine', '--globalopt', '--elim-avail-extern', '--loweratomic', '--indvars', '--indvars', '--gvn', '--ipsccp', '--gvn', '--nary-reassociate', '--adce', '--early-cse', '--mem2reg', '--jump-threading', '--globalopt', '--elim-avail-extern', '--instcombine', '--simplifycfg', '--sroa', '--mem2reg', '--globaldce', '--gvn-hoist', '--sccp', '--early-cse', '--lower-constant-intrinsics', '--adce', '--slsr', '--gvn-hoist', '--adce', '--loop-simplify', '--dse', '--scalarizer', '--bdce', '--adce', '--loop-simplify', '--scalarizer', '--simplifycfg', '--mergereturn', '--lower-expect', '--simplifycfg', '--gvn', '--nary-reassociate', '--gvn', '--early-cse', '--mem2reg', '--jump-threading', '--globalopt', '--slp-vectorizer', '--jump-threading', '--globalopt', '--slp-vectorizer', '--instcombine', '--slp-vectorizer', '--instcombine', '--simplifycfg', '--sroa', '--early-cse', '--lower-expect', '--aggressive-instcombine']",78,-3.5574286695729693,0.0,-0.7759139535391936,0.0,1,-3.5574286695729693,-0.7759139535391936,0.5620873773639496,-67.00507614213198,12.107873220656332,11.76470588235294,34
2697,"['--ipsccp', '--speculative-execution', '--sccp', '--lower-constant-intrinsics', '--early-cse', '--mem2reg', '--jump-threading', '--globalopt', '--elim-avail-extern', '--instcombine', '--loop-instsimplify', '--jump-threading', '--gvn', '--simplifycfg', '--instsimplify', '--inline', '--mergefunc', '--gvn-hoist', '--instcombine', '--globalopt', '--elim-avail-extern', '--loweratomic', '--indvars', '--indvars', '--gvn', '--gvn', '--ipsccp', '--gvn', '--nary-reassociate', '--adce', '--early-cse', '--mem2reg', '--jump-threading', '--globalopt', '--elim-avail-extern', '--instcombine', '--simplifycfg', '--sroa', '--mem2reg', '--globaldce', '--gvn-hoist', '--sccp', '--early-cse', '--lower-constant-intrinsics', '--adce', '--slsr', '--gvn-hoist', '--adce', '--instcombine', '--gvn-hoist', '--adce', '--loop-simplify', '--dse', '--scalarizer', '--simplifycfg', '--lower-expect', '--simplifycfg', '--elim-avail-extern', '--lower-constant-intrinsics', '--ipsccp', '--nary-reassociate', '--gvn', '--early-cse', '--loop-guard-widening', '--jump-threading', '--globalopt', '--slp-vectorizer', '--instcombine', '--slp-vectorizer', '--instcombine', '--simplifycfg', '--sroa', '--early-cse', '--lower-expect', '--sroa', '--lower-expect', '--aggressive-instcombine']",77,-3.5574286695729693,0.0,-0.7759139535391936,0.0,1,-3.5574286695729693,-0.7759139535391936,0.5620873773639496,-67.00507614213198,12.107873220656332,11.76470588235294,34
2698,"['--ipsccp', '--speculative-execution', '--sccp', '--reassociate', '--early-cse', '--mem2reg', '--jump-threading', '--globalopt', '--elim-avail-extern', '--instcombine', '--loop-instsimplify', '--gvn', '--simplifycfg', '--instsimplify', '--inline', '--mergefunc', '--gvn-hoist', '--instcombine', '--globalopt', '--dse', '--loweratomic', '--indvars', '--indvars', '--gvn', '--gvn', '--ipsccp', '--gvn', '--adce', '--early-cse', '--mem2reg', '--jump-threading', '--globalopt', '--globalopt', '--gvn', '--elim-avail-extern', '--instcombine', '--simplifycfg', '--sroa', '--mem2reg', '--globaldce', '--gvn-hoist', '--gvn-hoist', '--sccp', '--early-cse', '--lower-constant-intrinsics', '--adce', '--slsr', '--gvn-hoist', '--adce', '--gvn-hoist', '--adce', '--loop-simplify', '--dse', '--scalarizer', '--simplifycfg', '--lower-expect', '--simplifycfg', '--elim-avail-extern', '--lower-constant-intrinsics', '--ipsccp', '--nary-reassociate', '--gvn', '--early-cse', '--loop-guard-widening', '--gvn', '--jump-threading', '--globalopt', '--slp-vectorizer', '--instcombine', '--slp-vectorizer', '--instcombine', '--simplifycfg', '--sroa', '--early-cse', '--lower-expect', '--sroa', '--sroa', '--aggressive-instcombine']",78,-3.5574286695729693,0.0,-0.7759139535391936,0.0,1,-3.5574286695729693,-0.7759139535391936,0.5620873773639496,-67.00507614213198,12.107873220656332,11.76470588235294,34
2524,"['--ipsccp', '--speculative-execution', '--sccp', '--lower-constant-intrinsics', '--early-cse', '--mem2reg', '--jump-threading', '--instcombine', '--elim-avail-extern', '--instcombine', '--loop-instsimplify', '--jump-threading', '--gvn', '--simplifycfg', '--instsimplify', '--inline', '--mergefunc', '--gvn-hoist', '--instcombine', '--globalopt', '--instcombine', '--globalopt', '--elim-avail-extern', '--loweratomic', '--indvars', '--indvars', '--gvn', '--gvn', '--ipsccp', '--gvn', '--nary-reassociate', '--adce', '--early-cse', '--mem2reg', '--jump-threading', '--globalopt', '--elim-avail-extern', '--lower-constant-intrinsics', '--instcombine', '--simplifycfg', '--sroa', '--mem2reg', '--globaldce', '--simplifycfg', '--sccp', '--early-cse', '--lower-constant-intrinsics', '--instcombine', '--slsr', '--gvn-hoist', '--adce', '--loop-simplify', '--dse', '--scalarizer', '--simplifycfg', '--lower-expect', '--gvn-hoist', '--simplifycfg', '--lower-expect', '--simplifycfg', '--elim-avail-extern', '--elim-avail-extern', '--lower-constant-intrinsics', '--ipsccp', '--nary-reassociate', '--gvn', '--jump-threading', '--jump-threading', '--globalopt', '--slp-vectorizer', '--instcombine', '--simplifycfg', '--early-cse', '--sroa', '--sroa', '--adce', '--aggressive-instcombine']",77,-3.5574286695729693,0.0,-0.7759139535391936,0.0,1,-3.5574286695729693,-0.7759139535391936,0.5620873773639496,-67.00507614213198,12.107873220656332,11.76470588235294,34
2703,"['--ipsccp', '--speculative-execution', '--sccp', '--early-cse', '--early-cse', '--mem2reg', '--jump-threading', '--loop-unroll-and-jam', '--globalopt', '--elim-avail-extern', '--instcombine', '--loop-instsimplify', '--jump-threading', '--gvn', '--gvn', '--simplifycfg', '--instsimplify', '--inline', '--mergefunc', '--gvn-hoist', '--elim-avail-extern', '--loweratomic', '--indvars', '--indvars', '--gvn', '--gvn', '--ipsccp', '--gvn', '--nary-reassociate', '--mem2reg', '--jump-threading', '--correlated-propagation', '--mem2reg', '--memcpyopt', '--jump-threading', '--bdce', '--elim-avail-extern', '--instcombine', '--memcpyopt', '--simplifycfg', '--sroa', '--lower-constant-intrinsics', '--adce', '--slsr', '--gvn-hoist', '--adce', '--loop-simplifycfg', '--loop-simplify', '--adce', '--loop-simplify', '--dse', '--scalarizer', '--scalarizer', '--simplifycfg', '--lower-expect', '--simplifycfg', '--elim-avail-extern', '--lower-constant-intrinsics', '--lower-constant-intrinsics', '--ipsccp', '--nary-reassociate', '--adce', '--early-cse', '--loop-guard-widening', '--jump-threading', '--slp-vectorizer', '--instcombine', '--slp-vectorizer', '--instcombine', '--simplifycfg', '--sroa', '--early-cse', '--early-cse', '--lower-expect', '--aggressive-instcombine']",75,-3.5574286695729693,0.0,-0.7759139535391936,0.0,1,-3.5574286695729693,-0.7759139535391936,0.5620873773639496,-67.00507614213198,12.107873220656332,11.76470588235294,34
2667,"['--ipsccp', '--speculative-execution', '--sccp', '--lower-constant-intrinsics', '--early-cse', '--mem2reg', '--mergefunc', '--jump-threading', '--globalopt', '--lower-constant-intrinsics', '--elim-avail-extern', '--instcombine', '--loop-instsimplify', '--jump-threading', '--gvn', '--simplifycfg', '--instsimplify', '--inline', '--reassociate', '--mergefunc', '--gvn-hoist', '--elim-avail-extern', '--loweratomic', '--indvars', '--indvars', '--gvn', '--gvn', '--ipsccp', '--gvn', '--nary-reassociate', '--adce', '--early-cse', '--mem2reg', '--jump-threading', '--globalopt', '--jump-threading', '--bdce', '--elim-avail-extern', '--instcombine', '--simplifycfg', '--sroa', '--lower-constant-intrinsics', '--gvn', '--slsr', '--gvn-hoist', '--adce', '--loop-simplify', '--adce', '--strip', '--dse', '--scalarizer', '--scalarizer', '--simplifycfg', '--lower-expect', '--simplifycfg', '--lower-expect', '--lower-constant-intrinsics', '--lower-constant-intrinsics', '--lower-expect', '--elim-avail-extern', '--lower-constant-intrinsics', '--ipsccp', '--nary-reassociate', '--adce', '--jump-threading', '--globalopt', '--slp-vectorizer', '--instcombine', '--slp-vectorizer', '--instcombine', '--simplifycfg', '--sroa', '--early-cse', '--lower-expect', '--sroa', '--sroa', '--aggressive-instcombine']",77,-3.5574286695729693,0.0,-0.7759139535391936,0.0,1,-3.5574286695729693,-0.7759139535391936,0.5620873773639496,-67.00507614213198,12.107873220656332,11.76470588235294,34
2705,"['--ipsccp', '--speculative-execution', '--sccp', '--lower-constant-intrinsics', '--early-cse', '--mem2reg', '--jump-threading', '--globalopt', '--elim-avail-extern', '--instcombine', '--loop-instsimplify', '--jump-threading', '--loop-fusion', '--gvn', '--simplifycfg', '--instsimplify', '--inline', '--mergefunc', '--gvn-hoist', '--instcombine', '--globalopt', '--elim-avail-extern', '--loweratomic', '--indvars', '--indvars', '--gvn', '--gvn', '--ipsccp', '--gvn', '--nary-reassociate', '--adce', '--early-cse', '--mem2reg', '--jump-threading', '--lower-expect', '--elim-avail-extern', '--instcombine', '--simplifycfg', '--sroa', '--mem2reg', '--globaldce', '--gvn-hoist', '--sccp', '--early-cse', '--lower-constant-intrinsics', '--adce', '--slsr', '--nary-reassociate', '--adce', '--loop-simplify', '--scalarizer', '--adce', '--loop-simplify', '--dse', '--scalarizer', '--simplifycfg', '--mergereturn', '--lower-expect', '--elim-avail-extern', '--lower-constant-intrinsics', '--correlated-propagation', '--gvn', '--jump-threading', '--globalopt', '--slp-vectorizer', '--slp-vectorizer', '--instcombine', '--simplifycfg', '--sroa', '--early-cse', '--lower-expect', '--sroa', '--sroa', '--mergefunc', '--aggressive-instcombine']",75,-3.5574286695729693,0.0,-0.7759139535391936,0.0,1,-3.5574286695729693,-0.7759139535391936,0.5620873773639496,-67.00507614213198,12.107873220656332,11.76470588235294,34
2708,"['--ipsccp', '--sccp', '--speculative-execution', '--lower-constant-intrinsics', '--early-cse', '--mem2reg', '--mergefunc', '--jump-threading', '--globalopt', '--lower-constant-intrinsics', '--elim-avail-extern', '--instcombine', '--loop-instsimplify', '--jump-threading', '--gvn', '--simplifycfg', '--instsimplify', '--inline', '--mergefunc', '--gvn-hoist', '--elim-avail-extern', '--loweratomic', '--indvars', '--indvars', '--gvn', '--gvn', '--ipsccp', '--gvn', '--nary-reassociate', '--mem2reg', '--jump-threading', '--correlated-propagation', '--mem2reg', '--memcpyopt', '--jump-threading', '--bdce', '--elim-avail-extern', '--instcombine', '--memcpyopt', '--simplifycfg', '--sroa', '--lower-constant-intrinsics', '--adce', '--adce', '--adce', '--slsr', '--gvn-hoist', '--adce', '--loop-simplify', '--dse', '--dse', '--scalarizer', '--adce', '--loop-simplify', '--dse', '--scalarizer', '--simplifycfg', '--mergereturn', '--lower-expect', '--elim-avail-extern', '--inferattrs', '--ipsccp', '--gvn-hoist', '--gvn', '--jump-threading', '--globalopt', '--slp-vectorizer', '--instcombine', '--slp-vectorizer', '--instcombine', '--simplifycfg', '--sroa', '--early-cse', '--early-cse', '--globalopt', '--aggressive-instcombine']",76,-3.5574286695729693,0.0,-0.7759139535391936,0.0,1,-3.5574286695729693,-0.7759139535391936,0.5620873773639496,-67.00507614213198,12.107873220656332,11.76470588235294,34
2709,"['--ipsccp', '--speculative-execution', '--sccp', '--lower-constant-intrinsics', '--early-cse', '--mem2reg', '--jump-threading', '--globalopt', '--elim-avail-extern', '--instcombine', '--loop-instsimplify', '--jump-threading', '--gvn', '--simplifycfg', '--instsimplify', '--inline', '--mergefunc', '--gvn-hoist', '--instcombine', '--globalopt', '--elim-avail-extern', '--loweratomic', '--indvars', '--indvars', '--gvn', '--gvn', '--ipsccp', '--gvn', '--nary-reassociate', '--mem2reg', '--jump-threading', '--correlated-propagation', '--mem2reg', '--memcpyopt', '--jump-threading', '--bdce', '--elim-avail-extern', '--instcombine', '--memcpyopt', '--simplifycfg', '--sroa', '--separate-const-offset-from-gep', '--lower-constant-intrinsics', '--adce', '--slsr', '--gvn-hoist', '--adce', '--loop-simplify', '--adce', '--loop-simplify', '--dse', '--scalarizer', '--scalarizer', '--simplifycfg', '--lower-expect', '--simplifycfg', '--elim-avail-extern', '--lower-constant-intrinsics', '--lower-constant-intrinsics', '--ipsccp', '--nary-reassociate', '--adce', '--early-cse', '--loop-guard-widening', '--jump-threading', '--slp-vectorizer', '--instcombine', '--loop-versioning-licm', '--slp-vectorizer', '--instcombine', '--simplifycfg', '--sroa', '--early-cse', '--early-cse', '--lower-expect', '--aggressive-instcombine']",76,-3.5574286695729693,0.0,-0.7759139535391936,0.0,1,-3.5574286695729693,-0.7759139535391936,0.5620873773639496,-67.00507614213198,12.107873220656332,11.76470588235294,34
2711,"['--ipsccp', '--speculative-execution', '--sccp', '--early-cse', '--mem2reg', '--jump-threading', '--globalopt', '--elim-avail-extern', '--instcombine', '--loop-instsimplify', '--gvn', '--simplifycfg', '--instsimplify', '--inline', '--inline', '--mergefunc', '--gvn-hoist', '--instcombine', '--globalopt', '--elim-avail-extern', '--gvn', '--loweratomic', '--indvars', '--indvars', '--gvn', '--gvn', '--ipsccp', '--gvn', '--nary-reassociate', '--adce', '--early-cse', '--mem2reg', '--jump-threading', '--simplifycfg', '--elim-avail-extern', '--instcombine', '--globalopt', '--sroa', '--mem2reg', '--globaldce', '--gvn-hoist', '--sccp', '--early-cse', '--early-cse', '--lower-constant-intrinsics', '--adce', '--slsr', '--gvn-hoist', '--adce', '--loop-simplify', '--dse', '--scalarizer', '--adce', '--early-cse', '--scalarizer', '--simplifycfg', '--mergereturn', '--ipconstprop', '--lower-expect', '--ipsccp', '--gvn', '--nary-reassociate', '--gvn', '--early-cse', '--jump-threading', '--globalopt', '--slp-vectorizer', '--instcombine', '--simplifycfg', '--sroa', '--early-cse', '--lower-expect', '--sroa', '--sroa', '--lower-expect', '--aggressive-instcombine']",76,-3.5574286695729693,0.0,-0.7759139535391936,0.0,1,-3.5574286695729693,-0.7759139535391936,0.5620873773639496,-67.00507614213198,12.107873220656332,11.76470588235294,34
2712,"['--ipsccp', '--speculative-execution', '--sccp', '--lower-constant-intrinsics', '--early-cse', '--mem2reg', '--jump-threading', '--globalopt', '--elim-avail-extern', '--instcombine', '--loop-instsimplify', '--gvn', '--simplifycfg', '--instsimplify', '--inline', '--mergefunc', '--gvn-hoist', '--mergefunc', '--gvn-hoist', '--instcombine', '--globalopt', '--elim-avail-extern', '--loweratomic', '--indvars', '--indvars', '--gvn', '--gvn', '--ipsccp', '--gvn', '--nary-reassociate', '--adce', '--mem2reg', '--jump-threading', '--globalopt', '--elim-avail-extern', '--instcombine', '--simplifycfg', '--sroa', '--mem2reg', '--globaldce', '--gvn-hoist', '--sccp', '--early-cse', '--lower-constant-intrinsics', '--adce', '--slsr', '--gvn-hoist', '--adce', '--loop-simplify', '--dse', '--bdce', '--adce', '--loop-simplify', '--scalarizer', '--simplifycfg', '--mergereturn', '--lower-expect', '--simplifycfg', '--gvn', '--nary-reassociate', '--gvn', '--early-cse', '--mem2reg', '--jump-threading', '--globalopt', '--slp-vectorizer', '--jump-threading', '--globalopt', '--slp-vectorizer', '--instcombine', '--slp-vectorizer', '--instcombine', '--simplifycfg', '--sroa', '--early-cse', '--lower-expect', '--aggressive-instcombine']",77,-3.5574286695729693,0.0,-0.7759139535391936,0.0,1,-3.5574286695729693,-0.7759139535391936,0.5620873773639496,-67.00507614213198,12.107873220656332,11.76470588235294,34
2714,"['--ipsccp', '--speculative-execution', '--sccp', '--lower-constant-intrinsics', '--early-cse', '--mem2reg', '--jump-threading', '--globalopt', '--elim-avail-extern', '--instcombine', '--loop-instsimplify', '--gvn', '--simplifycfg', '--instsimplify', '--inline', '--mergefunc', '--gvn-hoist', '--ipconstprop', '--instcombine', '--globalopt', '--dse', '--loweratomic', '--indvars', '--indvars', '--gvn', '--gvn', '--ipsccp', '--gvn', '--adce', '--early-cse', '--mem2reg', '--jump-threading', '--globalopt', '--globalopt', '--elim-avail-extern', '--instcombine', '--simplifycfg', '--sroa', '--mem2reg', '--globaldce', '--gvn-hoist', '--sccp', '--early-cse', '--lower-constant-intrinsics', '--adce', '--slsr', '--gvn-hoist', '--adce', '--ipsccp', '--dse', '--scalarizer', '--adce', '--loop-simplify', '--dse', '--scalarizer', '--simplifycfg', '--mergereturn', '--lower-expect', '--elim-avail-extern', '--lower-constant-intrinsics', '--loop-simplify', '--ipsccp', '--loop-simplifycfg', '--nary-reassociate', '--gvn', '--jump-threading', '--globalopt', '--slp-vectorizer', '--instcombine', '--slp-vectorizer', '--instcombine', '--simplifycfg', '--sroa', '--early-cse', '--lower-expect', '--sroa', '--sroa', '--aggressive-instcombine']",78,-3.5574286695729693,0.0,-0.7759139535391936,0.0,1,-3.5574286695729693,-0.7759139535391936,0.5620873773639496,-67.00507614213198,12.107873220656332,11.76470588235294,34
2716,"['--ipsccp', '--speculative-execution', '--sccp', '--lower-constant-intrinsics', '--early-cse', '--mem2reg', '--jump-threading', '--jump-threading', '--globalopt', '--elim-avail-extern', '--instcombine', '--loop-instsimplify', '--jump-threading', '--gvn', '--simplifycfg', '--instsimplify', '--inline', '--mergefunc', '--gvn-hoist', '--instcombine', '--globalopt', '--elim-avail-extern', '--loweratomic', '--indvars', '--indvars', '--gvn', '--gvn', '--ipsccp', '--gvn', '--nary-reassociate', '--adce', '--mem2reg', '--jump-threading', '--globalopt', '--elim-avail-extern', '--instcombine', '--simplifycfg', '--sroa', '--mem2reg', '--globaldce', '--gvn-hoist', '--sccp', '--early-cse', '--lower-constant-intrinsics', '--adce', '--slsr', '--gvn-hoist', '--adce', '--early-cse-memssa', '--loop-simplify', '--dse', '--scalarizer', '--lower-expect', '--ipsccp', '--elim-avail-extern', '--lower-constant-intrinsics', '--ipsccp', '--gvn', '--loop-simplifycfg', '--gvn', '--early-cse', '--mem2reg', '--jump-threading', '--correlated-propagation', '--slp-vectorizer', '--instcombine', '--simplifycfg', '--slp-vectorizer', '--instcombine', '--simplifycfg', '--sroa', '--early-cse', '--lower-expect', '--aggressive-instcombine']",74,-3.5574286695729693,0.0,-0.7759139535391936,0.0,1,-3.5574286695729693,-0.7759139535391936,0.5620873773639496,-67.00507614213198,12.107873220656332,11.76470588235294,34
2691,"['--ipsccp', '--speculative-execution', '--sccp', '--lower-constant-intrinsics', '--early-cse', '--mem2reg', '--jump-threading', '--globalopt', '--elim-avail-extern', '--instcombine', '--loop-instsimplify', '--jump-threading', '--gvn', '--simplifycfg', '--instsimplify', '--inline', '--mergefunc', '--gvn-hoist', '--instcombine', '--globalopt', '--elim-avail-extern', '--loweratomic', '--indvars', '--indvars', '--gvn', '--gvn', '--ipsccp', '--gvn', '--nary-reassociate', '--mem2reg', '--jump-threading', '--correlated-propagation', '--mem2reg', '--memcpyopt', '--jump-threading', '--bdce', '--elim-avail-extern', '--instcombine', '--memcpyopt', '--simplifycfg', '--sroa', '--lower-constant-intrinsics', '--adce', '--slsr', '--gvn-hoist', '--adce', '--loop-simplify', '--adce', '--loop-simplify', '--dse', '--scalarizer', '--scalarizer', '--adce', '--loop-simplify', '--scalarizer', '--simplifycfg', '--mergereturn', '--lower-expect', '--ipsccp', '--gvn', '--nary-reassociate', '--gvn', '--early-cse', '--mem2reg', '--jump-threading', '--globalopt', '--slp-vectorizer', '--instcombine', '--simplifycfg', '--sroa', '--early-cse', '--lower-expect', '--sroa', '--sroa', '--lower-expect', '--aggressive-instcombine']",76,-3.5574286695729693,0.0,-0.7759139535391936,0.0,1,-3.5574286695729693,-0.7759139535391936,0.5620873773639496,-67.00507614213198,12.107873220656332,11.76470588235294,34
2690,"['--ipsccp', '--speculative-execution', '--lower-constant-intrinsics', '--early-cse', '--mem2reg', '--mergefunc', '--jump-threading', '--globalopt', '--lower-constant-intrinsics', '--elim-avail-extern', '--instcombine', '--loop-instsimplify', '--jump-threading', '--gvn', '--simplifycfg', '--instsimplify', '--inline', '--reassociate', '--mergefunc', '--gvn-hoist', '--elim-avail-extern', '--loweratomic', '--indvars', '--indvars', '--gvn', '--gvn', '--ipsccp', '--gvn', '--nary-reassociate', '--adce', '--early-cse', '--mem2reg', '--jump-threading', '--globalopt', '--jump-threading', '--bdce', '--elim-avail-extern', '--instcombine', '--simplifycfg', '--sroa', '--lower-constant-intrinsics', '--adce', '--slsr', '--gvn-hoist', '--adce', '--loop-simplify', '--adce', '--strip', '--dse', '--scalarizer', '--scalarizer', '--simplifycfg', '--lower-expect', '--simplifycfg', '--lower-expect', '--lower-constant-intrinsics', '--lower-constant-intrinsics', '--lower-expect', '--elim-avail-extern', '--lower-constant-intrinsics', '--nary-reassociate', '--gvn', '--jump-threading', '--globalopt', '--correlated-propagation', '--slp-vectorizer', '--instcombine', '--slp-vectorizer', '--instcombine', '--simplifycfg', '--sroa', '--early-cse', '--lower-expect', '--sroa', '--sroa', '--aggressive-instcombine']",76,-3.5574286695729693,0.0,-0.7759139535391936,0.0,1,-3.5574286695729693,-0.7759139535391936,0.5620873773639496,-67.00507614213198,12.107873220656332,11.76470588235294,34
2688,"['--ipsccp', '--speculative-execution', '--sccp', '--early-cse', '--mem2reg', '--jump-threading', '--globalopt', '--elim-avail-extern', '--instcombine', '--loop-instsimplify', '--jump-threading', '--gvn', '--simplifycfg', '--instsimplify', '--inline', '--inline', '--mergefunc', '--gvn-hoist', '--instcombine', '--globalopt', '--elim-avail-extern', '--loweratomic', '--indvars', '--indvars', '--gvn', '--gvn', '--ipsccp', '--gvn', '--nary-reassociate', '--mem2reg', '--early-cse', '--mem2reg', '--jump-threading', '--globalopt', '--elim-avail-extern', '--instcombine', '--simplifycfg', '--sroa', '--mem2reg', '--globaldce', '--gvn-hoist', '--sccp', '--early-cse', '--lower-constant-intrinsics', '--adce', '--slsr', '--gvn-hoist', '--adce', '--loop-simplify', '--dse', '--scalarizer', '--adce', '--loop-simplify', '--dse', '--scalarizer', '--simplifycfg', '--mergereturn', '--lower-expect', '--elim-avail-extern', '--lower-constant-intrinsics', '--ipsccp', '--nary-reassociate', '--gvn', '--jump-threading', '--globalopt', '--slp-vectorizer', '--instcombine', '--slp-vectorizer', '--instcombine', '--simplifycfg', '--sroa', '--early-cse', '--lower-expect', '--sroa', '--sroa', '--aggressive-instcombine']",76,-3.5574286695729693,0.0,-0.7759139535391936,0.0,1,-3.5574286695729693,-0.7759139535391936,0.5620873773639496,-67.00507614213198,12.107873220656332,11.76470588235294,34
2687,"['--ipsccp', '--speculative-execution', '--sccp', '--lower-constant-intrinsics', '--early-cse', '--mem2reg', '--jump-threading', '--globalopt', '--elim-avail-extern', '--instcombine', '--loop-instsimplify', '--jump-threading', '--loop-fusion', '--gvn', '--simplifycfg', '--instsimplify', '--inline', '--mergefunc', '--gvn-hoist', '--instcombine', '--globalopt', '--elim-avail-extern', '--loweratomic', '--indvars', '--indvars', '--gvn', '--ipsccp', '--gvn', '--nary-reassociate', '--adce', '--early-cse', '--loop-unroll', '--jump-threading', '--simplifycfg', '--elim-avail-extern', '--instcombine', '--globalopt', '--sroa', '--mem2reg', '--globaldce', '--gvn-hoist', '--sccp', '--early-cse', '--early-cse', '--lower-constant-intrinsics', '--adce', '--slsr', '--gvn-hoist', '--adce', '--loop-simplify', '--dse', '--scalarizer', '--adce', '--loop-simplify', '--scalarizer', '--simplifycfg', '--mergereturn', '--lower-expect', '--ipsccp', '--gvn', '--nary-reassociate', '--gvn', '--early-cse', '--mem2reg', '--jump-threading', '--globalopt', '--slp-vectorizer', '--instcombine', '--simplifycfg', '--sroa', '--early-cse', '--lower-expect', '--sroa', '--sroa', '--lower-expect', '--aggressive-instcombine']",76,-3.5574286695729693,0.0,-0.7759139535391936,0.0,1,-3.5574286695729693,-0.7759139535391936,0.5620873773639496,-67.00507614213198,12.107873220656332,11.76470588235294,34
2668,"['--ipsccp', '--speculative-execution', '--sccp', '--early-cse', '--mem2reg', '--sroa', '--globalopt', '--elim-avail-extern', '--instcombine', '--loop-instsimplify', '--jump-threading', '--gvn', '--simplifycfg', '--instsimplify', '--inline', '--mergefunc', '--gvn-hoist', '--mergefunc', '--gvn-hoist', '--globalopt', '--elim-avail-extern', '--loweratomic', '--indvars', '--indvars', '--gvn', '--gvn', '--ipsccp', '--gvn', '--nary-reassociate', '--mem2reg', '--jump-threading', '--correlated-propagation', '--mem2reg', '--memcpyopt', '--jump-threading', '--bdce', '--elim-avail-extern', '--instcombine', '--memcpyopt', '--simplifycfg', '--sroa', '--lower-constant-intrinsics', '--adce', '--inferattrs', '--slsr', '--gvn-hoist', '--adce', '--loop-simplifycfg', '--loop-simplify', '--adce', '--loop-simplify', '--dse', '--scalarizer', '--scalarizer', '--simplifycfg', '--lower-expect', '--simplifycfg', '--elim-avail-extern', '--lower-constant-intrinsics', '--lower-constant-intrinsics', '--ipsccp', '--nary-reassociate', '--adce', '--early-cse', '--loop-guard-widening', '--jump-threading', '--slp-vectorizer', '--instcombine', '--slp-vectorizer', '--instcombine', '--simplifycfg', '--sroa', '--early-cse', '--early-cse', '--lower-expect', '--aggressive-instcombine']",76,-3.5574286695729693,0.0,-0.7759139535391936,0.0,1,-3.5574286695729693,-0.7759139535391936,0.5620873773639496,-67.00507614213198,12.107873220656332,11.76470588235294,34
2669,"['--ipsccp', '--speculative-execution', '--sccp', '--reassociate', '--early-cse', '--mem2reg', '--jump-threading', '--globalopt', '--elim-avail-extern', '--dce', '--instcombine', '--loop-instsimplify', '--jump-threading', '--gvn', '--simplifycfg', '--instsimplify', '--inline', '--mergefunc', '--gvn-hoist', '--instcombine', '--globalopt', '--elim-avail-extern', '--loweratomic', '--indvars', '--indvars', '--gvn', '--ipsccp', '--gvn', '--nary-reassociate', '--adce', '--early-cse', '--mem2reg', '--jump-threading', '--globalopt', '--elim-avail-extern', '--instcombine', '--simplifycfg', '--sroa', '--mem2reg', '--globaldce', '--gvn-hoist', '--sccp', '--early-cse', '--lower-constant-intrinsics', '--adce', '--slsr', '--gvn-hoist', '--adce', '--loop-simplify', '--dse', '--scalarizer', '--adce', '--loop-simplify', '--dse', '--scalarizer', '--simplifycfg', '--mergereturn', '--lower-expect', '--elim-avail-extern', '--lower-constant-intrinsics', '--correlated-propagation', '--gvn', '--jump-threading', '--globalopt', '--slp-vectorizer', '--slp-vectorizer', '--instcombine', '--simplifycfg', '--sroa', '--early-cse', '--lower-expect', '--sroa', '--sroa', '--aggressive-instcombine']",74,-3.5574286695729693,0.0,-0.7759139535391936,0.0,1,-3.5574286695729693,-0.7759139535391936,0.5620873773639496,-67.00507614213198,12.107873220656332,11.76470588235294,34
2671,"['--ipsccp', '--speculative-execution', '--sccp', '--lower-constant-intrinsics', '--early-cse', '--mem2reg', '--jump-threading', '--globalopt', '--elim-avail-extern', '--instcombine', '--loop-instsimplify', '--jump-threading', '--loop-fusion', '--gvn', '--simplifycfg', '--instsimplify', '--inline', '--mergefunc', '--gvn-hoist', '--ipsccp', '--globalopt', '--elim-avail-extern', '--loweratomic', '--indvars', '--indvars', '--gvn', '--instcombine', '--gvn', '--nary-reassociate', '--adce', '--early-cse', '--mem2reg', '--jump-threading', '--lower-expect', '--elim-avail-extern', '--instcombine', '--simplifycfg', '--sroa', '--mem2reg', '--globaldce', '--gvn-hoist', '--sccp', '--early-cse', '--lower-constant-intrinsics', '--adce', '--slsr', '--nary-reassociate', '--adce', '--loop-simplify', '--scalarizer', '--adce', '--loop-simplify', '--dse', '--scalarizer', '--simplifycfg', '--mergereturn', '--lower-expect', '--elim-avail-extern', '--lower-constant-intrinsics', '--correlated-propagation', '--gvn', '--jump-threading', '--globalopt', '--slp-vectorizer', '--instcombine', '--slp-vectorizer', '--instcombine', '--simplifycfg', '--sroa', '--early-cse', '--lower-expect', '--sroa', '--sroa', '--aggressive-instcombine']",74,-3.5574286695729693,0.0,-0.7759139535391936,0.0,1,-3.5574286695729693,-0.7759139535391936,0.5620873773639496,-67.00507614213198,12.107873220656332,11.76470588235294,34
2672,"['--ipsccp', '--speculative-execution', '--sccp', '--lower-constant-intrinsics', '--early-cse', '--mem2reg', '--jump-threading', '--jump-threading', '--globalopt', '--elim-avail-extern', '--instcombine', '--loop-instsimplify', '--jump-threading', '--gvn', '--simplifycfg', '--instsimplify', '--inline', '--mergefunc', '--gvn-hoist', '--instcombine', '--globalopt', '--elim-avail-extern', '--loweratomic', '--indvars', '--indvars', '--gvn', '--gvn', '--ipsccp', '--gvn', '--nary-reassociate', '--adce', '--mem2reg', '--jump-threading', '--globalopt', '--elim-avail-extern', '--instcombine', '--simplifycfg', '--sroa', '--mem2reg', '--globaldce', '--gvn-hoist', '--sccp', '--early-cse', '--lower-constant-intrinsics', '--adce', '--slsr', '--gvn-hoist', '--adce', '--loop-simplify', '--dse', '--scalarizer', '--adce', '--loop-simplify', '--dse', '--scalarizer', '--simplifycfg', '--simplifycfg', '--elim-avail-extern', '--lower-constant-intrinsics', '--ipsccp', '--nary-reassociate', '--gvn', '--early-cse', '--loop-guard-widening', '--jump-threading', '--globalopt', '--slp-vectorizer', '--instcombine', '--slp-vectorizer', '--instcombine', '--simplifycfg', '--sroa', '--early-cse', '--lower-expect', '--sroa', '--lower-expect', '--aggressive-instcombine']",77,-3.5574286695729693,0.0,-0.7759139535391936,0.0,1,-3.5574286695729693,-0.7759139535391936,0.5620873773639496,-67.00507614213198,12.107873220656332,11.76470588235294,34
2673,"['--ipsccp', '--speculative-execution', '--sccp', '--early-cse', '--mem2reg', '--jump-threading', '--globalopt', '--elim-avail-extern', '--elim-avail-extern', '--instcombine', '--loop-instsimplify', '--inline', '--gvn', '--simplifycfg', '--instsimplify', '--inline', '--mergefunc', '--mergefunc', '--gvn-hoist', '--globalopt', '--elim-avail-extern', '--loweratomic', '--indvars', '--indvars', '--gvn', '--gvn', '--ipsccp', '--gvn', '--nary-reassociate', '--adce', '--early-cse', '--mem2reg', '--jump-threading', '--lower-expect', '--elim-avail-extern', '--instcombine', '--simplifycfg', '--sroa', '--mem2reg', '--globaldce', '--gvn-hoist', '--sccp', '--early-cse', '--lower-constant-intrinsics', '--adce', '--slsr', '--nary-reassociate', '--adce', '--loop-simplify', '--scalarizer', '--adce', '--loop-simplify', '--dse', '--scalarizer', '--simplifycfg', '--mergereturn', '--lower-expect', '--elim-avail-extern', '--lower-constant-intrinsics', '--correlated-propagation', '--gvn', '--jump-threading', '--globalopt', '--slp-vectorizer', '--instcombine', '--slp-vectorizer', '--instcombine', '--simplifycfg', '--sroa', '--early-cse', '--lower-expect', '--sroa', '--sroa', '--aggressive-instcombine']",74,-3.5574286695729693,0.0,-0.7759139535391936,0.0,1,-3.5574286695729693,-0.7759139535391936,0.5620873773639496,-67.00507614213198,12.107873220656332,11.76470588235294,34
2674,"['--ipsccp', '--speculative-execution', '--sccp', '--lower-constant-intrinsics', '--early-cse', '--mem2reg', '--jump-threading', '--globalopt', '--elim-avail-extern', '--instcombine', '--loop-instsimplify', '--jump-threading', '--gvn', '--simplifycfg', '--instsimplify', '--inline', '--mergefunc', '--gvn-hoist', '--instcombine', '--globalopt', '--elim-avail-extern', '--loweratomic', '--indvars', '--indvars', '--gvn', '--gvn', '--ipsccp', '--gvn', '--nary-reassociate', '--mem2reg', '--jump-threading', '--correlated-propagation', '--mem2reg', '--memcpyopt', '--jump-threading', '--bdce', '--elim-avail-extern', '--instcombine', '--memcpyopt', '--simplifycfg', '--sroa', '--lower-constant-intrinsics', '--adce', '--slsr', '--gvn-hoist', '--adce', '--loop-simplify', '--adce', '--loop-simplify', '--dse', '--scalarizer', '--scalarizer', '--simplifycfg', '--lower-expect', '--simplifycfg', '--elim-avail-extern', '--memcpyopt', '--lower-constant-intrinsics', '--lower-constant-intrinsics', '--ipsccp', '--nary-reassociate', '--adce', '--early-cse', '--loop-guard-widening', '--jump-threading', '--slp-vectorizer', '--instcombine', '--loop-versioning-licm', '--slp-vectorizer', '--instcombine', '--simplifycfg', '--sroa', '--early-cse', '--early-cse', '--lower-expect', '--aggressive-instcombine']",76,-3.5574286695729693,0.0,-0.7759139535391936,0.0,1,-3.5574286695729693,-0.7759139535391936,0.5620873773639496,-67.00507614213198,12.107873220656332,11.76470588235294,34
2676,"['--ipsccp', '--sccp', '--speculative-execution', '--lower-constant-intrinsics', '--early-cse', '--mem2reg', '--mergefunc', '--jump-threading', '--globalopt', '--lower-constant-intrinsics', '--elim-avail-extern', '--instcombine', '--loop-instsimplify', '--jump-threading', '--gvn', '--simplifycfg', '--loweratomic', '--inline', '--mergefunc', '--gvn-hoist', '--elim-avail-extern', '--loweratomic', '--indvars', '--indvars', '--gvn', '--gvn', '--ipsccp', '--gvn', '--nary-reassociate', '--adce', '--early-cse', '--mem2reg', '--jump-threading', '--simplifycfg', '--elim-avail-extern', '--instcombine', '--globalopt', '--sroa', '--mem2reg', '--globaldce', '--gvn-hoist', '--sccp', '--early-cse', '--lower-constant-intrinsics', '--adce', '--slsr', '--adce', '--loop-simplify', '--dse', '--scalarizer', '--adce', '--loop-simplify', '--loop-fusion', '--simplifycfg', '--mergereturn', '--lower-expect', '--ipsccp', '--gvn', '--nary-reassociate', '--gvn', '--early-cse', '--mem2reg', '--jump-threading', '--globalopt', '--slp-vectorizer', '--instcombine', '--simplifycfg', '--sroa', '--early-cse', '--lower-expect', '--sroa', '--sroa', '--lower-expect', '--lower-expect', '--sroa', '--lower-expect', '--aggressive-instcombine']",77,-3.5574286695729693,0.0,-0.7759139535391936,0.0,1,-3.5574286695729693,-0.7759139535391936,0.5620873773639496,-67.00507614213198,12.107873220656332,11.76470588235294,34
2677,"['--ipsccp', '--speculative-execution', '--slsr', '--early-cse', '--mem2reg', '--jump-threading', '--globalopt', '--jump-threading', '--instcombine', '--elim-avail-extern', '--gvn', '--simplifycfg', '--lowerinvoke', '--instsimplify', '--inline', '--mergefunc', '--loop-versioning-licm', '--gvn-hoist', '--instcombine', '--globalopt', '--elim-avail-extern', '--loweratomic', '--indvars', '--indvars', '--gvn', '--gvn', '--ipsccp', '--gvn', '--nary-reassociate', '--mem2reg', '--jump-threading', '--correlated-propagation', '--mem2reg', '--memcpyopt', '--globalopt', '--elim-avail-extern', '--instcombine', '--simplifycfg', '--sroa', '--mem2reg', '--globaldce', '--mem2reg', '--gvn-hoist', '--sccp', '--loop-vectorize', '--early-cse', '--lower-constant-intrinsics', '--adce', '--slsr', '--gvn-hoist', '--adce', '--loop-simplify', '--dse', '--scalarizer', '--adce', '--loop-simplify', '--dse', '--scalarizer', '--simplifycfg', '--mergereturn', '--lower-expect', '--elim-avail-extern', '--lower-constant-intrinsics', '--ipsccp', '--nary-reassociate', '--jump-threading', '--globalopt', '--slp-vectorizer', '--instcombine', '--slp-vectorizer', '--instcombine', '--simplifycfg', '--sroa', '--early-cse', '--lower-expect', '--sroa', '--lower-expect', '--aggressive-instcombine']",78,-3.5574286695729693,0.0,-0.7759139535391936,0.0,1,-3.5574286695729693,-0.7759139535391936,0.5620873773639496,-67.00507614213198,12.107873220656332,11.76470588235294,34
2678,"['--ipsccp', '--speculative-execution', '--sccp', '--lower-constant-intrinsics', '--early-cse', '--mem2reg', '--jump-threading', '--globalopt', '--elim-avail-extern', '--instcombine', '--loop-instsimplify', '--jump-threading', '--loop-fusion', '--gvn', '--simplifycfg', '--instsimplify', '--inline', '--mergefunc', '--gvn-hoist', '--instcombine', '--globalopt', '--elim-avail-extern', '--loweratomic', '--indvars', '--indvars', '--gvn', '--gvn', '--ipsccp', '--gvn', '--nary-reassociate', '--adce', '--early-cse', '--mem2reg', '--jump-threading', '--lower-expect', '--elim-avail-extern', '--instcombine', '--simplifycfg', '--sroa', '--mem2reg', '--globaldce', '--gvn-hoist', '--sccp', '--early-cse', '--lower-constant-intrinsics', '--adce', '--slsr', '--nary-reassociate', '--adce', '--loop-simplify', '--scalarizer', '--adce', '--loop-simplify', '--dse', '--scalarizer', '--simplifycfg', '--simplifycfg', '--elim-avail-extern', '--lower-constant-intrinsics', '--ipsccp', '--nary-reassociate', '--gvn', '--early-cse', '--loop-guard-widening', '--jump-threading', '--globalopt', '--slp-vectorizer', '--instcombine', '--slp-vectorizer', '--instcombine', '--simplifycfg', '--sroa', '--early-cse', '--lower-expect', '--sroa', '--lower-expect', '--aggressive-instcombine']",77,-3.5574286695729693,0.0,-0.7759139535391936,0.0,1,-3.5574286695729693,-0.7759139535391936,0.5620873773639496,-67.00507614213198,12.107873220656332,11.76470588235294,34
2679,"['--ipsccp', '--speculative-execution', '--sccp', '--early-cse', '--mem2reg', '--sroa', '--globalopt', '--elim-avail-extern', '--instcombine', '--loop-instsimplify', '--jump-threading', '--gvn', '--mergefunc', '--simplifycfg', '--instsimplify', '--inline', '--mergefunc', '--gvn-hoist', '--mergefunc', '--gvn-hoist', '--globalopt', '--elim-avail-extern', '--loweratomic', '--indvars', '--indvars', '--gvn', '--gvn', '--ipsccp', '--gvn', '--nary-reassociate', '--adce', '--early-cse', '--mem2reg', '--jump-threading', '--simplifycfg', '--elim-avail-extern', '--instcombine', '--globalopt', '--sroa', '--mem2reg', '--globaldce', '--gvn-hoist', '--sccp', '--early-cse', '--early-cse', '--lower-constant-intrinsics', '--adce', '--slsr', '--gvn-hoist', '--adce', '--loop-simplify', '--dse', '--scalarizer', '--adce', '--loop-simplify', '--scalarizer', '--simplifycfg', '--mergereturn', '--ipconstprop', '--lower-expect', '--ipsccp', '--gvn', '--nary-reassociate', '--gvn', '--early-cse', '--jump-threading', '--globalopt', '--slp-vectorizer', '--instcombine', '--simplifycfg', '--sroa', '--early-cse', '--lower-expect', '--sroa', '--sroa', '--lower-expect', '--aggressive-instcombine']",77,-3.5574286695729693,0.0,-0.7759139535391936,0.0,1,-3.5574286695729693,-0.7759139535391936,0.5620873773639496,-67.00507614213198,12.107873220656332,11.76470588235294,34
2680,"['--ipsccp', '--speculative-execution', '--sccp', '--lower-constant-intrinsics', '--early-cse', '--mem2reg', '--jump-threading', '--globalopt', '--elim-avail-extern', '--instcombine', '--loop-instsimplify', '--jump-threading', '--gvn', '--simplifycfg', '--instsimplify', '--inline', '--mergefunc', '--gvn-hoist', '--instcombine', '--globalopt', '--elim-avail-extern', '--loweratomic', '--indvars', '--indvars', '--gvn', '--gvn', '--ipsccp', '--gvn', '--nary-reassociate', '--mem2reg', '--jump-threading', '--correlated-propagation', '--mem2reg', '--memcpyopt', '--jump-threading', '--bdce', '--elim-avail-extern', '--instcombine', '--memcpyopt', '--sroa', '--lower-constant-intrinsics', '--adce', '--slsr', '--gvn-hoist', '--adce', '--loop-simplify', '--adce', '--loop-simplify', '--dse', '--scalarizer', '--scalarizer', '--simplifycfg', '--lower-expect', '--simplifycfg', '--elim-avail-extern', '--lower-constant-intrinsics', '--lower-constant-intrinsics', '--ipsccp', '--nary-reassociate', '--adce', '--early-cse', '--loop-guard-widening', '--jump-threading', '--slp-vectorizer', '--instcombine', '--loop-versioning-licm', '--slp-vectorizer', '--instcombine', '--simplifycfg', '--sroa', '--early-cse', '--early-cse', '--lower-expect', '--aggressive-instcombine']",74,-3.5574286695729693,0.0,-0.7759139535391936,0.0,1,-3.5574286695729693,-0.7759139535391936,0.5620873773639496,-67.00507614213198,12.107873220656332,11.76470588235294,34
2682,"['--ipsccp', '--speculative-execution', '--sccp', '--early-cse', '--mem2reg', '--jump-threading', '--globalopt', '--elim-avail-extern', '--instcombine', '--loop-instsimplify', '--gvn', '--simplifycfg', '--instsimplify', '--inline', '--inline', '--mergefunc', '--gvn-hoist', '--instcombine', '--globalopt', '--elim-avail-extern', '--gvn', '--indvars', '--indvars', '--gvn', '--loweratomic', '--ipsccp', '--gvn', '--nary-reassociate', '--mem2reg', '--jump-threading', '--correlated-propagation', '--early-cse', '--mem2reg', '--jump-threading', '--globalopt', '--elim-avail-extern', '--instcombine', '--simplifycfg', '--sroa', '--mem2reg', '--globaldce', '--gvn-hoist', '--sccp', '--early-cse', '--lower-constant-intrinsics', '--adce', '--slsr', '--gvn-hoist', '--adce', '--loop-simplify', '--dse', '--scalarizer', '--adce', '--loop-simplify', '--dse', '--scalarizer', '--simplifycfg', '--mergereturn', '--lower-expect', '--nary-reassociate', '--lower-constant-intrinsics', '--ipsccp', '--elim-avail-extern', '--nary-reassociate', '--jump-threading', '--globalopt', '--slp-vectorizer', '--instcombine', '--slp-vectorizer', '--instcombine', '--simplifycfg', '--sroa', '--early-cse', '--lower-expect', '--sroa', '--lower-expect', '--aggressive-instcombine']",77,-3.5574286695729693,0.0,-0.7759139535391936,0.0,1,-3.5574286695729693,-0.7759139535391936,0.5620873773639496,-67.00507614213198,12.107873220656332,11.76470588235294,34
2683,"['--ipsccp', '--speculative-execution', '--sccp', '--lower-constant-intrinsics', '--early-cse', '--mem2reg', '--jump-threading', '--globalopt', '--elim-avail-extern', '--instcombine', '--loop-instsimplify', '--jump-threading', '--gvn', '--simplifycfg', '--instsimplify', '--inline', '--mergefunc', '--gvn-hoist', '--instcombine', '--globalopt', '--elim-avail-extern', '--loweratomic', '--indvars', '--indvars', '--gvn', '--gvn', '--ipsccp', '--gvn', '--nary-reassociate', '--adce', '--partially-inline-libcalls', '--correlated-propagation', '--mem2reg', '--memcpyopt', '--globalopt', '--jump-threading', '--bdce', '--elim-avail-extern', '--instcombine', '--simplifycfg', '--sroa', '--lower-constant-intrinsics', '--adce', '--slsr', '--gvn-hoist', '--adce', '--loop-simplify', '--adce', '--loop-simplify', '--dse', '--scalarizer', '--simplifycfg', '--lower-expect', '--gvn-hoist', '--simplifycfg', '--lower-expect', '--simplifycfg', '--elim-avail-extern', '--lower-constant-intrinsics', '--ipsccp', '--gvn', '--nary-reassociate', '--jump-threading', '--globalopt', '--slp-vectorizer', '--instcombine', '--slp-vectorizer', '--instcombine', '--simplifycfg', '--sroa', '--early-cse', '--lower-expect', '--sroa', '--lower-expect', '--aggressive-instcombine']",75,-3.5574286695729693,0.0,-0.7759139535391936,0.0,1,-3.5574286695729693,-0.7759139535391936,0.5620873773639496,-67.00507614213198,12.107873220656332,11.76470588235294,34
2684,"['--ipsccp', '--speculative-execution', '--slsr', '--early-cse', '--mem2reg', '--jump-threading', '--globalopt', '--instsimplify', '--elim-avail-extern', '--instcombine', '--loop-instsimplify', '--jump-threading', '--gvn', '--simplifycfg', '--inline', '--mergefunc', '--gvn-hoist', '--ipconstprop', '--instcombine', '--globalopt', '--loweratomic', '--indvars', '--indvars', '--gvn', '--gvn', '--ipsccp', '--gvn', '--adce', '--early-cse', '--mem2reg', '--jump-threading', '--globalopt', '--globalopt', '--elim-avail-extern', '--instcombine', '--simplifycfg', '--sroa', '--mem2reg', '--globaldce', '--gvn-hoist', '--sccp', '--early-cse', '--lower-constant-intrinsics', '--adce', '--slsr', '--gvn-hoist', '--adce', '--ipsccp', '--dse', '--scalarizer', '--adce', '--loop-simplify', '--dse', '--scalarizer', '--simplifycfg', '--mergereturn', '--lower-expect', '--elim-avail-extern', '--lower-constant-intrinsics', '--loop-simplify', '--nary-reassociate', '--gvn', '--jump-threading', '--globalopt', '--correlated-propagation', '--slp-vectorizer', '--instcombine', '--slp-vectorizer', '--instcombine', '--simplifycfg', '--sroa', '--early-cse', '--lower-expect', '--sroa', '--sroa', '--aggressive-instcombine']",76,-3.5574286695729693,0.0,-0.7759139535391936,0.0,1,-3.5574286695729693,-0.7759139535391936,0.5620873773639496,-67.00507614213198,12.107873220656332,11.76470588235294,34
2685,"['--ipsccp', '--sccp', '--speculative-execution', '--lower-constant-intrinsics', '--early-cse', '--mem2reg', '--mergefunc', '--jump-threading', '--globalopt', '--lower-constant-intrinsics', '--elim-avail-extern', '--instcombine', '--loop-instsimplify', '--jump-threading', '--gvn', '--simplifycfg', '--instsimplify', '--inline', '--mergefunc', '--gvn-hoist', '--elim-avail-extern', '--loweratomic', '--indvars', '--indvars', '--gvn', '--gvn', '--ipsccp', '--gvn', '--nary-reassociate', '--mem2reg', '--jump-threading', '--correlated-propagation', '--mem2reg', '--memcpyopt', '--elim-avail-extern', '--instcombine', '--simplifycfg', '--sroa', '--mem2reg', '--globaldce', '--gvn-hoist', '--sccp', '--early-cse', '--lower-constant-intrinsics', '--adce', '--slsr', '--gvn-hoist', '--adce', '--loop-simplify', '--dse', '--dse', '--scalarizer', '--adce', '--loop-simplify', '--dse', '--scalarizer', '--simplifycfg', '--mergereturn', '--lower-expect', '--elim-avail-extern', '--inferattrs', '--ipsccp', '--gvn-hoist', '--gvn', '--jump-threading', '--globalopt', '--slp-vectorizer', '--instcombine', '--slp-vectorizer', '--instcombine', '--simplifycfg', '--sroa', '--early-cse', '--early-cse', '--globalopt', '--aggressive-instcombine']",76,-3.5574286695729693,0.0,-0.7759139535391936,0.0,1,-3.5574286695729693,-0.7759139535391936,0.5620873773639496,-67.00507614213198,12.107873220656332,11.76470588235294,34
2595,"['--ipsccp', '--sccp', '--speculative-execution', '--lower-constant-intrinsics', '--early-cse', '--mem2reg', '--jump-threading', '--globalopt', '--elim-avail-extern', '--instcombine', '--loop-instsimplify', '--gvn', '--simplifycfg', '--instsimplify', '--inline', '--mergefunc', '--reassociate', '--gvn-hoist', '--instcombine', '--lower-expect', '--elim-avail-extern', '--loweratomic', '--indvars', '--indvars', '--gvn', '--gvn', '--ipsccp', '--gvn', '--nary-reassociate', '--mem2reg', '--jump-threading', '--correlated-propagation', '--mem2reg', '--memcpyopt', '--globalopt', '--bdce', '--elim-avail-extern', '--instcombine', '--simplifycfg', '--sroa', '--lower-constant-intrinsics', '--adce', '--slsr', '--gvn-hoist', '--adce', '--loop-simplify', '--adce', '--loop-simplify', '--dse', '--scalarizer', '--dce', '--simplifycfg', '--globalopt', '--simplifycfg', '--elim-avail-extern', '--lower-constant-intrinsics', '--lower-constant-intrinsics', '--ipsccp', '--nary-reassociate', '--adce', '--early-cse', '--loop-guard-widening', '--jump-threading', '--slp-vectorizer', '--instcombine', '--slp-vectorizer', '--instcombine', '--instcombine', '--simplifycfg', '--sroa', '--early-cse', '--elim-avail-extern', '--lower-expect', '--sroa', '--sroa', '--aggressive-instcombine']",76,-3.5574286695729693,0.0,-0.7759139535391936,0.0,1,-3.5574286695729693,-0.7759139535391936,0.5620873773639496,-67.00507614213198,12.107873220656332,11.76470588235294,34
2715,"['--ipsccp', '--speculative-execution', '--sccp', '--lower-constant-intrinsics', '--early-cse', '--mem2reg', '--jump-threading', '--globalopt', '--elim-avail-extern', '--instcombine', '--loop-instsimplify', '--jump-threading', '--gvn', '--simplifycfg', '--instsimplify', '--inline', '--mergefunc', '--gvn-hoist', '--instcombine', '--globalopt', '--elim-avail-extern', '--loweratomic', '--indvars', '--indvars', '--gvn', '--gvn', '--ipsccp', '--gvn', '--nary-reassociate', '--mem2reg', '--jump-threading', '--correlated-propagation', '--mem2reg', '--memcpyopt', '--globalopt', '--jump-threading', '--bdce', '--elim-avail-extern', '--instcombine', '--simplifycfg', '--sroa', '--lower-constant-intrinsics', '--adce', '--slsr', '--gvn-hoist', '--adce', '--loop-simplify', '--adce', '--loop-simplify', '--dse', '--scalarizer', '--scalarizer', '--simplifycfg', '--lower-expect', '--simplifycfg', '--lower-expect', '--lower-constant-intrinsics', '--lower-constant-intrinsics', '--lower-expect', '--elim-avail-extern', '--lower-constant-intrinsics', '--ipsccp', '--nary-reassociate', '--gvn', '--jump-threading', '--globalopt', '--slp-vectorizer', '--instcombine', '--slp-vectorizer', '--instcombine', '--simplifycfg', '--sroa', '--early-cse', '--sroa', '--sroa', '--aggressive-instcombine']",76,-3.5574286695729693,0.0,-0.7759139535391936,0.0,1,-3.5574286695729693,-0.7759139535391936,0.5620873773639496,-67.00507614213198,12.107873220656332,11.76470588235294,34
2540,"['--ipsccp', '--speculative-execution', '--sccp', '--lower-constant-intrinsics', '--early-cse', '--mem2reg', '--jump-threading', '--globalopt', '--elim-avail-extern', '--instcombine', '--loop-instsimplify', '--jump-threading', '--gvn', '--simplifycfg', '--instsimplify', '--inline', '--mergefunc', '--gvn-hoist', '--instcombine', '--globalopt', '--elim-avail-extern', '--loweratomic', '--indvars', '--indvars', '--gvn', '--gvn', '--ipsccp', '--gvn', '--nary-reassociate', '--adce', '--early-cse', '--lower-constant-intrinsics', '--jump-threading', '--globalopt', '--elim-avail-extern', '--instcombine', '--elim-avail-extern', '--sroa', '--simplifycfg', '--sroa', '--instcombine', '--simplifycfg', '--sroa', '--lower-constant-intrinsics', '--adce', '--slsr', '--gvn-hoist', '--adce', '--loop-simplify', '--adce', '--loop-simplify', '--dse', '--scalarizer', '--simplifycfg', '--lower-expect', '--elim-avail-extern', '--lower-constant-intrinsics', '--ipsccp', '--gvn', '--nary-reassociate', '--gvn', '--early-cse', '--mem2reg', '--jump-threading', '--globalopt', '--slp-vectorizer', '--instcombine', '--simplifycfg', '--sroa', '--early-cse', '--lower-expect', '--sroa', '--sroa', '--lower-expect', '--aggressive-instcombine']",75,-3.5574286695729693,0.0,-0.7759139535391936,0.0,1,-3.5574286695729693,-0.7759139535391936,0.5620873773639496,-67.00507614213198,12.107873220656332,11.76470588235294,34
2556,"['--ipsccp', '--speculative-execution', '--sccp', '--lower-constant-intrinsics', '--early-cse', '--mem2reg', '--jump-threading', '--globalopt', '--elim-avail-extern', '--instcombine', '--loop-instsimplify', '--jump-threading', '--gvn', '--simplifycfg', '--instsimplify', '--inline', '--mergefunc', '--gvn-hoist', '--instcombine', '--globalopt', '--elim-avail-extern', '--loweratomic', '--indvars', '--indvars', '--gvn', '--gvn', '--ipsccp', '--gvn', '--mem2reg', '--jump-threading', '--correlated-propagation', '--mem2reg', '--memcpyopt', '--globalopt', '--jump-threading', '--bdce', '--elim-avail-extern', '--instcombine', '--simplifycfg', '--sroa', '--lower-constant-intrinsics', '--adce', '--slsr', '--gvn-hoist', '--adce', '--loop-simplify', '--adce', '--loop-simplify', '--dse', '--scalarizer', '--scalarizer', '--simplifycfg', '--lower-expect', '--simplifycfg', '--elim-avail-extern', '--lower-constant-intrinsics', '--lower-constant-intrinsics', '--ipsccp', '--nary-reassociate', '--adce', '--early-cse', '--loop-guard-widening', '--jump-threading', '--slp-vectorizer', '--instcombine', '--slp-vectorizer', '--instcombine', '--simplifycfg', '--sroa', '--early-cse', '--lower-expect', '--sroa', '--lower-expect', '--sroa', '--sroa', '--aggressive-instcombine']",76,-3.5574286695729693,0.0,-0.7759139535391936,0.0,1,-3.5574286695729693,-0.7759139535391936,0.5620873773639496,-67.00507614213198,12.107873220656332,11.76470588235294,34
2559,"['--ipsccp', '--speculative-execution', '--sccp', '--lower-constant-intrinsics', '--early-cse', '--mem2reg', '--jump-threading', '--globalopt', '--elim-avail-extern', '--instcombine', '--loop-instsimplify', '--gvn', '--simplifycfg', '--instsimplify', '--inline', '--mergefunc', '--gvn-hoist', '--instcombine', '--globalopt', '--dse', '--loweratomic', '--indvars', '--indvars', '--gvn', '--gvn', '--ipsccp', '--gvn', '--adce', '--early-cse', '--mem2reg', '--jump-threading', '--globalopt', '--globalopt', '--elim-avail-extern', '--instcombine', '--simplifycfg', '--sroa', '--mem2reg', '--globaldce', '--gvn-hoist', '--sccp', '--early-cse', '--lower-constant-intrinsics', '--adce', '--slsr', '--gvn-hoist', '--adce', '--ipsccp', '--dse', '--scalarizer', '--adce', '--loop-simplify', '--dse', '--scalarizer', '--simplifycfg', '--mergereturn', '--lower-expect', '--elim-avail-extern', '--lower-constant-intrinsics', '--loop-simplify', '--nary-reassociate', '--gvn', '--jump-threading', '--globalopt', '--correlated-propagation', '--slp-vectorizer', '--instcombine', '--slp-vectorizer', '--instcombine', '--simplifycfg', '--sroa', '--early-cse', '--lower-expect', '--sroa', '--sroa', '--aggressive-instcombine']",76,-3.5574286695729693,0.0,-0.7759139535391936,0.0,1,-3.5574286695729693,-0.7759139535391936,0.5620873773639496,-67.00507614213198,12.107873220656332,11.76470588235294,34
2560,"['--ipsccp', '--speculative-execution', '--sccp', '--early-cse', '--mem2reg', '--jump-threading', '--globalopt', '--elim-avail-extern', '--instcombine', '--loop-instsimplify', '--gvn', '--simplifycfg', '--instsimplify', '--inline', '--inline', '--mergefunc', '--gvn-hoist', '--instcombine', '--globalopt', '--elim-avail-extern', '--loweratomic', '--indvars', '--indvars', '--gvn', '--gvn', '--ipsccp', '--gvn', '--nary-reassociate', '--mem2reg', '--jump-threading', '--correlated-propagation', '--mem2reg', '--memcpyopt', '--globalopt', '--jump-threading', '--bdce', '--elim-avail-extern', '--instcombine', '--simplifycfg', '--sroa', '--lower-constant-intrinsics', '--adce', '--slsr', '--gvn-hoist', '--adce', '--loop-simplify', '--adce', '--loop-simplify', '--dse', '--scalarizer', '--scalarizer', '--simplifycfg', '--lower-expect', '--simplifycfg', '--elim-avail-extern', '--lower-constant-intrinsics', '--lower-constant-intrinsics', '--ipsccp', '--nary-reassociate', '--adce', '--gvn', '--jump-threading', '--globalopt', '--slp-vectorizer', '--instcombine', '--slp-vectorizer', '--instcombine', '--simplifycfg', '--sroa', '--early-cse', '--lower-expect', '--sroa', '--sroa', '--aggressive-instcombine']",74,-3.5574286695729693,0.0,-0.7759139535391936,0.0,1,-3.5574286695729693,-0.7759139535391936,0.5620873773639496,-67.00507614213198,12.107873220656332,11.76470588235294,34
2583,"['--ipsccp', '--speculative-execution', '--sccp', '--early-cse', '--mem2reg', '--sroa', '--globalopt', '--elim-avail-extern', '--instcombine', '--loop-instsimplify', '--jump-threading', '--gvn', '--simplifycfg', '--instsimplify', '--inline', '--mergefunc', '--gvn-hoist', '--gvn-hoist', '--instcombine', '--globalopt', '--elim-avail-extern', '--loweratomic', '--indvars', '--indvars', '--gvn', '--gvn', '--ipsccp', '--gvn', '--nary-reassociate', '--early-cse', '--mem2reg', '--jump-threading', '--globalopt', '--elim-avail-extern', '--instcombine', '--simplifycfg', '--sroa', '--mem2reg', '--globaldce', '--gvn-hoist', '--sccp', '--early-cse', '--lower-constant-intrinsics', '--adce', '--adce', '--slsr', '--gvn-hoist', '--adce', '--early-cse-memssa', '--loop-simplify', '--dse', '--scalarizer', '--lower-expect', '--ipsccp', '--elim-avail-extern', '--lower-constant-intrinsics', '--ipsccp', '--gvn', '--gvn', '--gvn', '--early-cse', '--mem2reg', '--jump-threading', '--correlated-propagation', '--slp-vectorizer', '--instcombine', '--simplifycfg', '--slp-vectorizer', '--instcombine', '--simplifycfg', '--sroa', '--early-cse', '--lower-expect', '--aggressive-instcombine']",74,-3.5574286695729693,0.0,-0.7759139535391936,0.0,1,-3.5574286695729693,-0.7759139535391936,0.5620873773639496,-67.00507614213198,12.107873220656332,11.76470588235294,34
2561,"['--ipsccp', '--speculative-execution', '--sccp', '--lower-constant-intrinsics', '--early-cse', '--mem2reg', '--jump-threading', '--globalopt', '--elim-avail-extern', '--instcombine', '--loop-instsimplify', '--jump-threading', '--loop-fusion', '--gvn', '--simplifycfg', '--instsimplify', '--inline', '--mergefunc', '--gvn-hoist', '--instcombine', '--globalopt', '--elim-avail-extern', '--loweratomic', '--indvars', '--indvars', '--gvn', '--gvn', '--ipsccp', '--gvn', '--nary-reassociate', '--adce', '--early-cse', '--mem2reg', '--jump-threading', '--lower-expect', '--elim-avail-extern', '--instcombine', '--simplifycfg', '--sroa', '--mem2reg', '--globaldce', '--gvn-hoist', '--sccp', '--early-cse', '--lower-constant-intrinsics', '--adce', '--slsr', '--nary-reassociate', '--adce', '--loop-simplify', '--scalarizer', '--adce', '--loop-simplify', '--dse', '--scalarizer', '--simplifycfg', '--mergereturn', '--lower-expect', '--elim-avail-extern', '--lower-constant-intrinsics', '--correlated-propagation', '--gvn', '--jump-threading', '--globalopt', '--slp-vectorizer', '--instcombine', '--slp-vectorizer', '--instcombine', '--simplifycfg', '--sroa', '--early-cse', '--lower-expect', '--sroa', '--sroa', '--aggressive-instcombine']",75,-3.5574286695729693,0.0,-0.7759139535391936,0.0,1,-3.5574286695729693,-0.7759139535391936,0.5620873773639496,-67.00507614213198,12.107873220656332,11.76470588235294,34
2531,"['--ipsccp', '--speculative-execution', '--sccp', '--early-cse', '--mem2reg', '--jump-threading', '--globalopt', '--elim-avail-extern', '--instcombine', '--loop-instsimplify', '--jump-threading', '--gvn', '--simplifycfg', '--instsimplify', '--inline', '--inline', '--mergefunc', '--gvn-hoist', '--instcombine', '--globalopt', '--elim-avail-extern', '--loweratomic', '--indvars', '--indvars', '--gvn', '--gvn', '--ipsccp', '--gvn', '--nary-reassociate', '--mem2reg', '--partially-inline-libcalls', '--correlated-propagation', '--jump-threading', '--mem2reg', '--memcpyopt', '--globalopt', '--jump-threading', '--bdce', '--elim-avail-extern', '--instcombine', '--simplifycfg', '--sroa', '--lower-constant-intrinsics', '--adce', '--slsr', '--gvn-hoist', '--adce', '--loop-simplify', '--adce', '--loop-simplify', '--dse', '--scalarizer', '--simplifycfg', '--lower-expect', '--gvn-hoist', '--simplifycfg', '--lower-expect', '--simplifycfg', '--elim-avail-extern', '--lower-constant-intrinsics', '--ipsccp', '--gvn', '--nary-reassociate', '--gvn', '--early-cse', '--loop-guard-widening', '--jump-threading', '--globalopt', '--slp-vectorizer', '--instcombine', '--slp-vectorizer', '--instcombine', '--simplifycfg', '--sroa', '--early-cse', '--lower-expect', '--aggressive-instcombine']",77,-3.5574286695729693,0.0,-0.7759139535391936,0.0,1,-3.5574286695729693,-0.7759139535391936,0.5620873773639496,-67.00507614213198,12.107873220656332,11.76470588235294,34
2526,"['--ipsccp', '--speculative-execution', '--sccp', '--lower-constant-intrinsics', '--early-cse', '--mem2reg', '--jump-threading', '--globalopt', '--elim-avail-extern', '--instcombine', '--loop-instsimplify', '--jump-threading', '--gvn', '--simplifycfg', '--instsimplify', '--inline', '--mergefunc', '--gvn-hoist', '--instcombine', '--globalopt', '--elim-avail-extern', '--loweratomic', '--indvars', '--indvars', '--gvn', '--gvn', '--ipsccp', '--gvn', '--nary-reassociate', '--adce', '--early-cse', '--mem2reg', '--jump-threading', '--elim-avail-extern', '--instcombine', '--simplifycfg', '--sroa', '--mem2reg', '--globaldce', '--gvn-hoist', '--sccp', '--early-cse', '--lower-constant-intrinsics', '--adce', '--slsr', '--gvn-hoist', '--adce', '--gvn-hoist', '--adce', '--loop-simplify', '--dse', '--scalarizer', '--simplifycfg', '--lower-expect', '--simplifycfg', '--elim-avail-extern', '--lower-constant-intrinsics', '--ipsccp', '--nary-reassociate', '--gvn', '--early-cse', '--loop-guard-widening', '--jump-threading', '--globalopt', '--slp-vectorizer', '--instcombine', '--slp-vectorizer', '--slp-vectorizer', '--instcombine', '--simplifycfg', '--sroa', '--early-cse', '--lower-expect', '--aggressive-instcombine']",74,-3.5574286695729693,0.0,-0.7759139535391936,0.0,1,-3.5574286695729693,-0.7759139535391936,0.5620873773639496,-67.00507614213198,12.107873220656332,11.76470588235294,34
2582,"['--ipsccp', '--speculative-execution', '--slsr', '--early-cse', '--mem2reg', '--jump-threading', '--globalopt', '--jump-threading', '--instcombine', '--elim-avail-extern', '--gvn', '--simplifycfg', '--instsimplify', '--inline', '--mergefunc', '--loop-versioning-licm', '--gvn-hoist', '--instcombine', '--globalopt', '--elim-avail-extern', '--loweratomic', '--indvars', '--indvars', '--gvn', '--gvn', '--ipsccp', '--gvn', '--nary-reassociate', '--mem2reg', '--jump-threading', '--correlated-propagation', '--mem2reg', '--memcpyopt', '--globalopt', '--elim-avail-extern', '--instcombine', '--simplifycfg', '--sroa', '--mem2reg', '--hotcoldsplit', '--gvn-hoist', '--sccp', '--loop-vectorize', '--early-cse', '--lower-constant-intrinsics', '--adce', '--slsr', '--gvn-hoist', '--adce', '--loop-simplify', '--dse', '--scalarizer', '--adce', '--loop-simplify', '--dse', '--scalarizer', '--simplifycfg', '--mergereturn', '--lower-expect', '--elim-avail-extern', '--lower-constant-intrinsics', '--ipsccp', '--nary-reassociate', '--gvn', '--jump-threading', '--globalopt', '--slp-vectorizer', '--instcombine', '--slp-vectorizer', '--instcombine', '--simplifycfg', '--sroa', '--early-cse', '--lower-expect', '--aggressive-instcombine']",75,-3.5574286695729693,0.0,-0.7759139535391936,0.0,1,-3.5574286695729693,-0.7759139535391936,0.5620873773639496,-67.00507614213198,12.107873220656332,11.76470588235294,34
2563,"['--ipsccp', '--speculative-execution', '--sccp', '--lower-constant-intrinsics', '--early-cse', '--mem2reg', '--jump-threading', '--globalopt', '--elim-avail-extern', '--instcombine', '--loop-instsimplify', '--jump-threading', '--gvn', '--simplifycfg', '--instsimplify', '--inline', '--mergefunc', '--gvn-hoist', '--instcombine', '--globalopt', '--elim-avail-extern', '--loweratomic', '--indvars', '--indvars', '--gvn', '--gvn', '--ipsccp', '--gvn', '--nary-reassociate', '--mem2reg', '--jump-threading', '--correlated-propagation', '--mem2reg', '--memcpyopt', '--jump-threading', '--bdce', '--elim-avail-extern', '--instcombine', '--memcpyopt', '--simplifycfg', '--sroa', '--lower-constant-intrinsics', '--adce', '--slsr', '--gvn-hoist', '--adce', '--loop-simplify', '--adce', '--loop-simplify', '--dse', '--scalarizer', '--scalarizer', '--simplifycfg', '--lower-expect', '--simplifycfg', '--elim-avail-extern', '--lower-constant-intrinsics', '--lower-constant-intrinsics', '--ipsccp', '--nary-reassociate', '--adce', '--early-cse', '--loop-guard-widening', '--jump-threading', '--slp-vectorizer', '--instcombine', '--slp-vectorizer', '--instcombine', '--simplifycfg', '--sroa', '--early-cse', '--early-cse', '--lower-expect', '--aggressive-instcombine']",74,-3.5574286695729693,0.0,-0.7759139535391936,0.0,1,-3.5574286695729693,-0.7759139535391936,0.5620873773639496,-67.00507614213198,12.107873220656332,11.76470588235294,34
2565,"['--ipsccp', '--speculative-execution', '--sccp', '--lower-constant-intrinsics', '--early-cse', '--mem2reg', '--jump-threading', '--globalopt', '--elim-avail-extern', '--instcombine', '--loop-instsimplify', '--jump-threading', '--gvn', '--simplifycfg', '--instsimplify', '--inline', '--mergefunc', '--gvn-hoist', '--instcombine', '--globalopt', '--elim-avail-extern', '--loweratomic', '--indvars', '--indvars', '--gvn', '--ipsccp', '--gvn', '--nary-reassociate', '--adce', '--early-cse', '--mem2reg', '--jump-threading', '--globalopt', '--elim-avail-extern', '--instcombine', '--early-cse', '--sroa', '--mem2reg', '--globaldce', '--gvn-hoist', '--sccp', '--simplifycfg', '--lower-constant-intrinsics', '--adce', '--slsr', '--gvn-hoist', '--adce', '--loop-simplify', '--dse', '--scalarizer', '--adce', '--loop-simplify', '--dse', '--scalarizer', '--simplifycfg', '--simplifycfg', '--elim-avail-extern', '--lower-constant-intrinsics', '--ipsccp', '--nary-reassociate', '--gvn', '--early-cse', '--loop-guard-widening', '--jump-threading', '--globalopt', '--slp-vectorizer', '--instcombine', '--slp-vectorizer', '--instcombine', '--simplifycfg', '--sroa', '--early-cse', '--lower-expect', '--sroa', '--lower-expect', '--aggressive-instcombine']",76,-3.5574286695729693,0.0,-0.7759139535391936,0.0,1,-3.5574286695729693,-0.7759139535391936,0.5620873773639496,-67.00507614213198,12.107873220656332,11.76470588235294,34
2568,"['--ipsccp', '--speculative-execution', '--sccp', '--early-cse', '--mem2reg', '--jump-threading', '--globalopt', '--elim-avail-extern', '--instcombine', '--adce', '--jump-threading', '--gvn', '--simplifycfg', '--instsimplify', '--inline', '--mergefunc', '--gvn-hoist', '--gvn-hoist', '--instcombine', '--globalopt', '--elim-avail-extern', '--loweratomic', '--indvars', '--indvars', '--gvn', '--mem2reg', '--ipsccp', '--gvn', '--nary-reassociate', '--adce', '--strip', '--mem2reg', '--jump-threading', '--globalopt', '--elim-avail-extern', '--instcombine', '--simplifycfg', '--sroa', '--mem2reg', '--globaldce', '--gvn-hoist', '--sccp', '--early-cse', '--lower-constant-intrinsics', '--adce', '--slsr', '--gvn-hoist', '--adce', '--loop-simplify', '--loop-simplify', '--sroa', '--scalarizer', '--dse', '--scalarizer', '--simplifycfg', '--mergereturn', '--lower-expect', '--elim-avail-extern', '--lower-constant-intrinsics', '--ipsccp', '--nary-reassociate', '--gvn', '--jump-threading', '--globalopt', '--slp-vectorizer', '--instcombine', '--slp-vectorizer', '--instcombine', '--simplifycfg', '--sroa', '--early-cse', '--lower-expect', '--dse', '--sroa', '--aggressive-instcombine']",75,-3.5574286695729693,0.0,-0.7759139535391936,0.0,1,-3.5574286695729693,-0.7759139535391936,0.5620873773639496,-67.00507614213198,12.107873220656332,11.76470588235294,34
2527,"['--ipsccp', '--speculative-execution', '--sccp', '--lower-constant-intrinsics', '--early-cse', '--mem2reg', '--jump-threading', '--globalopt', '--elim-avail-extern', '--instcombine', '--loop-instsimplify', '--jump-threading', '--loop-fusion', '--gvn', '--simplifycfg', '--instsimplify', '--inline', '--mergefunc', '--gvn-hoist', '--instcombine', '--globalopt', '--elim-avail-extern', '--loweratomic', '--indvars', '--indvars', '--gvn', '--gvn', '--ipsccp', '--gvn', '--nary-reassociate', '--adce', '--early-cse', '--mem2reg', '--jump-threading', '--lower-expect', '--elim-avail-extern', '--instcombine', '--simplifycfg', '--sroa', '--mem2reg', '--globaldce', '--gvn-hoist', '--sccp', '--early-cse', '--lower-constant-intrinsics', '--adce', '--slsr', '--nary-reassociate', '--adce', '--loop-simplify', '--dse', '--scalarizer', '--adce', '--loop-simplify', '--dse', '--scalarizer', '--simplifycfg', '--mergereturn', '--lower-expect', '--elim-avail-extern', '--inferattrs', '--ipsccp', '--gvn-hoist', '--gvn', '--jump-threading', '--globalopt', '--slp-vectorizer', '--instcombine', '--slp-vectorizer', '--instcombine', '--simplifycfg', '--sroa', '--early-cse', '--early-cse', '--globalopt', '--aggressive-instcombine']",76,-3.5574286695729693,0.0,-0.7759139535391936,0.0,1,-3.5574286695729693,-0.7759139535391936,0.5620873773639496,-67.00507614213198,12.107873220656332,11.76470588235294,34
2569,"['--ipsccp', '--speculative-execution', '--sccp', '--early-cse', '--early-cse', '--mem2reg', '--jump-threading', '--loop-unroll-and-jam', '--globalopt', '--elim-avail-extern', '--bdce', '--instcombine', '--loop-instsimplify', '--jump-threading', '--gvn', '--simplifycfg', '--instsimplify', '--inline', '--mergefunc', '--gvn-hoist', '--instcombine', '--globalopt', '--elim-avail-extern', '--loweratomic', '--indvars', '--indvars', '--gvn', '--ipsccp', '--gvn', '--nary-reassociate', '--adce', '--early-cse', '--mem2reg', '--jump-threading', '--globalopt', '--elim-avail-extern', '--instcombine', '--simplifycfg', '--sroa', '--mem2reg', '--globaldce', '--gvn-hoist', '--sccp', '--early-cse', '--lower-constant-intrinsics', '--adce', '--slsr', '--gvn-hoist', '--adce', '--loop-simplify', '--dse', '--scalarizer', '--adce', '--loop-simplify', '--dse', '--scalarizer', '--simplifycfg', '--mergereturn', '--lower-expect', '--nary-reassociate', '--lower-constant-intrinsics', '--ipsccp', '--elim-avail-extern', '--gvn', '--jump-threading', '--globalopt', '--slp-vectorizer', '--instcombine', '--slp-vectorizer', '--instcombine', '--simplifycfg', '--sroa', '--simplifycfg', '--sroa', '--early-cse', '--lower-expect', '--aggressive-instcombine']",77,-3.5574286695729693,0.0,-0.7759139535391936,0.0,1,-3.5574286695729693,-0.7759139535391936,0.5620873773639496,-67.00507614213198,12.107873220656332,11.76470588235294,34
2580,"['--ipsccp', '--speculative-execution', '--sccp', '--early-cse', '--mem2reg', '--jump-threading', '--globalopt', '--instsimplify', '--elim-avail-extern', '--instcombine', '--loop-instsimplify', '--jump-threading', '--gvn', '--simplifycfg', '--instsimplify', '--inline', '--inline', '--mergefunc', '--gvn-hoist', '--instcombine', '--globalopt', '--elim-avail-extern', '--loweratomic', '--indvars', '--indvars', '--gvn', '--gvn', '--ipsccp', '--gvn', '--nary-reassociate', '--mem2reg', '--partially-inline-libcalls', '--correlated-propagation', '--jump-threading', '--mem2reg', '--memcpyopt', '--globalopt', '--jump-threading', '--bdce', '--elim-avail-extern', '--instcombine', '--simplifycfg', '--sroa', '--lower-constant-intrinsics', '--adce', '--slsr', '--gvn-hoist', '--adce', '--loop-simplify', '--adce', '--loop-simplify', '--dse', '--scalarizer', '--simplifycfg', '--lower-expect', '--gvn-hoist', '--simplifycfg', '--lower-expect', '--simplifycfg', '--elim-avail-extern', '--lower-constant-intrinsics', '--ipsccp', '--gvn', '--nary-reassociate', '--gvn', '--early-cse', '--loop-guard-widening', '--jump-threading', '--globalopt', '--slp-vectorizer', '--instcombine', '--slp-vectorizer', '--instcombine', '--simplifycfg', '--sroa', '--early-cse', '--lower-expect', '--aggressive-instcombine']",78,-3.5574286695729693,0.0,-0.7759139535391936,0.0,1,-3.5574286695729693,-0.7759139535391936,0.5620873773639496,-67.00507614213198,12.107873220656332,11.76470588235294,34
2570,"['--ipsccp', '--speculative-execution', '--sccp', '--lower-constant-intrinsics', '--early-cse', '--mem2reg', '--jump-threading', '--globalopt', '--elim-avail-extern', '--instcombine', '--loop-instsimplify', '--jump-threading', '--gvn', '--simplifycfg', '--instsimplify', '--inline', '--mergefunc', '--gvn-hoist', '--elim-avail-extern', '--globalopt', '--elim-avail-extern', '--loweratomic', '--indvars', '--indvars', '--gvn', '--gvn', '--ipsccp', '--gvn', '--nary-reassociate', '--adce', '--early-cse', '--mem2reg', '--jump-threading', '--globalopt', '--instcombine', '--instcombine', '--simplifycfg', '--sroa', '--mem2reg', '--globaldce', '--gvn-hoist', '--sccp', '--lower-constant-intrinsics', '--adce', '--slsr', '--gvn-hoist', '--adce', '--loop-simplify', '--dse', '--scalarizer', '--bdce', '--simplifycfg', '--lower-expect', '--simplifycfg', '--elim-avail-extern', '--lower-constant-intrinsics', '--ipsccp', '--gvn', '--nary-reassociate', '--gvn', '--early-cse', '--mem2reg', '--jump-threading', '--globalopt', '--slp-vectorizer', '--instcombine', '--simplifycfg', '--sroa', '--early-cse', '--lower-expect', '--sroa', '--sroa', '--lower-expect', '--aggressive-instcombine']",74,-3.5574286695729693,0.0,-0.7759139535391936,0.0,1,-3.5574286695729693,-0.7759139535391936,0.5620873773639496,-67.00507614213198,12.107873220656332,11.76470588235294,34
2530,"['--ipsccp', '--speculative-execution', '--sccp', '--lower-constant-intrinsics', '--early-cse', '--mem2reg', '--jump-threading', '--globalopt', '--elim-avail-extern', '--instcombine', '--loop-instsimplify', '--jump-threading', '--gvn', '--simplifycfg', '--instsimplify', '--inline', '--mergefunc', '--gvn-hoist', '--instcombine', '--globalopt', '--elim-avail-extern', '--loweratomic', '--indvars', '--indvars', '--gvn', '--gvn', '--ipsccp', '--gvn', '--nary-reassociate', '--adce', '--early-cse', '--mem2reg', '--jump-threading', '--globalopt', '--jump-threading', '--bdce', '--elim-avail-extern', '--instcombine', '--simplifycfg', '--sroa', '--lower-constant-intrinsics', '--adce', '--slsr', '--gvn-hoist', '--adce', '--loop-simplify', '--adce', '--strip', '--dse', '--scalarizer', '--scalarizer', '--simplifycfg', '--lower-expect', '--simplifycfg', '--elim-avail-extern', '--lower-constant-intrinsics', '--lower-constant-intrinsics', '--lower-expect', '--elim-avail-extern', '--lower-constant-intrinsics', '--ipsccp', '--nary-reassociate', '--gvn', '--jump-threading', '--globalopt', '--slp-vectorizer', '--instcombine', '--slp-vectorizer', '--instcombine', '--simplifycfg', '--sroa', '--early-cse', '--lower-expect', '--sroa', '--sroa', '--aggressive-instcombine']",76,-3.5574286695729693,0.0,-0.7759139535391936,0.0,1,-3.5574286695729693,-0.7759139535391936,0.5620873773639496,-67.00507614213198,12.107873220656332,11.76470588235294,34
2571,"['--ipsccp', '--speculative-execution', '--sccp', '--lower-constant-intrinsics', '--early-cse', '--mem2reg', '--jump-threading', '--jump-threading', '--globalopt', '--elim-avail-extern', '--instcombine', '--loop-instsimplify', '--jump-threading', '--gvn', '--simplifycfg', '--instsimplify', '--inline', '--mergefunc', '--gvn-hoist', '--instcombine', '--globalopt', '--elim-avail-extern', '--loweratomic', '--indvars', '--indvars', '--gvn', '--gvn', '--ipsccp', '--gvn', '--nary-reassociate', '--adce', '--mem2reg', '--jump-threading', '--globalopt', '--elim-avail-extern', '--instcombine', '--simplifycfg', '--sroa', '--mem2reg', '--globaldce', '--gvn-hoist', '--sccp', '--early-cse', '--lower-constant-intrinsics', '--adce', '--slsr', '--gvn-hoist', '--adce', '--loop-simplify', '--dse', '--dse', '--scalarizer', '--adce', '--loop-simplify', '--dse', '--scalarizer', '--simplifycfg', '--mergereturn', '--lower-expect', '--elim-avail-extern', '--inferattrs', '--ipsccp', '--gvn-hoist', '--gvn', '--jump-threading', '--globalopt', '--slp-vectorizer', '--instcombine', '--slp-vectorizer', '--instcombine', '--simplifycfg', '--sroa', '--early-cse', '--early-cse', '--globalopt', '--aggressive-instcombine']",76,-3.5574286695729693,0.0,-0.7759139535391936,0.0,1,-3.5574286695729693,-0.7759139535391936,0.5620873773639496,-67.00507614213198,12.107873220656332,11.76470588235294,34
2573,"['--ipsccp', '--speculative-execution', '--sccp', '--lower-constant-intrinsics', '--early-cse', '--mem2reg', '--jump-threading', '--jump-threading', '--globalopt', '--elim-avail-extern', '--instcombine', '--loop-instsimplify', '--jump-threading', '--gvn', '--simplifycfg', '--instsimplify', '--inline', '--mergefunc', '--gvn-hoist', '--instcombine', '--globalopt', '--elim-avail-extern', '--loweratomic', '--indvars', '--indvars', '--gvn', '--gvn', '--ipsccp', '--gvn', '--nary-reassociate', '--adce', '--mem2reg', '--jump-threading', '--globalopt', '--elim-avail-extern', '--instcombine', '--simplifycfg', '--sroa', '--mem2reg', '--globaldce', '--gvn-hoist', '--sccp', '--early-cse', '--lower-constant-intrinsics', '--adce', '--slsr', '--gvn-hoist', '--adce', '--loop-simplify', '--dse', '--scalarizer', '--bdce', '--adce', '--loop-simplify', '--scalarizer', '--simplifycfg', '--mergereturn', '--lower-expect', '--simplifycfg', '--gvn', '--nary-reassociate', '--gvn', '--early-cse', '--mem2reg', '--jump-threading', '--globalopt', '--slp-vectorizer', '--instcombine', '--ipsccp', '--sroa', '--early-cse', '--lower-expect', '--sroa', '--sroa', '--lower-expect', '--aggressive-instcombine']",76,-3.5574286695729693,0.0,-0.7759139535391936,0.0,1,-3.5574286695729693,-0.7759139535391936,0.5620873773639496,-67.00507614213198,12.107873220656332,11.76470588235294,34
2574,"['--ipsccp', '--speculative-execution', '--sccp', '--early-cse', '--early-cse', '--mem2reg', '--jump-threading', '--loop-unroll-and-jam', '--globalopt', '--elim-avail-extern', '--instcombine', '--loop-instsimplify', '--jump-threading', '--gvn', '--gvn', '--simplifycfg', '--instsimplify', '--inline', '--mergefunc', '--gvn-hoist', '--elim-avail-extern', '--loweratomic', '--indvars', '--indvars', '--gvn', '--gvn', '--ipsccp', '--gvn', '--nary-reassociate', '--mem2reg', '--jump-threading', '--correlated-propagation', '--mem2reg', '--memcpyopt', '--jump-threading', '--bdce', '--elim-avail-extern', '--instcombine', '--memcpyopt', '--simplifycfg', '--sroa', '--lower-constant-intrinsics', '--adce', '--early-cse', '--slsr', '--gvn-hoist', '--adce', '--loop-simplifycfg', '--loop-simplify', '--adce', '--loop-simplify', '--dse', '--scalarizer', '--scalarizer', '--simplifycfg', '--lower-expect', '--simplifycfg', '--elim-avail-extern', '--lower-constant-intrinsics', '--lower-constant-intrinsics', '--ipsccp', '--nary-reassociate', '--adce', '--early-cse', '--loop-guard-widening', '--jump-threading', '--slp-vectorizer', '--instcombine', '--slp-vectorizer', '--instcombine', '--simplifycfg', '--sroa', '--early-cse', '--early-cse', '--lower-expect', '--aggressive-instcombine']",76,-3.5574286695729693,0.0,-0.7759139535391936,0.0,1,-3.5574286695729693,-0.7759139535391936,0.5620873773639496,-67.00507614213198,12.107873220656332,11.76470588235294,34
2577,"['--ipsccp', '--speculative-execution', '--sccp', '--lower-constant-intrinsics', '--early-cse', '--mem2reg', '--jump-threading', '--globalopt', '--elim-avail-extern', '--instcombine', '--loop-instsimplify', '--jump-threading', '--gvn', '--simplifycfg', '--instsimplify', '--inline', '--mergefunc', '--mergefunc', '--gvn-hoist', '--globalopt', '--elim-avail-extern', '--loweratomic', '--indvars', '--indvars', '--gvn', '--gvn', '--ipsccp', '--gvn', '--nary-reassociate', '--adce', '--early-cse', '--mem2reg', '--jump-threading', '--simplifycfg', '--elim-avail-extern', '--instcombine', '--globalopt', '--sroa', '--mem2reg', '--globaldce', '--gvn-hoist', '--sccp', '--early-cse', '--early-cse', '--lower-constant-intrinsics', '--adce', '--slsr', '--gvn-hoist', '--adce', '--loop-simplify', '--dse', '--scalarizer', '--adce', '--loop-simplify', '--scalarizer', '--simplifycfg', '--mergereturn', '--lower-expect', '--ipsccp', '--gvn', '--nary-reassociate', '--gvn', '--early-cse', '--mem2reg', '--jump-threading', '--globalopt', '--slp-vectorizer', '--instcombine', '--simplifycfg', '--sroa', '--early-cse', '--lower-expect', '--sroa', '--sroa', '--lower-expect', '--aggressive-instcombine']",76,-3.5574286695729693,0.0,-0.7759139535391936,0.0,1,-3.5574286695729693,-0.7759139535391936,0.5620873773639496,-67.00507614213198,12.107873220656332,11.76470588235294,34
2532,"['--ipsccp', '--speculative-execution', '--sccp', '--early-cse', '--mem2reg', '--jump-threading', '--globalopt', '--elim-avail-extern', '--instcombine', '--loop-instsimplify', '--jump-threading', '--gvn', '--simplifycfg', '--instsimplify', '--inline', '--inline', '--mergefunc', '--gvn-hoist', '--instcombine', '--globalopt', '--elim-avail-extern', '--loweratomic', '--indvars', '--indvars', '--gvn', '--gvn', '--ipsccp', '--gvn', '--nary-reassociate', '--mem2reg', '--jump-threading', '--correlated-propagation', '--mem2reg', '--memcpyopt', '--globalopt', '--jump-threading', '--bdce', '--elim-avail-extern', '--instcombine', '--simplifycfg', '--sroa', '--lower-constant-intrinsics', '--adce', '--slsr', '--gvn-hoist', '--adce', '--loop-simplify', '--adce', '--loop-simplify', '--dse', '--scalarizer', '--simplifycfg', '--lower-expect', '--simplifycfg', '--elim-avail-extern', '--mergereturn', '--lower-expect', '--elim-avail-extern', '--lower-constant-intrinsics', '--ipsccp', '--nary-reassociate', '--gvn', '--jump-threading', '--globalopt', '--slp-vectorizer', '--instcombine', '--slp-vectorizer', '--instcombine', '--simplifycfg', '--sroa', '--early-cse', '--lower-expect', '--sroa', '--sroa', '--aggressive-instcombine']",75,-3.5574286695729693,0.0,-0.7759139535391936,0.0,1,-3.5574286695729693,-0.7759139535391936,0.5620873773639496,-67.00507614213198,12.107873220656332,11.76470588235294,34
2557,"['--ipsccp', '--sccp', '--speculative-execution', '--lower-constant-intrinsics', '--early-cse', '--mem2reg', '--mergefunc', '--jump-threading', '--globalopt', '--lower-constant-intrinsics', '--elim-avail-extern', '--instcombine', '--loop-instsimplify', '--jump-threading', '--gvn', '--simplifycfg', '--instsimplify', '--inline', '--mergefunc', '--gvn-hoist', '--elim-avail-extern', '--loweratomic', '--indvars', '--indvars', '--gvn', '--gvn', '--ipsccp', '--gvn', '--nary-reassociate', '--mem2reg', '--jump-threading', '--correlated-propagation', '--mem2reg', '--memcpyopt', '--jump-threading', '--bdce', '--elim-avail-extern', '--instcombine', '--memcpyopt', '--simplifycfg', '--sroa', '--lower-constant-intrinsics', '--adce', '--slsr', '--gvn-hoist', '--adce', '--loop-simplifycfg', '--loop-simplify', '--adce', '--loop-simplify', '--dse', '--scalarizer', '--scalarizer', '--simplifycfg', '--lower-expect', '--simplifycfg', '--elim-avail-extern', '--lower-constant-intrinsics', '--lower-constant-intrinsics', '--ipsccp', '--nary-reassociate', '--adce', '--early-cse', '--loop-guard-widening', '--jump-threading', '--slp-vectorizer', '--instcombine', '--slp-vectorizer', '--instcombine', '--simplifycfg', '--sroa', '--early-cse', '--early-cse', '--lower-expect', '--aggressive-instcombine']",75,-3.5574286695729693,0.0,-0.7759139535391936,0.0,1,-3.5574286695729693,-0.7759139535391936,0.5620873773639496,-67.00507614213198,12.107873220656332,11.76470588235294,34
2555,"['--ipsccp', '--speculative-execution', '--sccp', '--lower-constant-intrinsics', '--early-cse', '--mem2reg', '--mergefunc', '--jump-threading', '--globalopt', '--lower-constant-intrinsics', '--elim-avail-extern', '--instcombine', '--loop-instsimplify', '--jump-threading', '--gvn', '--simplifycfg', '--instsimplify', '--inline', '--mergefunc', '--gvn-hoist', '--elim-avail-extern', '--loweratomic', '--indvars', '--indvars', '--gvn', '--gvn', '--ipsccp', '--gvn', '--nary-reassociate', '--adce', '--early-cse', '--mem2reg', '--jump-threading', '--globalopt', '--jump-threading', '--bdce', '--elim-avail-extern', '--instcombine', '--simplifycfg', '--sroa', '--lower-constant-intrinsics', '--adce', '--slsr', '--gvn-hoist', '--adce', '--loop-simplify', '--adce', '--strip', '--dse', '--scalarizer', '--scalarizer', '--simplifycfg', '--lower-expect', '--simplifycfg', '--lower-expect', '--lower-constant-intrinsics', '--lower-constant-intrinsics', '--lower-expect', '--elim-avail-extern', '--lower-constant-intrinsics', '--ipsccp', '--nary-reassociate', '--gvn', '--jump-threading', '--globalopt', '--slp-vectorizer', '--instcombine', '--slp-vectorizer', '--instcombine', '--simplifycfg', '--sroa', '--early-cse', '--lower-expect', '--sroa', '--sroa', '--aggressive-instcombine']",76,-3.5574286695729693,0.0,-0.7759139535391936,0.0,1,-3.5574286695729693,-0.7759139535391936,0.5620873773639496,-67.00507614213198,12.107873220656332,11.76470588235294,34
2586,"['--ipsccp', '--speculative-execution', '--sccp', '--lower-constant-intrinsics', '--early-cse', '--mem2reg', '--jump-threading', '--instcombine', '--elim-avail-extern', '--instcombine', '--loop-instsimplify', '--jump-threading', '--gvn', '--simplifycfg', '--instsimplify', '--inline', '--mergefunc', '--gvn-hoist', '--instcombine', '--globalopt', '--elim-avail-extern', '--loweratomic', '--indvars', '--indvars', '--gvn', '--gvn', '--ipsccp', '--gvn', '--nary-reassociate', '--mem2reg', '--jump-threading', '--correlated-propagation', '--mem2reg', '--memcpyopt', '--globalopt', '--jump-threading', '--slsr', '--elim-avail-extern', '--instcombine', '--memcpyopt', '--simplifycfg', '--sroa', '--lower-constant-intrinsics', '--adce', '--slsr', '--gvn-hoist', '--adce', '--loop-simplify', '--adce', '--loop-simplify', '--dse', '--scalarizer', '--scalarizer', '--simplifycfg', '--lower-expect', '--simplifycfg', '--elim-avail-extern', '--lower-constant-intrinsics', '--lower-constant-intrinsics', '--ipsccp', '--nary-reassociate', '--adce', '--early-cse', '--loop-guard-widening', '--jump-threading', '--slp-vectorizer', '--instcombine', '--slp-vectorizer', '--instcombine', '--simplifycfg', '--sroa', '--sroa', '--early-cse', '--lower-expect', '--sroa', '--lower-expect', '--aggressive-instcombine']",77,-3.5574286695729693,0.0,-0.7759139535391936,0.0,1,-3.5574286695729693,-0.7759139535391936,0.5620873773639496,-67.00507614213198,12.107873220656332,11.76470588235294,34
2541,"['--ipsccp', '--speculative-execution', '--sccp', '--lower-constant-intrinsics', '--early-cse', '--mem2reg', '--jump-threading', '--jump-threading', '--globalopt', '--elim-avail-extern', '--instcombine', '--loop-instsimplify', '--jump-threading', '--gvn', '--simplifycfg', '--instsimplify', '--inline', '--mergefunc', '--gvn-hoist', '--instcombine', '--globalopt', '--elim-avail-extern', '--loweratomic', '--indvars', '--indvars', '--gvn', '--gvn', '--ipsccp', '--gvn', '--nary-reassociate', '--adce', '--mem2reg', '--jump-threading', '--globalopt', '--elim-avail-extern', '--instcombine', '--simplifycfg', '--sroa', '--mem2reg', '--globaldce', '--gvn-hoist', '--sccp', '--early-cse', '--lower-constant-intrinsics', '--adce', '--slsr', '--gvn-hoist', '--adce', '--loop-simplify', '--dse', '--scalarizer', '--adce', '--loop-simplify', '--dse', '--scalarizer', '--simplifycfg', '--mergereturn', '--lower-expect', '--elim-avail-extern', '--lower-constant-intrinsics', '--correlated-propagation', '--gvn', '--jump-threading', '--globalopt', '--slp-vectorizer', '--instcombine', '--slp-vectorizer', '--instcombine', '--simplifycfg', '--sroa', '--early-cse', '--lower-expect', '--sroa', '--sroa', '--aggressive-instcombine']",75,-3.5574286695729693,0.0,-0.7759139535391936,0.0,1,-3.5574286695729693,-0.7759139535391936,0.5620873773639496,-67.00507614213198,12.107873220656332,11.76470588235294,34
2539,"['--ipsccp', '--speculative-execution', '--sccp', '--lower-constant-intrinsics', '--early-cse', '--mem2reg', '--jump-threading', '--instcombine', '--elim-avail-extern', '--instcombine', '--loop-instsimplify', '--jump-threading', '--gvn', '--simplifycfg', '--instsimplify', '--inline', '--mergefunc', '--gvn-hoist', '--instcombine', '--globalopt', '--elim-avail-extern', '--loweratomic', '--indvars', '--indvars', '--gvn', '--gvn', '--ipsccp', '--gvn', '--nary-reassociate', '--mem2reg', '--jump-threading', '--correlated-propagation', '--mem2reg', '--memcpyopt', '--globalopt', '--jump-threading', '--bdce', '--elim-avail-extern', '--instcombine', '--memcpyopt', '--simplifycfg', '--sroa', '--lower-constant-intrinsics', '--adce', '--slsr', '--gvn-hoist', '--adce', '--loop-simplify', '--adce', '--loop-simplify', '--dse', '--scalarizer', '--scalarizer', '--simplifycfg', '--lower-expect', '--simplifycfg', '--mergereturn', '--lower-expect', '--elim-avail-extern', '--lower-constant-intrinsics', '--ipsccp', '--nary-reassociate', '--gvn', '--die', '--globalopt', '--slp-vectorizer', '--instcombine', '--slp-vectorizer', '--instcombine', '--simplifycfg', '--sroa', '--early-cse', '--early-cse', '--lower-expect', '--aggressive-instcombine']",75,-3.5574286695729693,0.0,-0.7759139535391936,0.0,1,-3.5574286695729693,-0.7759139535391936,0.5620873773639496,-67.00507614213198,12.107873220656332,11.76470588235294,34
2542,"['--ipsccp', '--speculative-execution', '--sccp', '--lower-constant-intrinsics', '--early-cse', '--mem2reg', '--jump-threading', '--globalopt', '--elim-avail-extern', '--instcombine', '--loop-instsimplify', '--jump-threading', '--gvn', '--simplifycfg', '--instsimplify', '--inline', '--mergefunc', '--gvn-hoist', '--instcombine', '--globalopt', '--elim-avail-extern', '--loweratomic', '--indvars', '--indvars', '--gvn', '--ipsccp', '--gvn', '--nary-reassociate', '--adce', '--early-cse', '--mem2reg', '--jump-threading', '--globalopt', '--jump-threading', '--lower-expect', '--elim-avail-extern', '--instcombine', '--simplifycfg', '--sroa', '--mem2reg', '--globaldce', '--gvn-hoist', '--sccp', '--early-cse', '--lower-constant-intrinsics', '--adce', '--slsr', '--nary-reassociate', '--adce', '--loop-simplify', '--dse', '--scalarizer', '--adce', '--loop-simplify', '--dse', '--scalarizer', '--simplifycfg', '--mergereturn', '--lower-expect', '--elim-avail-extern', '--lower-constant-intrinsics', '--ipsccp', '--gvn-hoist', '--gvn', '--jump-threading', '--globalopt', '--slp-vectorizer', '--instcombine', '--slp-vectorizer', '--instcombine', '--simplifycfg', '--sroa', '--early-cse', '--early-cse', '--globalopt', '--aggressive-instcombine']",76,-3.5574286695729693,0.0,-0.7759139535391936,0.0,1,-3.5574286695729693,-0.7759139535391936,0.5620873773639496,-67.00507614213198,12.107873220656332,11.76470588235294,34
2537,"['--ipsccp', '--speculative-execution', '--sccp', '--lower-constant-intrinsics', '--early-cse', '--mem2reg', '--jump-threading', '--globalopt', '--elim-avail-extern', '--instcombine', '--loop-instsimplify', '--jump-threading', '--gvn', '--simplifycfg', '--instsimplify', '--inline', '--mergefunc', '--gvn-hoist', '--instcombine', '--globalopt', '--elim-avail-extern', '--loweratomic', '--indvars', '--indvars', '--gvn', '--gvn', '--ipsccp', '--gvn', '--nary-reassociate', '--adce', '--early-cse', '--mem2reg', '--jump-threading', '--globalopt', '--elim-avail-extern', '--instcombine', '--simplifycfg', '--sroa', '--mem2reg', '--globaldce', '--gvn-hoist', '--sccp', '--early-cse', '--lower-constant-intrinsics', '--adce', '--slsr', '--gvn-hoist', '--adce', '--loop-simplify', '--dse', '--scalarizer', '--bdce', '--adce', '--loop-simplify', '--scalarizer', '--simplifycfg', '--mergereturn', '--lower-expect', '--simplifycfg', '--gvn', '--nary-reassociate', '--gvn', '--early-cse', '--mem2reg', '--jump-threading', '--globalopt', '--slp-vectorizer', '--instcombine', '--ipsccp', '--sroa', '--early-cse', '--lower-expect', '--sroa', '--sroa', '--lower-expect', '--aggressive-instcombine']",76,-3.5574286695729693,0.0,-0.7759139535391936,0.0,1,-3.5574286695729693,-0.7759139535391936,0.5620873773639496,-67.00507614213198,12.107873220656332,11.76470588235294,34
2590,"['--ipsccp', '--sccp', '--speculative-execution', '--lower-constant-intrinsics', '--early-cse', '--mem2reg', '--jump-threading', '--globalopt', '--elim-avail-extern', '--instcombine', '--loop-instsimplify', '--gvn', '--simplifycfg', '--instsimplify', '--inline', '--mergefunc', '--reassociate', '--gvn-hoist', '--instcombine', '--globalopt', '--elim-avail-extern', '--loweratomic', '--indvars', '--indvars', '--gvn', '--gvn', '--ipsccp', '--gvn', '--nary-reassociate', '--mem2reg', '--jump-threading', '--correlated-propagation', '--mem2reg', '--memcpyopt', '--globalopt', '--bdce', '--elim-avail-extern', '--instcombine', '--simplifycfg', '--sroa', '--lower-constant-intrinsics', '--adce', '--slsr', '--gvn-hoist', '--adce', '--loop-simplify', '--adce', '--loop-simplify', '--dse', '--scalarizer', '--dce', '--simplifycfg', '--lower-expect', '--simplifycfg', '--elim-avail-extern', '--lower-constant-intrinsics', '--lower-expect', '--elim-avail-extern', '--lower-constant-intrinsics', '--ipsccp', '--nary-reassociate', '--gvn', '--jump-threading', '--globalopt', '--slp-vectorizer', '--instcombine', '--slp-vectorizer', '--instcombine', '--simplifycfg', '--sroa', '--early-cse', '--lower-expect', '--sroa', '--sroa', '--aggressive-instcombine']",75,-3.5574286695729693,0.0,-0.7759139535391936,0.0,1,-3.5574286695729693,-0.7759139535391936,0.5620873773639496,-67.00507614213198,12.107873220656332,11.76470588235294,34
2525,"['--ipsccp', '--speculative-execution', '--sccp', '--lower-constant-intrinsics', '--early-cse', '--mem2reg', '--jump-threading', '--instcombine', '--elim-avail-extern', '--globalopt', '--loop-instsimplify', '--jump-threading', '--gvn', '--simplifycfg', '--instsimplify', '--inline', '--mergefunc', '--gvn-hoist', '--instcombine', '--globalopt', '--elim-avail-extern', '--loweratomic', '--indvars', '--indvars', '--early-cse-memssa', '--gvn', '--gvn', '--ipsccp', '--gvn', '--nary-reassociate', '--adce', '--early-cse', '--slsr', '--jump-threading', '--globalopt', '--elim-avail-extern', '--instcombine', '--simplifycfg', '--sroa', '--mem2reg', '--globaldce', '--gvn-hoist', '--sccp', '--early-cse', '--lower-constant-intrinsics', '--adce', '--slsr', '--gvn-hoist', '--adce', '--loop-simplify', '--dse', '--scalarizer', '--adce', '--loop-simplify', '--dse', '--scalarizer', '--simplifycfg', '--mergereturn', '--lower-expect', '--elim-avail-extern', '--lower-constant-intrinsics', '--ipsccp', '--nary-reassociate', '--gvn', '--jump-threading', '--globalopt', '--slp-vectorizer', '--instcombine', '--slp-vectorizer', '--instcombine', '--simplifycfg', '--sroa', '--early-cse', '--lower-expect', '--sroa', '--sroa', '--aggressive-instcombine']",77,-3.5574286695729693,0.0,-0.7759139535391936,0.0,1,-3.5574286695729693,-0.7759139535391936,0.5620873773639496,-67.00507614213198,12.107873220656332,11.76470588235294,34
2547,"['--ipsccp', '--speculative-execution', '--sccp', '--lower-constant-intrinsics', '--early-cse', '--mem2reg', '--jump-threading', '--globalopt', '--elim-avail-extern', '--instcombine', '--loop-instsimplify', '--jump-threading', '--gvn', '--simplifycfg', '--instsimplify', '--inline', '--mergefunc', '--gvn-hoist', '--instcombine', '--globalopt', '--elim-avail-extern', '--loweratomic', '--indvars', '--indvars', '--gvn', '--gvn', '--ipsccp', '--gvn', '--nary-reassociate', '--adce', '--early-cse', '--mem2reg', '--jump-threading', '--globalopt', '--elim-avail-extern', '--instcombine', '--simplifycfg', '--sroa', '--mem2reg', '--globaldce', '--gvn-hoist', '--sccp', '--early-cse', '--lower-constant-intrinsics', '--adce', '--adce', '--slsr', '--gvn-hoist', '--adce', '--early-cse-memssa', '--loop-simplify', '--dse', '--scalarizer', '--lower-expect', '--ipsccp', '--elim-avail-extern', '--lower-constant-intrinsics', '--ipsccp', '--gvn', '--gvn', '--gvn', '--early-cse', '--mem2reg', '--jump-threading', '--correlated-propagation', '--slp-vectorizer', '--instcombine', '--simplifycfg', '--slp-vectorizer', '--instcombine', '--simplifycfg', '--sroa', '--early-cse', '--lower-expect', '--aggressive-instcombine']",75,-3.5574286695729693,0.0,-0.7759139535391936,0.0,1,-3.5574286695729693,-0.7759139535391936,0.5620873773639496,-67.00507614213198,12.107873220656332,11.76470588235294,34
2588,"['--ipsccp', '--speculative-execution', '--sccp', '--lower-constant-intrinsics', '--early-cse', '--mem2reg', '--jump-threading', '--jump-threading', '--globalopt', '--elim-avail-extern', '--instcombine', '--loop-instsimplify', '--jump-threading', '--gvn', '--simplifycfg', '--instsimplify', '--inline', '--mergefunc', '--gvn-hoist', '--instcombine', '--globalopt', '--elim-avail-extern', '--loweratomic', '--indvars', '--indvars', '--loop-fusion', '--gvn', '--ipsccp', '--gvn', '--nary-reassociate', '--adce', '--mem2reg', '--jump-threading', '--globalopt', '--elim-avail-extern', '--instcombine', '--simplifycfg', '--sroa', '--mem2reg', '--globaldce', '--gvn-hoist', '--sccp', '--early-cse', '--lower-constant-intrinsics', '--adce', '--slsr', '--gvn-hoist', '--adce', '--loop-simplify', '--dse', '--scalarizer', '--adce', '--loop-simplify', '--dse', '--scalarizer', '--simplifycfg', '--mergereturn', '--lower-expect', '--elim-avail-extern', '--lower-constant-intrinsics', '--correlated-propagation', '--gvn', '--jump-threading', '--globalopt', '--slp-vectorizer', '--instcombine', '--slp-vectorizer', '--instcombine', '--simplifycfg', '--sroa', '--early-cse', '--lower-expect', '--sroa', '--sroa', '--aggressive-instcombine']",75,-3.5574286695729693,0.0,-0.7759139535391936,0.0,1,-3.5574286695729693,-0.7759139535391936,0.5620873773639496,-67.00507614213198,12.107873220656332,11.76470588235294,34
2551,"['--ipsccp', '--speculative-execution', '--sccp', '--lower-constant-intrinsics', '--early-cse', '--mem2reg', '--jump-threading', '--globalopt', '--elim-avail-extern', '--instcombine', '--loop-instsimplify', '--jump-threading', '--gvn', '--simplifycfg', '--instsimplify', '--inline', '--mergefunc', '--gvn-hoist', '--instcombine', '--globalopt', '--elim-avail-extern', '--loweratomic', '--indvars', '--indvars', '--gvn', '--gvn', '--ipsccp', '--gvn', '--nary-reassociate', '--adce', '--early-cse', '--mem2reg', '--jump-threading', '--globalopt', '--elim-avail-extern', '--instcombine', '--simplifycfg', '--sroa', '--mem2reg', '--globaldce', '--gvn-hoist', '--sccp', '--early-cse', '--lower-constant-intrinsics', '--adce', '--slsr', '--gvn-hoist', '--adce', '--loop-simplify', '--dse', '--scalarizer', '--bdce', '--simplifycfg', '--lower-expect', '--simplifycfg', '--gvn-hoist', '--simplifycfg', '--lower-expect', '--simplifycfg', '--elim-avail-extern', '--lower-constant-intrinsics', '--ipsccp', '--gvn', '--nary-reassociate', '--gvn', '--early-cse', '--loop-guard-widening', '--jump-threading', '--globalopt', '--slp-vectorizer', '--instcombine', '--slp-vectorizer', '--instcombine', '--simplifycfg', '--sroa', '--early-cse', '--lower-expect', '--aggressive-instcombine']",78,-3.5574286695729693,0.0,-0.7759139535391936,0.0,1,-3.5574286695729693,-0.7759139535391936,0.5620873773639496,-67.00507614213198,12.107873220656332,11.76470588235294,34
2553,"['--ipsccp', '--speculative-execution', '--sccp', '--lower-constant-intrinsics', '--early-cse', '--mem2reg', '--jump-threading', '--globalopt', '--elim-avail-extern', '--instcombine', '--loop-instsimplify', '--gvn', '--simplifycfg', '--instsimplify', '--inline', '--mergefunc', '--reassociate', '--instcombine', '--globalopt', '--elim-avail-extern', '--loweratomic', '--indvars', '--indvars', '--gvn', '--gvn', '--ipsccp', '--gvn', '--nary-reassociate', '--mem2reg', '--jump-threading', '--correlated-propagation', '--mem2reg', '--memcpyopt', '--globalopt', '--bdce', '--elim-avail-extern', '--instcombine', '--simplifycfg', '--sroa', '--lower-constant-intrinsics', '--adce', '--slsr', '--gvn-hoist', '--adce', '--loop-simplify', '--adce', '--loop-simplify', '--dse', '--scalarizer', '--dce', '--simplifycfg', '--lower-expect', '--simplifycfg', '--elim-avail-extern', '--lower-constant-intrinsics', '--lower-constant-intrinsics', '--ipsccp', '--nary-reassociate', '--adce', '--early-cse', '--loop-guard-widening', '--jump-threading', '--slp-vectorizer', '--instcombine', '--slp-vectorizer', '--instcombine', '--instcombine', '--simplifycfg', '--sroa', '--early-cse', '--elim-avail-extern', '--lower-expect', '--sroa', '--sroa', '--aggressive-instcombine']",75,-3.5574286695729693,0.0,-0.7759139535391936,0.0,1,-3.5574286695729693,-0.7759139535391936,0.5620873773639496,-67.00507614213198,12.107873220656332,11.76470588235294,34
2584,"['--ipsccp', '--speculative-execution', '--sccp', '--early-cse', '--mem2reg', '--jump-threading', '--globalopt', '--elim-avail-extern', '--instcombine', '--loop-instsimplify', '--jump-threading', '--gvn', '--simplifycfg', '--instsimplify', '--inline', '--inline', '--mergefunc', '--gvn-hoist', '--instcombine', '--globalopt', '--elim-avail-extern', '--loweratomic', '--indvars', '--indvars', '--gvn', '--gvn', '--ipsccp', '--gvn', '--nary-reassociate', '--mem2reg', '--partially-inline-libcalls', '--correlated-propagation', '--jump-threading', '--mem2reg', '--memcpyopt', '--globalopt', '--jump-threading', '--bdce', '--elim-avail-extern', '--instcombine', '--simplifycfg', '--sroa', '--lower-constant-intrinsics', '--adce', '--slsr', '--gvn-hoist', '--adce', '--loop-simplify', '--adce', '--loop-simplify', '--dse', '--scalarizer', '--simplifycfg', '--lower-expect', '--gvn-hoist', '--simplifycfg', '--lower-expect', '--simplifycfg', '--elim-avail-extern', '--lower-constant-intrinsics', '--ipsccp', '--gvn', '--nary-reassociate', '--gvn', '--early-cse', '--loop-guard-widening', '--jump-threading', '--globalopt', '--slp-vectorizer', '--instcombine', '--slp-vectorizer', '--instcombine', '--simplifycfg', '--early-cse', '--lower-expect', '--aggressive-instcombine']",76,-3.5574286695729693,0.0,-0.7759139535391936,0.0,1,-3.5574286695729693,-0.7759139535391936,0.5620873773639496,-67.00507614213198,12.107873220656332,11.76470588235294,34
2535,"['--ipsccp', '--speculative-execution', '--slsr', '--early-cse', '--mem2reg', '--jump-threading', '--globalopt', '--jump-threading', '--instcombine', '--elim-avail-extern', '--gvn', '--simplifycfg', '--instsimplify', '--inline', '--mergefunc', '--loop-versioning-licm', '--gvn-hoist', '--instcombine', '--globalopt', '--elim-avail-extern', '--loweratomic', '--indvars', '--indvars', '--gvn', '--gvn', '--ipsccp', '--gvn', '--nary-reassociate', '--mem2reg', '--jump-threading', '--correlated-propagation', '--mem2reg', '--memcpyopt', '--globalopt', '--elim-avail-extern', '--instcombine', '--simplifycfg', '--sroa', '--mem2reg', '--globaldce', '--gvn-hoist', '--sccp', '--loop-vectorize', '--early-cse', '--lower-constant-intrinsics', '--adce', '--slsr', '--gvn-hoist', '--adce', '--loop-simplify', '--dse', '--scalarizer', '--adce', '--loop-simplify', '--dse', '--scalarizer', '--simplifycfg', '--mergereturn', '--lower-expect', '--elim-avail-extern', '--lower-constant-intrinsics', '--ipsccp', '--nary-reassociate', '--gvn', '--jump-threading', '--globalopt', '--slp-vectorizer', '--instcombine', '--slp-vectorizer', '--instcombine', '--simplifycfg', '--sroa', '--early-cse', '--lower-expect', '--sroa', '--sroa', '--aggressive-instcombine']",77,-3.5574286695729693,0.0,-0.7759139535391936,0.0,1,-3.5574286695729693,-0.7759139535391936,0.5620873773639496,-67.00507614213198,12.107873220656332,11.76470588235294,34
2681,"['--ipsccp', '--speculative-execution', '--sccp', '--lower-constant-intrinsics', '--early-cse', '--mem2reg', '--jump-threading', '--globalopt', '--elim-avail-extern', '--instcombine', '--loop-instsimplify', '--adce', '--simplifycfg', '--instsimplify', '--instsimplify', '--inline', '--inline', '--mergefunc', '--gvn-hoist', '--instcombine', '--globalopt', '--elim-avail-extern', '--loweratomic', '--indvars', '--indvars', '--gvn', '--gvn', '--ipsccp', '--gvn', '--nary-reassociate', '--mem2reg', '--partially-inline-libcalls', '--correlated-propagation', '--jump-threading', '--mem2reg', '--memcpyopt', '--globalopt', '--jump-threading', '--bdce', '--elim-avail-extern', '--instcombine', '--simplifycfg', '--sroa', '--lower-constant-intrinsics', '--adce', '--slsr', '--gvn-hoist', '--gvn', '--loop-simplify', '--adce', '--loop-simplify', '--dse', '--scalarizer', '--simplifycfg', '--lower-expect', '--gvn-hoist', '--simplifycfg', '--lower-expect', '--simplifycfg', '--elim-avail-extern', '--lower-constant-intrinsics', '--ipsccp', '--gvn', '--nary-reassociate', '--gvn', '--early-cse', '--loop-guard-widening', '--jump-threading', '--globalopt', '--slp-vectorizer', '--instcombine', '--slp-vectorizer', '--instcombine', '--simplifycfg', '--sroa', '--early-cse', '--lower-expect', '--aggressive-instcombine']",78,-3.560364827760117,0.0,-0.7675627030970108,0.0,1,-3.560364827760117,-0.7675627030970108,0.5620873773639496,-67.51269035532995,12.199869180844184,11.76470588235294,34
2554,"['--ipsccp', '--speculative-execution', '--sccp', '--lower-constant-intrinsics', '--early-cse', '--mem2reg', '--mergefunc', '--jump-threading', '--globalopt', '--lower-constant-intrinsics', '--elim-avail-extern', '--instcombine', '--loop-instsimplify', '--jump-threading', '--simplifycfg', '--instsimplify', '--inline', '--mergefunc', '--gvn-hoist', '--instcombine', '--globalopt', '--elim-avail-extern', '--loweratomic', '--indvars', '--indvars', '--gvn', '--ipsccp', '--gvn', '--nary-reassociate', '--adce', '--early-cse', '--jump-threading', '--globalopt', '--elim-avail-extern', '--instcombine', '--simplifycfg', '--sroa', '--mem2reg', '--globaldce', '--gvn-hoist', '--sccp', '--early-cse', '--lower-constant-intrinsics', '--adce', '--slsr', '--gvn-hoist', '--adce', '--loop-simplify', '--dse', '--scalarizer', '--adce', '--loop-simplify', '--dse', '--scalarizer', '--simplifycfg', '--mergereturn', '--lower-expect', '--nary-reassociate', '--lower-constant-intrinsics', '--ipsccp', '--elim-avail-extern', '--gvn', '--jump-threading', '--globalopt', '--slp-vectorizer', '--instcombine', '--slp-vectorizer', '--instcombine', '--simplifycfg', '--sroa', '--early-cse', '--lower-expect', '--sroa', '--sroa', '--aggressive-instcombine']",75,-3.560364827760117,0.0,-0.7675627030970108,0.0,1,-3.560364827760117,-0.7675627030970108,0.5620873773639496,-67.51269035532995,12.199869180844184,11.76470588235294,34
2699,"['--ipsccp', '--sccp', '--speculative-execution', '--lower-constant-intrinsics', '--early-cse', '--mem2reg', '--jump-threading', '--globalopt', '--elim-avail-extern', '--instcombine', '--loop-instsimplify', '--simplifycfg', '--aggressive-instcombine', '--inline', '--mergefunc', '--reassociate', '--gvn-hoist', '--instcombine', '--lower-expect', '--elim-avail-extern', '--loweratomic', '--indvars', '--indvars', '--gvn', '--gvn', '--ipsccp', '--gvn', '--nary-reassociate', '--mem2reg', '--jump-threading', '--correlated-propagation', '--mem2reg', '--memcpyopt', '--globalopt', '--bdce', '--elim-avail-extern', '--instcombine', '--simplifycfg', '--sroa', '--lower-constant-intrinsics', '--adce', '--slsr', '--gvn-hoist', '--adce', '--loop-simplify', '--adce', '--loop-simplify', '--dse', '--scalarizer', '--dce', '--simplifycfg', '--globalopt', '--simplifycfg', '--elim-avail-extern', '--lower-constant-intrinsics', '--lower-constant-intrinsics', '--ipsccp', '--lower-expect', '--elim-avail-extern', '--lower-constant-intrinsics', '--ipsccp', '--nary-reassociate', '--gvn', '--jump-threading', '--globalopt', '--slp-vectorizer', '--instcombine', '--slp-vectorizer', '--instcombine', '--simplifycfg', '--sroa', '--early-cse', '--lower-expect', '--sroa', '--sroa', '--aggressive-instcombine']",76,-3.560364827760117,0.0,-0.7675627030970108,0.0,1,-3.560364827760117,-0.7675627030970108,0.5620873773639496,-67.51269035532995,12.199869180844184,11.76470588235294,34
2248,"['--ipsccp', '--speculative-execution', '--sccp', '--lower-constant-intrinsics', '--early-cse', '--mem2reg', '--jump-threading', '--globalopt', '--elim-avail-extern', '--instcombine', '--loop-instsimplify', '--jump-threading', '--simplifycfg', '--instsimplify', '--inline', '--mergefunc', '--gvn-hoist', '--instcombine', '--globalopt', '--elim-avail-extern', '--loweratomic', '--indvars', '--indvars', '--gvn', '--gvn', '--ipsccp', '--gvn', '--nary-reassociate', '--adce', '--early-cse', '--mem2reg', '--jump-threading', '--globalopt', '--elim-avail-extern', '--instcombine', '--simplifycfg', '--sroa', '--mem2reg', '--globaldce', '--gvn-hoist', '--sccp', '--early-cse', '--lower-constant-intrinsics', '--adce', '--slsr', '--gvn-hoist', '--adce', '--loop-simplify', '--dse', '--scalarizer', '--adce', '--loop-simplify', '--dse', '--scalarizer', '--simplifycfg', '--mergereturn', '--lower-expect', '--elim-avail-extern', '--lower-constant-intrinsics', '--ipsccp', '--nary-reassociate', '--gvn', '--jump-threading', '--globalopt', '--slp-vectorizer', '--instcombine', '--slp-vectorizer', '--instcombine', '--simplifycfg', '--sroa', '--early-cse', '--lower-expect', '--sroa', '--sroa', '--aggressive-instcombine']",75,-3.560364827760117,0.0,-0.7675627030970108,0.0,1,-3.560364827760117,-0.7675627030970108,0.5620873773639496,-67.51269035532995,12.199869180844184,11.76470588235294,34
2304,"['--ipsccp', '--speculative-execution', '--sccp', '--lower-constant-intrinsics', '--early-cse', '--mem2reg', '--jump-threading', '--globalopt', '--elim-avail-extern', '--instcombine', '--loop-instsimplify', '--jump-threading', '--simplifycfg', '--instsimplify', '--inline', '--mergefunc', '--gvn-hoist', '--instcombine', '--globalopt', '--elim-avail-extern', '--loweratomic', '--indvars', '--indvars', '--gvn', '--gvn', '--ipsccp', '--gvn', '--nary-reassociate', '--adce', '--early-cse', '--mem2reg', '--jump-threading', '--globalopt', '--elim-avail-extern', '--instcombine', '--simplifycfg', '--sroa', '--mem2reg', '--globaldce', '--gvn-hoist', '--sccp', '--early-cse', '--lower-constant-intrinsics', '--adce', '--slsr', '--gvn-hoist', '--adce', '--loop-simplify', '--dse', '--scalarizer', '--adce', '--loop-simplify', '--dse', '--scalarizer', '--simplifycfg', '--mergereturn', '--lower-expect', '--ipsccp', '--loop-simplify', '--nary-reassociate', '--gvn', '--early-cse', '--mem2reg', '--jump-threading', '--globalopt', '--slp-vectorizer', '--instcombine', '--simplifycfg', '--nary-reassociate', '--sroa', '--early-cse', '--mem2reg', '--sroa', '--lower-expect', '--simplifycfg', '--aggressive-instcombine']",76,-3.560364827760117,0.0,-0.7675627030970108,0.0,1,-3.560364827760117,-0.7675627030970108,0.5620873773639496,-67.51269035532995,12.199869180844184,11.76470588235294,34
2379,"['--ipsccp', '--speculative-execution', '--sccp', '--lower-constant-intrinsics', '--early-cse', '--mem2reg', '--jump-threading', '--globalopt', '--elim-avail-extern', '--instcombine', '--loop-instsimplify', '--jump-threading', '--hotcoldsplit', '--simplifycfg', '--instsimplify', '--inline', '--mergefunc', '--gvn-hoist', '--instcombine', '--globalopt', '--elim-avail-extern', '--loweratomic', '--indvars', '--indvars', '--gvn', '--gvn', '--ipsccp', '--gvn', '--nary-reassociate', '--adce', '--early-cse', '--mem2reg', '--jump-threading', '--globalopt', '--elim-avail-extern', '--instcombine', '--simplifycfg', '--sroa', '--mem2reg', '--globaldce', '--gvn-hoist', '--sccp', '--early-cse', '--lower-constant-intrinsics', '--lower-constant-intrinsics', '--slsr', '--gvn-hoist', '--adce', '--loop-simplify', '--dse', '--scalarizer', '--adce', '--loop-simplify', '--simplifycfg', '--lower-expect', '--simplifycfg', '--elim-avail-extern', '--lower-constant-intrinsics', '--ipsccp', '--nary-reassociate', '--gvn', '--early-cse', '--loop-guard-widening', '--jump-threading', '--globalopt', '--slp-vectorizer', '--instcombine', '--slp-vectorizer', '--instcombine', '--simplifycfg', '--sroa', '--early-cse', '--lower-expect', '--sroa', '--lower-expect', '--aggressive-instcombine']",76,-3.560364827760117,0.0,-0.7675627030970108,0.0,1,-3.560364827760117,-0.7675627030970108,0.5620873773639496,-67.51269035532995,12.199869180844184,11.76470588235294,34
2331,"['--ipsccp', '--speculative-execution', '--sccp', '--lower-constant-intrinsics', '--early-cse', '--mem2reg', '--jump-threading', '--globalopt', '--elim-avail-extern', '--instcombine', '--loop-instsimplify', '--jump-threading', '--gvn', '--simplifycfg', '--instsimplify', '--inline', '--prune-eh', '--mergefunc', '--gvn-hoist', '--instcombine', '--globalopt', '--elim-avail-extern', '--loweratomic', '--indvars', '--indvars', '--gvn', '--gvn', '--ipsccp', '--gvn', '--nary-reassociate', '--adce', '--early-cse', '--mem2reg', '--mem2reg', '--jump-threading', '--globalopt', '--elim-avail-extern', '--instcombine', '--simplifycfg', '--sroa', '--mem2reg', '--globaldce', '--gvn-hoist', '--sccp', '--early-cse', '--lower-constant-intrinsics', '--adce', '--adce', '--loop-simplify', '--adce', '--loop-simplify', '--lower-constant-intrinsics', '--dse', '--scalarizer', '--scalarizer', '--simplifycfg', '--lower-expect', '--simplifycfg', '--elim-avail-extern', '--lower-constant-intrinsics', '--ipsccp', '--gvn', '--nary-reassociate', '--gvn', '--early-cse', '--loop-guard-widening', '--jump-threading', '--globalopt', '--slp-vectorizer', '--instcombine', '--slp-vectorizer', '--instcombine', '--simplifycfg', '--sroa', '--early-cse', '--lower-expect', '--aggressive-instcombine']",77,-3.566184359939168,0.0,-0.7879927070118353,0.0,1,-3.566184359939168,-0.7879927070118353,0.5620873773639496,-67.00507614213198,12.104839473273502,11.76470588235294,34
2254,"['--ipsccp', '--speculative-execution', '--sccp', '--lower-constant-intrinsics', '--early-cse', '--mem2reg', '--jump-threading', '--globalopt', '--elim-avail-extern', '--instcombine', '--loop-instsimplify', '--jump-threading', '--gvn', '--simplifycfg', '--instsimplify', '--inline', '--mergefunc', '--gvn-hoist', '--instcombine', '--globalopt', '--elim-avail-extern', '--loweratomic', '--indvars', '--indvars', '--gvn', '--gvn', '--ipsccp', '--gvn', '--nary-reassociate', '--adce', '--early-cse', '--mem2reg', '--mem2reg', '--jump-threading', '--globalopt', '--elim-avail-extern', '--instcombine', '--simplifycfg', '--sroa', '--mem2reg', '--globaldce', '--gvn-hoist', '--sccp', '--early-cse', '--lower-constant-intrinsics', '--adce', '--adce', '--loop-simplify', '--adce', '--loop-simplify', '--lower-constant-intrinsics', '--dse', '--scalarizer', '--scalarizer', '--simplifycfg', '--lower-expect', '--simplifycfg', '--elim-avail-extern', '--lower-constant-intrinsics', '--ipsccp', '--gvn', '--nary-reassociate', '--gvn', '--early-cse', '--loop-guard-widening', '--jump-threading', '--globalopt', '--slp-vectorizer', '--instcombine', '--slp-vectorizer', '--instcombine', '--simplifycfg', '--sroa', '--early-cse', '--lower-expect', '--aggressive-instcombine']",76,-3.566184359939168,0.0,-0.7879927070118353,0.0,1,-3.566184359939168,-0.7879927070118353,0.5620873773639496,-67.00507614213198,12.104839473273502,11.76470588235294,34
2432,"['--ipsccp', '--speculative-execution', '--sccp', '--lower-constant-intrinsics', '--early-cse', '--mem2reg', '--jump-threading', '--globalopt', '--elim-avail-extern', '--instcombine', '--loop-instsimplify', '--jump-threading', '--gvn', '--simplifycfg', '--instsimplify', '--inline', '--mergefunc', '--gvn-hoist', '--instcombine', '--globalopt', '--elim-avail-extern', '--loweratomic', '--indvars', '--indvars', '--gvn', '--gvn', '--ipsccp', '--gvn', '--nary-reassociate', '--adce', '--early-cse', '--mem2reg', '--jump-threading', '--globalopt', '--elim-avail-extern', '--instcombine', '--simplifycfg', '--sroa', '--mem2reg', '--globaldce', '--gvn-hoist', '--sccp', '--early-cse', '--lower-constant-intrinsics', '--gvn-hoist', '--adce', '--dse', '--adce', '--loop-simplify', '--loop-simplify', '--scalarizer', '--scalarizer', '--simplifycfg', '--lower-expect', '--simplifycfg', '--elim-avail-extern', '--lower-constant-intrinsics', '--lower-constant-intrinsics', '--ipsccp', '--nary-reassociate', '--early-cse', '--gvn', '--jump-threading', '--globalopt', '--slp-vectorizer', '--instcombine', '--slp-vectorizer', '--instcombine', '--simplifycfg', '--sroa', '--adce', '--early-cse', '--lower-expect', '--aggressive-instcombine']",74,-3.566184359939168,0.0,-0.7879927070118353,0.0,1,-3.566184359939168,-0.7879927070118353,0.5620873773639496,-67.00507614213198,12.104839473273502,11.76470588235294,34
2507,"['--ipsccp', '--speculative-execution', '--sccp', '--lower-constant-intrinsics', '--early-cse', '--mem2reg', '--jump-threading', '--globalopt', '--elim-avail-extern', '--instcombine', '--loop-instsimplify', '--jump-threading', '--gvn', '--simplifycfg', '--instsimplify', '--inline', '--mergefunc', '--gvn-hoist', '--instcombine', '--globalopt', '--elim-avail-extern', '--loweratomic', '--indvars', '--indvars', '--gvn', '--gvn', '--ipsccp', '--gvn', '--nary-reassociate', '--adce', '--early-cse', '--mem2reg', '--jump-threading', '--globalopt', '--elim-avail-extern', '--instcombine', '--sroa', '--simplifycfg', '--sroa', '--instcombine', '--simplifycfg', '--sroa', '--lower-constant-intrinsics', '--adce', '--lower-constant-intrinsics', '--gvn-hoist', '--adce', '--loop-simplify', '--adce', '--loop-simplify', '--dse', '--scalarizer', '--simplifycfg', '--lower-expect', '--simplifycfg', '--elim-avail-extern', '--lower-constant-intrinsics', '--ipsccp', '--gvn', '--nary-reassociate', '--gvn', '--mem2reg', '--jump-threading', '--globalopt', '--slp-vectorizer', '--instcombine', '--simplifycfg', '--sroa', '--early-cse', '--lower-expect', '--sroa', '--sroa', '--lower-expect', '--aggressive-instcombine']",74,-3.566184359939168,0.0,-0.7879927070118353,0.0,1,-3.566184359939168,-0.7879927070118353,0.5620873773639496,-67.00507614213198,12.104839473273502,11.76470588235294,34
2296,"['--ipsccp', '--speculative-execution', '--sccp', '--lower-constant-intrinsics', '--early-cse', '--mem2reg', '--jump-threading', '--globalopt', '--elim-avail-extern', '--instcombine', '--loop-instsimplify', '--jump-threading', '--gvn', '--simplifycfg', '--instsimplify', '--inline', '--mergefunc', '--gvn-hoist', '--instcombine', '--globalopt', '--elim-avail-extern', '--loweratomic', '--indvars', '--indvars', '--gvn', '--gvn', '--ipsccp', '--gvn', '--nary-reassociate', '--adce', '--early-cse', '--mem2reg', '--mem2reg', '--jump-threading', '--globalopt', '--elim-avail-extern', '--instcombine', '--simplifycfg', '--sroa', '--mem2reg', '--globaldce', '--gvn-hoist', '--sccp', '--early-cse', '--lower-constant-intrinsics', '--adce', '--adce', '--loop-simplify', '--adce', '--loop-simplify', '--dse', '--scalarizer', '--simplifycfg', '--elim-avail-extern', '--nary-reassociate', '--elim-avail-extern', '--lower-constant-intrinsics', '--elim-avail-extern', '--lower-constant-intrinsics', '--ipsccp', '--nary-reassociate', '--gvn', '--jump-threading', '--globalopt', '--slp-vectorizer', '--instcombine', '--slp-vectorizer', '--instcombine', '--simplifycfg', '--sroa', '--early-cse', '--lower-expect', '--sroa', '--sroa', '--aggressive-instcombine']",75,-3.566184359939168,0.0,-0.7879927070118353,0.0,1,-3.566184359939168,-0.7879927070118353,0.5620873773639496,-67.00507614213198,12.104839473273502,11.76470588235294,34
2273,"['--ipsccp', '--speculative-execution', '--sccp', '--lower-constant-intrinsics', '--early-cse', '--mem2reg', '--jump-threading', '--globalopt', '--elim-avail-extern', '--instcombine', '--loop-instsimplify', '--jump-threading', '--gvn', '--simplifycfg', '--instsimplify', '--inline', '--mergefunc', '--gvn-hoist', '--instcombine', '--globalopt', '--elim-avail-extern', '--loweratomic', '--indvars', '--indvars', '--gvn', '--gvn', '--ipsccp', '--gvn', '--nary-reassociate', '--adce', '--early-cse', '--mem2reg', '--mem2reg', '--jump-threading', '--globalopt', '--elim-avail-extern', '--instcombine', '--simplifycfg', '--sroa', '--mem2reg', '--globaldce', '--gvn-hoist', '--sccp', '--early-cse', '--lower-constant-intrinsics', '--adce', '--loop-simplify', '--adce', '--loop-simplify', '--dse', '--scalarizer', '--simplifycfg', '--elim-avail-extern', '--nary-reassociate', '--elim-avail-extern', '--lower-constant-intrinsics', '--ipsccp', '--loop-simplify', '--nary-reassociate', '--gvn', '--early-cse', '--mem2reg', '--jump-threading', '--globalopt', '--slp-vectorizer', '--instcombine', '--simplifycfg', '--nary-reassociate', '--sroa', '--early-cse', '--lower-expect', '--sroa', '--lower-expect', '--simplifycfg', '--aggressive-instcombine']",75,-3.566184359939168,0.0,-0.7879927070118353,0.0,1,-3.566184359939168,-0.7879927070118353,0.5620873773639496,-67.00507614213198,12.104839473273502,11.76470588235294,34
2713,"['--ipsccp', '--speculative-execution', '--sccp', '--early-cse', '--mem2reg', '--jump-threading', '--globalopt', '--elim-avail-extern', '--instcombine', '--loop-instsimplify', '--jump-threading', '--gvn', '--simplifycfg', '--instsimplify', '--inline', '--inline', '--mergefunc', '--gvn-hoist', '--instcombine', '--globalopt', '--elim-avail-extern', '--loweratomic', '--indvars', '--indvars', '--gvn', '--gvn', '--ipsccp', '--gvn', '--nary-reassociate', '--mem2reg', '--jump-threading', '--correlated-propagation', '--mem2reg', '--memcpyopt', '--globalopt', '--jump-threading', '--bdce', '--elim-avail-extern', '--instcombine', '--memcpyopt', '--simplifycfg', '--sroa', '--lower-constant-intrinsics', '--adce', '--inferattrs', '--gvn-hoist', '--adce', '--loop-simplifycfg', '--loop-simplify', '--adce', '--loop-simplify', '--dse', '--scalarizer', '--scalarizer', '--simplifycfg', '--lower-expect', '--simplifycfg', '--elim-avail-extern', '--lower-constant-intrinsics', '--lower-constant-intrinsics', '--ipsccp', '--nary-reassociate', '--adce', '--early-cse', '--loop-guard-widening', '--jump-threading', '--slp-vectorizer', '--instcombine', '--slp-vectorizer', '--instcombine', '--simplifycfg', '--sroa', '--early-cse', '--early-cse', '--lower-expect', '--aggressive-instcombine']",76,-3.566184359939168,0.0,-0.7879927070118353,0.0,1,-3.566184359939168,-0.7879927070118353,0.5620873773639496,-67.00507614213198,12.104839473273502,11.76470588235294,34
2191,"['--ipsccp', '--speculative-execution', '--sccp', '--lower-constant-intrinsics', '--early-cse', '--mem2reg', '--jump-threading', '--globalopt', '--elim-avail-extern', '--instcombine', '--loop-instsimplify', '--jump-threading', '--gvn', '--simplifycfg', '--instsimplify', '--inline', '--mergefunc', '--gvn-hoist', '--instcombine', '--globalopt', '--elim-avail-extern', '--loweratomic', '--indvars', '--indvars', '--gvn', '--gvn', '--ipsccp', '--gvn', '--nary-reassociate', '--adce', '--early-cse', '--mem2reg', '--mem2reg', '--jump-threading', '--globalopt', '--elim-avail-extern', '--instcombine', '--simplifycfg', '--sroa', '--mem2reg', '--globaldce', '--gvn-hoist', '--sccp', '--early-cse', '--lower-constant-intrinsics', '--adce', '--adce', '--loop-simplify', '--adce', '--loop-simplify', '--dse', '--scalarizer', '--simplifycfg', '--elim-avail-extern', '--nary-reassociate', '--elim-avail-extern', '--lower-constant-intrinsics', '--ipsccp', '--loop-simplify', '--nary-reassociate', '--gvn', '--early-cse', '--mem2reg', '--jump-threading', '--globalopt', '--slp-vectorizer', '--instcombine', '--simplifycfg', '--nary-reassociate', '--sroa', '--early-cse', '--lower-expect', '--sroa', '--lower-expect', '--simplifycfg', '--aggressive-instcombine']",76,-3.566184359939168,0.0,-0.7879927070118353,0.0,1,-3.566184359939168,-0.7879927070118353,0.5620873773639496,-67.00507614213198,12.104839473273502,11.76470588235294,34
2336,"['--ipsccp', '--speculative-execution', '--sccp', '--lower-constant-intrinsics', '--early-cse', '--slp-vectorizer', '--mem2reg', '--jump-threading', '--globalopt', '--elim-avail-extern', '--instcombine', '--loop-instsimplify', '--jump-threading', '--gvn', '--simplifycfg', '--instsimplify', '--inline', '--mergefunc', '--gvn-hoist', '--instcombine', '--globalopt', '--elim-avail-extern', '--loweratomic', '--indvars', '--indvars', '--gvn', '--gvn', '--ipsccp', '--gvn', '--nary-reassociate', '--adce', '--early-cse', '--mem2reg', '--jump-threading', '--globalopt', '--elim-avail-extern', '--instcombine', '--simplifycfg', '--sroa', '--mem2reg', '--globaldce', '--gvn-hoist', '--sccp', '--early-cse', '--lower-constant-intrinsics', '--adce', '--slsr', '--gvn-hoist', '--adce', '--loop-simplify', '--dse', '--scalarizer', '--adce', '--loop-simplify', '--dse', '--scalarizer', '--simplifycfg', '--mergereturn', '--lower-expect', '--elim-avail-extern', '--lower-constant-intrinsics', '--ipsccp', '--nary-reassociate', '--gvn', '--jump-threading', '--globalopt', '--slp-vectorizer', '--instcombine', '--slp-vectorizer', '--instcombine', '--simplifycfg', '--sroa', '--early-cse', '--early-cse', '--lower-expect', '--aggressive-instcombine']",76,-3.56683441487555,0.0,-0.7903314852577633,0.0,1,-3.56683441487555,-0.7903314852577633,0.5620873773639496,-67.00507614213198,12.093799185792864,11.76470588235294,34
1544,"['--ipsccp', '--speculative-execution', '--sccp', '--early-cse', '--mem2reg', '--jump-threading', '--globalopt', '--elim-avail-extern', '--instcombine', '--loop-instsimplify', '--jump-threading', '--gvn', '--simplifycfg', '--instsimplify', '--inline', '--mergefunc', '--gvn-hoist', '--instcombine', '--globalopt', '--elim-avail-extern', '--indvars', '--indvars', '--elim-avail-extern', '--indvars', '--gvn', '--gvn', '--ipsccp', '--gvn', '--nary-reassociate', '--loop-instsimplify', '--early-cse', '--mem2reg', '--jump-threading', '--globalopt', '--elim-avail-extern', '--instcombine', '--simplifycfg', '--sroa', '--mem2reg', '--globaldce', '--gvn-hoist', '--sccp', '--early-cse', '--lower-constant-intrinsics', '--adce', '--slsr', '--gvn-hoist', '--adce', '--loop-simplify', '--dse', '--scalarizer', '--simplifycfg', '--lower-expect', '--simplifycfg', '--elim-avail-extern', '--lower-constant-intrinsics', '--ipsccp', '--gvn', '--nary-reassociate', '--gvn', '--early-cse', '--mem2reg', '--jump-threading', '--globalopt', '--slp-vectorizer', '--instcombine', '--simplifycfg', '--sroa', '--early-cse', '--sroa', '--lower-expect', '--sroa', '--lower-expect', '--aggressive-instcombine']",74,-3.5722821294032485,0.0,-0.7959674294750226,0.0,1,-3.5722821294032485,-0.7959674294750226,0.5008908414855473,-67.00507614213198,12.106006749440409,11.76470588235294,34
1863,"['--ipsccp', '--speculative-execution', '--sccp', '--early-cse', '--mem2reg', '--jump-threading', '--globalopt', '--elim-avail-extern', '--instcombine', '--loop-instsimplify', '--jump-threading', '--gvn', '--simplifycfg', '--instsimplify', '--inline', '--mergefunc', '--gvn-hoist', '--tailcallelim', '--globalopt', '--elim-avail-extern', '--globalopt', '--indvars', '--indvars', '--gvn', '--gvn', '--ipsccp', '--gvn', '--nary-reassociate', '--adce', '--early-cse', '--mem2reg', '--jump-threading', '--globalopt', '--elim-avail-extern', '--loop-interchange', '--instcombine', '--simplifycfg', '--instcombine', '--simplifycfg', '--sroa', '--inferattrs', '--mem2reg', '--globaldce', '--gvn-hoist', '--sccp', '--early-cse', '--lower-constant-intrinsics', '--adce', '--slsr', '--gvn-hoist', '--adce', '--loop-simplify', '--dse', '--scalarizer', '--simplifycfg', '--lower-expect', '--simplifycfg', '--elim-avail-extern', '--lower-constant-intrinsics', '--ipsccp', '--nary-reassociate', '--gvn', '--jump-threading', '--jump-threading', '--globalopt', '--slp-vectorizer', '--instcombine', '--simplifycfg', '--early-cse', '--sroa', '--sroa', '--lower-expect', '--aggressive-instcombine']",73,-3.5722821294032485,0.0,-0.7959674294750226,0.0,1,-3.5722821294032485,-0.7959674294750226,0.5008908414855473,-67.00507614213198,12.106006749440409,11.76470588235294,34
1862,"['--ipsccp', '--speculative-execution', '--sccp', '--early-cse', '--mem2reg', '--jump-threading', '--globalopt', '--elim-avail-extern', '--instcombine', '--adce', '--jump-threading', '--gvn', '--simplifycfg', '--instsimplify', '--inline', '--mergefunc', '--gvn-hoist', '--instcombine', '--globalopt', '--elim-avail-extern', '--indvars', '--indvars', '--gvn', '--gvn', '--ipsccp', '--gvn', '--nary-reassociate', '--adce', '--early-cse', '--mem2reg', '--jump-threading', '--memcpyopt', '--elim-avail-extern', '--loop-interchange', '--instcombine', '--simplifycfg', '--instcombine', '--simplifycfg', '--sroa', '--inferattrs', '--mem2reg', '--globaldce', '--gvn-hoist', '--sccp', '--early-cse', '--lower-constant-intrinsics', '--adce', '--slsr', '--gvn-hoist', '--adce', '--loop-simplify', '--dse', '--scalarizer', '--simplifycfg', '--elim-avail-extern', '--lower-constant-intrinsics', '--ipsccp', '--gvn', '--nary-reassociate', '--gvn', '--early-cse', '--mem2reg', '--jump-threading', '--globalopt', '--slp-vectorizer', '--instcombine', '--simplifycfg', '--sroa', '--early-cse', '--lower-expect', '--sroa', '--sroa', '--lower-expect', '--aggressive-instcombine']",74,-3.5722821294032485,0.0,-0.7959674294750226,0.0,1,-3.5722821294032485,-0.7959674294750226,0.5008908414855473,-67.00507614213198,12.106006749440409,11.76470588235294,34
1860,"['--ipsccp', '--speculative-execution', '--sccp', '--early-cse', '--mem2reg', '--jump-threading', '--elim-avail-extern', '--instcombine', '--adce', '--loop-interchange', '--aggressive-instcombine', '--gvn', '--simplifycfg', '--instsimplify', '--inline', '--mergefunc', '--gvn-hoist', '--gvn-hoist', '--instcombine', '--globalopt', '--elim-avail-extern', '--indvars', '--indvars', '--mem2reg', '--gvn', '--ipsccp', '--gvn', '--nary-reassociate', '--adce', '--early-cse', '--gvn', '--jump-threading', '--globalopt', '--elim-avail-extern', '--instcombine', '--simplifycfg', '--simplifycfg', '--sroa', '--mem2reg', '--globaldce', '--gvn-hoist', '--sccp', '--early-cse', '--lower-constant-intrinsics', '--adce', '--slsr', '--gvn-hoist', '--adce', '--loop-simplify', '--dse', '--scalarizer', '--simplifycfg', '--lower-expect', '--simplifycfg', '--elim-avail-extern', '--elim-avail-extern', '--lower-constant-intrinsics', '--ipsccp', '--ipsccp', '--loop-reroll', '--gvn', '--early-cse', '--mem2reg', '--jump-threading', '--globalopt', '--slp-vectorizer', '--instcombine', '--simplifycfg', '--sroa', '--early-cse', '--lower-expect', '--sroa', '--sroa', '--lower-expect', '--aggressive-instcombine']",75,-3.5722821294032485,0.0,-0.7959674294750226,0.0,1,-3.5722821294032485,-0.7959674294750226,0.5008908414855473,-67.00507614213198,12.106006749440409,11.76470588235294,34
1859,"['--ipsccp', '--speculative-execution', '--sccp', '--early-cse', '--mem2reg', '--jump-threading', '--globalopt', '--elim-avail-extern', '--instcombine', '--adce', '--jump-threading', '--gvn', '--simplifycfg', '--instsimplify', '--inline', '--mergefunc', '--gvn-hoist', '--instcombine', '--globalopt', '--elim-avail-extern', '--indvars', '--indvars', '--gvn', '--gvn', '--sccp', '--gvn', '--nary-reassociate', '--adce', '--functionattrs', '--mem2reg', '--jump-threading', '--globalopt', '--elim-avail-extern', '--instcombine', '--simplifycfg', '--sroa', '--sroa', '--mem2reg', '--globaldce', '--gvn-hoist', '--sccp', '--early-cse', '--lower-constant-intrinsics', '--adce', '--slsr', '--gvn-hoist', '--adce', '--loop-simplify', '--dse', '--scalarizer', '--scalarizer', '--simplifycfg', '--lower-expect', '--simplifycfg', '--lower-expect', '--simplifycfg', '--elim-avail-extern', '--ipsccp', '--gvn', '--nary-reassociate', '--gvn', '--early-cse', '--mem2reg', '--jump-threading', '--globalopt', '--slp-vectorizer', '--instcombine', '--simplifycfg', '--sroa', '--gvn', '--lower-expect', '--sroa', '--sroa', '--lower-expect', '--aggressive-instcombine']",75,-3.5722821294032485,0.0,-0.7959674294750226,0.0,1,-3.5722821294032485,-0.7959674294750226,0.5008908414855473,-67.00507614213198,12.106006749440409,11.76470588235294,34
1547,"['--ipsccp', '--speculative-execution', '--sccp', '--early-cse', '--mem2reg', '--jump-threading', '--globalopt', '--elim-avail-extern', '--instcombine', '--loop-instsimplify', '--jump-threading', '--gvn', '--simplifycfg', '--instsimplify', '--inline', '--mergefunc', '--gvn-hoist', '--instcombine', '--globalopt', '--elim-avail-extern', '--indvars', '--indvars', '--gvn', '--gvn', '--ipsccp', '--gvn', '--nary-reassociate', '--adce', '--early-cse', '--dse', '--jump-threading', '--globalopt', '--elim-avail-extern', '--instcombine', '--simplifycfg', '--sroa', '--mem2reg', '--globaldce', '--gvn-hoist', '--sccp', '--sink', '--early-cse', '--lower-constant-intrinsics', '--adce', '--slsr', '--gvn-hoist', '--adce', '--loop-simplify', '--dse', '--scalarizer', '--simplifycfg', '--lower-expect', '--simplifycfg', '--gvn-hoist', '--elim-avail-extern', '--lower-constant-intrinsics', '--gvn', '--ipsccp', '--gvn', '--nary-reassociate', '--gvn', '--early-cse', '--mem2reg', '--jump-threading', '--globalopt', '--slp-vectorizer', '--instcombine', '--simplifycfg', '--sroa', '--early-cse', '--lower-expect', '--sroa', '--lower-expect', '--aggressive-instcombine']",74,-3.5722821294032485,0.0,-0.7959674294750226,0.0,1,-3.5722821294032485,-0.7959674294750226,0.5008908414855473,-67.00507614213198,12.106006749440409,11.76470588235294,34
2016,"['--ipsccp', '--speculative-execution', '--sccp', '--early-cse', '--mem2reg', '--jump-threading', '--elim-avail-extern', '--instcombine', '--adce', '--loop-interchange', '--aggressive-instcombine', '--gvn', '--simplifycfg', '--instsimplify', '--inline', '--mergefunc', '--gvn-hoist', '--gvn-hoist', '--instcombine', '--globalopt', '--elim-avail-extern', '--indvars', '--elim-avail-extern', '--indvars', '--gvn', '--nary-reassociate', '--gvn', '--ipsccp', '--gvn', '--nary-reassociate', '--loop-instsimplify', '--early-cse', '--mem2reg', '--jump-threading', '--globalopt', '--elim-avail-extern', '--instcombine', '--simplifycfg', '--sroa', '--mem2reg', '--globaldce', '--gvn-hoist', '--sccp', '--early-cse', '--lower-constant-intrinsics', '--adce', '--slsr', '--gvn-hoist', '--adce', '--loop-simplify', '--dse', '--scalarizer', '--simplifycfg', '--lower-expect', '--simplifycfg', '--elim-avail-extern', '--lower-constant-intrinsics', '--ipsccp', '--gvn', '--gvn', '--gvn', '--early-cse', '--mem2reg', '--jump-threading', '--correlated-propagation', '--slp-vectorizer', '--instcombine', '--simplifycfg', '--early-cse-memssa', '--sroa', '--early-cse', '--lower-expect', '--sroa', '--sroa', '--lower-expect', '--aggressive-instcombine']",76,-3.5722821294032485,0.0,-0.7959674294750226,0.0,1,-3.5722821294032485,-0.7959674294750226,0.5008908414855473,-67.00507614213198,12.106006749440409,11.76470588235294,34
1444,"['--ipsccp', '--speculative-execution', '--sccp', '--early-cse', '--mem2reg', '--jump-threading', '--globalopt', '--elim-avail-extern', '--instcombine', '--loop-instsimplify', '--jump-threading', '--gvn', '--simplifycfg', '--instsimplify', '--inline', '--mergefunc', '--gvn-hoist', '--instcombine', '--globalopt', '--elim-avail-extern', '--indvars', '--indvars', '--gvn', '--gvn', '--ipsccp', '--gvn', '--nary-reassociate', '--adce', '--early-cse', '--mem2reg', '--jump-threading', '--globalopt', '--elim-avail-extern', '--instcombine', '--simplifycfg', '--sroa', '--mem2reg', '--globaldce', '--gvn-hoist', '--sccp', '--early-cse', '--lower-constant-intrinsics', '--adce', '--slsr', '--gvn-hoist', '--adce', '--loop-simplify', '--dse', '--scalarizer', '--simplifycfg', '--lower-expect', '--simplifycfg', '--gvn-hoist', '--elim-avail-extern', '--lower-constant-intrinsics', '--gvn', '--ipsccp', '--gvn', '--nary-reassociate', '--gvn', '--early-cse', '--mem2reg', '--jump-threading', '--globalopt', '--slp-vectorizer', '--instcombine', '--simplifycfg', '--sroa', '--early-cse', '--lower-expect', '--sroa', '--lower-expect', '--aggressive-instcombine']",73,-3.5722821294032485,0.0,-0.7959674294750226,0.0,1,-3.5722821294032485,-0.7959674294750226,0.5008908414855473,-67.00507614213198,12.106006749440409,11.76470588235294,34
1864,"['--ipsccp', '--speculative-execution', '--sccp', '--early-cse', '--mem2reg', '--jump-threading', '--globalopt', '--elim-avail-extern', '--instcombine', '--loop-instsimplify', '--jump-threading', '--gvn', '--simplifycfg', '--instsimplify', '--inline', '--mergefunc', '--inline', '--mergefunc', '--gvn-hoist', '--instcombine', '--globalopt', '--elim-avail-extern', '--indvars', '--indvars', '--gvn', '--gvn', '--ipsccp', '--gvn', '--nary-reassociate', '--adce', '--early-cse', '--mem2reg', '--jump-threading', '--globalopt', '--elim-avail-extern', '--instcombine', '--simplifycfg', '--sroa', '--loop-predication', '--mem2reg', '--prune-eh', '--globaldce', '--gvn-hoist', '--sccp', '--early-cse', '--sccp', '--early-cse', '--lower-constant-intrinsics', '--adce', '--slsr', '--gvn-hoist', '--adce', '--loop-simplify', '--dse', '--scalarizer', '--simplifycfg', '--lower-expect', '--simplifycfg', '--elim-avail-extern', '--lower-constant-intrinsics', '--ipsccp', '--nary-reassociate', '--gvn', '--jump-threading', '--jump-threading', '--globalopt', '--slp-vectorizer', '--instcombine', '--simplifycfg', '--early-cse', '--lower-expect', '--sroa', '--sroa', '--sroa', '--lower-expect', '--aggressive-instcombine']",76,-3.5722821294032485,0.0,-0.7959674294750226,0.0,1,-3.5722821294032485,-0.7959674294750226,0.5008908414855473,-67.00507614213198,12.106006749440409,11.76470588235294,34
1858,"['--ipsccp', '--speculative-execution', '--sccp', '--early-cse', '--mem2reg', '--jump-threading', '--globalopt', '--elim-avail-extern', '--instcombine', '--loop-instsimplify', '--jump-threading', '--gvn', '--simplifycfg', '--instsimplify', '--inline', '--mergefunc', '--gvn-hoist', '--tailcallelim', '--globalopt', '--elim-avail-extern', '--loop-interchange', '--indvars', '--indvars', '--gvn', '--gvn', '--ipsccp', '--gvn', '--nary-reassociate', '--adce', '--early-cse', '--mem2reg', '--jump-threading', '--globalopt', '--elim-avail-extern', '--instcombine', '--simplifycfg', '--simplifycfg', '--sroa', '--mem2reg', '--globaldce', '--gvn-hoist', '--sccp', '--early-cse', '--lower-constant-intrinsics', '--adce', '--slsr', '--gvn-hoist', '--elim-avail-extern', '--adce', '--loop-simplify', '--dse', '--scalarizer', '--simplifycfg', '--lower-expect', '--simplifycfg', '--elim-avail-extern', '--lower-constant-intrinsics', '--gvn', '--nary-reassociate', '--gvn', '--early-cse', '--mem2reg', '--jump-threading', '--globalopt', '--slp-vectorizer', '--instcombine', '--simplifycfg', '--sroa', '--early-cse', '--lower-expect', '--sroa', '--lower-expect', '--simplifycfg', '--aggressive-instcombine']",74,-3.5722821294032485,0.0,-0.7959674294750226,0.0,1,-3.5722821294032485,-0.7959674294750226,0.5008908414855473,-67.00507614213198,12.106006749440409,11.76470588235294,34
1540,"['--ipsccp', '--speculative-execution', '--sccp', '--early-cse', '--mem2reg', '--jump-threading', '--globalopt', '--elim-avail-extern', '--instcombine', '--adce', '--jump-threading', '--gvn', '--loop-sink', '--simplifycfg', '--instsimplify', '--inline', '--mergefunc', '--gvn-hoist', '--instcombine', '--globalopt', '--elim-avail-extern', '--indvars', '--indvars', '--gvn', '--gvn', '--ipsccp', '--gvn', '--gvn', '--nary-reassociate', '--loop-instsimplify', '--early-cse', '--mem2reg', '--jump-threading', '--globalopt', '--elim-avail-extern', '--instcombine', '--simplifycfg', '--sroa', '--mem2reg', '--globaldce', '--gvn-hoist', '--sccp', '--early-cse', '--lower-constant-intrinsics', '--adce', '--slsr', '--gvn-hoist', '--adce', '--loop-simplify', '--dse', '--scalarizer', '--simplifycfg', '--lower-expect', '--simplifycfg', '--elim-avail-extern', '--lower-constant-intrinsics', '--ipsccp', '--gvn', '--nary-reassociate', '--gvn', '--early-cse', '--mem2reg', '--jump-threading', '--globalopt', '--slp-vectorizer', '--instcombine', '--simplifycfg', '--sroa', '--early-cse', '--lower-expect', '--sroa', '--sroa', '--lower-expect', '--aggressive-instcombine']",74,-3.5722821294032485,0.0,-0.7959674294750226,0.0,1,-3.5722821294032485,-0.7959674294750226,0.5008908414855473,-67.00507614213198,12.106006749440409,11.76470588235294,34
2018,"['--ipsccp', '--speculative-execution', '--sccp', '--early-cse', '--mem2reg', '--jump-threading', '--globalopt', '--elim-avail-extern', '--instcombine', '--loop-instsimplify', '--jump-threading', '--gvn', '--simplifycfg', '--instsimplify', '--inline', '--mergefunc', '--gvn-hoist', '--instcombine', '--globalopt', '--elim-avail-extern', '--indvars', '--indvars', '--loop-unroll-and-jam', '--elim-avail-extern', '--indvars', '--gvn', '--gvn', '--nary-reassociate', '--loop-instsimplify', '--early-cse', '--mem2reg', '--jump-threading', '--mem2reg', '--globalopt', '--jump-threading', '--bdce', '--elim-avail-extern', '--instcombine', '--simplifycfg', '--sroa', '--tailcallelim', '--globaldce', '--gvn-hoist', '--sccp', '--early-cse', '--lower-constant-intrinsics', '--adce', '--nary-reassociate', '--slsr', '--gvn-hoist', '--adce', '--loop-simplify', '--dse', '--scalarizer', '--elim-avail-extern', '--lower-expect', '--simplifycfg', '--elim-avail-extern', '--jump-threading', '--lower-constant-intrinsics', '--ipsccp', '--gvn', '--ipconstprop', '--nary-reassociate', '--gvn', '--early-cse', '--strip', '--jump-threading', '--globalopt', '--slp-vectorizer', '--instcombine', '--simplifycfg', '--sroa', '--early-cse', '--lower-expect', '--sroa', '--aggressive-instcombine']",77,-3.5722821294032485,0.0,-0.7959674294750226,0.0,1,-3.5722821294032485,-0.7959674294750226,0.5008908414855473,-67.00507614213198,12.106006749440409,11.76470588235294,34
1857,"['--ipsccp', '--speculative-execution', '--sccp', '--early-cse', '--mem2reg', '--jump-threading', '--globalopt', '--elim-avail-extern', '--instcombine', '--loop-instsimplify', '--jump-threading', '--gvn', '--simplifycfg', '--instsimplify', '--inline', '--mergefunc', '--gvn-hoist', '--tailcallelim', '--globalopt', '--elim-avail-extern', '--globalopt', '--indvars', '--indvars', '--gvn', '--gvn', '--ipsccp', '--gvn', '--nary-reassociate', '--adce', '--early-cse', '--jump-threading', '--globalopt', '--jump-threading', '--bdce', '--elim-avail-extern', '--instcombine', '--simplifycfg', '--sroa', '--mem2reg', '--globaldce', '--gvn-hoist', '--sccp', '--early-cse', '--lower-constant-intrinsics', '--adce', '--slsr', '--gvn-hoist', '--adce', '--loop-simplify', '--dse', '--scalarizer', '--elim-avail-extern', '--lower-expect', '--simplifycfg', '--elim-avail-extern', '--jump-threading', '--lower-constant-intrinsics', '--ipsccp', '--gvn', '--dce', '--early-cse', '--globalopt', '--slp-vectorizer', '--instcombine', '--simplifycfg', '--sroa', '--early-cse', '--lower-expect', '--sroa', '--sroa', '--lower-expect', '--aggressive-instcombine']",72,-3.5722821294032485,0.0,-0.7959674294750226,0.0,1,-3.5722821294032485,-0.7959674294750226,0.5008908414855473,-67.00507614213198,12.106006749440409,11.76470588235294,34
1538,"['--ipsccp', '--speculative-execution', '--sccp', '--sccp', '--early-cse', '--mem2reg', '--jump-threading', '--elim-avail-extern', '--instcombine', '--adce', '--loop-interchange', '--aggressive-instcombine', '--gvn', '--simplifycfg', '--instsimplify', '--inline', '--mergefunc', '--gvn-hoist', '--gvn-hoist', '--instcombine', '--globalopt', '--elim-avail-extern', '--indvars', '--elim-avail-extern', '--indvars', '--gvn', '--gvn', '--ipsccp', '--gvn', '--nary-reassociate', '--loop-instsimplify', '--early-cse', '--mem2reg', '--jump-threading', '--globalopt', '--elim-avail-extern', '--instcombine', '--simplifycfg', '--sroa', '--inferattrs', '--mem2reg', '--globaldce', '--gvn-hoist', '--sccp', '--early-cse', '--lower-constant-intrinsics', '--adce', '--slsr', '--gvn-hoist', '--adce', '--loop-simplify', '--dse', '--scalarizer', '--simplifycfg', '--lower-expect', '--simplifycfg', '--elim-avail-extern', '--lower-constant-intrinsics', '--ipsccp', '--gvn', '--nary-reassociate', '--gvn', '--early-cse', '--mem2reg', '--jump-threading', '--globalopt', '--slp-vectorizer', '--instcombine', '--simplifycfg', '--sroa', '--early-cse', '--lower-expect', '--sroa', '--sroa', '--lower-expect', '--aggressive-instcombine']",76,-3.5722821294032485,0.0,-0.7959674294750226,0.0,1,-3.5722821294032485,-0.7959674294750226,0.5008908414855473,-67.00507614213198,12.106006749440409,11.76470588235294,34
1542,"['--ipsccp', '--speculative-execution', '--sccp', '--early-cse', '--mem2reg', '--jump-threading', '--globalopt', '--elim-avail-extern', '--instcombine', '--loop-instsimplify', '--jump-threading', '--gvn', '--simplifycfg', '--instsimplify', '--inline', '--mergefunc', '--gvn-hoist', '--instcombine', '--globalopt', '--elim-avail-extern', '--indvars', '--indvars', '--gvn', '--ipsccp', '--gvn', '--nary-reassociate', '--adce', '--early-cse', '--mem2reg', '--jump-threading', '--globalopt', '--elim-avail-extern', '--instcombine', '--simplifycfg', '--sroa', '--mem2reg', '--globaldce', '--gvn-hoist', '--sccp', '--sink', '--early-cse', '--lower-constant-intrinsics', '--adce', '--slsr', '--gvn-hoist', '--adce', '--loop-simplify', '--dse', '--scalarizer', '--simplifycfg', '--lower-expect', '--simplifycfg', '--gvn-hoist', '--elim-avail-extern', '--lower-constant-intrinsics', '--gvn', '--ipsccp', '--gvn', '--nary-reassociate', '--gvn', '--mem2reg', '--jump-threading', '--globalopt', '--slp-vectorizer', '--instcombine', '--simplifycfg', '--sroa', '--early-cse', '--lower-expect', '--sroa', '--lower-expect', '--aggressive-instcombine']",72,-3.5722821294032485,0.0,-0.7959674294750226,0.0,1,-3.5722821294032485,-0.7959674294750226,0.5008908414855473,-67.00507614213198,12.106006749440409,11.76470588235294,34
1865,"['--ipsccp', '--speculative-execution', '--sccp', '--early-cse', '--mem2reg', '--sroa', '--globalopt', '--elim-avail-extern', '--instcombine', '--loop-instsimplify', '--jump-threading', '--gvn', '--simplifycfg', '--instsimplify', '--inline', '--mergefunc', '--gvn-hoist', '--tailcallelim', '--globalopt', '--elim-avail-extern', '--globalopt', '--indvars', '--indvars', '--gvn', '--gvn', '--ipsccp', '--gvn', '--nary-reassociate', '--adce', '--early-cse', '--mem2reg', '--jump-threading', '--globalopt', '--elim-avail-extern', '--instcombine', '--simplifycfg', '--jump-threading', '--mem2reg', '--globaldce', '--gvn-hoist', '--irce', '--early-cse', '--lower-constant-intrinsics', '--adce', '--slsr', '--adce', '--slsr', '--gvn-hoist', '--adce', '--loop-simplify', '--dse', '--scalarizer', '--simplifycfg', '--lower-expect', '--simplifycfg', '--elim-avail-extern', '--lower-constant-intrinsics', '--ipsccp', '--gvn', '--nary-reassociate', '--gvn', '--early-cse', '--mem2reg', '--jump-threading', '--globalopt', '--slp-vectorizer', '--instcombine', '--simplifycfg', '--early-cse', '--lower-expect', '--sroa', '--sroa', '--lower-expect', '--aggressive-instcombine']",74,-3.5722821294032485,0.0,-0.7959674294750226,0.0,1,-3.5722821294032485,-0.7959674294750226,0.5008908414855473,-67.00507614213198,12.106006749440409,11.76470588235294,34
1436,"['--ipsccp', '--speculative-execution', '--sccp', '--early-cse', '--mem2reg', '--jump-threading', '--elim-avail-extern', '--instcombine', '--adce', '--loop-interchange', '--aggressive-instcombine', '--gvn', '--simplifycfg', '--instsimplify', '--inline', '--mergefunc', '--gvn-hoist', '--gvn-hoist', '--instcombine', '--globalopt', '--elim-avail-extern', '--indvars', '--elim-avail-extern', '--indvars', '--gvn', '--gvn', '--ipsccp', '--gvn', '--nary-reassociate', '--loop-instsimplify', '--early-cse', '--mem2reg', '--jump-threading', '--globalopt', '--elim-avail-extern', '--instcombine', '--simplifycfg', '--sroa', '--mem2reg', '--globaldce', '--gvn-hoist', '--sccp', '--early-cse', '--lower-constant-intrinsics', '--adce', '--slsr', '--gvn-hoist', '--adce', '--loop-simplify', '--dse', '--scalarizer', '--simplifycfg', '--lower-expect', '--simplifycfg', '--elim-avail-extern', '--lower-constant-intrinsics', '--ipsccp', '--gvn', '--nary-reassociate', '--gvn', '--early-cse', '--mem2reg', '--jump-threading', '--globalopt', '--slp-vectorizer', '--instcombine', '--simplifycfg', '--sroa', '--early-cse', '--lower-expect', '--sroa', '--sroa', '--lower-expect', '--aggressive-instcombine']",74,-3.5722821294032485,0.0,-0.7959674294750226,0.0,1,-3.5722821294032485,-0.7959674294750226,0.5008908414855473,-67.00507614213198,12.106006749440409,11.76470588235294,34
1551,"['--ipsccp', '--speculative-execution', '--sccp', '--early-cse', '--mem2reg', '--jump-threading', '--elim-avail-extern', '--instcombine', '--adce', '--gvn', '--aggressive-instcombine', '--gvn', '--simplifycfg', '--instsimplify', '--inline', '--mergefunc', '--gvn-hoist', '--gvn-hoist', '--instcombine', '--globalopt', '--elim-avail-extern', '--indvars', '--elim-avail-extern', '--indvars', '--loop-interchange', '--gvn', '--ipsccp', '--gvn', '--nary-reassociate', '--mem2reg', '--jump-threading', '--globalopt', '--elim-avail-extern', '--instcombine', '--simplifycfg', '--sroa', '--mem2reg', '--globaldce', '--gvn-hoist', '--sccp', '--early-cse', '--lower-constant-intrinsics', '--adce', '--slsr', '--gvn-hoist', '--adce', '--loop-simplify', '--dse', '--scalarizer', '--simplifycfg', '--lower-expect', '--simplifycfg', '--gvn-hoist', '--elim-avail-extern', '--lower-constant-intrinsics', '--irce', '--ipsccp', '--gvn', '--nary-reassociate', '--gvn', '--early-cse', '--mem2reg', '--jump-threading', '--globalopt', '--slp-vectorizer', '--instcombine', '--simplifycfg', '--sroa', '--early-cse', '--lower-expect', '--sroa', '--lower-expect', '--aggressive-instcombine']",73,-3.5722821294032485,0.0,-0.7959674294750226,0.0,1,-3.5722821294032485,-0.7959674294750226,0.5008908414855473,-67.00507614213198,12.106006749440409,11.76470588235294,34
1873,"['--ipsccp', '--speculative-execution', '--sccp', '--early-cse', '--mem2reg', '--jump-threading', '--globalopt', '--elim-avail-extern', '--instcombine', '--loop-instsimplify', '--jump-threading', '--gvn', '--simplifycfg', '--instsimplify', '--inline', '--slsr', '--mergefunc', '--gvn-hoist', '--instcombine', '--globalopt', '--elim-avail-extern', '--indvars', '--indvars', '--gvn', '--gvn', '--ipsccp', '--gvn', '--nary-reassociate', '--adce', '--early-cse', '--mem2reg', '--jump-threading', '--globalopt', '--elim-avail-extern', '--loop-interchange', '--instcombine', '--simplifycfg', '--instcombine', '--simplifycfg', '--sroa', '--inferattrs', '--mem2reg', '--globaldce', '--gvn-hoist', '--sccp', '--early-cse', '--lower-constant-intrinsics', '--adce', '--slsr', '--gvn-hoist', '--adce', '--loop-simplify', '--dse', '--scalarizer', '--simplifycfg', '--lower-expect', '--simplifycfg', '--elim-avail-extern', '--lower-constant-intrinsics', '--ipsccp', '--nary-reassociate', '--gvn', '--jump-threading', '--jump-threading', '--globalopt', '--slp-vectorizer', '--instcombine', '--simplifycfg', '--early-cse', '--lower-expect', '--sroa', '--sroa', '--dce', '--sroa', '--lower-expect', '--aggressive-instcombine']",76,-3.5722821294032485,0.0,-0.7959674294750226,0.0,1,-3.5722821294032485,-0.7959674294750226,0.5008908414855473,-67.00507614213198,12.106006749440409,11.76470588235294,34
1568,"['--ipsccp', '--speculative-execution', '--sccp', '--early-cse', '--mem2reg', '--jump-threading', '--globalopt', '--elim-avail-extern', '--instcombine', '--loop-instsimplify', '--jump-threading', '--gvn', '--simplifycfg', '--instsimplify', '--inline', '--mergefunc', '--gvn-hoist', '--instcombine', '--globalopt', '--elim-avail-extern', '--indvars', '--indvars', '--elim-avail-extern', '--indvars', '--gvn', '--gvn', '--ipsccp', '--gvn', '--nary-reassociate', '--loop-instsimplify', '--early-cse', '--mem2reg', '--jump-threading', '--globalopt', '--elim-avail-extern', '--instcombine', '--simplifycfg', '--sroa', '--mem2reg', '--globaldce', '--gvn-hoist', '--sccp', '--early-cse', '--lower-constant-intrinsics', '--adce', '--slsr', '--gvn-hoist', '--adce', '--loop-simplify', '--dse', '--scalarizer', '--simplifycfg', '--lower-expect', '--simplifycfg', '--elim-avail-extern', '--lower-constant-intrinsics', '--ipsccp', '--gvn', '--nary-reassociate', '--gvn', '--early-cse', '--mem2reg', '--jump-threading', '--globalopt', '--slp-vectorizer', '--instcombine', '--simplifycfg', '--sroa', '--aggressive-instcombine', '--early-cse', '--lower-expect', '--sroa', '--sroa', '--lower-expect', '--aggressive-instcombine']",75,-3.5722821294032485,0.0,-0.7959674294750226,0.0,1,-3.5722821294032485,-0.7959674294750226,0.5008908414855473,-67.00507614213198,12.106006749440409,11.76470588235294,34
1872,"['--ipsccp', '--speculative-execution', '--sccp', '--early-cse', '--mem2reg', '--jump-threading', '--globalopt', '--elim-avail-extern', '--instcombine', '--loop-instsimplify', '--jump-threading', '--gvn', '--simplifycfg', '--instsimplify', '--inline', '--mergefunc', '--gvn-hoist', '--instcombine', '--globalopt', '--elim-avail-extern', '--indvars', '--indvars', '--gvn', '--gvn', '--gvn', '--ipsccp', '--gvn', '--nary-reassociate', '--adce', '--early-cse', '--mem2reg', '--jump-threading', '--globalopt', '--elim-avail-extern', '--instcombine', '--simplifycfg', '--simplifycfg', '--sroa', '--mem2reg', '--globaldce', '--gvn-hoist', '--sccp', '--early-cse', '--lower-constant-intrinsics', '--adce', '--slsr', '--gvn-hoist', '--adce', '--loop-simplify', '--dse', '--scalarizer', '--simplifycfg', '--lower-expect', '--simplifycfg', '--elim-avail-extern', '--lower-constant-intrinsics', '--gvn', '--nary-reassociate', '--gvn', '--gvn', '--early-cse', '--sroa', '--jump-threading', '--globalopt', '--slp-vectorizer', '--instcombine', '--simplifycfg', '--sroa', '--early-cse', '--lower-expect', '--sroa', '--lower-expect', '--sroa', '--sroa', '--lower-expect', '--aggressive-instcombine']",76,-3.5722821294032485,0.0,-0.7959674294750226,0.0,1,-3.5722821294032485,-0.7959674294750226,0.5008908414855473,-67.00507614213198,12.106006749440409,11.76470588235294,34
1871,"['--ipsccp', '--speculative-execution', '--sccp', '--early-cse', '--mem2reg', '--jump-threading', '--globalopt', '--elim-avail-extern', '--instcombine', '--adce', '--jump-threading', '--gvn', '--loop-sink', '--simplifycfg', '--instsimplify', '--inline', '--mergefunc', '--gvn-hoist', '--instcombine', '--globalopt', '--elim-avail-extern', '--indvars', '--indvars', '--gvn', '--gvn', '--ipsccp', '--gvn', '--gvn', '--gvn', '--nary-reassociate', '--loop-instsimplify', '--early-cse', '--loop-fusion', '--jump-threading', '--globalopt', '--elim-avail-extern', '--instcombine', '--simplifycfg', '--sroa', '--mem2reg', '--globaldce', '--gvn-hoist', '--sccp', '--early-cse', '--lower-constant-intrinsics', '--adce', '--slsr', '--gvn-hoist', '--sroa', '--loop-simplify', '--dse', '--scalarizer', '--simplifycfg', '--lower-expect', '--simplifycfg', '--elim-avail-extern', '--lower-constant-intrinsics', '--ipsccp', '--gvn', '--gvn', '--early-cse', '--mem2reg', '--jump-threading', '--globalopt', '--slp-vectorizer', '--instcombine', '--simplifycfg', '--adce', '--early-cse', '--lower-expect', '--sroa', '--lower-expect', '--aggressive-instcombine']",73,-3.5722821294032485,0.0,-0.7959674294750226,0.0,1,-3.5722821294032485,-0.7959674294750226,0.5008908414855473,-67.00507614213198,12.106006749440409,11.76470588235294,34
1565,"['--ipsccp', '--speculative-execution', '--sccp', '--early-cse', '--mem2reg', '--jump-threading', '--globalopt', '--elim-avail-extern', '--instcombine', '--adce', '--jump-threading', '--gvn', '--simplifycfg', '--instsimplify', '--inline', '--mergefunc', '--gvn-hoist', '--instcombine', '--globalopt', '--elim-avail-extern', '--indvars', '--indvars', '--gvn', '--gvn', '--ipsccp', '--gvn', '--nary-reassociate', '--loop-instsimplify', '--early-cse', '--mem2reg', '--jump-threading', '--globalopt', '--jump-threading', '--bdce', '--simplifycfg', '--instcombine', '--simplifycfg', '--sroa', '--mem2reg', '--globaldce', '--gvn-hoist', '--sccp', '--early-cse', '--lower-constant-intrinsics', '--adce', '--slsr', '--gvn-hoist', '--adce', '--loop-simplify', '--dse', '--scalarizer', '--scalarizer', '--simplifycfg', '--lower-expect', '--simplifycfg', '--elim-avail-extern', '--lower-constant-intrinsics', '--ipsccp', '--gvn', '--nary-reassociate', '--gvn', '--early-cse', '--mem2reg', '--jump-threading', '--globalopt', '--slp-vectorizer', '--instcombine', '--simplifycfg', '--sroa', '--early-cse', '--lower-expect', '--sroa', '--sroa', '--lower-expect', '--aggressive-instcombine']",75,-3.5722821294032485,0.0,-0.7959674294750226,0.0,1,-3.5722821294032485,-0.7959674294750226,0.5008908414855473,-67.00507614213198,12.106006749440409,11.76470588235294,34
1558,"['--ipsccp', '--speculative-execution', '--sccp', '--early-cse', '--mem2reg', '--jump-threading', '--elim-avail-extern', '--instcombine', '--adce', '--loop-interchange', '--aggressive-instcombine', '--gvn', '--simplifycfg', '--instsimplify', '--inline', '--mergefunc', '--gvn-hoist', '--gvn-hoist', '--instcombine', '--globalopt', '--elim-avail-extern', '--indvars', '--elim-avail-extern', '--indvars', '--gvn', '--gvn', '--ipsccp', '--gvn', '--nary-reassociate', '--loop-instsimplify', '--early-cse', '--mem2reg', '--jump-threading', '--globalopt', '--elim-avail-extern', '--instcombine', '--simplifycfg', '--sroa', '--mem2reg', '--globaldce', '--gvn-hoist', '--sccp', '--early-cse', '--lower-constant-intrinsics', '--adce', '--slsr', '--gvn-hoist', '--adce', '--loop-simplify', '--dse', '--scalarizer', '--simplifycfg', '--lower-expect', '--nary-reassociate', '--elim-avail-extern', '--lower-constant-intrinsics', '--ipsccp', '--gvn', '--nary-reassociate', '--gvn', '--early-cse', '--mem2reg', '--jump-threading', '--globalopt', '--slp-vectorizer', '--instcombine', '--simplifycfg', '--sroa', '--early-cse', '--lower-expect', '--sroa', '--sroa', '--lower-expect', '--simplifycfg', '--aggressive-instcombine']",75,-3.5722821294032485,0.0,-0.7959674294750226,0.0,1,-3.5722821294032485,-0.7959674294750226,0.5008908414855473,-67.00507614213198,12.106006749440409,11.76470588235294,34
1828,"['--ipsccp', '--speculative-execution', '--sccp', '--early-cse', '--mem2reg', '--jump-threading', '--globalopt', '--elim-avail-extern', '--instcombine', '--loop-instsimplify', '--jump-threading', '--gvn', '--simplifycfg', '--instsimplify', '--inline', '--mergefunc', '--gvn-hoist', '--instcombine', '--globalopt', '--elim-avail-extern', '--indvars', '--indvars', '--gvn', '--gvn', '--ipsccp', '--gvn', '--nary-reassociate', '--adce', '--early-cse', '--mem2reg', '--jump-threading', '--globalopt', '--elim-avail-extern', '--instcombine', '--simplifycfg', '--sroa', '--ipsccp', '--sroa', '--inferattrs', '--mem2reg', '--globaldce', '--gvn-hoist', '--sccp', '--early-cse', '--lower-constant-intrinsics', '--lower-constant-intrinsics', '--adce', '--slsr', '--gvn-hoist', '--adce', '--loop-simplify', '--dse', '--scalarizer', '--simplifycfg', '--lower-expect', '--elim-avail-extern', '--lower-constant-intrinsics', '--ipsccp', '--nary-reassociate', '--gvn', '--jump-threading', '--globalopt', '--slp-vectorizer', '--instcombine', '--slp-vectorizer', '--instcombine', '--simplifycfg', '--sroa', '--early-cse', '--lower-expect', '--sroa', '--sroa', '--lower-expect', '--aggressive-instcombine']",74,-3.5722821294032485,0.0,-0.7959674294750226,0.0,1,-3.5722821294032485,-0.7959674294750226,0.5008908414855473,-67.00507614213198,12.106006749440409,11.76470588235294,34
2014,"['--ipsccp', '--speculative-execution', '--sccp', '--early-cse', '--mem2reg', '--sroa', '--globalopt', '--elim-avail-extern', '--instcombine', '--loop-instsimplify', '--jump-threading', '--gvn', '--simplifycfg', '--instsimplify', '--inline', '--mergefunc', '--gvn-hoist', '--instcombine', '--globalopt', '--elim-avail-extern', '--indvars', '--indvars', '--gvn', '--gvn', '--ipsccp', '--gvn', '--nary-reassociate', '--adce', '--early-cse', '--mem2reg', '--jump-threading', '--correlated-propagation', '--elim-avail-extern', '--instcombine', '--simplifycfg', '--sroa', '--mem2reg', '--globaldce', '--gvn-hoist', '--sccp', '--early-cse', '--lower-constant-intrinsics', '--adce', '--slsr', '--gvn-hoist', '--adce', '--loop-simplify', '--adce', '--loop-simplify', '--dse', '--scalarizer', '--simplifycfg', '--lower-expect', '--nary-reassociate', '--elim-avail-extern', '--lower-constant-intrinsics', '--gvn', '--nary-reassociate', '--gvn', '--early-cse', '--mem2reg', '--jump-threading', '--globalopt', '--slp-vectorizer', '--instcombine', '--simplifycfg', '--sroa', '--early-cse', '--lower-expect', '--sroa', '--lower-expect', '--simplifycfg', '--aggressive-instcombine']",73,-3.5722821294032485,0.0,-0.7959674294750226,0.0,1,-3.5722821294032485,-0.7959674294750226,0.5008908414855473,-67.00507614213198,12.106006749440409,11.76470588235294,34
1556,"['--ipsccp', '--speculative-execution', '--sccp', '--early-cse', '--mem2reg', '--jump-threading', '--loop-simplify', '--elim-avail-extern', '--instcombine', '--loop-instsimplify', '--jump-threading', '--gvn', '--simplifycfg', '--instsimplify', '--inline', '--mergefunc', '--gvn-hoist', '--mergefunc', '--gvn-hoist', '--globalopt', '--elim-avail-extern', '--indvars', '--elim-avail-extern', '--indvars', '--gvn', '--ipsccp', '--gvn', '--nary-reassociate', '--loop-instsimplify', '--early-cse', '--mem2reg', '--jump-threading', '--globalopt', '--elim-avail-extern', '--instcombine', '--simplifycfg', '--sroa', '--mem2reg', '--globaldce', '--gvn-hoist', '--sccp', '--early-cse', '--lower-constant-intrinsics', '--adce', '--slsr', '--gvn-hoist', '--adce', '--loop-simplify', '--dse', '--scalarizer', '--simplifycfg', '--lower-expect', '--simplifycfg', '--elim-avail-extern', '--lower-constant-intrinsics', '--ipsccp', '--gvn', '--nary-reassociate', '--gvn', '--early-cse', '--mem2reg', '--jump-threading', '--globalopt', '--slp-vectorizer', '--instcombine', '--simplifycfg', '--sroa', '--early-cse', '--lower-expect', '--sroa', '--sroa', '--lower-expect', '--aggressive-instcombine']",73,-3.5722821294032485,0.0,-0.7959674294750226,0.0,1,-3.5722821294032485,-0.7959674294750226,0.5008908414855473,-67.00507614213198,12.106006749440409,11.76470588235294,34
1870,"['--ipsccp', '--speculative-execution', '--sccp', '--early-cse', '--mem2reg', '--jump-threading', '--globalopt', '--elim-avail-extern', '--instcombine', '--loop-instsimplify', '--jump-threading', '--gvn', '--simplifycfg', '--instsimplify', '--inline', '--mergefunc', '--gvn-hoist', '--tailcallelim', '--globalopt', '--elim-avail-extern', '--indvars', '--indvars', '--gvn', '--gvn', '--gvn', '--gvn', '--ipsccp', '--gvn', '--nary-reassociate', '--loop-instsimplify', '--early-cse', '--mem2reg', '--hotcoldsplit', '--jump-threading', '--globalopt', '--elim-avail-extern', '--instcombine', '--simplifycfg', '--sroa', '--mem2reg', '--globaldce', '--gvn-hoist', '--sccp', '--early-cse', '--lower-constant-intrinsics', '--adce', '--slsr', '--loop-interchange', '--gvn-hoist', '--adce', '--dse', '--scalarizer', '--simplifycfg', '--lower-expect', '--simplifycfg', '--elim-avail-extern', '--lower-constant-intrinsics', '--ipsccp', '--gvn', '--nary-reassociate', '--gvn', '--early-cse', '--mem2reg', '--jump-threading', '--globalopt', '--slp-vectorizer', '--instcombine', '--simplifycfg', '--early-cse', '--simplifycfg', '--sroa', '--early-cse', '--lower-expect', '--sroa', '--sroa', '--lower-expect', '--aggressive-instcombine']",77,-3.5722821294032485,0.0,-0.7959674294750226,0.0,1,-3.5722821294032485,-0.7959674294750226,0.5008908414855473,-67.00507614213198,12.106006749440409,11.76470588235294,34
1554,"['--ipsccp', '--speculative-execution', '--sccp', '--early-cse', '--mem2reg', '--jump-threading', '--globalopt', '--elim-avail-extern', '--instcombine', '--loop-instsimplify', '--jump-threading', '--gvn', '--simplifycfg', '--instsimplify', '--inline', '--mergefunc', '--gvn-hoist', '--instcombine', '--globalopt', '--elim-avail-extern', '--indvars', '--indvars', '--gvn', '--gvn', '--ipsccp', '--gvn', '--nary-reassociate', '--adce', '--early-cse', '--mem2reg', '--die', '--jump-threading', '--globalopt', '--elim-avail-extern', '--instcombine', '--simplifycfg', '--sroa', '--mem2reg', '--globaldce', '--gvn-hoist', '--sccp', '--sink', '--early-cse', '--lower-constant-intrinsics', '--adce', '--slsr', '--gvn-hoist', '--adce', '--loop-simplify', '--dse', '--scalarizer', '--simplifycfg', '--lower-expect', '--simplifycfg', '--gvn-hoist', '--elim-avail-extern', '--ipsccp', '--gvn', '--nary-reassociate', '--gvn', '--early-cse', '--mem2reg', '--jump-threading', '--globalopt', '--slp-vectorizer', '--instcombine', '--simplifycfg', '--sroa', '--gvn', '--lower-expect', '--sroa', '--sroa', '--lower-expect', '--aggressive-instcombine']",74,-3.5722821294032485,0.0,-0.7959674294750226,0.0,1,-3.5722821294032485,-0.7959674294750226,0.5008908414855473,-67.00507614213198,12.106006749440409,11.76470588235294,34
1868,"['--ipsccp', '--speculative-execution', '--sccp', '--early-cse', '--mem2reg', '--jump-threading', '--globalopt', '--elim-avail-extern', '--instcombine', '--loop-instsimplify', '--jump-threading', '--gvn', '--simplifycfg', '--instsimplify', '--inline', '--mergefunc', '--gvn-hoist', '--instcombine', '--globalopt', '--elim-avail-extern', '--indvars', '--indvars', '--gvn', '--gvn', '--ipsccp', '--gvn', '--nary-reassociate', '--adce', '--early-cse', '--mem2reg', '--jump-threading', '--correlated-propagation', '--elim-avail-extern', '--instcombine', '--simplifycfg', '--sroa', '--mem2reg', '--globaldce', '--gvn-hoist', '--sccp', '--early-cse', '--lower-constant-intrinsics', '--adce', '--slsr', '--gvn-hoist', '--adce', '--loop-simplify', '--adce', '--loop-simplify', '--dse', '--scalarizer', '--simplifycfg', '--lower-expect', '--nary-reassociate', '--elim-avail-extern', '--lower-constant-intrinsics', '--ipsccp', '--loop-simplify', '--nary-reassociate', '--gvn', '--early-cse', '--mem2reg', '--jump-threading', '--globalopt', '--slp-vectorizer', '--instcombine', '--sroa', '--sroa', '--early-cse', '--lower-expect', '--simplifycfg', '--sroa', '--lower-expect', '--simplifycfg', '--aggressive-instcombine']",75,-3.5722821294032485,0.0,-0.7959674294750226,0.0,1,-3.5722821294032485,-0.7959674294750226,0.5008908414855473,-67.00507614213198,12.106006749440409,11.76470588235294,34
1867,"['--ipsccp', '--speculative-execution', '--sccp', '--early-cse', '--mem2reg', '--jump-threading', '--globalopt', '--elim-avail-extern', '--instcombine', '--loop-instsimplify', '--jump-threading', '--gvn', '--simplifycfg', '--instsimplify', '--inline', '--mergefunc', '--gvn-hoist', '--instcombine', '--globalopt', '--elim-avail-extern', '--indvars', '--indvars', '--elim-avail-extern', '--indvars', '--gvn', '--gvn', '--nary-reassociate', '--loop-instsimplify', '--early-cse', '--mem2reg', '--mem2reg', '--jump-threading', '--globalopt', '--elim-avail-extern', '--instcombine', '--simplifycfg', '--sroa', '--mem2reg', '--globaldce', '--gvn-hoist', '--irce', '--early-cse', '--lower-constant-intrinsics', '--adce', '--slsr', '--gvn-hoist', '--adce', '--loop-simplify', '--dse', '--scalarizer', '--simplifycfg', '--lower-expect', '--simplifycfg', '--gvn-hoist', '--lower-constant-intrinsics', '--slsr', '--ipsccp', '--gvn', '--nary-reassociate', '--gvn', '--early-cse', '--mem2reg', '--jump-threading', '--globalopt', '--slp-vectorizer', '--instcombine', '--simplifycfg', '--early-cse', '--lower-expect', '--sroa', '--sroa', '--lower-expect', '--simplifycfg', '--aggressive-instcombine']",74,-3.5722821294032485,0.0,-0.7959674294750226,0.0,1,-3.5722821294032485,-0.7959674294750226,0.5008908414855473,-67.00507614213198,12.106006749440409,11.76470588235294,34
1866,"['--ipsccp', '--speculative-execution', '--sccp', '--early-cse', '--mem2reg', '--jump-threading', '--globalopt', '--elim-avail-extern', '--instcombine', '--loop-instsimplify', '--jump-threading', '--gvn', '--simplifycfg', '--instsimplify', '--inline', '--mergefunc', '--gvn-hoist', '--instcombine', '--globalopt', '--elim-avail-extern', '--indvars', '--indvars', '--gvn', '--gvn', '--ipsccp', '--gvn', '--nary-reassociate', '--adce', '--early-cse', '--mem2reg', '--jump-threading', '--globalopt', '--elim-avail-extern', '--instcombine', '--simplifycfg', '--sroa', '--ipsccp', '--sroa', '--inferattrs', '--mem2reg', '--globaldce', '--gvn-hoist', '--sccp', '--early-cse', '--lower-constant-intrinsics', '--lower-constant-intrinsics', '--adce', '--slsr', '--gvn-hoist', '--adce', '--loop-simplify', '--dse', '--scalarizer', '--simplifycfg', '--lower-expect', '--elim-avail-extern', '--lower-constant-intrinsics', '--ipsccp', '--nary-reassociate', '--gvn', '--jump-threading', '--globalopt', '--slp-vectorizer', '--instcombine', '--slp-vectorizer', '--instcombine', '--simplifycfg', '--sroa', '--early-cse', '--lower-expect', '--sroa', '--sroa', '--aggressive-instcombine']",73,-3.5722821294032485,0.0,-0.7959674294750226,0.0,1,-3.5722821294032485,-0.7959674294750226,0.5008908414855473,-67.00507614213198,12.106006749440409,11.76470588235294,34
2024,"['--ipsccp', '--speculative-execution', '--sccp', '--lower-constant-intrinsics', '--early-cse', '--mem2reg', '--jump-threading', '--globalopt', '--elim-avail-extern', '--instcombine', '--loop-instsimplify', '--jump-threading', '--gvn', '--simplifycfg', '--instsimplify', '--inline', '--mergefunc', '--gvn-hoist', '--instcombine', '--globalopt', '--elim-avail-extern', '--indvars', '--indvars', '--gvn', '--gvn', '--ipsccp', '--gvn', '--nary-reassociate', '--adce', '--early-cse', '--mem2reg', '--jump-threading', '--globalopt', '--elim-avail-extern', '--instcombine', '--simplifycfg', '--sroa', '--mem2reg', '--globaldce', '--gvn-hoist', '--sccp', '--early-cse', '--lower-constant-intrinsics', '--adce', '--slsr', '--gvn-hoist', '--adce', '--loop-simplify', '--dse', '--scalarizer', '--adce', '--loop-simplify', '--dse', '--scalarizer', '--simplifycfg', '--mergereturn', '--lower-expect', '--elim-avail-extern', '--lower-constant-intrinsics', '--ipsccp', '--nary-reassociate', '--gvn', '--jump-threading', '--globalopt', '--slp-vectorizer', '--instcombine', '--slp-vectorizer', '--instcombine', '--simplifycfg', '--sroa', '--early-cse', '--lower-expect', '--sroa', '--sroa', '--aggressive-instcombine']",75,-3.5722821294032485,0.0,-0.7959674294750226,0.0,1,-3.5722821294032485,-0.7959674294750226,0.5008908414855473,-67.00507614213198,12.106006749440409,11.76470588235294,34
1801,"['--ipsccp', '--speculative-execution', '--sccp', '--early-cse', '--mem2reg', '--jump-threading', '--globalopt', '--elim-avail-extern', '--instcombine', '--loop-instsimplify', '--jump-threading', '--gvn', '--simplifycfg', '--instsimplify', '--inline', '--mergefunc', '--gvn-hoist', '--instcombine', '--globalopt', '--elim-avail-extern', '--indvars', '--indvars', '--gvn', '--gvn', '--ipsccp', '--gvn', '--nary-reassociate', '--adce', '--early-cse', '--mem2reg', '--jump-threading', '--globalopt', '--elim-avail-extern', '--instcombine', '--simplifycfg', '--sroa', '--ipsccp', '--sroa', '--inferattrs', '--mem2reg', '--globaldce', '--gvn-hoist', '--sccp', '--early-cse', '--lower-expect', '--lower-constant-intrinsics', '--adce', '--slsr', '--gvn-hoist', '--adce', '--loop-simplify', '--dse', '--scalarizer', '--lower-expect', '--simplifycfg', '--elim-avail-extern', '--lower-constant-intrinsics', '--ipsccp', '--gvn', '--nary-reassociate', '--adce', '--early-cse', '--mem2reg', '--jump-threading', '--globalopt', '--slp-vectorizer', '--instcombine', '--simplifycfg', '--early-cse', '--lower-expect', '--sroa', '--sroa', '--lower-expect', '--aggressive-instcombine']",74,-3.5722821294032485,0.0,-0.7959674294750226,0.0,1,-3.5722821294032485,-0.7959674294750226,0.5008908414855473,-67.00507614213198,12.106006749440409,11.76470588235294,34
1534,"['--ipsccp', '--speculative-execution', '--sccp', '--early-cse', '--mem2reg', '--jump-threading', '--globalopt', '--elim-avail-extern', '--instcombine', '--adce', '--jump-threading', '--gvn', '--simplifycfg', '--hotcoldsplit', '--inline', '--mergefunc', '--gvn-hoist', '--instcombine', '--globalopt', '--elim-avail-extern', '--indvars', '--indvars', '--gvn', '--gvn', '--ipsccp', '--gvn', '--nary-reassociate', '--loop-instsimplify', '--early-cse', '--mem2reg', '--jump-threading', '--globalopt', '--jump-threading', '--bdce', '--elim-avail-extern', '--instcombine', '--simplifycfg', '--sroa', '--mem2reg', '--globaldce', '--gvn-hoist', '--sccp', '--early-cse', '--lower-constant-intrinsics', '--adce', '--slsr', '--gvn-hoist', '--adce', '--loop-simplify', '--dse', '--scalarizer', '--simplifycfg', '--lower-expect', '--simplifycfg', '--elim-avail-extern', '--lower-constant-intrinsics', '--ipsccp', '--gvn', '--nary-reassociate', '--gvn', '--early-cse', '--mem2reg', '--jump-threading', '--globalopt', '--slp-vectorizer', '--instcombine', '--simplifycfg', '--sroa', '--early-cse', '--lower-expect', '--sroa', '--sroa', '--aggressive-instcombine']",73,-3.5722821294032485,0.0,-0.7959674294750226,0.0,1,-3.5722821294032485,-0.7959674294750226,0.5008908414855473,-67.00507614213198,12.106006749440409,11.76470588235294,34
1533,"['--ipsccp', '--speculative-execution', '--sccp', '--early-cse', '--mem2reg', '--jump-threading', '--globalopt', '--elim-avail-extern', '--instcombine', '--adce', '--jump-threading', '--gvn', '--loop-sink', '--simplifycfg', '--instsimplify', '--inline', '--mergefunc', '--gvn-hoist', '--instcombine', '--globalopt', '--elim-avail-extern', '--indvars', '--indvars', '--gvn', '--gvn', '--ipsccp', '--gvn', '--nary-reassociate', '--loop-instsimplify', '--early-cse', '--early-cse', '--mem2reg', '--jump-threading', '--globalopt', '--elim-avail-extern', '--simplifycfg', '--sroa', '--mem2reg', '--globaldce', '--gvn-hoist', '--sccp', '--early-cse', '--lower-constant-intrinsics', '--adce', '--slsr', '--gvn-hoist', '--adce', '--loop-simplify', '--dse', '--scalarizer', '--simplifycfg', '--lower-expect', '--simplifycfg', '--elim-avail-extern', '--lower-constant-intrinsics', '--gvn', '--nary-reassociate', '--gvn', '--early-cse', '--mem2reg', '--jump-threading', '--globalopt', '--slp-vectorizer', '--instcombine', '--simplifycfg', '--sroa', '--early-cse', '--lower-expect', '--sroa', '--sroa', '--lower-expect', '--simplifycfg', '--aggressive-instcombine']",73,-3.5722821294032485,0.0,-0.7959674294750226,0.0,1,-3.5722821294032485,-0.7959674294750226,0.5008908414855473,-67.00507614213198,12.106006749440409,11.76470588235294,34
1856,"['--ipsccp', '--speculative-execution', '--sccp', '--early-cse', '--mem2reg', '--jump-threading', '--globalopt', '--elim-avail-extern', '--instcombine', '--adce', '--jump-threading', '--gvn', '--simplifycfg', '--hotcoldsplit', '--inline', '--mergefunc', '--gvn-hoist', '--instcombine', '--globalopt', '--elim-avail-extern', '--indvars', '--indvars', '--gvn-hoist', '--gvn', '--gvn', '--ipsccp', '--gvn', '--nary-reassociate', '--loop-instsimplify', '--early-cse', '--jump-threading', '--globalopt', '--elim-avail-extern', '--instcombine', '--simplifycfg', '--sroa', '--mem2reg', '--globaldce', '--gvn-hoist', '--sccp', '--lower-constant-intrinsics', '--adce', '--gvn', '--slsr', '--gvn-hoist', '--adce', '--loop-simplify', '--adce', '--loop-simplify', '--dse', '--scalarizer', '--simplifycfg', '--lower-expect', '--nary-reassociate', '--elim-avail-extern', '--elim-avail-extern', '--lower-constant-intrinsics', '--gvn', '--ipsccp', '--gvn', '--nary-reassociate', '--gvn', '--early-cse', '--mem2reg', '--jump-threading', '--globalopt', '--slp-vectorizer', '--instcombine', '--simplifycfg', '--sroa', '--early-cse', '--lower-expect', '--sroa', '--lower-expect', '--aggressive-instcombine']",75,-3.5722821294032485,0.0,-0.7959674294750226,0.0,1,-3.5722821294032485,-0.7959674294750226,0.5008908414855473,-67.00507614213198,12.106006749440409,11.76470588235294,34
1506,"['--ipsccp', '--speculative-execution', '--sccp', '--early-cse', '--mem2reg', '--jump-threading', '--elim-avail-extern', '--instcombine', '--adce', '--loop-interchange', '--aggressive-instcombine', '--gvn', '--simplifycfg', '--instsimplify', '--inline', '--mergefunc', '--gvn-hoist', '--gvn-hoist', '--instcombine', '--globalopt', '--elim-avail-extern', '--indvars', '--elim-avail-extern', '--indvars', '--gvn', '--gvn', '--ipsccp', '--gvn', '--nary-reassociate', '--loop-instsimplify', '--early-cse', '--mem2reg', '--jump-threading', '--globalopt', '--elim-avail-extern', '--instcombine', '--simplifycfg', '--sroa', '--inferattrs', '--mem2reg', '--globaldce', '--gvn-hoist', '--sccp', '--early-cse', '--lower-constant-intrinsics', '--adce', '--slsr', '--gvn-hoist', '--adce', '--loop-simplify', '--dse', '--scalarizer', '--simplifycfg', '--lower-expect', '--simplifycfg', '--elim-avail-extern', '--lower-constant-intrinsics', '--ipsccp', '--gvn', '--nary-reassociate', '--gvn', '--early-cse', '--mem2reg', '--jump-threading', '--globalopt', '--slp-vectorizer', '--instcombine', '--simplifycfg', '--sroa', '--early-cse', '--lower-expect', '--sroa', '--sroa', '--lower-expect', '--aggressive-instcombine']",75,-3.5722821294032485,0.0,-0.7959674294750226,0.0,1,-3.5722821294032485,-0.7959674294750226,0.5008908414855473,-67.00507614213198,12.106006749440409,11.76470588235294,34
1842,"['--ipsccp', '--speculative-execution', '--sccp', '--early-cse', '--mem2reg', '--jump-threading', '--globalopt', '--elim-avail-extern', '--instcombine', '--loop-instsimplify', '--jump-threading', '--gvn', '--simplifycfg', '--instsimplify', '--inline', '--mergefunc', '--gvn-hoist', '--instcombine', '--globalopt', '--elim-avail-extern', '--indvars', '--indvars', '--elim-avail-extern', '--indvars', '--gvn', '--gvn', '--nary-reassociate', '--loop-instsimplify', '--early-cse', '--mem2reg', '--jump-threading', '--globalopt', '--jump-threading', '--bdce', '--elim-avail-extern', '--instcombine', '--simplifycfg', '--sroa', '--mem2reg', '--globaldce', '--gvn-hoist', '--sccp', '--early-cse', '--lower-constant-intrinsics', '--adce', '--nary-reassociate', '--slsr', '--gvn-hoist', '--loop-simplify', '--dse', '--scalarizer', '--simplifycfg', '--lower-expect', '--simplifycfg', '--elim-avail-extern', '--lower-constant-intrinsics', '--gvn', '--nary-reassociate', '--nary-reassociate', '--adce', '--early-cse', '--mem2reg', '--jump-threading', '--globalopt', '--slp-vectorizer', '--instcombine', '--simplifycfg', '--sroa', '--early-cse', '--lower-expect', '--sroa', '--sroa', '--lower-expect', '--aggressive-instcombine']",74,-3.5722821294032485,0.0,-0.7959674294750226,0.0,1,-3.5722821294032485,-0.7959674294750226,0.5008908414855473,-67.00507614213198,12.106006749440409,11.76470588235294,34
1841,"['--ipsccp', '--speculative-execution', '--sccp', '--early-cse', '--mem2reg', '--jump-threading', '--globalopt', '--elim-avail-extern', '--instcombine', '--loop-instsimplify', '--jump-threading', '--gvn', '--simplifycfg', '--instsimplify', '--inline', '--mergefunc', '--gvn-hoist', '--instcombine', '--globalopt', '--elim-avail-extern', '--indvars', '--indvars', '--elim-avail-extern', '--indvars', '--gvn', '--gvn', '--nary-reassociate', '--loop-instsimplify', '--early-cse', '--mem2reg', '--jump-threading', '--globalopt', '--jump-threading', '--bdce', '--elim-avail-extern', '--instcombine', '--simplifycfg', '--sroa', '--mem2reg', '--globaldce', '--gvn-hoist', '--sccp', '--early-cse', '--lower-constant-intrinsics', '--adce', '--slsr', '--gvn-hoist', '--adce', '--loop-simplify', '--dse', '--scalarizer', '--elim-avail-extern', '--lower-expect', '--simplifycfg', '--elim-avail-extern', '--jump-threading', '--lower-constant-intrinsics', '--ipsccp', '--gvn', '--dce', '--gvn', '--early-cse', '--mem2reg', '--globalopt', '--slp-vectorizer', '--instcombine', '--simplifycfg', '--sroa', '--early-cse', '--lower-expect', '--sroa', '--lower-expect', '--aggressive-instcombine']",73,-3.5722821294032485,0.0,-0.7959674294750226,0.0,1,-3.5722821294032485,-0.7959674294750226,0.5008908414855473,-67.00507614213198,12.106006749440409,11.76470588235294,34
2023,"['--ipsccp', '--speculative-execution', '--sccp', '--early-cse', '--mem2reg', '--jump-threading', '--globalopt', '--elim-avail-extern', '--instcombine', '--loop-instsimplify', '--jump-threading', '--gvn', '--simplifycfg', '--instsimplify', '--inline', '--mergefunc', '--gvn-hoist', '--instcombine', '--globalopt', '--elim-avail-extern', '--indvars', '--indvars', '--gvn', '--gvn', '--ipsccp', '--gvn', '--nary-reassociate', '--adce', '--early-cse', '--mem2reg', '--jump-threading', '--correlated-propagation', '--mem2reg', '--memcpyopt', '--globalopt', '--jump-threading', '--bdce', '--elim-avail-extern', '--instcombine', '--simplifycfg', '--sroa', '--loop-simplify', '--adce', '--slsr', '--gvn-hoist', '--adce', '--loop-simplify', '--adce', '--lower-constant-intrinsics', '--dse', '--scalarizer', '--scalarizer', '--simplifycfg', '--lower-expect', '--simplifycfg', '--elim-avail-extern', '--lower-constant-intrinsics', '--ipsccp', '--gvn', '--nary-reassociate', '--gvn', '--early-cse', '--loop-guard-widening', '--jump-threading', '--globalopt', '--slp-vectorizer', '--instcombine', '--slp-vectorizer', '--instcombine', '--simplifycfg', '--sroa', '--early-cse', '--lower-expect', '--aggressive-instcombine']",74,-3.5722821294032485,0.0,-0.7959674294750226,0.0,1,-3.5722821294032485,-0.7959674294750226,0.5008908414855473,-67.00507614213198,12.106006749440409,11.76470588235294,34
1874,"['--ipsccp', '--speculative-execution', '--sccp', '--early-cse', '--mem2reg', '--jump-threading', '--globalopt', '--elim-avail-extern', '--instcombine', '--loop-instsimplify', '--jump-threading', '--gvn', '--simplifycfg', '--instsimplify', '--inline', '--mergefunc', '--gvn-hoist', '--instcombine', '--globalopt', '--elim-avail-extern', '--indvars', '--indvars', '--loop-unroll-and-jam', '--elim-avail-extern', '--indvars', '--gvn', '--gvn', '--nary-reassociate', '--loop-instsimplify', '--early-cse', '--mem2reg', '--jump-threading', '--mem2reg', '--globalopt', '--jump-threading', '--bdce', '--elim-avail-extern', '--instcombine', '--simplifycfg', '--sroa', '--tailcallelim', '--globaldce', '--gvn-hoist', '--sccp', '--early-cse', '--lower-constant-intrinsics', '--adce', '--nary-reassociate', '--slsr', '--gvn-hoist', '--adce', '--loop-simplify', '--dse', '--scalarizer', '--elim-avail-extern', '--lower-expect', '--simplifycfg', '--elim-avail-extern', '--jump-threading', '--lower-constant-intrinsics', '--ipsccp', '--gvn', '--nary-reassociate', '--gvn', '--early-cse', '--mem2reg', '--jump-threading', '--globalopt', '--slp-vectorizer', '--instcombine', '--simplifycfg', '--sroa', '--early-cse', '--lower-expect', '--sroa', '--sroa', '--lower-expect', '--aggressive-instcombine']",78,-3.5722821294032485,0.0,-0.7959674294750226,0.0,1,-3.5722821294032485,-0.7959674294750226,0.5008908414855473,-67.00507614213198,12.106006749440409,11.76470588235294,34
1838,"['--ipsccp', '--speculative-execution', '--sccp', '--early-cse', '--mem2reg', '--jump-threading', '--globalopt', '--elim-avail-extern', '--instcombine', '--loop-instsimplify', '--jump-threading', '--gvn', '--simplifycfg', '--instsimplify', '--inline', '--slsr', '--mergefunc', '--gvn-hoist', '--instcombine', '--globalopt', '--elim-avail-extern', '--indvars', '--indvars', '--gvn', '--gvn', '--ipsccp', '--gvn', '--nary-reassociate', '--adce', '--early-cse', '--mem2reg', '--jump-threading', '--globalopt', '--elim-avail-extern', '--instcombine', '--simplifycfg', '--sroa', '--mem2reg', '--globaldce', '--gvn-hoist', '--irce', '--early-cse', '--lower-constant-intrinsics', '--adce', '--slsr', '--gvn-hoist', '--adce', '--loop-simplify', '--dse', '--scalarizer', '--simplifycfg', '--lower-expect', '--simplifycfg', '--gvn-hoist', '--lower-constant-intrinsics', '--slsr', '--ipsccp', '--gvn', '--nary-reassociate', '--gvn', '--early-cse', '--mem2reg', '--jump-threading', '--globalopt', '--slp-vectorizer', '--instcombine', '--sroa', '--early-cse', '--lower-expect', '--sroa', '--sroa', '--lower-expect', '--simplifycfg', '--aggressive-instcombine']",74,-3.5722821294032485,0.0,-0.7959674294750226,0.0,1,-3.5722821294032485,-0.7959674294750226,0.5008908414855473,-67.00507614213198,12.106006749440409,11.76470588235294,34
1501,"['--ipsccp', '--speculative-execution', '--sccp', '--early-cse', '--mem2reg', '--jump-threading', '--globalopt', '--elim-avail-extern', '--instcombine', '--adce', '--jump-threading', '--gvn', '--simplifycfg', '--loop-unroll-and-jam', '--instsimplify', '--inline', '--gvn-hoist', '--mergefunc', '--gvn-hoist', '--globalopt', '--elim-avail-extern', '--indvars', '--elim-avail-extern', '--indvars', '--gvn', '--gvn', '--ipsccp', '--gvn', '--nary-reassociate', '--loop-instsimplify', '--early-cse', '--mem2reg', '--jump-threading', '--globalopt', '--elim-avail-extern', '--instcombine', '--simplifycfg', '--sroa', '--mem2reg', '--globaldce', '--gvn-hoist', '--sccp', '--early-cse', '--lower-constant-intrinsics', '--adce', '--slsr', '--gvn-hoist', '--adce', '--loop-simplify', '--dse', '--scalarizer', '--simplifycfg', '--lower-expect', '--simplifycfg', '--elim-avail-extern', '--lower-constant-intrinsics', '--ipsccp', '--gvn', '--nary-reassociate', '--gvn', '--early-cse', '--mem2reg', '--jump-threading', '--globalopt', '--slp-vectorizer', '--instcombine', '--simplifycfg', '--sroa', '--early-cse', '--lower-expect', '--sroa', '--sroa', '--lower-expect', '--aggressive-instcombine']",74,-3.5722821294032485,0.0,-0.7959674294750226,0.0,1,-3.5722821294032485,-0.7959674294750226,0.5008908414855473,-67.00507614213198,12.106006749440409,11.76470588235294,34
1498,"['--ipsccp', '--speculative-execution', '--sccp', '--early-cse', '--mem2reg', '--jump-threading', '--globalopt', '--elim-avail-extern', '--instcombine', '--loop-instsimplify', '--jump-threading', '--gvn', '--simplifycfg', '--instsimplify', '--inline', '--mergefunc', '--gvn-hoist', '--instcombine', '--globalopt', '--elim-avail-extern', '--indvars', '--indvars', '--gvn', '--gvn', '--ipsccp', '--gvn', '--nary-reassociate', '--adce', '--early-cse', '--mem2reg', '--jump-threading', '--globalopt', '--elim-avail-extern', '--instcombine', '--simplifycfg', '--sroa', '--mem2reg', '--globaldce', '--gvn-hoist', '--sccp', '--early-cse', '--lower-constant-intrinsics', '--adce', '--slsr', '--gvn-hoist', '--adce', '--loop-simplify', '--dse', '--scalarizer', '--simplifycfg', '--lower-expect', '--simplifycfg', '--gvn-hoist', '--elim-avail-extern', '--lower-constant-intrinsics', '--irce', '--ipsccp', '--gvn', '--nary-reassociate', '--gvn', '--early-cse', '--mem2reg', '--jump-threading', '--globalopt', '--slp-vectorizer', '--instcombine', '--simplifycfg', '--sroa', '--early-cse', '--lower-expect', '--sroa', '--lower-expect', '--aggressive-instcombine']",73,-3.5722821294032485,0.0,-0.7959674294750226,0.0,1,-3.5722821294032485,-0.7959674294750226,0.5008908414855473,-67.00507614213198,12.106006749440409,11.76470588235294,34
1488,"['--ipsccp', '--speculative-execution', '--sccp', '--early-cse', '--mem2reg', '--jump-threading', '--elim-avail-extern', '--instcombine', '--adce', '--loop-interchange', '--aggressive-instcombine', '--gvn', '--simplifycfg', '--instsimplify', '--inline', '--mergefunc', '--gvn-hoist', '--gvn-hoist', '--instcombine', '--globalopt', '--elim-avail-extern', '--indvars', '--elim-avail-extern', '--indvars', '--gvn', '--gvn', '--ipsccp', '--gvn', '--nary-reassociate', '--loop-instsimplify', '--early-cse', '--mem2reg', '--jump-threading', '--globalopt', '--elim-avail-extern', '--instcombine', '--simplifycfg', '--sroa', '--mem2reg', '--globaldce', '--gvn-hoist', '--sccp', '--early-cse', '--lower-constant-intrinsics', '--adce', '--slsr', '--gvn-hoist', '--adce', '--loop-simplify', '--dse', '--scalarizer', '--simplifycfg', '--lower-expect', '--simplifycfg', '--elim-avail-extern', '--lower-constant-intrinsics', '--gvn', '--nary-reassociate', '--gvn', '--early-cse', '--mem2reg', '--jump-threading', '--globalopt', '--slp-vectorizer', '--instcombine', '--simplifycfg', '--sroa', '--early-cse', '--lower-expect', '--sroa', '--sroa', '--lower-expect', '--simplifycfg', '--aggressive-instcombine']",74,-3.5722821294032485,0.0,-0.7959674294750226,0.0,1,-3.5722821294032485,-0.7959674294750226,0.5008908414855473,-67.00507614213198,12.106006749440409,11.76470588235294,34
1837,"['--ipsccp', '--speculative-execution', '--sccp', '--early-cse', '--mem2reg', '--jump-threading', '--globalopt', '--elim-avail-extern', '--instcombine', '--loop-instsimplify', '--jump-threading', '--gvn', '--simplifycfg', '--instsimplify', '--inline', '--mergefunc', '--gvn-hoist', '--instcombine', '--globalopt', '--elim-avail-extern', '--indvars', '--indvars', '--gvn', '--adce', '--ipsccp', '--gvn', '--ipsccp', '--gvn', '--nary-reassociate', '--loop-instsimplify', '--early-cse', '--mem2reg', '--jump-threading', '--globalopt', '--elim-avail-extern', '--instcombine', '--simplifycfg', '--sroa', '--mem2reg', '--globaldce', '--newgvn', '--sccp', '--early-cse', '--lower-constant-intrinsics', '--adce', '--slsr', '--gvn-hoist', '--gvn', '--loop-simplify', '--dse', '--scalarizer', '--simplifycfg', '--lower-expect', '--simplifycfg', '--elim-avail-extern', '--lower-constant-intrinsics', '--ipsccp', '--gvn', '--nary-reassociate', '--gvn', '--early-cse', '--mem2reg', '--jump-threading', '--globalopt', '--slp-vectorizer', '--instcombine', '--slp-vectorizer', '--instcombine', '--simplifycfg', '--sroa', '--early-cse', '--lower-expect', '--sroa', '--lower-expect', '--aggressive-instcombine']",75,-3.5722821294032485,0.0,-0.7959674294750226,0.0,1,-3.5722821294032485,-0.7959674294750226,0.5008908414855473,-67.00507614213198,12.106006749440409,11.76470588235294,34
1836,"['--ipsccp', '--speculative-execution', '--ipsccp', '--early-cse', '--mem2reg', '--jump-threading', '--globalopt', '--elim-avail-extern', '--instcombine', '--loop-instsimplify', '--jump-threading', '--gvn', '--simplifycfg', '--hotcoldsplit', '--inline', '--mergefunc', '--gvn-hoist', '--loop-vectorize', '--instcombine', '--globalopt', '--elim-avail-extern', '--indvars', '--indvars', '--gvn-hoist', '--gvn', '--gvn', '--ipsccp', '--gvn', '--nary-reassociate', '--loop-instsimplify', '--early-cse', '--mem2reg', '--jump-threading', '--globalopt', '--jump-threading', '--bdce', '--elim-avail-extern', '--instcombine', '--simplifycfg', '--sroa', '--mem2reg', '--globaldce', '--gvn-hoist', '--sccp', '--early-cse', '--lower-constant-intrinsics', '--lower-constant-intrinsics', '--adce', '--slsr', '--gvn-hoist', '--adce', '--loop-simplify', '--dse', '--scalarizer', '--simplifycfg', '--lower-expect', '--simplifycfg', '--elim-avail-extern', '--lower-constant-intrinsics', '--ipsccp', '--nary-reassociate', '--gvn', '--jump-threading', '--globalopt', '--slp-vectorizer', '--instcombine', '--slp-vectorizer', '--instcombine', '--simplifycfg', '--sroa', '--early-cse', '--lower-expect', '--sroa', '--sroa', '--lower-expect', '--aggressive-instcombine']",76,-3.5722821294032485,0.0,-0.7959674294750226,0.0,1,-3.5722821294032485,-0.7959674294750226,0.5008908414855473,-67.00507614213198,12.106006749440409,11.76470588235294,34
2022,"['--ipsccp', '--speculative-execution', '--sccp', '--early-cse', '--mem2reg', '--jump-threading', '--globalopt', '--elim-avail-extern', '--instcombine', '--loop-instsimplify', '--jump-threading', '--gvn', '--simplifycfg', '--instsimplify', '--inline', '--mergefunc', '--gvn-hoist', '--instcombine', '--globalopt', '--elim-avail-extern', '--elim-avail-extern', '--indvars', '--indvars', '--gvn', '--gvn', '--ipsccp', '--gvn', '--nary-reassociate', '--adce', '--early-cse', '--mem2reg', '--jump-threading', '--globalopt', '--elim-avail-extern', '--instcombine', '--sroa', '--ipsccp', '--sroa', '--inferattrs', '--mem2reg', '--globaldce', '--gvn-hoist', '--sccp', '--early-cse', '--lower-constant-intrinsics', '--lower-constant-intrinsics', '--adce', '--slsr', '--gvn-hoist', '--adce', '--loop-simplify', '--dse', '--scalarizer', '--simplifycfg', '--lower-expect', '--elim-avail-extern', '--lower-constant-intrinsics', '--ipsccp', '--nary-reassociate', '--gvn', '--jump-threading', '--globalopt', '--slp-vectorizer', '--instcombine', '--simplifycfg', '--sroa', '--early-cse', '--lower-expect', '--sroa', '--lower-expect', '--simplifycfg', '--aggressive-instcombine']",72,-3.5722821294032485,0.0,-0.7959674294750226,0.0,1,-3.5722821294032485,-0.7959674294750226,0.5008908414855473,-67.00507614213198,12.106006749440409,11.76470588235294,34
1482,"['--ipsccp', '--speculative-execution', '--sccp', '--early-cse', '--mem2reg', '--jump-threading', '--globalopt', '--elim-avail-extern', '--instcombine', '--adce', '--jump-threading', '--gvn', '--simplifycfg', '--instsimplify', '--inline', '--mergefunc', '--gvn-hoist', '--instcombine', '--globalopt', '--elim-avail-extern', '--indvars', '--indvars', '--gvn', '--gvn', '--ipsccp', '--gvn', '--nary-reassociate', '--loop-instsimplify', '--early-cse', '--mem2reg', '--jump-threading', '--globalopt', '--jump-threading', '--bdce', '--elim-avail-extern', '--instcombine', '--simplifycfg', '--sroa', '--mem2reg', '--globaldce', '--gvn-hoist', '--sccp', '--early-cse', '--lower-constant-intrinsics', '--adce', '--slsr', '--gvn-hoist', '--adce', '--loop-simplify', '--dse', '--scalarizer', '--simplifycfg', '--lower-expect', '--simplifycfg', '--elim-avail-extern', '--lower-constant-intrinsics', '--ipsccp', '--gvn', '--nary-reassociate', '--gvn', '--early-cse', '--mem2reg', '--jump-threading', '--globalopt', '--slp-vectorizer', '--instcombine', '--simplifycfg', '--sroa', '--early-cse', '--lower-expect', '--sroa', '--sroa', '--lower-expect', '--aggressive-instcombine']",74,-3.5722821294032485,0.0,-0.7959674294750226,0.0,1,-3.5722821294032485,-0.7959674294750226,0.5008908414855473,-67.00507614213198,12.106006749440409,11.76470588235294,34
1834,"['--ipsccp', '--speculative-execution', '--sccp', '--early-cse', '--mem2reg', '--jump-threading', '--globalopt', '--elim-avail-extern', '--instcombine', '--loop-instsimplify', '--jump-threading', '--gvn', '--simplifycfg', '--instsimplify', '--inline', '--mergefunc', '--gvn-hoist', '--instcombine', '--globalopt', '--elim-avail-extern', '--indvars', '--elim-avail-extern', '--indvars', '--indvars', '--gvn-hoist', '--gvn', '--nary-reassociate', '--adce', '--early-cse', '--mem2reg', '--jump-threading', '--globalopt', '--elim-avail-extern', '--instcombine', '--simplifycfg', '--sroa', '--mem2reg', '--globaldce', '--gvn-hoist', '--sccp', '--lower-constant-intrinsics', '--adce', '--slsr', '--gvn-hoist', '--adce', '--loop-simplify', '--adce', '--loop-simplify', '--dse', '--scalarizer', '--simplifycfg', '--lower-expect', '--nary-reassociate', '--elim-avail-extern', '--elim-avail-extern', '--lower-constant-intrinsics', '--gvn', '--ipsccp', '--gvn', '--nary-reassociate', '--gvn', '--early-cse', '--mem2reg', '--jump-threading', '--globalopt', '--slp-vectorizer', '--instcombine', '--simplifycfg', '--sroa', '--early-cse', '--lower-expect', '--sroa', '--lower-expect', '--aggressive-instcombine']",74,-3.5722821294032485,0.0,-0.7959674294750226,0.0,1,-3.5722821294032485,-0.7959674294750226,0.5008908414855473,-67.00507614213198,12.106006749440409,11.76470588235294,34
1835,"['--ipsccp', '--speculative-execution', '--sccp', '--early-cse', '--mem2reg', '--jump-threading', '--elim-avail-extern', '--instcombine', '--adce', '--loop-interchange', '--aggressive-instcombine', '--gvn', '--simplifycfg', '--instsimplify', '--inline', '--mergefunc', '--lower-expect', '--gvn-hoist', '--instcombine', '--globalopt', '--elim-avail-extern', '--indvars', '--elim-avail-extern', '--indvars', '--gvn', '--gvn', '--ipsccp', '--gvn', '--loop-instsimplify', '--early-cse', '--jump-threading', '--globalopt', '--elim-avail-extern', '--instcombine', '--simplifycfg', '--sroa', '--mem2reg', '--globaldce', '--gvn-hoist', '--sccp', '--lower-constant-intrinsics', '--adce', '--slsr', '--gvn-hoist', '--adce', '--loop-simplify', '--adce', '--loop-simplify', '--dse', '--scalarizer', '--simplifycfg', '--lower-expect', '--nary-reassociate', '--elim-avail-extern', '--elim-avail-extern', '--lower-constant-intrinsics', '--gvn', '--ipsccp', '--gvn', '--nary-reassociate', '--gvn', '--early-cse', '--mem2reg', '--jump-threading', '--globalopt', '--slp-vectorizer', '--instcombine', '--simplifycfg', '--sroa', '--early-cse', '--gvn-hoist', '--sroa', '--lower-expect', '--aggressive-instcombine']",74,-3.5722821294032485,0.0,-0.7959674294750226,0.0,1,-3.5722821294032485,-0.7959674294750226,0.5008908414855473,-67.00507614213198,12.106006749440409,11.76470588235294,34
1843,"['--ipsccp', '--speculative-execution', '--sccp', '--early-cse', '--mem2reg', '--jump-threading', '--globalopt', '--elim-avail-extern', '--instcombine', '--loop-instsimplify', '--jump-threading', '--gvn', '--simplifycfg', '--instsimplify', '--inline', '--mergefunc', '--gvn-hoist', '--instcombine', '--globalopt', '--elim-avail-extern', '--indvars', '--indvars', '--elim-avail-extern', '--indvars', '--gvn', '--gvn', '--nary-reassociate', '--loop-instsimplify', '--early-cse', '--mem2reg', '--jump-threading', '--globalopt', '--jump-threading', '--bdce', '--elim-avail-extern', '--instcombine', '--simplifycfg', '--sroa', '--mem2reg', '--globaldce', '--gvn-hoist', '--sccp', '--early-cse', '--lower-constant-intrinsics', '--adce', '--slsr', '--gvn-hoist', '--adce', '--loop-simplify', '--dse', '--scalarizer', '--elim-avail-extern', '--lower-expect', '--simplifycfg', '--elim-avail-extern', '--jump-threading', '--lower-constant-intrinsics', '--ipsccp', '--gvn', '--dce', '--gvn', '--early-cse', '--globalopt', '--slp-vectorizer', '--instcombine', '--simplifycfg', '--sroa', '--early-cse', '--lower-expect', '--sroa', '--sroa', '--lower-expect', '--aggressive-instcombine']",73,-3.5722821294032485,0.0,-0.7959674294750226,0.0,1,-3.5722821294032485,-0.7959674294750226,0.5008908414855473,-67.00507614213198,12.106006749440409,11.76470588235294,34
1508,"['--ipsccp', '--speculative-execution', '--sccp', '--early-cse', '--mem2reg', '--jump-threading', '--elim-avail-extern', '--instcombine', '--adce', '--loop-interchange', '--aggressive-instcombine', '--gvn', '--simplifycfg', '--instsimplify', '--inline', '--mergefunc', '--gvn-hoist', '--gvn-hoist', '--instcombine', '--globalopt', '--elim-avail-extern', '--indvars', '--elim-avail-extern', '--indvars', '--gvn', '--gvn', '--ipsccp', '--gvn', '--nary-reassociate', '--loop-instsimplify', '--early-cse', '--mem2reg', '--jump-threading', '--globalopt', '--elim-avail-extern', '--instcombine', '--simplifycfg', '--sroa', '--mem2reg', '--globaldce', '--gvn-hoist', '--sccp', '--early-cse', '--lower-constant-intrinsics', '--adce', '--slsr', '--gvn-hoist', '--adce', '--loop-simplify', '--dse', '--scalarizer', '--simplifycfg', '--lower-expect', '--simplifycfg', '--elim-avail-extern', '--lower-constant-intrinsics', '--ipsccp', '--gvn', '--nary-reassociate', '--gvn', '--early-cse', '--mem2reg', '--jump-threading', '--globalopt', '--loop-idiom', '--slp-vectorizer', '--instcombine', '--simplifycfg', '--sroa', '--early-cse', '--lower-expect', '--sroa', '--sroa', '--lower-expect', '--aggressive-instcombine']",75,-3.5722821294032485,0.0,-0.7959674294750226,0.0,1,-3.5722821294032485,-0.7959674294750226,0.5008908414855473,-67.00507614213198,12.106006749440409,11.76470588235294,34
1832,"['--ipsccp', '--speculative-execution', '--sccp', '--early-cse', '--mem2reg', '--jump-threading', '--globalopt', '--elim-avail-extern', '--instcombine', '--adce', '--jump-threading', '--gvn', '--simplifycfg', '--instsimplify', '--inline', '--mergefunc', '--gvn-hoist', '--instcombine', '--globalopt', '--elim-avail-extern', '--indvars', '--indvars', '--gvn', '--gvn', '--ipsccp', '--gvn', '--nary-reassociate', '--adce', '--early-cse', '--mem2reg', '--jump-threading', '--memcpyopt', '--elim-avail-extern', '--loop-interchange', '--instcombine', '--simplifycfg', '--instcombine', '--simplifycfg', '--sroa', '--inferattrs', '--mem2reg', '--globaldce', '--gvn-hoist', '--sccp', '--early-cse', '--lower-constant-intrinsics', '--adce', '--slsr', '--gvn-hoist', '--adce', '--loop-simplify', '--dse', '--scalarizer', '--simplifycfg', '--lower-expect', '--simplifycfg', '--elim-avail-extern', '--ipsccp', '--gvn', '--nary-reassociate', '--gvn', '--early-cse', '--mem2reg', '--jump-threading', '--globalopt', '--slp-vectorizer', '--instcombine', '--simplifycfg', '--sroa', '--gvn', '--lower-expect', '--sroa', '--sroa', '--lower-expect', '--aggressive-instcombine']",75,-3.5722821294032485,0.0,-0.7959674294750226,0.0,1,-3.5722821294032485,-0.7959674294750226,0.5008908414855473,-67.00507614213198,12.106006749440409,11.76470588235294,34
1830,"['--ipsccp', '--speculative-execution', '--sccp', '--early-cse', '--mem2reg', '--jump-threading', '--elim-avail-extern', '--instcombine', '--adce', '--loop-interchange', '--aggressive-instcombine', '--gvn', '--simplifycfg', '--instsimplify', '--inline', '--mergefunc', '--gvn-hoist', '--gvn-hoist', '--instcombine', '--globalopt', '--elim-avail-extern', '--indvars', '--elim-avail-extern', '--indvars', '--nary-reassociate', '--gvn', '--ipsccp', '--gvn', '--nary-reassociate', '--loop-instsimplify', '--early-cse', '--mem2reg', '--jump-threading', '--globalopt', '--elim-avail-extern', '--instcombine', '--simplifycfg', '--sroa', '--mem2reg', '--globaldce', '--gvn-hoist', '--sccp', '--early-cse', '--lower-constant-intrinsics', '--adce', '--slsr', '--gvn-hoist', '--adce', '--loop-simplify', '--dse', '--scalarizer', '--simplifycfg', '--lower-expect', '--simplifycfg', '--elim-avail-extern', '--lower-constant-intrinsics', '--ipsccp', '--gvn', '--gvn', '--gvn', '--early-cse', '--mem2reg', '--jump-threading', '--globalopt', '--slp-vectorizer', '--instcombine', '--simplifycfg', '--early-cse-memssa', '--sroa', '--early-cse', '--lower-expect', '--sroa', '--sroa', '--lower-expect', '--aggressive-instcombine']",75,-3.5722821294032485,0.0,-0.7959674294750226,0.0,1,-3.5722821294032485,-0.7959674294750226,0.5008908414855473,-67.00507614213198,12.106006749440409,11.76470588235294,34
2021,"['--ipsccp', '--speculative-execution', '--sccp', '--early-cse', '--mem2reg', '--jump-threading', '--globalopt', '--elim-avail-extern', '--instcombine', '--loop-instsimplify', '--jump-threading', '--gvn', '--simplifycfg', '--instsimplify', '--inline', '--mergefunc', '--gvn-hoist', '--instcombine', '--globalopt', '--elim-avail-extern', '--indvars', '--indvars', '--gvn', '--gvn', '--ipsccp', '--gvn', '--nary-reassociate', '--adce', '--early-cse', '--mem2reg', '--jump-threading', '--globalopt', '--elim-avail-extern', '--instcombine', '--globalopt', '--simplifycfg', '--simplifycfg', '--sroa', '--mem2reg', '--globaldce', '--gvn-hoist', '--sccp', '--early-cse', '--lower-constant-intrinsics', '--adce', '--slsr', '--gvn-hoist', '--gvn', '--adce', '--simplifycfg', '--dse', '--scalarizer', '--simplifycfg', '--lower-expect', '--simplifycfg', '--elim-avail-extern', '--lower-constant-intrinsics', '--gvn', '--nary-reassociate', '--elim-avail-extern', '--early-cse', '--mem2reg', '--jump-threading', '--globalopt', '--slp-vectorizer', '--instcombine', '--simplifycfg', '--sroa', '--early-cse', '--lower-expect', '--sroa', '--lower-expect', '--simplifycfg', '--aggressive-instcombine']",74,-3.5722821294032485,0.0,-0.7959674294750226,0.0,1,-3.5722821294032485,-0.7959674294750226,0.5008908414855473,-67.00507614213198,12.106006749440409,11.76470588235294,34
1829,"['--ipsccp', '--speculative-execution', '--sccp', '--early-cse', '--mem2reg', '--jump-threading', '--globalopt', '--elim-avail-extern', '--instcombine', '--loop-instsimplify', '--jump-threading', '--gvn', '--simplifycfg', '--instsimplify', '--inline', '--mergefunc', '--gvn-hoist', '--instcombine', '--globalopt', '--elim-avail-extern', '--indvars', '--indvars', '--loop-unroll-and-jam', '--elim-avail-extern', '--indvars', '--gvn', '--gvn', '--nary-reassociate', '--loop-instsimplify', '--early-cse', '--mem2reg', '--jump-threading', '--mem2reg', '--globalopt', '--jump-threading', '--bdce', '--elim-avail-extern', '--instcombine', '--simplifycfg', '--sroa', '--mem2reg', '--globaldce', '--gvn-hoist', '--sccp', '--early-cse', '--lower-constant-intrinsics', '--adce', '--nary-reassociate', '--slsr', '--gvn-hoist', '--adce', '--loop-simplify', '--dse', '--scalarizer', '--elim-avail-extern', '--lower-expect', '--simplifycfg', '--elim-avail-extern', '--jump-threading', '--lower-constant-intrinsics', '--ipsccp', '--gvn', '--nary-reassociate', '--gvn', '--early-cse', '--mem2reg', '--jump-threading', '--globalopt', '--slp-vectorizer', '--instcombine', '--simplifycfg', '--sroa', '--early-cse', '--lower-expect', '--sroa', '--sroa', '--lower-expect', '--aggressive-instcombine']",78,-3.5722821294032485,0.0,-0.7959674294750226,0.0,1,-3.5722821294032485,-0.7959674294750226,0.5008908414855473,-67.00507614213198,12.106006749440409,11.76470588235294,34
1526,"['--ipsccp', '--speculative-execution', '--sccp', '--early-cse', '--mem2reg', '--jump-threading', '--globalopt', '--elim-avail-extern', '--instcombine', '--loop-instsimplify', '--jump-threading', '--gvn', '--simplifycfg', '--instsimplify', '--inline', '--mergefunc', '--gvn-hoist', '--instcombine', '--globalopt', '--elim-avail-extern', '--indvars', '--indvars', '--elim-avail-extern', '--indvars', '--gvn', '--gvn', '--ipsccp', '--gvn', '--nary-reassociate', '--loop-instsimplify', '--early-cse', '--mem2reg', '--jump-threading', '--globalopt', '--elim-avail-extern', '--instcombine', '--simplifycfg', '--sroa', '--mem2reg', '--globaldce', '--gvn-hoist', '--sccp', '--early-cse', '--lower-constant-intrinsics', '--adce', '--slsr', '--gvn-hoist', '--adce', '--loop-simplify', '--dse', '--scalarizer', '--simplifycfg', '--lower-expect', '--simplifycfg', '--elim-avail-extern', '--lower-constant-intrinsics', '--ipsccp', '--gvn', '--nary-reassociate', '--gvn', '--early-cse', '--mem2reg', '--jump-threading', '--globalopt', '--slp-vectorizer', '--instcombine', '--simplifycfg', '--sroa', '--early-cse', '--lower-expect', '--sroa', '--sroa', '--lower-expect', '--aggressive-instcombine']",74,-3.5722821294032485,0.0,-0.7959674294750226,0.0,1,-3.5722821294032485,-0.7959674294750226,0.5008908414855473,-67.00507614213198,12.106006749440409,11.76470588235294,34
1854,"['--ipsccp', '--speculative-execution', '--sccp', '--early-cse', '--mem2reg', '--jump-threading', '--globalopt', '--elim-avail-extern', '--instcombine', '--loop-instsimplify', '--jump-threading', '--gvn', '--simplifycfg', '--instsimplify', '--inline', '--mergefunc', '--gvn-hoist', '--instcombine', '--globalopt', '--elim-avail-extern', '--indvars', '--indvars', '--gvn', '--ipsccp', '--gvn', '--nary-reassociate', '--adce', '--early-cse', '--mem2reg', '--jump-threading', '--globalopt', '--elim-avail-extern', '--instcombine', '--simplifycfg', '--sroa', '--simplifycfg', '--sroa', '--mem2reg', '--globaldce', '--gvn-hoist', '--sccp', '--early-cse', '--lower-constant-intrinsics', '--adce', '--slsr', '--gvn-hoist', '--adce', '--loop-simplify', '--dse', '--scalarizer', '--simplifycfg', '--lower-expect', '--simplifycfg', '--gvn-hoist', '--elim-avail-extern', '--lower-constant-intrinsics', '--gvn', '--ipsccp', '--gvn', '--nary-reassociate', '--gvn', '--mem2reg', '--jump-threading', '--globalopt', '--slp-vectorizer', '--instcombine', '--simplifycfg', '--sroa', '--early-cse', '--lower-expect', '--sroa', '--sroa', '--lower-expect', '--aggressive-instcombine']",74,-3.5722821294032485,0.0,-0.7959674294750226,0.0,1,-3.5722821294032485,-0.7959674294750226,0.5008908414855473,-67.00507614213198,12.106006749440409,11.76470588235294,34
1525,"['--ipsccp', '--speculative-execution', '--sccp', '--early-cse', '--mem2reg', '--jump-threading', '--globalopt', '--elim-avail-extern', '--instcombine', '--adce', '--jump-threading', '--gvn', '--simplifycfg', '--instsimplify', '--inline', '--mergefunc', '--gvn-hoist', '--instcombine', '--globalopt', '--elim-avail-extern', '--indvars', '--indvars', '--gvn', '--gvn', '--ipsccp', '--gvn', '--nary-reassociate', '--adce', '--early-cse', '--mem2reg', '--jump-threading', '--globalopt', '--elim-avail-extern', '--instcombine', '--simplifycfg', '--sroa', '--mem2reg', '--globaldce', '--gvn-hoist', '--sccp', '--early-cse', '--lower-constant-intrinsics', '--adce', '--slsr', '--gvn-hoist', '--adce', '--loop-simplify', '--dse', '--scalarizer', '--simplifycfg', '--lower-expect', '--simplifycfg', '--gvn-hoist', '--elim-avail-extern', '--lower-constant-intrinsics', '--gvn', '--ipsccp', '--gvn', '--nary-reassociate', '--gvn', '--early-cse', '--mem2reg', '--jump-threading', '--globalopt', '--slp-vectorizer', '--instcombine', '--simplifycfg', '--sroa', '--early-cse', '--lower-expect', '--sroa', '--lower-expect', '--aggressive-instcombine']",73,-3.5722821294032485,0.0,-0.7959674294750226,0.0,1,-3.5722821294032485,-0.7959674294750226,0.5008908414855473,-67.00507614213198,12.106006749440409,11.76470588235294,34
1853,"['--ipsccp', '--speculative-execution', '--sccp', '--early-cse', '--mem2reg', '--jump-threading', '--globalopt', '--elim-avail-extern', '--instcombine', '--loop-instsimplify', '--jump-threading', '--gvn', '--simplifycfg', '--instsimplify', '--inline', '--mergefunc', '--gvn-hoist', '--instcombine', '--globalopt', '--elim-avail-extern', '--indvars', '--indvars', '--elim-avail-extern', '--indvars', '--gvn', '--gvn', '--nary-reassociate', '--gvn', '--nary-reassociate', '--loop-instsimplify', '--early-cse', '--mem2reg', '--jump-threading', '--globalopt', '--elim-avail-extern', '--instcombine', '--simplifycfg', '--sroa', '--mem2reg', '--globaldce', '--gvn-hoist', '--sccp', '--early-cse', '--lower-constant-intrinsics', '--adce', '--slsr', '--gvn-hoist', '--adce', '--loop-simplify', '--dse', '--scalarizer', '--simplifycfg', '--lower-expect', '--simplifycfg', '--elim-avail-extern', '--lower-constant-intrinsics', '--ipsccp', '--gvn', '--nary-reassociate', '--gvn', '--early-cse', '--mem2reg', '--jump-threading', '--globalopt', '--slp-vectorizer', '--instcombine', '--mem2reg', '--simplifycfg', '--sroa', '--early-cse', '--lower-expect', '--sroa', '--sroa', '--aggressive-instcombine']",74,-3.5722821294032485,0.0,-0.7959674294750226,0.0,1,-3.5722821294032485,-0.7959674294750226,0.5008908414855473,-67.00507614213198,12.106006749440409,11.76470588235294,34
1516,"['--ipsccp', '--speculative-execution', '--sccp', '--early-cse', '--mem2reg', '--jump-threading', '--globalopt', '--elim-avail-extern', '--instcombine', '--loop-instsimplify', '--jump-threading', '--gvn', '--simplifycfg', '--instsimplify', '--inline', '--mergefunc', '--gvn-hoist', '--instcombine', '--globalopt', '--elim-avail-extern', '--indvars', '--indvars', '--gvn', '--gvn', '--ipsccp', '--gvn', '--nary-reassociate', '--adce', '--early-cse', '--mem2reg', '--jump-threading', '--globalopt', '--elim-avail-extern', '--instcombine', '--simplifycfg', '--sroa', '--mem2reg', '--globaldce', '--gvn-hoist', '--sccp', '--sink', '--early-cse', '--lower-constant-intrinsics', '--adce', '--slsr', '--gvn-hoist', '--adce', '--loop-simplify', '--dse', '--scalarizer', '--simplifycfg', '--lower-expect', '--simplifycfg', '--gvn-hoist', '--elim-avail-extern', '--lower-constant-intrinsics', '--gvn', '--ipsccp', '--gvn', '--nary-reassociate', '--gvn', '--early-cse', '--mem2reg', '--jump-threading', '--globalopt', '--slp-vectorizer', '--instcombine', '--simplifycfg', '--sroa', '--early-cse', '--lower-expect', '--sroa', '--lower-expect', '--aggressive-instcombine']",74,-3.5722821294032485,0.0,-0.7959674294750226,0.0,1,-3.5722821294032485,-0.7959674294750226,0.5008908414855473,-67.00507614213198,12.106006749440409,11.76470588235294,34
1844,"['--ipsccp', '--speculative-execution', '--sccp', '--early-cse', '--mem2reg', '--jump-threading', '--globalopt', '--elim-avail-extern', '--instcombine', '--loop-instsimplify', '--jump-threading', '--gvn', '--simplifycfg', '--instsimplify', '--inline', '--mergefunc', '--gvn-hoist', '--instcombine', '--globalopt', '--elim-avail-extern', '--indvars', '--indvars', '--gvn', '--gvn', '--ipsccp', '--gvn', '--ipsccp', '--loop-instsimplify', '--early-cse', '--mem2reg', '--jump-threading', '--globalopt', '--jump-threading', '--bdce', '--elim-avail-extern', '--instcombine', '--simplifycfg', '--sroa', '--mem2reg', '--globaldce', '--gvn-hoist', '--sccp', '--early-cse', '--lower-constant-intrinsics', '--adce', '--nary-reassociate', '--slsr', '--gvn-hoist', '--loop-simplify', '--dse', '--scalarizer', '--simplifycfg', '--lower-expect', '--simplifycfg', '--elim-avail-extern', '--lower-constant-intrinsics', '--loop-simplify', '--gvn', '--nary-reassociate', '--gvn', '--early-cse', '--mem2reg', '--jump-threading', '--globalopt', '--slp-vectorizer', '--instcombine', '--simplifycfg', '--sroa', '--early-cse', '--lower-expect', '--sroa', '--lower-expect', '--simplifycfg', '--aggressive-instcombine']",74,-3.5722821294032485,0.0,-0.7959674294750226,0.0,1,-3.5722821294032485,-0.7959674294750226,0.5008908414855473,-67.00507614213198,12.106006749440409,11.76470588235294,34
1515,"['--ipsccp', '--speculative-execution', '--sccp', '--early-cse', '--mem2reg', '--jump-threading', '--globalopt', '--elim-avail-extern', '--instcombine', '--loop-instsimplify', '--jump-threading', '--gvn', '--simplifycfg', '--instsimplify', '--inline', '--mergefunc', '--gvn-hoist', '--instcombine', '--globalopt', '--elim-avail-extern', '--indvars', '--indvars', '--gvn', '--gvn', '--ipsccp', '--gvn', '--nary-reassociate', '--adce', '--early-cse', '--mem2reg', '--jump-threading', '--globalopt', '--elim-avail-extern', '--instcombine', '--simplifycfg', '--sroa', '--mem2reg', '--globaldce', '--gvn-hoist', '--sccp', '--early-cse', '--lower-constant-intrinsics', '--adce', '--slsr', '--gvn-hoist', '--loop-simplify', '--dse', '--scalarizer', '--simplifycfg', '--lower-expect', '--simplifycfg', '--gvn-hoist', '--elim-avail-extern', '--lower-constant-intrinsics', '--gvn', '--ipsccp', '--gvn', '--nary-reassociate', '--gvn', '--early-cse', '--mem2reg', '--jump-threading', '--globalopt', '--slp-vectorizer', '--instcombine', '--simplifycfg', '--sroa', '--early-cse', '--lower-expect', '--sroa', '--lower-expect', '--aggressive-instcombine']",72,-3.5722821294032485,0.0,-0.7959674294750226,0.0,1,-3.5722821294032485,-0.7959674294750226,0.5008908414855473,-67.00507614213198,12.106006749440409,11.76470588235294,34
1850,"['--ipsccp', '--speculative-execution', '--sccp', '--early-cse', '--mem2reg', '--jump-threading', '--globalopt', '--elim-avail-extern', '--instcombine', '--loop-instsimplify', '--jump-threading', '--gvn', '--simplifycfg', '--instsimplify', '--inline', '--mergefunc', '--gvn-hoist', '--instcombine', '--globalopt', '--elim-avail-extern', '--indvars', '--indvars', '--gvn', '--gvn', '--ipsccp', '--gvn', '--nary-reassociate', '--adce', '--early-cse', '--mem2reg', '--jump-threading', '--globalopt', '--elim-avail-extern', '--instcombine', '--simplifycfg', '--sroa', '--mem2reg', '--globaldce', '--gvn-hoist', '--sccp', '--early-cse', '--lower-constant-intrinsics', '--adce', '--slsr', '--gvn-hoist', '--adce', '--loop-simplify', '--adce', '--loop-simplify', '--dse', '--scalarizer', '--simplifycfg', '--lower-expect', '--nary-reassociate', '--elim-avail-extern', '--lower-constant-intrinsics', '--ipsccp', '--loop-simplify', '--nary-reassociate', '--gvn', '--early-cse', '--mem2reg', '--jump-threading', '--globalopt', '--slp-vectorizer', '--instcombine', '--sroa', '--sroa', '--early-cse', '--lower-expect', '--simplifycfg', '--sroa', '--lower-expect', '--simplifycfg', '--aggressive-instcombine']",75,-3.5722821294032485,0.0,-0.7959674294750226,0.0,1,-3.5722821294032485,-0.7959674294750226,0.5008908414855473,-67.00507614213198,12.106006749440409,11.76470588235294,34
1831,"['--ipsccp', '--speculative-execution', '--sccp', '--early-cse', '--mem2reg', '--jump-threading', '--globalopt', '--elim-avail-extern', '--instcombine', '--loop-instsimplify', '--jump-threading', '--gvn', '--simplifycfg', '--instsimplify', '--inline', '--mergefunc', '--gvn-hoist', '--tailcallelim', '--globalopt', '--elim-avail-extern', '--indvars', '--indvars', '--gvn', '--gvn', '--gvn', '--gvn', '--ipsccp', '--gvn', '--nary-reassociate', '--loop-instsimplify', '--early-cse', '--mem2reg', '--hotcoldsplit', '--jump-threading', '--globalopt', '--elim-avail-extern', '--instcombine', '--simplifycfg', '--sroa', '--mem2reg', '--globaldce', '--gvn-hoist', '--sccp', '--early-cse', '--lower-constant-intrinsics', '--adce', '--slsr', '--gvn-hoist', '--adce', '--dse', '--scalarizer', '--simplifycfg', '--lower-expect', '--simplifycfg', '--elim-avail-extern', '--lower-constant-intrinsics', '--ipsccp', '--gvn', '--nary-reassociate', '--gvn', '--early-cse', '--mem2reg', '--jump-threading', '--globalopt', '--slp-vectorizer', '--instcombine', '--simplifycfg', '--early-cse', '--lower-expect', '--sroa', '--sroa', '--lower-expect', '--aggressive-instcombine']",73,-3.5722821294032485,0.0,-0.7959674294750226,0.0,1,-3.5722821294032485,-0.7959674294750226,0.5008908414855473,-67.00507614213198,12.106006749440409,11.76470588235294,34
1848,"['--ipsccp', '--speculative-execution', '--sccp', '--early-cse', '--mem2reg', '--jump-threading', '--globalopt', '--elim-avail-extern', '--instcombine', '--loop-instsimplify', '--jump-threading', '--gvn', '--simplifycfg', '--instsimplify', '--inline', '--mergefunc', '--gvn-hoist', '--instcombine', '--globalopt', '--elim-avail-extern', '--indvars', '--indvars', '--gvn', '--gvn', '--ipsccp', '--gvn', '--ipsccp', '--gvn', '--nary-reassociate', '--adce', '--early-cse', '--mem2reg', '--jump-threading', '--globalopt', '--elim-avail-extern', '--instcombine', '--simplifycfg', '--sroa', '--mem2reg', '--globaldce', '--gvn-hoist', '--sccp', '--early-cse', '--lower-constant-intrinsics', '--slsr', '--gvn-hoist', '--adce', '--loop-simplify', '--dse', '--scalarizer', '--simplifycfg', '--lower-expect', '--simplifycfg', '--sccp', '--elim-avail-extern', '--lower-constant-intrinsics', '--gvn', '--nary-reassociate', '--adce', '--early-cse', '--mem2reg', '--jump-threading', '--globalopt', '--slp-vectorizer', '--instcombine', '--simplifycfg', '--sroa', '--early-cse', '--lower-expect', '--sroa', '--sroa', '--lower-expect', '--aggressive-instcombine']",73,-3.5722821294032485,0.0,-0.7959674294750226,0.0,1,-3.5722821294032485,-0.7959674294750226,0.5008908414855473,-67.00507614213198,12.106006749440409,11.76470588235294,34
1846,"['--ipsccp', '--speculative-execution', '--sccp', '--early-cse', '--mem2reg', '--jump-threading', '--elim-avail-extern', '--instcombine', '--adce', '--loop-interchange', '--aggressive-instcombine', '--gvn', '--simplifycfg', '--instsimplify', '--inline', '--globaldce', '--gvn-hoist', '--gvn-hoist', '--mergefunc', '--instcombine', '--elim-avail-extern', '--indvars', '--indvars', '--mem2reg', '--gvn', '--ipsccp', '--gvn', '--nary-reassociate', '--adce', '--early-cse', '--gvn', '--jump-threading', '--globalopt', '--elim-avail-extern', '--instcombine', '--simplifycfg', '--simplifycfg', '--sroa', '--mem2reg', '--globaldce', '--gvn-hoist', '--sccp', '--early-cse', '--lower-constant-intrinsics', '--adce', '--slsr', '--gvn-hoist', '--adce', '--loop-simplify', '--dse', '--scalarizer', '--simplifycfg', '--lower-expect', '--simplifycfg', '--elim-avail-extern', '--elim-avail-extern', '--lower-constant-intrinsics', '--ipsccp', '--gvn', '--loop-reroll', '--gvn', '--early-cse', '--mem2reg', '--jump-threading', '--globalopt', '--slp-vectorizer', '--instcombine', '--simplifycfg', '--sroa', '--early-cse', '--lower-expect', '--sroa', '--sroa', '--lower-expect', '--aggressive-instcombine']",75,-3.5722821294032485,0.0,-0.7959674294750226,0.0,1,-3.5722821294032485,-0.7959674294750226,0.5008908414855473,-67.00507614213198,12.106006749440409,11.76470588235294,34
1845,"['--ipsccp', '--speculative-execution', '--sccp', '--early-cse', '--mem2reg', '--elim-avail-extern', '--globalopt', '--jump-threading', '--instcombine', '--loop-instsimplify', '--jump-threading', '--gvn', '--simplifycfg', '--instsimplify', '--inline', '--mergefunc', '--gvn-hoist', '--instcombine', '--globalopt', '--elim-avail-extern', '--indvars', '--indvars', '--gvn', '--gvn', '--ipsccp', '--gvn', '--nary-reassociate', '--adce', '--mem2reg', '--jump-threading', '--globalopt', '--elim-avail-extern', '--instcombine', '--simplifycfg', '--sroa', '--mem2reg', '--globaldce', '--gvn-hoist', '--sccp', '--early-cse', '--lower-constant-intrinsics', '--adce', '--slsr', '--gvn-hoist', '--adce', '--loop-simplify', '--adce', '--loop-simplify', '--dse', '--scalarizer', '--scalarizer', '--simplifycfg', '--lower-expect', '--simplifycfg', '--elim-avail-extern', '--lower-constant-intrinsics', '--ipsccp', '--gvn', '--nary-reassociate', '--gvn', '--early-cse', '--mem2reg', '--jump-threading', '--globalopt', '--slp-vectorizer', '--instcombine', '--slp-vectorizer', '--instcombine', '--simplifycfg', '--sroa', '--early-cse', '--lower-expect', '--sroa', '--lower-expect', '--aggressive-instcombine']",75,-3.5722821294032485,0.0,-0.7959674294750226,0.0,1,-3.5722821294032485,-0.7959674294750226,0.5008908414855473,-67.00507614213198,12.106006749440409,11.76470588235294,34
1839,"['--ipsccp', '--speculative-execution', '--sccp', '--early-cse', '--mem2reg', '--jump-threading', '--globalopt', '--elim-avail-extern', '--instcombine', '--loop-instsimplify', '--jump-threading', '--gvn', '--simplifycfg', '--instsimplify', '--inline', '--mergefunc', '--gvn-hoist', '--instcombine', '--globalopt', '--elim-avail-extern', '--indvars', '--indvars', '--gvn', '--gvn', '--sccp', '--gvn', '--nary-reassociate', '--adce', '--early-cse', '--mem2reg', '--jump-threading', '--globalopt', '--elim-avail-extern', '--instcombine', '--simplifycfg', '--sroa', '--sroa', '--mem2reg', '--globaldce', '--gvn-hoist', '--sccp', '--early-cse', '--lower-constant-intrinsics', '--adce', '--slsr', '--gvn-hoist', '--adce', '--loop-simplify', '--dse', '--scalarizer', '--scalarizer', '--simplifycfg', '--lower-expect', '--simplifycfg', '--elim-avail-extern', '--lower-constant-intrinsics', '--ipsccp', '--gvn', '--nary-reassociate', '--gvn', '--early-cse', '--mem2reg', '--jump-threading', '--globalopt', '--slp-vectorizer', '--instcombine', '--simplifycfg', '--sroa', '--early-cse', '--lower-expect', '--sroa', '--sroa', '--lower-expect', '--aggressive-instcombine']",74,-3.5722821294032485,0.0,-0.7959674294750226,0.0,1,-3.5722821294032485,-0.7959674294750226,0.5008908414855473,-67.00507614213198,12.106006749440409,11.76470588235294,34
1963,"['--ipsccp', '--speculative-execution', '--sccp', '--early-cse', '--mem2reg', '--jump-threading', '--elim-avail-extern', '--instcombine', '--adce', '--loop-interchange', '--aggressive-instcombine', '--gvn', '--simple-loop-unswitch', '--simplifycfg', '--instsimplify', '--inline', '--mergefunc', '--gvn-hoist', '--gvn-hoist', '--instcombine', '--globalopt', '--elim-avail-extern', '--indvars', '--elim-avail-extern', '--indvars', '--nary-reassociate', '--gvn', '--ipsccp', '--gvn', '--nary-reassociate', '--loop-instsimplify', '--early-cse', '--mem2reg', '--jump-threading', '--globalopt', '--elim-avail-extern', '--instcombine', '--simplifycfg', '--sroa', '--mem2reg', '--globaldce', '--gvn-hoist', '--sccp', '--early-cse', '--lower-constant-intrinsics', '--adce', '--slsr', '--gvn-hoist', '--adce', '--loop-simplify', '--dse', '--scalarizer', '--simplifycfg', '--lower-expect', '--simplifycfg', '--elim-avail-extern', '--lower-constant-intrinsics', '--ipsccp', '--gvn', '--gvn', '--gvn', '--early-cse', '--mem2reg', '--jump-threading', '--correlated-propagation', '--slp-vectorizer', '--instcombine', '--simplifycfg', '--early-cse-memssa', '--sroa', '--early-cse', '--lower-expect', '--sroa', '--sroa', '--lower-expect', '--aggressive-instcombine']",76,-3.5722821294032485,0.0,-0.7959674294750226,0.0,1,-3.5722821294032485,-0.7959674294750226,0.5008908414855473,-67.00507614213198,12.106006749440409,11.76470588235294,34
2010,"['--ipsccp', '--speculative-execution', '--sccp', '--early-cse', '--mem2reg', '--jump-threading', '--globalopt', '--elim-avail-extern', '--instcombine', '--loop-instsimplify', '--jump-threading', '--gvn', '--simplifycfg', '--instsimplify', '--inline', '--mergefunc', '--gvn-hoist', '--instcombine', '--globalopt', '--elim-avail-extern', '--indvars', '--indvars', '--gvn', '--gvn', '--ipsccp', '--gvn', '--nary-reassociate', '--adce', '--early-cse', '--mem2reg', '--jump-threading', '--globalopt', '--elim-avail-extern', '--instcombine', '--globalopt', '--simplifycfg', '--simplifycfg', '--sroa', '--mem2reg', '--globaldce', '--gvn-hoist', '--gvn', '--early-cse', '--lower-constant-intrinsics', '--slsr', '--gvn-hoist', '--adce', '--loop-simplify', '--adce', '--loop-simplify', '--dse', '--scalarizer', '--simplifycfg', '--lower-expect', '--nary-reassociate', '--elim-avail-extern', '--lower-constant-intrinsics', '--ipsccp', '--loop-simplify', '--nary-reassociate', '--sccp', '--early-cse', '--mem2reg', '--jump-threading', '--globalopt', '--slp-vectorizer', '--instcombine', '--simplifycfg', '--sroa', '--early-cse', '--lower-expect', '--sroa', '--lower-expect', '--simplifycfg', '--aggressive-instcombine']",75,-3.5722821294032485,0.0,-0.7959674294750226,0.0,1,-3.5722821294032485,-0.7959674294750226,0.5008908414855473,-67.00507614213198,12.106006749440409,11.76470588235294,34
1875,"['--ipsccp', '--speculative-execution', '--sccp', '--early-cse', '--mem2reg', '--jump-threading', '--globalopt', '--elim-avail-extern', '--instcombine', '--loop-instsimplify', '--jump-threading', '--gvn', '--simplifycfg', '--instsimplify', '--inline', '--mergefunc', '--gvn-hoist', '--tailcallelim', '--globalopt', '--elim-avail-extern', '--indvars', '--indvars', '--gvn', '--gvn', '--gvn', '--gvn', '--ipsccp', '--gvn', '--nary-reassociate', '--loop-instsimplify', '--early-cse', '--mem2reg', '--hotcoldsplit', '--jump-threading', '--globalopt', '--elim-avail-extern', '--instcombine', '--simplifycfg', '--sroa', '--mem2reg', '--globaldce', '--gvn-hoist', '--sccp', '--early-cse', '--lower-constant-intrinsics', '--adce', '--slsr', '--gvn-hoist', '--adce', '--dse', '--scalarizer', '--simplifycfg', '--globalopt', '--simplifycfg', '--elim-avail-extern', '--lower-constant-intrinsics', '--ipsccp', '--gvn', '--nary-reassociate', '--gvn', '--early-cse', '--mem2reg', '--jump-threading', '--lower-expect', '--slp-vectorizer', '--instcombine', '--simplifycfg', '--early-cse', '--lower-expect', '--sroa', '--sroa', '--lower-expect', '--aggressive-instcombine']",73,-3.5722821294032485,0.0,-0.7959674294750226,0.0,1,-3.5722821294032485,-0.7959674294750226,0.5008908414855473,-67.00507614213198,12.106006749440409,11.76470588235294,34
1937,"['--ipsccp', '--speculative-execution', '--sccp', '--early-cse', '--mem2reg', '--jump-threading', '--globalopt', '--elim-avail-extern', '--instcombine', '--loop-instsimplify', '--jump-threading', '--gvn', '--simplifycfg', '--instsimplify', '--inline', '--mergefunc', '--gvn-hoist', '--instcombine', '--globalopt', '--elim-avail-extern', '--indvars', '--indvars', '--gvn', '--adce', '--ipsccp', '--gvn', '--ipsccp', '--gvn', '--nary-reassociate', '--loop-instsimplify', '--early-cse', '--mem2reg', '--jump-threading', '--globalopt', '--gvn', '--instcombine', '--simplifycfg', '--sroa', '--mem2reg', '--globaldce', '--newgvn', '--sccp', '--early-cse', '--lower-constant-intrinsics', '--adce', '--slsr', '--gvn-hoist', '--gvn', '--loop-simplify', '--dse', '--scalarizer', '--simplifycfg', '--lower-expect', '--simplifycfg', '--elim-avail-extern', '--lower-constant-intrinsics', '--ipsccp', '--gvn', '--nary-reassociate', '--elim-avail-extern', '--early-cse', '--mem2reg', '--jump-threading', '--globalopt', '--slp-vectorizer', '--instcombine', '--slp-vectorizer', '--instcombine', '--simplifycfg', '--sroa', '--early-cse', '--lower-expect', '--sroa', '--lower-expect', '--aggressive-instcombine']",75,-3.5722821294032485,0.0,-0.7959674294750226,0.0,1,-3.5722821294032485,-0.7959674294750226,0.5008908414855473,-67.00507614213198,12.106006749440409,11.76470588235294,34
1936,"['--ipsccp', '--speculative-execution', '--sccp', '--early-cse', '--mem2reg', '--jump-threading', '--globalopt', '--elim-avail-extern', '--instcombine', '--loop-instsimplify', '--jump-threading', '--gvn', '--simplifycfg', '--instsimplify', '--inline', '--slsr', '--mergefunc', '--gvn-hoist', '--instcombine', '--globalopt', '--elim-avail-extern', '--indvars', '--indvars', '--gvn', '--gvn', '--ipsccp', '--gvn', '--nary-reassociate', '--adce', '--early-cse', '--mem2reg', '--jump-threading', '--globalopt', '--elim-avail-extern', '--instcombine', '--simplifycfg', '--sroa', '--mem2reg', '--globaldce', '--gvn-hoist', '--irce', '--early-cse', '--lower-constant-intrinsics', '--adce', '--slsr', '--gvn-hoist', '--adce', '--loop-simplify', '--dse', '--scalarizer', '--simplifycfg', '--lower-expect', '--simplifycfg', '--gvn-hoist', '--lower-constant-intrinsics', '--slsr', '--ipsccp', '--gvn', '--nary-reassociate', '--gvn', '--early-cse', '--mem2reg', '--jump-threading', '--globalopt', '--slp-vectorizer', '--instcombine', '--sroa', '--early-cse-memssa', '--sroa', '--early-cse', '--lower-expect', '--sroa', '--sroa', '--lower-expect', '--aggressive-instcombine']",75,-3.5722821294032485,0.0,-0.7959674294750226,0.0,1,-3.5722821294032485,-0.7959674294750226,0.5008908414855473,-67.00507614213198,12.106006749440409,11.76470588235294,34
1935,"['--ipsccp', '--speculative-execution', '--sccp', '--early-cse', '--mem2reg', '--jump-threading', '--elim-avail-extern', '--instcombine', '--adce', '--loop-interchange', '--aggressive-instcombine', '--gvn', '--simplifycfg', '--instsimplify', '--inline', '--mergefunc', '--gvn-hoist', '--gvn-hoist', '--instcombine', '--globalopt', '--elim-avail-extern', '--indvars', '--elim-avail-extern', '--indvars', '--nary-reassociate', '--gvn', '--ipsccp', '--gvn', '--nary-reassociate', '--loop-instsimplify', '--hotcoldsplit', '--mem2reg', '--jump-threading', '--globalopt', '--elim-avail-extern', '--instcombine', '--simplifycfg', '--sroa', '--mem2reg', '--globaldce', '--gvn-hoist', '--sccp', '--early-cse', '--lower-constant-intrinsics', '--adce', '--slsr', '--gvn-hoist', '--adce', '--loop-simplify', '--dse', '--scalarizer', '--simplifycfg', '--lower-expect', '--simplifycfg', '--elim-avail-extern', '--lower-constant-intrinsics', '--ipsccp', '--gvn', '--gvn', '--gvn', '--early-cse', '--mem2reg', '--jump-threading', '--correlated-propagation', '--slp-vectorizer', '--instcombine', '--simplifycfg', '--early-cse', '--lower-expect', '--sroa', '--sroa', '--lower-expect', '--simplifycfg', '--aggressive-instcombine']",74,-3.5722821294032485,0.0,-0.7959674294750226,0.0,1,-3.5722821294032485,-0.7959674294750226,0.5008908414855473,-67.00507614213198,12.106006749440409,11.76470588235294,34
1934,"['--ipsccp', '--speculative-execution', '--sccp', '--early-cse', '--mem2reg', '--sroa', '--globalopt', '--elim-avail-extern', '--instcombine', '--loop-instsimplify', '--jump-threading', '--gvn', '--simplifycfg', '--instsimplify', '--inline', '--mergefunc', '--gvn-hoist', '--tailcallelim', '--globalopt', '--elim-avail-extern', '--globalopt', '--indvars', '--indvars', '--gvn', '--gvn', '--ipsccp', '--early-cse', '--nary-reassociate', '--adce', '--gvn', '--mem2reg', '--jump-threading', '--globalopt', '--elim-avail-extern', '--instcombine', '--simplifycfg', '--jump-threading', '--mem2reg', '--globaldce', '--gvn-hoist', '--irce', '--early-cse', '--lower-constant-intrinsics', '--adce', '--slsr', '--adce', '--slsr', '--gvn-hoist', '--adce', '--loop-simplify', '--dse', '--scalarizer', '--simplifycfg', '--lower-expect', '--simplifycfg', '--elim-avail-extern', '--lower-constant-intrinsics', '--ipsccp', '--gvn', '--nary-reassociate', '--gvn', '--early-cse', '--mem2reg', '--jump-threading', '--globalopt', '--slp-vectorizer', '--instcombine', '--simplifycfg', '--early-cse', '--simplifycfg', '--sroa', '--early-cse', '--lower-expect', '--sroa', '--sroa', '--lower-expect', '--aggressive-instcombine']",77,-3.5722821294032485,0.0,-0.7959674294750226,0.0,1,-3.5722821294032485,-0.7959674294750226,0.5008908414855473,-67.00507614213198,12.106006749440409,11.76470588235294,34
1933,"['--ipsccp', '--speculative-execution', '--ipsccp', '--early-cse', '--mem2reg', '--jump-threading', '--globalopt', '--elim-avail-extern', '--instcombine', '--loop-instsimplify', '--jump-threading', '--gvn', '--simplifycfg', '--hotcoldsplit', '--inline', '--mergefunc', '--gvn-hoist', '--loop-vectorize', '--instcombine', '--globalopt', '--elim-avail-extern', '--indvars', '--indvars', '--gvn-hoist', '--gvn', '--gvn', '--ipsccp', '--gvn', '--nary-reassociate', '--loop-instsimplify', '--early-cse', '--mem2reg', '--memcpyopt', '--globalopt', '--jump-threading', '--bdce', '--elim-avail-extern', '--instcombine', '--simplifycfg', '--sroa', '--lower-constant-intrinsics', '--adce', '--slsr', '--gvn-hoist', '--adce', '--loop-simplify', '--adce', '--loop-simplify', '--dse', '--scalarizer', '--scalarizer', '--simplifycfg', '--lower-expect', '--elim-avail-extern', '--lower-constant-intrinsics', '--ipsccp', '--gvn', '--nary-reassociate', '--gvn', '--early-cse', '--mem2reg', '--jump-threading', '--globalopt', '--slp-vectorizer', '--instcombine', '--slp-vectorizer', '--instcombine', '--simplifycfg', '--sroa', '--early-cse', '--lower-expect', '--sroa', '--lower-expect', '--aggressive-instcombine']",74,-3.5722821294032485,0.0,-0.7959674294750226,0.0,1,-3.5722821294032485,-0.7959674294750226,0.5008908414855473,-67.00507614213198,12.106006749440409,11.76470588235294,34
1932,"['--ipsccp', '--speculative-execution', '--sccp', '--early-cse', '--mem2reg', '--loop-instsimplify', '--globalopt', '--elim-avail-extern', '--instcombine', '--loop-instsimplify', '--jump-threading', '--gvn', '--simplifycfg', '--instsimplify', '--inline', '--mergefunc', '--gvn-hoist', '--instcombine', '--globalopt', '--elim-avail-extern', '--indvars', '--indvars', '--loop-unroll-and-jam', '--elim-avail-extern', '--indvars', '--gvn', '--gvn', '--nary-reassociate', '--jump-threading', '--early-cse', '--mem2reg', '--jump-threading', '--mem2reg', '--globalopt', '--jump-threading', '--bdce', '--elim-avail-extern', '--instcombine', '--simplifycfg', '--sroa', '--tailcallelim', '--globaldce', '--gvn-hoist', '--adce', '--slsr', '--gvn-hoist', '--adce', '--loop-simplify', '--dse', '--scalarizer', '--simplifycfg', '--lower-expect', '--simplifycfg', '--gvn-hoist', '--lower-constant-intrinsics', '--slsr', '--ipsccp', '--gvn', '--nary-reassociate', '--gvn', '--early-cse', '--mem2reg', '--jump-threading', '--globalopt', '--slp-vectorizer', '--instcombine', '--simplifycfg', '--sroa', '--early-cse', '--lower-expect', '--sroa', '--sroa', '--lower-expect', '--simplifycfg', '--aggressive-instcombine']",75,-3.5722821294032485,0.0,-0.7959674294750226,0.0,1,-3.5722821294032485,-0.7959674294750226,0.5008908414855473,-67.00507614213198,12.106006749440409,11.76470588235294,34
1931,"['--ipsccp', '--speculative-execution', '--sccp', '--early-cse', '--mem2reg', '--jump-threading', '--elim-avail-extern', '--instcombine', '--adce', '--loop-interchange', '--aggressive-instcombine', '--gvn', '--simplifycfg', '--instsimplify', '--inline', '--mergefunc', '--gvn-hoist', '--gvn-hoist', '--instcombine', '--globalopt', '--elim-avail-extern', '--indvars', '--elim-avail-extern', '--indvars', '--gvn', '--gvn', '--ipsccp', '--gvn', '--nary-reassociate', '--loop-instsimplify', '--early-cse', '--mem2reg', '--jump-threading', '--globalopt', '--elim-avail-extern', '--instcombine', '--simplifycfg', '--partially-inline-libcalls', '--simplifycfg', '--sroa', '--mem2reg', '--globaldce', '--gvn-hoist', '--sccp', '--early-cse', '--lower-constant-intrinsics', '--adce', '--slsr', '--gvn-hoist', '--adce', '--loop-simplify', '--dse', '--scalarizer', '--simplifycfg', '--lower-expect', '--simplifycfg', '--elim-avail-extern', '--lower-constant-intrinsics', '--ipsccp', '--gvn', '--nary-reassociate', '--gvn', '--early-cse', '--mem2reg', '--jump-threading', '--globalopt', '--slp-vectorizer', '--instcombine', '--simplifycfg', '--early-cse', '--lower-expect', '--sroa', '--sroa', '--lower-expect', '--aggressive-instcombine']",75,-3.5722821294032485,0.0,-0.7959674294750226,0.0,1,-3.5722821294032485,-0.7959674294750226,0.5008908414855473,-67.00507614213198,12.106006749440409,11.76470588235294,34
1928,"['--ipsccp', '--speculative-execution', '--irce', '--early-cse', '--mem2reg', '--jump-threading', '--globalopt', '--elim-avail-extern', '--instcombine', '--loop-instsimplify', '--jump-threading', '--gvn', '--simplifycfg', '--hotcoldsplit', '--inline', '--mergefunc', '--gvn-hoist', '--loop-vectorize', '--instcombine', '--elim-avail-extern', '--indvars', '--indvars', '--gvn', '--gvn', '--ipsccp', '--globaldce', '--nary-reassociate', '--adce', '--early-cse', '--mem2reg', '--jump-threading', '--globalopt', '--elim-avail-extern', '--loop-interchange', '--instcombine', '--simplifycfg', '--instcombine', '--simplifycfg', '--sroa', '--inferattrs', '--mem2reg', '--gvn', '--gvn-hoist', '--sccp', '--early-cse', '--lower-constant-intrinsics', '--adce', '--slsr', '--gvn-hoist', '--adce', '--loop-simplify', '--dse', '--scalarizer', '--simplifycfg', '--lower-expect', '--simplifycfg', '--elim-avail-extern', '--lower-constant-intrinsics', '--ipsccp', '--nary-reassociate', '--gvn', '--jump-threading', '--globalopt', '--slp-vectorizer', '--instcombine', '--simplifycfg', '--early-cse', '--lower-expect', '--sroa', '--sroa', '--lower-expect', '--aggressive-instcombine']",72,-3.5722821294032485,0.0,-0.7959674294750226,0.0,1,-3.5722821294032485,-0.7959674294750226,0.5008908414855473,-67.00507614213198,12.106006749440409,11.76470588235294,34
1973,"['--bdce', '--speculative-execution', '--sccp', '--early-cse', '--mem2reg', '--jump-threading', '--globalopt', '--elim-avail-extern', '--instcombine', '--adce', '--jump-threading', '--gvn', '--simplifycfg', '--hotcoldsplit', '--inline', '--mergefunc', '--gvn-hoist', '--instcombine', '--globalopt', '--elim-avail-extern', '--indvars', '--indvars', '--gvn-hoist', '--gvn', '--gvn', '--ipsccp', '--gvn', '--nary-reassociate', '--loop-instsimplify', '--early-cse', '--mem2reg', '--jump-threading', '--globalopt', '--jump-threading', '--ipsccp', '--elim-avail-extern', '--instcombine', '--simplifycfg', '--sroa', '--mem2reg', '--globaldce', '--loop-versioning-licm', '--gvn-hoist', '--early-cse', '--lower-constant-intrinsics', '--adce', '--slsr', '--gvn-hoist', '--adce', '--loop-simplify', '--dse', '--scalarizer', '--simplifycfg', '--lower-expect', '--simplifycfg', '--elim-avail-extern', '--lower-constant-intrinsics', '--ipsccp', '--nary-reassociate', '--gvn', '--mem2reg', '--jump-threading', '--globalopt', '--slp-vectorizer', '--instcombine', '--simplifycfg', '--sroa', '--early-cse', '--lower-expect', '--sroa', '--sroa', '--lower-expect', '--aggressive-instcombine']",73,-3.5722821294032485,0.0,-0.7959674294750226,0.0,1,-3.5722821294032485,-0.7959674294750226,0.5008908414855473,-67.00507614213198,12.106006749440409,11.76470588235294,34
1927,"['--ipsccp', '--speculative-execution', '--sccp', '--early-cse', '--mem2reg', '--jump-threading', '--elim-avail-extern', '--instcombine', '--adce', '--loop-interchange', '--aggressive-instcombine', '--gvn', '--instsimplify', '--simplifycfg', '--inline', '--globaldce', '--mergefunc', '--loop-idiom', '--gvn-hoist', '--gvn-hoist', '--instcombine', '--elim-avail-extern', '--indvars', '--indvars', '--gvn', '--gvn', '--ipsccp', '--gvn', '--nary-reassociate', '--adce', '--early-cse', '--mem2reg', '--jump-threading', '--instcombine', '--elim-avail-extern', '--simplifycfg', '--sroa', '--mem2reg', '--globaldce', '--gvn-hoist', '--sccp', '--early-cse', '--lower-constant-intrinsics', '--adce', '--slsr', '--gvn-hoist', '--adce', '--loop-simplify', '--adce', '--loop-simplify', '--dse', '--scalarizer', '--simplifycfg', '--lower-expect', '--nary-reassociate', '--elim-avail-extern', '--lower-constant-intrinsics', '--ipsccp', '--loop-simplify', '--nary-reassociate', '--gvn', '--early-cse', '--mem2reg', '--jump-threading', '--globalopt', '--slp-vectorizer', '--instcombine', '--simplifycfg', '--sroa', '--early-cse', '--lower-expect', '--sroa', '--lower-expect', '--simplifycfg', '--aggressive-instcombine']",75,-3.5722821294032485,0.0,-0.7959674294750226,0.0,1,-3.5722821294032485,-0.7959674294750226,0.5008908414855473,-67.00507614213198,12.106006749440409,11.76470588235294,34
1925,"['--ipsccp', '--speculative-execution', '--sccp', '--early-cse', '--mem2reg', '--jump-threading', '--globalopt', '--elim-avail-extern', '--instcombine', '--adce', '--jump-threading', '--gvn', '--simplifycfg', '--hotcoldsplit', '--inline', '--mergefunc', '--gvn-hoist', '--instcombine', '--globalopt', '--elim-avail-extern', '--indvars', '--indvars', '--gvn-hoist', '--gvn', '--gvn', '--ipsccp', '--gvn', '--nary-reassociate', '--loop-instsimplify', '--early-cse', '--mem2reg', '--jump-threading', '--globalopt', '--jump-threading', '--bdce', '--elim-avail-extern', '--instcombine', '--simplifycfg', '--sroa', '--mem2reg', '--globaldce', '--loop-versioning-licm', '--gvn-hoist', '--early-cse', '--lower-constant-intrinsics', '--adce', '--slsr', '--gvn-hoist', '--adce', '--loop-simplify', '--dse', '--scalarizer', '--simplifycfg', '--lower-expect', '--simplifycfg', '--elim-avail-extern', '--elim-avail-extern', '--lower-constant-intrinsics', '--ipsccp', '--ipsccp', '--loop-reroll', '--gvn', '--early-cse', '--mem2reg', '--jump-threading', '--globalopt', '--slp-vectorizer', '--instcombine', '--simplifycfg', '--sroa', '--early-cse', '--lower-expect', '--sroa', '--sroa', '--lower-expect', '--aggressive-instcombine']",76,-3.5722821294032485,0.0,-0.7959674294750226,0.0,1,-3.5722821294032485,-0.7959674294750226,0.5008908414855473,-67.00507614213198,12.106006749440409,11.76470588235294,34
1924,"['--ipsccp', '--speculative-execution', '--sccp', '--early-cse', '--mem2reg', '--jump-threading', '--elim-avail-extern', '--instcombine', '--adce', '--loop-interchange', '--aggressive-instcombine', '--gvn', '--simplifycfg', '--instsimplify', '--inline', '--mergefunc', '--gvn-hoist', '--gvn-hoist', '--instcombine', '--globalopt', '--elim-avail-extern', '--indvars', '--elim-avail-extern', '--indvars', '--gvn', '--gvn', '--ipsccp', '--gvn', '--nary-reassociate', '--loop-instsimplify', '--early-cse', '--mem2reg', '--jump-threading', '--globalopt', '--elim-avail-extern', '--instcombine', '--simplifycfg', '--sroa', '--mem2reg', '--globaldce', '--gvn-hoist', '--sccp', '--early-cse', '--lower-constant-intrinsics', '--adce', '--slsr', '--gvn-hoist', '--adce', '--loop-simplify', '--dse', '--scalarizer', '--simplifycfg', '--lower-expect', '--simplifycfg', '--elim-avail-extern', '--lower-constant-intrinsics', '--ipsccp', '--gvn', '--lower-constant-intrinsics', '--gvn', '--early-cse', '--mem2reg', '--jump-threading', '--globalopt', '--slp-vectorizer', '--instcombine', '--simplifycfg', '--sroa', '--early-cse', '--lower-expect', '--sroa', '--sroa', '--lower-expect', '--aggressive-instcombine']",74,-3.5722821294032485,0.0,-0.7959674294750226,0.0,1,-3.5722821294032485,-0.7959674294750226,0.5008908414855473,-67.00507614213198,12.106006749440409,11.76470588235294,34
1974,"['--ipsccp', '--speculative-execution', '--sccp', '--early-cse', '--mem2reg', '--functionattrs', '--globalopt', '--elim-avail-extern', '--instcombine', '--adce', '--jump-threading', '--gvn', '--simplifycfg', '--instsimplify', '--inline', '--mergefunc', '--gvn-hoist', '--instcombine', '--globalopt', '--elim-avail-extern', '--indvars', '--indvars', '--gvn', '--gvn', '--ipsccp', '--gvn', '--nary-reassociate', '--loop-instsimplify', '--early-cse', '--mem2reg', '--jump-threading', '--globalopt', '--jump-threading', '--bdce', '--elim-avail-extern', '--instcombine', '--simplifycfg', '--sroa', '--mem2reg', '--globaldce', '--gvn-hoist', '--sccp', '--early-cse', '--lower-constant-intrinsics', '--adce', '--slsr', '--gvn-hoist', '--adce', '--loop-simplify', '--dse', '--scalarizer', '--simplifycfg', '--lower-expect', '--simplifycfg', '--elim-avail-extern', '--lower-constant-intrinsics', '--ipsccp', '--gvn', '--nary-reassociate', '--gvn', '--early-cse', '--mem2reg', '--jump-threading', '--globalopt', '--slp-vectorizer', '--instcombine', '--simplifycfg', '--sroa', '--early-cse', '--lower-expect', '--sroa', '--sroa', '--lower-expect', '--aggressive-instcombine']",74,-3.5722821294032485,0.0,-0.7959674294750226,0.0,1,-3.5722821294032485,-0.7959674294750226,0.5008908414855473,-67.00507614213198,12.106006749440409,11.76470588235294,34
1975,"['--ipsccp', '--speculative-execution', '--sccp', '--early-cse', '--mem2reg', '--jump-threading', '--globalopt', '--elim-avail-extern', '--instcombine', '--loop-instsimplify', '--jump-threading', '--gvn', '--simplifycfg', '--instsimplify', '--inline', '--mergefunc', '--gvn-hoist', '--instcombine', '--globalopt', '--elim-avail-extern', '--indvars', '--indvars', '--gvn', '--gvn', '--ipsccp', '--gvn', '--nary-reassociate', '--adce', '--early-cse', '--mem2reg', '--jump-threading', '--globalopt', '--elim-avail-extern', '--elim-avail-extern', '--instcombine', '--simplifycfg', '--sroa', '--mem2reg', '--globaldce', '--gvn-hoist', '--sccp', '--early-cse', '--lower-constant-intrinsics', '--adce', '--slsr', '--gvn-hoist', '--adce', '--loop-simplify', '--adce', '--loop-simplify', '--dse', '--scalarizer', '--simplifycfg', '--lower-expect', '--nary-reassociate', '--elim-avail-extern', '--lower-constant-intrinsics', '--ipsccp', '--loop-simplify', '--nary-reassociate', '--gvn', '--early-cse', '--mem2reg', '--jump-threading', '--globalopt', '--slp-vectorizer', '--instcombine', '--simplifycfg', '--sroa', '--early-cse', '--lower-expect', '--sroa', '--lower-expect', '--simplifycfg', '--aggressive-instcombine']",75,-3.5722821294032485,0.0,-0.7959674294750226,0.0,1,-3.5722821294032485,-0.7959674294750226,0.5008908414855473,-67.00507614213198,12.106006749440409,11.76470588235294,34
1976,"['--ipsccp', '--speculative-execution', '--sccp', '--early-cse', '--mem2reg', '--jump-threading', '--elim-avail-extern', '--instcombine', '--loop-instsimplify', '--jump-threading', '--gvn', '--simplifycfg', '--instsimplify', '--inline', '--slsr', '--mergefunc', '--gvn-hoist', '--instcombine', '--globalopt', '--globalopt', '--elim-avail-extern', '--indvars', '--indvars', '--gvn-hoist', '--gvn', '--gvn', '--ipsccp', '--gvn', '--nary-reassociate', '--simple-loop-unswitch', '--early-cse', '--mem2reg', '--jump-threading', '--globalopt', '--jump-threading', '--bdce', '--elim-avail-extern', '--instcombine', '--simplifycfg', '--sroa', '--mem2reg', '--globaldce', '--gvn-hoist', '--sccp', '--early-cse', '--lower-constant-intrinsics', '--lower-constant-intrinsics', '--adce', '--slsr', '--dse', '--scalarizer', '--simplifycfg', '--lower-expect', '--simplifycfg', '--elim-avail-extern', '--lower-constant-intrinsics', '--ipsccp', '--loop-simplify', '--nary-reassociate', '--gvn', '--early-cse', '--mem2reg', '--jump-threading', '--globalopt', '--slp-vectorizer', '--instcombine', '--sroa', '--sroa', '--early-cse', '--lower-expect', '--simplifycfg', '--sroa', '--lower-expect', '--simplifycfg', '--aggressive-instcombine']",75,-3.5722821294032485,0.0,-0.7959674294750226,0.0,1,-3.5722821294032485,-0.7959674294750226,0.5008908414855473,-67.00507614213198,12.106006749440409,11.76470588235294,34
1923,"['--ipsccp', '--speculative-execution', '--sccp', '--early-cse', '--mem2reg', '--jump-threading', '--elim-avail-extern', '--instcombine', '--loop-instsimplify', '--jump-threading', '--gvn', '--simplifycfg', '--instsimplify', '--inline', '--slsr', '--mergefunc', '--gvn-hoist', '--instcombine', '--globalopt', '--globalopt', '--elim-avail-extern', '--indvars', '--indvars', '--gvn-hoist', '--gvn', '--gvn', '--ipsccp', '--gvn', '--nary-reassociate', '--simple-loop-unswitch', '--early-cse', '--mem2reg', '--jump-threading', '--globalopt', '--jump-threading', '--bdce', '--elim-avail-extern', '--instcombine', '--simplifycfg', '--sroa', '--mem2reg', '--globaldce', '--gvn-hoist', '--sccp', '--early-cse', '--lower-constant-intrinsics', '--lower-constant-intrinsics', '--adce', '--slsr', '--gvn-hoist', '--adce', '--loop-simplify', '--dse', '--scalarizer', '--simplifycfg', '--lower-expect', '--simplifycfg', '--elim-avail-extern', '--lower-constant-intrinsics', '--ipsccp', '--nary-reassociate', '--gvn', '--jump-threading', '--globalopt', '--slp-vectorizer', '--instcombine', '--slp-vectorizer', '--instcombine', '--simplifycfg', '--sroa', '--early-cse', '--lower-expect', '--sroa', '--sroa', '--lower-expect', '--aggressive-instcombine']",76,-3.5722821294032485,0.0,-0.7959674294750226,0.0,1,-3.5722821294032485,-0.7959674294750226,0.5008908414855473,-67.00507614213198,12.106006749440409,11.76470588235294,34
1922,"['--ipsccp', '--speculative-execution', '--sccp', '--early-cse', '--mem2reg', '--jump-threading', '--globalopt', '--elim-avail-extern', '--instcombine', '--loop-instsimplify', '--jump-threading', '--gvn', '--simplifycfg', '--instsimplify', '--inline', '--mergefunc', '--gvn-hoist', '--tailcallelim', '--globalopt', '--elim-avail-extern', '--indvars', '--indvars', '--gvn', '--gvn', '--gvn', '--gvn', '--ipsccp', '--gvn', '--nary-reassociate', '--loop-instsimplify', '--early-cse', '--mem2reg', '--hotcoldsplit', '--jump-threading', '--globalopt', '--elim-avail-extern', '--instcombine', '--simplifycfg', '--sroa', '--mem2reg', '--globaldce', '--gvn-hoist', '--sccp', '--early-cse', '--lower-constant-intrinsics', '--adce', '--slsr', '--loop-interchange', '--gvn-hoist', '--adce', '--dse', '--scalarizer', '--simplifycfg', '--lower-expect', '--simplifycfg', '--elim-avail-extern', '--lower-constant-intrinsics', '--ipsccp', '--gvn', '--nary-reassociate', '--gvn', '--early-cse', '--mem2reg', '--jump-threading', '--globalopt', '--slp-vectorizer', '--instcombine', '--simplifycfg', '--early-cse', '--lower-expect', '--sroa', '--sroa', '--lower-expect', '--aggressive-instcombine']",74,-3.5722821294032485,0.0,-0.7959674294750226,0.0,1,-3.5722821294032485,-0.7959674294750226,0.5008908414855473,-67.00507614213198,12.106006749440409,11.76470588235294,34
1978,"['--ipsccp', '--speculative-execution', '--sccp', '--early-cse', '--mem2reg', '--jump-threading', '--globalopt', '--elim-avail-extern', '--instcombine', '--loop-instsimplify', '--jump-threading', '--gvn', '--simplifycfg', '--instsimplify', '--inline', '--mergefunc', '--gvn-hoist', '--instcombine', '--globalopt', '--elim-avail-extern', '--elim-avail-extern', '--indvars', '--indvars', '--gvn', '--gvn', '--ipsccp', '--gvn', '--nary-reassociate', '--adce', '--early-cse', '--mem2reg', '--jump-threading', '--globalopt', '--elim-avail-extern', '--instcombine', '--simplifycfg', '--sroa', '--ipsccp', '--sroa', '--inferattrs', '--mem2reg', '--globaldce', '--gvn-hoist', '--sccp', '--early-cse', '--lower-constant-intrinsics', '--lower-constant-intrinsics', '--adce', '--slsr', '--gvn-hoist', '--adce', '--loop-simplify', '--dse', '--scalarizer', '--simplifycfg', '--lower-expect', '--elim-avail-extern', '--lower-constant-intrinsics', '--ipsccp', '--nary-reassociate', '--gvn', '--jump-threading', '--globalopt', '--slp-vectorizer', '--instcombine', '--slp-vectorizer', '--instcombine', '--simplifycfg', '--sroa', '--early-cse', '--lower-expect', '--sroa', '--sroa', '--aggressive-instcombine']",74,-3.5722821294032485,0.0,-0.7959674294750226,0.0,1,-3.5722821294032485,-0.7959674294750226,0.5008908414855473,-67.00507614213198,12.106006749440409,11.76470588235294,34
1920,"['--ipsccp', '--speculative-execution', '--sccp', '--early-cse', '--mem2reg', '--jump-threading', '--elim-avail-extern', '--instcombine', '--instsimplify', '--adce', '--loop-interchange', '--aggressive-instcombine', '--gvn', '--instsimplify', '--simplifycfg', '--inline', '--globaldce', '--mergefunc', '--gvn-hoist', '--gvn-hoist', '--instcombine', '--elim-avail-extern', '--indvars', '--indvars', '--indvars', '--gvn', '--gvn', '--nary-reassociate', '--loop-instsimplify', '--early-cse', '--mem2reg', '--jump-threading', '--mem2reg', '--globalopt', '--jump-threading', '--bdce', '--elim-avail-extern', '--instcombine', '--simplifycfg', '--sroa', '--tailcallelim', '--globaldce', '--gvn-hoist', '--sccp', '--early-cse', '--lower-constant-intrinsics', '--adce', '--nary-reassociate', '--slsr', '--gvn-hoist', '--adce', '--loop-simplify', '--dse', '--scalarizer', '--elim-avail-extern', '--lower-expect', '--simplifycfg', '--elim-avail-extern', '--jump-threading', '--lower-constant-intrinsics', '--ipsccp', '--gvn', '--nary-reassociate', '--gvn', '--early-cse', '--jump-threading', '--globalopt', '--slp-vectorizer', '--instcombine', '--simplifycfg', '--sroa', '--early-cse', '--lower-expect', '--sroa', '--sroa', '--lower-expect', '--aggressive-instcombine']",77,-3.5722821294032485,0.0,-0.7959674294750226,0.0,1,-3.5722821294032485,-0.7959674294750226,0.5008908414855473,-67.00507614213198,12.106006749440409,11.76470588235294,34
1938,"['--ipsccp', '--speculative-execution', '--sccp', '--early-cse', '--mem2reg', '--jump-threading', '--globalopt', '--elim-avail-extern', '--instcombine', '--loop-instsimplify', '--jump-threading', '--gvn', '--simplifycfg', '--instsimplify', '--inline', '--mergefunc', '--gvn-hoist', '--tailcallelim', '--globalopt', '--elim-avail-extern', '--globalopt', '--indvars', '--indvars', '--gvn', '--gvn', '--ipsccp', '--gvn', '--nary-reassociate', '--adce', '--early-cse', '--mem2reg', '--jump-threading', '--globalopt', '--elim-avail-extern', '--instcombine', '--simplifycfg', '--sroa', '--mem2reg', '--globaldce', '--gvn-hoist', '--irce', '--early-cse', '--lower-constant-intrinsics', '--adce', '--slsr', '--gvn-hoist', '--adce', '--loop-simplify', '--dse', '--scalarizer', '--simplifycfg', '--lower-expect', '--simplifycfg', '--gvn-hoist', '--lower-constant-intrinsics', '--slsr', '--ipsccp', '--gvn', '--nary-reassociate', '--gvn', '--early-cse', '--mem2reg', '--jump-threading', '--globalopt', '--slp-vectorizer', '--instcombine', '--simplifycfg', '--globalopt', '--slp-vectorizer', '--instcombine', '--simplifycfg', '--sroa', '--early-cse', '--lower-expect', '--sroa', '--sroa', '--lower-expect', '--aggressive-instcombine']",78,-3.5722821294032485,0.0,-0.7959674294750226,0.0,1,-3.5722821294032485,-0.7959674294750226,0.5008908414855473,-67.00507614213198,12.106006749440409,11.76470588235294,34
1940,"['--ipsccp', '--speculative-execution', '--sccp', '--early-cse', '--mem2reg', '--jump-threading', '--globalopt', '--elim-avail-extern', '--instcombine', '--loop-instsimplify', '--jump-threading', '--gvn', '--simplifycfg', '--instsimplify', '--inline', '--mergefunc', '--gvn-hoist', '--instcombine', '--globalopt', '--elim-avail-extern', '--indvars', '--indvars', '--loop-unroll-and-jam', '--elim-avail-extern', '--indvars', '--gvn', '--gvn', '--nary-reassociate', '--loop-instsimplify', '--early-cse', '--mem2reg', '--jump-threading', '--mem2reg', '--globalopt', '--jump-threading', '--bdce', '--elim-avail-extern', '--instcombine', '--simplifycfg', '--sroa', '--tailcallelim', '--globaldce', '--gvn-hoist', '--sccp', '--early-cse', '--lower-constant-intrinsics', '--adce', '--nary-reassociate', '--slsr', '--gvn-hoist', '--adce', '--loop-simplify', '--dse', '--scalarizer', '--elim-avail-extern', '--lower-expect', '--simplifycfg', '--elim-avail-extern', '--jump-threading', '--lower-constant-intrinsics', '--ipsccp', '--gvn', '--nary-reassociate', '--gvn', '--early-cse', '--mem2reg', '--jump-threading', '--globalopt', '--slp-vectorizer', '--instcombine', '--simplifycfg', '--sroa', '--early-cse', '--lower-expect', '--sroa', '--simplifycfg', '--lower-expect', '--aggressive-instcombine']",78,-3.5722821294032485,0.0,-0.7959674294750226,0.0,1,-3.5722821294032485,-0.7959674294750226,0.5008908414855473,-67.00507614213198,12.106006749440409,11.76470588235294,34
1972,"['--ipsccp', '--speculative-execution', '--sccp', '--early-cse', '--mem2reg', '--jump-threading', '--elim-avail-extern', '--instcombine', '--adce', '--loop-interchange', '--aggressive-instcombine', '--gvn', '--simplifycfg', '--instsimplify', '--inline', '--mergefunc', '--gvn-hoist', '--gvn-hoist', '--instcombine', '--globalopt', '--indvars', '--elim-avail-extern', '--indvars', '--gvn', '--gvn', '--ipsccp', '--gvn', '--nary-reassociate', '--loop-instsimplify', '--early-cse', '--mem2reg', '--jump-threading', '--globalopt', '--elim-avail-extern', '--instcombine', '--simplifycfg', '--partially-inline-libcalls', '--simplifycfg', '--sroa', '--mem2reg', '--globaldce', '--gvn-hoist', '--sccp', '--early-cse', '--lower-constant-intrinsics', '--adce', '--slsr', '--gvn-hoist', '--adce', '--loop-simplify', '--dse', '--scalarizer', '--simplifycfg', '--lower-expect', '--simplifycfg', '--elim-avail-extern', '--lower-constant-intrinsics', '--ipsccp', '--gvn', '--nary-reassociate', '--gvn', '--early-cse', '--mem2reg', '--jump-threading', '--globalopt', '--slp-vectorizer', '--instcombine', '--simplifycfg', '--early-cse', '--lower-expect', '--sroa', '--sroa', '--lower-expect', '--aggressive-instcombine']",74,-3.5722821294032485,0.0,-0.7959674294750226,0.0,1,-3.5722821294032485,-0.7959674294750226,0.5008908414855473,-67.00507614213198,12.106006749440409,11.76470588235294,34
1967,"['--ipsccp', '--speculative-execution', '--sccp', '--early-cse', '--mem2reg', '--jump-threading', '--globalopt', '--elim-avail-extern', '--instcombine', '--loop-instsimplify', '--jump-threading', '--gvn', '--simplifycfg', '--instsimplify', '--inline', '--mergefunc', '--gvn-hoist', '--instcombine', '--globalopt', '--elim-avail-extern', '--indvars', '--indvars', '--gvn', '--gvn', '--ipsccp', '--gvn', '--nary-reassociate', '--adce', '--early-cse', '--mem2reg', '--jump-threading', '--globalopt', '--elim-avail-extern', '--instcombine', '--globalopt', '--loop-simplify', '--simplifycfg', '--sroa', '--mem2reg', '--globaldce', '--gvn-hoist', '--sccp', '--early-cse', '--lower-constant-intrinsics', '--adce', '--slsr', '--gvn-hoist', '--gvn', '--adce', '--simplifycfg', '--dse', '--scalarizer', '--simplifycfg', '--lower-expect', '--simplifycfg', '--elim-avail-extern', '--lower-constant-intrinsics', '--gvn', '--nary-reassociate', '--elim-avail-extern', '--early-cse', '--mem2reg', '--jump-threading', '--globalopt', '--slp-vectorizer', '--instcombine', '--simplifycfg', '--sroa', '--early-cse', '--lower-expect', '--sroa', '--lower-expect', '--simplifycfg', '--aggressive-instcombine']",74,-3.5722821294032485,0.0,-0.7959674294750226,0.0,1,-3.5722821294032485,-0.7959674294750226,0.5008908414855473,-67.00507614213198,12.106006749440409,11.76470588235294,34
1965,"['--ipsccp', '--speculative-execution', '--ipsccp', '--early-cse', '--mem2reg', '--jump-threading', '--globalopt', '--elim-avail-extern', '--instcombine', '--adce', '--jump-threading', '--gvn', '--loop-sink', '--simplifycfg', '--instsimplify', '--inline', '--mergefunc', '--gvn-hoist', '--instcombine', '--globalopt', '--elim-avail-extern', '--indvars', '--indvars', '--gvn', '--gvn', '--ipsccp', '--gvn', '--nary-reassociate', '--adce', '--early-cse', '--jump-threading', '--globalopt', '--jump-threading', '--bdce', '--elim-avail-extern', '--instcombine', '--simplifycfg', '--sroa', '--jump-threading', '--mem2reg', '--globaldce', '--gvn-hoist', '--sccp', '--early-cse', '--lower-constant-intrinsics', '--adce', '--slsr', '--gvn-hoist', '--adce', '--loop-simplify', '--dse', '--scalarizer', '--elim-avail-extern', '--lower-expect', '--simplifycfg', '--elim-avail-extern', '--jump-threading', '--lower-constant-intrinsics', '--ipsccp', '--gvn', '--dce', '--early-cse', '--globalopt', '--slp-vectorizer', '--instcombine', '--simplifycfg', '--sroa', '--early-cse', '--lower-expect', '--sroa', '--sroa', '--lower-expect', '--aggressive-instcombine']",73,-3.5722821294032485,0.0,-0.7959674294750226,0.0,1,-3.5722821294032485,-0.7959674294750226,0.5008908414855473,-67.00507614213198,12.106006749440409,11.76470588235294,34
1961,"['--ipsccp', '--speculative-execution', '--sccp', '--early-cse', '--mem2reg', '--jump-threading', '--globalopt', '--elim-avail-extern', '--instcombine', '--loop-instsimplify', '--jump-threading', '--gvn', '--simplifycfg', '--instsimplify', '--inline', '--slsr', '--mergefunc', '--gvn-hoist', '--instcombine', '--globalopt', '--elim-avail-extern', '--indvars', '--indvars', '--gvn', '--gvn', '--ipsccp', '--gvn', '--nary-reassociate', '--adce', '--early-cse', '--mem2reg', '--jump-threading', '--globalopt', '--elim-avail-extern', '--loop-interchange', '--instcombine', '--simplifycfg', '--instcombine', '--simplifycfg', '--sroa', '--inferattrs', '--mem2reg', '--globaldce', '--gvn-hoist', '--sccp', '--early-cse', '--lower-constant-intrinsics', '--adce', '--slsr', '--gvn-hoist', '--adce', '--loop-simplify', '--dse', '--scalarizer', '--simplifycfg', '--lower-expect', '--simplifycfg', '--elim-avail-extern', '--lower-constant-intrinsics', '--ipsccp', '--nary-reassociate', '--gvn', '--jump-threading', '--jump-threading', '--globalopt', '--slp-vectorizer', '--instcombine', '--simplifycfg', '--early-cse', '--lower-expect', '--sroa', '--sroa', '--dce', '--sroa', '--lower-expect', '--sroa', '--lower-expect', '--aggressive-instcombine']",78,-3.5722821294032485,0.0,-0.7959674294750226,0.0,1,-3.5722821294032485,-0.7959674294750226,0.5008908414855473,-67.00507614213198,12.106006749440409,11.76470588235294,34
1959,"['--ipsccp', '--speculative-execution', '--sccp', '--early-cse', '--mem2reg', '--jump-threading', '--elim-avail-extern', '--instcombine', '--adce', '--loop-interchange', '--aggressive-instcombine', '--gvn', '--simplifycfg', '--instsimplify', '--inline', '--mergefunc', '--gvn-hoist', '--gvn-hoist', '--instcombine', '--globalopt', '--elim-avail-extern', '--indvars', '--elim-avail-extern', '--indvars', '--gvn', '--gvn', '--ipsccp', '--gvn', '--nary-reassociate', '--loop-instsimplify', '--early-cse', '--mem2reg', '--jump-threading', '--globalopt', '--elim-avail-extern', '--instcombine', '--simplifycfg', '--sroa', '--mem2reg', '--globaldce', '--gvn-hoist', '--sccp', '--early-cse', '--lower-constant-intrinsics', '--adce', '--slsr', '--gvn-hoist', '--adce', '--loop-simplify', '--dse', '--scalarizer', '--simplifycfg', '--lower-expect', '--simplifycfg', '--elim-avail-extern', '--lower-constant-intrinsics', '--ipsccp', '--gvn', '--nary-reassociate', '--gvn', '--early-cse', '--jump-threading', '--globalopt', '--slp-vectorizer', '--instcombine', '--slp-vectorizer', '--instcombine', '--simplifycfg', '--sroa', '--early-cse', '--lower-expect', '--sroa', '--sroa', '--lower-expect', '--aggressive-instcombine']",75,-3.5722821294032485,0.0,-0.7959674294750226,0.0,1,-3.5722821294032485,-0.7959674294750226,0.5008908414855473,-67.00507614213198,12.106006749440409,11.76470588235294,34
1958,"['--ipsccp', '--speculative-execution', '--sccp', '--early-cse', '--mem2reg', '--jump-threading', '--globalopt', '--elim-avail-extern', '--instcombine', '--loop-instsimplify', '--jump-threading', '--gvn', '--simplifycfg', '--instsimplify', '--inline', '--mergefunc', '--gvn-hoist', '--instcombine', '--globalopt', '--elim-avail-extern', '--indvars', '--indvars', '--gvn', '--gvn', '--gvn', '--ipsccp', '--gvn', '--nary-reassociate', '--adce', '--early-cse', '--mem2reg', '--jump-threading', '--globalopt', '--elim-avail-extern', '--instcombine', '--simplifycfg', '--simplifycfg', '--sroa', '--mem2reg', '--globaldce', '--gvn-hoist', '--sccp', '--early-cse', '--lower-constant-intrinsics', '--adce', '--slsr', '--gvn-hoist', '--adce', '--loop-simplify', '--dse', '--scalarizer', '--simplifycfg', '--lower-expect', '--simplifycfg', '--elim-avail-extern', '--lower-constant-intrinsics', '--ipsccp', '--loop-simplify', '--nary-reassociate', '--gvn', '--early-cse', '--mem2reg', '--jump-threading', '--globalopt', '--slp-vectorizer', '--instcombine', '--sroa', '--sroa', '--early-cse', '--lower-expect', '--simplifycfg', '--sroa', '--lower-expect', '--simplifycfg', '--aggressive-instcombine']",75,-3.5722821294032485,0.0,-0.7959674294750226,0.0,1,-3.5722821294032485,-0.7959674294750226,0.5008908414855473,-67.00507614213198,12.106006749440409,11.76470588235294,34
1957,"['--ipsccp', '--speculative-execution', '--sccp', '--early-cse', '--mem2reg', '--jump-threading', '--globalopt', '--elim-avail-extern', '--instcombine', '--loop-instsimplify', '--jump-threading', '--gvn', '--simplifycfg', '--instsimplify', '--inline', '--mergefunc', '--gvn-hoist', '--instcombine', '--globalopt', '--elim-avail-extern', '--indvars', '--indvars', '--loop-unroll-and-jam', '--elim-avail-extern', '--indvars', '--gvn', '--gvn', '--nary-reassociate', '--loop-instsimplify', '--early-cse', '--mem2reg', '--jump-threading', '--mem2reg', '--globalopt', '--jump-threading', '--bdce', '--elim-avail-extern', '--instcombine', '--simplifycfg', '--sroa', '--tailcallelim', '--globaldce', '--gvn-hoist', '--sccp', '--early-cse', '--lower-constant-intrinsics', '--adce', '--nary-reassociate', '--slsr', '--gvn-hoist', '--adce', '--loop-simplify', '--dse', '--scalarizer', '--elim-avail-extern', '--lower-expect', '--simplifycfg', '--elim-avail-extern', '--jump-threading', '--lower-constant-intrinsics', '--ipsccp', '--gvn', '--nary-reassociate', '--gvn', '--early-cse', '--strip', '--jump-threading', '--globalopt', '--slp-vectorizer', '--instcombine', '--simplifycfg', '--sroa', '--early-cse', '--lower-expect', '--sroa', '--aggressive-instcombine']",76,-3.5722821294032485,0.0,-0.7959674294750226,0.0,1,-3.5722821294032485,-0.7959674294750226,0.5008908414855473,-67.00507614213198,12.106006749440409,11.76470588235294,34
1955,"['--ipsccp', '--speculative-execution', '--sccp', '--early-cse', '--mem2reg', '--jump-threading', '--elim-avail-extern', '--instcombine', '--adce', '--loop-interchange', '--jump-threading', '--gvn', '--simplifycfg', '--hotcoldsplit', '--inline', '--mergefunc', '--gvn-hoist', '--instcombine', '--globalopt', '--elim-avail-extern', '--indvars', '--indvars', '--gvn-hoist', '--gvn', '--gvn', '--ipsccp', '--gvn', '--nary-reassociate', '--loop-instsimplify', '--early-cse', '--jump-threading', '--globalopt', '--elim-avail-extern', '--instcombine', '--simplifycfg', '--sroa', '--mem2reg', '--globaldce', '--gvn-hoist', '--sccp', '--lower-constant-intrinsics', '--adce', '--gvn', '--slsr', '--adce', '--slsr', '--gvn-hoist', '--adce', '--loop-simplify', '--dse', '--scalarizer', '--elim-avail-extern', '--lower-expect', '--simplifycfg', '--elim-avail-extern', '--jump-threading', '--lower-constant-intrinsics', '--ipsccp', '--gvn', '--dce', '--early-cse', '--globalopt', '--slp-vectorizer', '--instcombine', '--simplifycfg', '--sroa', '--early-cse', '--lower-expect', '--partially-inline-libcalls', '--sroa', '--sroa', '--lower-expect', '--aggressive-instcombine']",73,-3.5722821294032485,0.0,-0.7959674294750226,0.0,1,-3.5722821294032485,-0.7959674294750226,0.5008908414855473,-67.00507614213198,12.106006749440409,11.76470588235294,34
1954,"['--ipsccp', '--lower-constant-intrinsics', '--speculative-execution', '--sccp', '--early-cse', '--mem2reg', '--jump-threading', '--elim-avail-extern', '--instcombine', '--adce', '--loop-interchange', '--aggressive-instcombine', '--gvn', '--simplifycfg', '--instsimplify', '--inline', '--mergefunc', '--gvn-hoist', '--instcombine', '--globalopt', '--elim-avail-extern', '--indvars', '--indvars', '--gvn', '--gvn', '--ipsccp', '--gvn', '--nary-reassociate', '--loop-instsimplify', '--early-cse', '--mem2reg', '--jump-threading', '--globalopt', '--jump-threading', '--bdce', '--elim-avail-extern', '--instcombine', '--simplifycfg', '--sroa', '--mem2reg', '--globaldce', '--gvn-hoist', '--sccp', '--early-cse', '--lower-constant-intrinsics', '--adce', '--slsr', '--gvn-hoist', '--adce', '--loop-simplify', '--dse', '--scalarizer', '--simplifycfg', '--lower-expect', '--simplifycfg', '--elim-avail-extern', '--lower-constant-intrinsics', '--ipsccp', '--gvn', '--nary-reassociate', '--gvn', '--early-cse', '--mem2reg', '--jump-threading', '--globalopt', '--slp-vectorizer', '--instcombine', '--simplifycfg', '--sroa', '--early-cse', '--lower-expect', '--sroa', '--sroa', '--lower-expect', '--aggressive-instcombine']",75,-3.5722821294032485,0.0,-0.7959674294750226,0.0,1,-3.5722821294032485,-0.7959674294750226,0.5008908414855473,-67.00507614213198,12.106006749440409,11.76470588235294,34
1953,"['--ipsccp', '--speculative-execution', '--sccp', '--early-cse', '--mem2reg', '--jump-threading', '--globalopt', '--elim-avail-extern', '--instcombine', '--loop-instsimplify', '--jump-threading', '--gvn', '--simplifycfg', '--instsimplify', '--inline', '--mergefunc', '--gvn-hoist', '--tailcallelim', '--globalopt', '--elim-avail-extern', '--globalopt', '--indvars', '--indvars', '--gvn', '--gvn', '--ipsccp', '--gvn', '--nary-reassociate', '--adce', '--early-cse', '--mem2reg', '--jump-threading', '--globalopt', '--elim-avail-extern', '--loop-interchange', '--instcombine', '--simplifycfg', '--instcombine', '--simplifycfg', '--sroa', '--inferattrs', '--mem2reg', '--globaldce', '--gvn-hoist', '--sccp', '--early-cse', '--lower-constant-intrinsics', '--adce', '--slsr', '--lower-expect', '--gvn-hoist', '--adce', '--loop-simplify', '--dse', '--scalarizer', '--simplifycfg', '--lower-expect', '--simplifycfg', '--elim-avail-extern', '--lower-constant-intrinsics', '--ipsccp', '--nary-reassociate', '--gvn', '--jump-threading', '--jump-threading', '--globalopt', '--slp-vectorizer', '--instcombine', '--simplifycfg', '--early-cse', '--sroa', '--sroa', '--lower-expect', '--aggressive-instcombine']",74,-3.5722821294032485,0.0,-0.7959674294750226,0.0,1,-3.5722821294032485,-0.7959674294750226,0.5008908414855473,-67.00507614213198,12.106006749440409,11.76470588235294,34
1968,"['--ipsccp', '--speculative-execution', '--sccp', '--early-cse', '--mem2reg', '--jump-threading', '--globalopt', '--elim-avail-extern', '--instcombine', '--loop-instsimplify', '--jump-threading', '--gvn', '--simplifycfg', '--instsimplify', '--inline', '--mergefunc', '--gvn-hoist', '--instcombine', '--globalopt', '--elim-avail-extern', '--indvars', '--indvars', '--gvn', '--gvn', '--ipsccp', '--gvn', '--nary-reassociate', '--adce', '--early-cse', '--mem2reg', '--jump-threading', '--globalopt', '--elim-avail-extern', '--instcombine', '--simplifycfg', '--sroa', '--mem2reg', '--globaldce', '--gvn-hoist', '--sccp', '--early-cse', '--lower-constant-intrinsics', '--adce', '--slsr', '--gvn-hoist', '--adce', '--loop-simplify', '--dse', '--scalarizer', '--adce', '--loop-simplify', '--dse', '--scalarizer', '--simplifycfg', '--mergereturn', '--lower-expect', '--elim-avail-extern', '--lower-constant-intrinsics', '--ipsccp', '--nary-reassociate', '--gvn', '--jump-threading', '--globalopt', '--slp-vectorizer', '--instcombine', '--slp-vectorizer', '--instcombine', '--simplifycfg', '--sroa', '--early-cse', '--lower-expect', '--sroa', '--sroa', '--aggressive-instcombine']",74,-3.5722821294032485,0.0,-0.7959674294750226,0.0,1,-3.5722821294032485,-0.7959674294750226,0.5008908414855473,-67.00507614213198,12.106006749440409,11.76470588235294,34
1942,"['--ipsccp', '--speculative-execution', '--sccp', '--early-cse', '--mem2reg', '--jump-threading', '--globalopt', '--elim-avail-extern', '--instcombine', '--sccp', '--loop-instsimplify', '--jump-threading', '--gvn', '--simplifycfg', '--instsimplify', '--inline', '--mergefunc', '--gvn-hoist', '--instcombine', '--globalopt', '--elim-avail-extern', '--indvars', '--indvars', '--gvn', '--gvn', '--ipsccp', '--gvn', '--ipsccp', '--sroa', '--gvn', '--nary-reassociate', '--adce', '--early-cse', '--mem2reg', '--jump-threading', '--globalopt', '--elim-avail-extern', '--instcombine', '--simplifycfg', '--sroa', '--mem2reg', '--globaldce', '--gvn-hoist', '--sccp', '--early-cse', '--lower-constant-intrinsics', '--slsr', '--gvn-hoist', '--adce', '--adce', '--loop-simplify', '--dse', '--dse', '--scalarizer', '--simplifycfg', '--elim-avail-extern', '--lower-constant-intrinsics', '--ipsccp', '--gvn', '--nary-reassociate', '--gvn', '--early-cse', '--mem2reg', '--jump-threading', '--globalopt', '--slp-vectorizer', '--instcombine', '--simplifycfg', '--sroa', '--early-cse', '--lower-expect', '--sroa', '--sroa', '--lower-expect', '--aggressive-instcombine']",75,-3.5722821294032485,0.0,-0.7959674294750226,0.0,1,-3.5722821294032485,-0.7959674294750226,0.5008908414855473,-67.00507614213198,12.106006749440409,11.76470588235294,34
1969,"['--ipsccp', '--speculative-execution', '--sccp', '--early-cse', '--mem2reg', '--jump-threading', '--globalopt', '--elim-avail-extern', '--instcombine', '--loop-instsimplify', '--jump-threading', '--gvn', '--simplifycfg', '--instsimplify', '--inline', '--mergefunc', '--gvn-hoist', '--instcombine', '--globalopt', '--elim-avail-extern', '--indvars', '--indvars', '--gvn', '--gvn', '--ipsccp', '--gvn', '--nary-reassociate', '--adce', '--early-cse', '--mem2reg', '--jump-threading', '--correlated-propagation', '--elim-avail-extern', '--instcombine', '--simplifycfg', '--sroa', '--mem2reg', '--globaldce', '--mem2reg', '--globaldce', '--gvn-hoist', '--sccp', '--early-cse', '--lower-constant-intrinsics', '--adce', '--slsr', '--gvn-hoist', '--adce', '--loop-simplify', '--dse', '--scalarizer', '--simplifycfg', '--lower-expect', '--simplifycfg', '--elim-avail-extern', '--lower-constant-intrinsics', '--ipsccp', '--gvn', '--lower-constant-intrinsics', '--gvn', '--early-cse', '--mem2reg', '--jump-threading', '--globalopt', '--slp-vectorizer', '--instcombine', '--simplifycfg', '--sroa', '--early-cse', '--lower-expect', '--sroa', '--sroa', '--lower-expect', '--aggressive-instcombine']",74,-3.5722821294032485,0.0,-0.7959674294750226,0.0,1,-3.5722821294032485,-0.7959674294750226,0.5008908414855473,-67.00507614213198,12.106006749440409,11.76470588235294,34
1970,"['--ipsccp', '--speculative-execution', '--sccp', '--early-cse', '--mem2reg', '--jump-threading', '--globalopt', '--elim-avail-extern', '--instcombine', '--loop-instsimplify', '--jump-threading', '--gvn', '--simplifycfg', '--instsimplify', '--inline', '--mergefunc', '--gvn-hoist', '--tailcallelim', '--globalopt', '--elim-avail-extern', '--loop-interchange', '--indvars', '--indvars', '--gvn', '--gvn', '--gvn', '--gvn', '--ipsccp', '--gvn', '--nary-reassociate', '--loop-instsimplify', '--early-cse', '--mem2reg', '--jump-threading', '--globalopt', '--elim-avail-extern', '--instcombine', '--simplifycfg', '--sroa', '--mem2reg', '--globaldce', '--gvn-hoist', '--sccp', '--early-cse', '--lower-constant-intrinsics', '--adce', '--slsr', '--gvn-hoist', '--adce', '--loop-simplify', '--dse', '--scalarizer', '--simplifycfg', '--lower-expect', '--simplifycfg', '--elim-avail-extern', '--elim-avail-extern', '--lower-constant-intrinsics', '--ipsccp', '--ipsccp', '--loop-reroll', '--gvn', '--early-cse', '--lowerinvoke', '--mem2reg', '--jump-threading', '--globalopt', '--slp-vectorizer', '--instcombine', '--simplifycfg', '--sroa', '--early-cse', '--lower-expect', '--sroa', '--sroa', '--lower-expect', '--aggressive-instcombine']",77,-3.5722821294032485,0.0,-0.7959674294750226,0.0,1,-3.5722821294032485,-0.7959674294750226,0.5008908414855473,-67.00507614213198,12.106006749440409,11.76470588235294,34
1951,"['--ipsccp', '--speculative-execution', '--sccp', '--early-cse', '--mem2reg', '--jump-threading', '--globalopt', '--elim-avail-extern', '--instcombine', '--loop-instsimplify', '--jump-threading', '--gvn', '--simplifycfg', '--instsimplify', '--inline', '--mergefunc', '--gvn-hoist', '--tailcallelim', '--globalopt', '--elim-avail-extern', '--indvars', '--indvars', '--gvn', '--gvn', '--gvn', '--gvn', '--ipsccp', '--gvn', '--nary-reassociate', '--loop-instsimplify', '--early-cse', '--mem2reg', '--hotcoldsplit', '--jump-threading', '--globalopt', '--elim-avail-extern', '--instcombine', '--simplifycfg', '--sroa', '--mem2reg', '--globaldce', '--gvn-hoist', '--sccp', '--early-cse', '--lower-constant-intrinsics', '--adce', '--slsr', '--loop-interchange', '--gvn-hoist', '--adce', '--dse', '--scalarizer', '--simplifycfg', '--lower-expect', '--simplifycfg', '--elim-avail-extern', '--lower-constant-intrinsics', '--ipsccp', '--gvn', '--nary-reassociate', '--gvn', '--early-cse', '--mem2reg', '--jump-threading', '--globalopt', '--slp-vectorizer', '--instcombine', '--simplifycfg', '--early-cse', '--hotcoldsplit', '--sroa', '--early-cse', '--lower-expect', '--sroa', '--sroa', '--lower-expect', '--aggressive-instcombine']",77,-3.5722821294032485,0.0,-0.7959674294750226,0.0,1,-3.5722821294032485,-0.7959674294750226,0.5008908414855473,-67.00507614213198,12.106006749440409,11.76470588235294,34
1949,"['--ipsccp', '--speculative-execution', '--sccp', '--early-cse', '--mem2reg', '--jump-threading', '--globalopt', '--elim-avail-extern', '--instcombine', '--loop-instsimplify', '--jump-threading', '--gvn', '--simplifycfg', '--instsimplify', '--inline', '--mergefunc', '--gvn-hoist', '--instcombine', '--globalopt', '--elim-avail-extern', '--indvars', '--indvars', '--gvn', '--gvn', '--ipsccp', '--gvn', '--nary-reassociate', '--adce', '--early-cse', '--mem2reg', '--jump-threading', '--correlated-propagation', '--elim-avail-extern', '--instcombine', '--simplifycfg', '--sroa', '--mem2reg', '--globaldce', '--gvn-hoist', '--sccp', '--early-cse', '--lower-constant-intrinsics', '--adce', '--slsr', '--gvn-hoist', '--adce', '--loop-simplify', '--adce', '--loop-simplify', '--dse', '--scalarizer', '--simplifycfg', '--lower-expect', '--nary-reassociate', '--elim-avail-extern', '--lower-constant-intrinsics', '--gvn', '--nary-reassociate', '--gvn', '--early-cse', '--mem2reg', '--jump-threading', '--globalopt', '--slp-vectorizer', '--instcombine', '--simplifycfg', '--sroa', '--early-cse', '--lower-expect', '--sroa', '--lower-expect', '--simplifycfg', '--aggressive-instcombine']",73,-3.5722821294032485,0.0,-0.7959674294750226,0.0,1,-3.5722821294032485,-0.7959674294750226,0.5008908414855473,-67.00507614213198,12.106006749440409,11.76470588235294,34
1948,"['--ipsccp', '--speculative-execution', '--sccp', '--early-cse', '--mem2reg', '--jump-threading', '--globalopt', '--elim-avail-extern', '--instcombine', '--loop-instsimplify', '--jump-threading', '--gvn', '--simplifycfg', '--instsimplify', '--inline', '--mergefunc', '--gvn-hoist', '--tailcallelim', '--globalopt', '--elim-avail-extern', '--loop-interchange', '--indvars', '--indvars', '--gvn', '--gvn', '--gvn', '--gvn', '--ipsccp', '--gvn', '--nary-reassociate', '--loop-instsimplify', '--early-cse', '--mem2reg', '--jump-threading', '--globalopt', '--elim-avail-extern', '--instcombine', '--simplifycfg', '--sroa', '--mem2reg', '--globaldce', '--gvn-hoist', '--sccp', '--early-cse', '--lower-constant-intrinsics', '--adce', '--slsr', '--gvn-hoist', '--adce', '--loop-simplify', '--dse', '--scalarizer', '--simplifycfg', '--lower-expect', '--simplifycfg', '--elim-avail-extern', '--lower-constant-intrinsics', '--ipsccp', '--nary-reassociate', '--gvn', '--mem2reg', '--jump-threading', '--globalopt', '--slp-vectorizer', '--instcombine', '--simplifycfg', '--sroa', '--early-cse', '--lower-expect', '--sroa', '--sroa', '--lower-expect', '--aggressive-instcombine']",73,-3.5722821294032485,0.0,-0.7959674294750226,0.0,1,-3.5722821294032485,-0.7959674294750226,0.5008908414855473,-67.00507614213198,12.106006749440409,11.76470588235294,34
1947,"['--ipsccp', '--speculative-execution', '--sccp', '--early-cse', '--mem2reg', '--jump-threading', '--globalopt', '--elim-avail-extern', '--instcombine', '--adce', '--jump-threading', '--gvn', '--simplifycfg', '--instsimplify', '--inline', '--mergefunc', '--gvn-hoist', '--gvn-hoist', '--instcombine', '--globalopt', '--elim-avail-extern', '--indvars', '--indvars', '--mem2reg', '--gvn', '--ipsccp', '--gvn', '--nary-reassociate', '--adce', '--early-cse', '--gvn', '--jump-threading', '--globalopt', '--elim-avail-extern', '--instcombine', '--simplifycfg', '--simplifycfg', '--sroa', '--mem2reg', '--globaldce', '--gvn-hoist', '--sccp', '--early-cse', '--lower-constant-intrinsics', '--adce', '--slsr', '--gvn-hoist', '--adce', '--loop-simplify', '--dse', '--scalarizer', '--simplifycfg', '--lower-expect', '--simplifycfg', '--elim-avail-extern', '--elim-avail-extern', '--lower-constant-intrinsics', '--ipsccp', '--ipsccp', '--loop-reroll', '--gvn', '--early-cse', '--mem2reg', '--jump-threading', '--globalopt', '--slp-vectorizer', '--instcombine', '--simplifycfg', '--sroa', '--early-cse', '--lower-expect', '--sroa', '--sroa', '--lower-expect', '--aggressive-instcombine']",75,-3.5722821294032485,0.0,-0.7959674294750226,0.0,1,-3.5722821294032485,-0.7959674294750226,0.5008908414855473,-67.00507614213198,12.106006749440409,11.76470588235294,34
1946,"['--ipsccp', '--speculative-execution', '--sccp', '--early-cse', '--mem2reg', '--jump-threading', '--globalopt', '--elim-avail-extern', '--instcombine', '--loop-instsimplify', '--jump-threading', '--gvn', '--simplifycfg', '--instsimplify', '--inline', '--mergefunc', '--gvn-hoist', '--instcombine', '--globalopt', '--elim-avail-extern', '--indvars', '--indvars', '--gvn', '--gvn', '--gvn', '--ipsccp', '--gvn', '--nary-reassociate', '--adce', '--early-cse', '--jump-threading', '--globalopt', '--jump-threading', '--bdce', '--elim-avail-extern', '--instcombine', '--simplifycfg', '--sroa', '--lower-expect', '--globaldce', '--gvn-hoist', '--sccp', '--early-cse', '--lower-constant-intrinsics', '--adce', '--slsr', '--gvn-hoist', '--adce', '--loop-simplify', '--dse', '--scalarizer', '--elim-avail-extern', '--lower-expect', '--simplifycfg', '--elim-avail-extern', '--jump-threading', '--lower-constant-intrinsics', '--ipsccp', '--gvn', '--dce', '--early-cse', '--globalopt', '--slp-vectorizer', '--instcombine', '--simplifycfg', '--sroa', '--early-cse', '--mem2reg', '--sroa', '--sroa', '--lower-expect', '--aggressive-instcombine']",72,-3.5722821294032485,0.0,-0.7959674294750226,0.0,1,-3.5722821294032485,-0.7959674294750226,0.5008908414855473,-67.00507614213198,12.106006749440409,11.76470588235294,34
1943,"['--ipsccp', '--speculative-execution', '--ipsccp', '--early-cse', '--mem2reg', '--jump-threading', '--globalopt', '--elim-avail-extern', '--instcombine', '--loop-instsimplify', '--jump-threading', '--gvn', '--simplifycfg', '--hotcoldsplit', '--inline', '--mergefunc', '--gvn-hoist', '--loop-vectorize', '--instcombine', '--globalopt', '--elim-avail-extern', '--indvars', '--indvars', '--gvn-hoist', '--gvn', '--gvn', '--gvn', '--ipsccp', '--gvn', '--nary-reassociate', '--loop-instsimplify', '--early-cse', '--mem2reg', '--memcpyopt', '--globalopt', '--jump-threading', '--bdce', '--elim-avail-extern', '--instcombine', '--simplifycfg', '--sroa', '--lower-constant-intrinsics', '--adce', '--slsr', '--gvn-hoist', '--adce', '--loop-simplify', '--adce', '--loop-simplify', '--dse', '--scalarizer', '--scalarizer', '--simplifycfg', '--lower-expect', '--simplifycfg', '--elim-avail-extern', '--lower-constant-intrinsics', '--ipsccp', '--gvn', '--nary-reassociate', '--gvn', '--early-cse', '--loop-guard-widening', '--jump-threading', '--globalopt', '--slp-vectorizer', '--instcombine', '--slp-vectorizer', '--instcombine', '--simplifycfg', '--sroa', '--early-cse', '--lower-expect', '--sroa', '--lower-expect', '--aggressive-instcombine']",76,-3.5722821294032485,0.0,-0.7959674294750226,0.0,1,-3.5722821294032485,-0.7959674294750226,0.5008908414855473,-67.00507614213198,12.106006749440409,11.76470588235294,34
1979,"['--ipsccp', '--speculative-execution', '--sccp', '--early-cse', '--mem2reg', '--jump-threading', '--elim-avail-extern', '--instcombine', '--adce', '--loop-interchange', '--aggressive-instcombine', '--gvn', '--simplifycfg', '--instsimplify', '--inline', '--mergefunc', '--gvn-hoist', '--instcombine', '--globalopt', '--elim-avail-extern', '--indvars', '--indvars', '--loop-unroll-and-jam', '--elim-avail-extern', '--indvars', '--gvn', '--gvn', '--nary-reassociate', '--loop-instsimplify', '--early-cse', '--mem2reg', '--jump-threading', '--mem2reg', '--globalopt', '--jump-threading', '--bdce', '--elim-avail-extern', '--instcombine', '--simplifycfg', '--sroa', '--tailcallelim', '--globaldce', '--gvn-hoist', '--sccp', '--early-cse', '--lower-constant-intrinsics', '--adce', '--nary-reassociate', '--slsr', '--gvn-hoist', '--adce', '--loop-simplify', '--dse', '--scalarizer', '--elim-avail-extern', '--lower-expect', '--simplifycfg', '--elim-avail-extern', '--jump-threading', '--lower-constant-intrinsics', '--ipsccp', '--gvn', '--nary-reassociate', '--gvn', '--early-cse', '--mem2reg', '--jump-threading', '--globalopt', '--slp-vectorizer', '--instcombine', '--simplifycfg', '--sroa', '--early-cse', '--lower-expect', '--sroa', '--simplifycfg', '--lower-expect', '--aggressive-instcombine']",78,-3.5722821294032485,0.0,-0.7959674294750226,0.0,1,-3.5722821294032485,-0.7959674294750226,0.5008908414855473,-67.00507614213198,12.106006749440409,11.76470588235294,34
1918,"['--ipsccp', '--speculative-execution', '--sccp', '--early-cse', '--mem2reg', '--jump-threading', '--globalopt', '--elim-avail-extern', '--instcombine', '--loop-instsimplify', '--jump-threading', '--gvn', '--simplifycfg', '--instsimplify', '--inline', '--mergefunc', '--gvn-hoist', '--instcombine', '--globalopt', '--elim-avail-extern', '--indvars', '--indvars', '--gvn', '--gvn', '--ipsccp', '--gvn', '--nary-reassociate', '--adce', '--early-cse', '--mem2reg', '--jump-threading', '--globalopt', '--elim-avail-extern', '--instcombine', '--globalopt', '--simplifycfg', '--simplifycfg', '--sroa', '--mem2reg', '--globaldce', '--gvn-hoist', '--sccp', '--early-cse', '--lower-constant-intrinsics', '--adce', '--slsr', '--gvn-hoist', '--gvn', '--adce', '--loop-simplify', '--dse', '--scalarizer', '--simplifycfg', '--lower-expect', '--simplifycfg', '--elim-avail-extern', '--lower-constant-intrinsics', '--gvn', '--nary-reassociate', '--elim-avail-extern', '--early-cse', '--mem2reg', '--jump-threading', '--globalopt', '--slp-vectorizer', '--instcombine', '--simplifycfg', '--sroa', '--early-cse', '--lower-expect', '--sroa', '--lower-expect', '--simplifycfg', '--aggressive-instcombine']",74,-3.5722821294032485,0.0,-0.7959674294750226,0.0,1,-3.5722821294032485,-0.7959674294750226,0.5008908414855473,-67.00507614213198,12.106006749440409,11.76470588235294,34
1917,"['--ipsccp', '--speculative-execution', '--sccp', '--early-cse', '--mem2reg', '--jump-threading', '--globalopt', '--elim-avail-extern', '--instcombine', '--adce', '--loop-instsimplify', '--jump-threading', '--gvn', '--simplifycfg', '--instsimplify', '--inline', '--mergefunc', '--gvn-hoist', '--instcombine', '--globalopt', '--elim-avail-extern', '--indvars', '--indvars', '--gvn', '--gvn', '--ipsccp', '--gvn', '--nary-reassociate', '--adce', '--early-cse', '--mem2reg', '--jump-threading', '--globalopt', '--elim-avail-extern', '--instcombine', '--simplifycfg', '--sroa', '--ipsccp', '--sroa', '--inferattrs', '--mem2reg', '--globaldce', '--gvn-hoist', '--sccp', '--early-cse', '--lower-constant-intrinsics', '--lower-constant-intrinsics', '--adce', '--slsr', '--gvn-hoist', '--adce', '--loop-simplify', '--dse', '--scalarizer', '--simplifycfg', '--lower-expect', '--elim-avail-extern', '--lower-constant-intrinsics', '--ipsccp', '--nary-reassociate', '--gvn', '--jump-threading', '--globalopt', '--slp-vectorizer', '--instcombine', '--slp-vectorizer', '--instcombine', '--simplifycfg', '--sroa', '--early-cse', '--lower-expect', '--sroa', '--sroa', '--aggressive-instcombine']",74,-3.5722821294032485,0.0,-0.7959674294750226,0.0,1,-3.5722821294032485,-0.7959674294750226,0.5008908414855473,-67.00507614213198,12.106006749440409,11.76470588235294,34
2005,"['--lower-constant-intrinsics', '--speculative-execution', '--sccp', '--early-cse', '--mem2reg', '--jump-threading', '--globalopt', '--elim-avail-extern', '--instcombine', '--loop-instsimplify', '--jump-threading', '--gvn', '--simplifycfg', '--instsimplify', '--inline', '--mergefunc', '--gvn-hoist', '--tailcallelim', '--globalopt', '--elim-avail-extern', '--loop-interchange', '--indvars', '--indvars', '--gvn', '--gvn', '--gvn', '--gvn', '--ipsccp', '--gvn', '--nary-reassociate', '--loop-instsimplify', '--early-cse', '--mem2reg', '--jump-threading', '--globalopt', '--elim-avail-extern', '--instcombine', '--simplifycfg', '--sroa', '--mem2reg', '--globaldce', '--gvn-hoist', '--sccp', '--early-cse', '--lower-constant-intrinsics', '--adce', '--slsr', '--gvn-hoist', '--adce', '--loop-simplify', '--dse', '--scalarizer', '--simplifycfg', '--lower-expect', '--simplifycfg', '--elim-avail-extern', '--ipsccp', '--ipsccp', '--nary-reassociate', '--gvn', '--mem2reg', '--jump-threading', '--globalopt', '--slp-vectorizer', '--instcombine', '--simplifycfg', '--sroa', '--early-cse', '--lower-expect', '--sroa', '--sroa', '--lower-expect', '--aggressive-instcombine']",73,-3.5722821294032485,0.0,-0.7959674294750226,0.0,1,-3.5722821294032485,-0.7959674294750226,0.5008908414855473,-67.00507614213198,12.106006749440409,11.76470588235294,34
1891,"['--ipsccp', '--speculative-execution', '--sccp', '--early-cse', '--mem2reg', '--jump-threading', '--elim-avail-extern', '--instcombine', '--adce', '--loop-interchange', '--aggressive-instcombine', '--gvn', '--instsimplify', '--simplifycfg', '--inline', '--globaldce', '--mergefunc', '--gvn-hoist', '--gvn-hoist', '--instcombine', '--elim-avail-extern', '--indvars', '--indvars', '--gvn', '--gvn', '--ipsccp', '--gvn', '--nary-reassociate', '--adce', '--early-cse', '--mem2reg', '--jump-threading', '--instcombine', '--elim-avail-extern', '--globalopt', '--simplifycfg', '--simplifycfg', '--sroa', '--mem2reg', '--globaldce', '--gvn-hoist', '--sccp', '--early-cse', '--lower-constant-intrinsics', '--adce', '--slsr', '--gvn-hoist', '--elim-avail-extern', '--adce', '--loop-simplify', '--dse', '--scalarizer', '--simplifycfg', '--lower-expect', '--simplifycfg', '--elim-avail-extern', '--lower-constant-intrinsics', '--gvn', '--nary-reassociate', '--gvn', '--early-cse', '--mem2reg', '--jump-threading', '--globalopt', '--slp-vectorizer', '--instcombine', '--simplifycfg', '--sroa', '--early-cse', '--lower-expect', '--sroa', '--lower-expect', '--simplifycfg', '--aggressive-instcombine']",74,-3.5722821294032485,0.0,-0.7959674294750226,0.0,1,-3.5722821294032485,-0.7959674294750226,0.5008908414855473,-67.00507614213198,12.106006749440409,11.76470588235294,34
1995,"['--ipsccp', '--speculative-execution', '--sccp', '--early-cse', '--mem2reg', '--jump-threading', '--globalopt', '--elim-avail-extern', '--instcombine', '--loop-instsimplify', '--jump-threading', '--gvn', '--simplifycfg', '--instsimplify', '--inline', '--mergefunc', '--gvn-hoist', '--tailcallelim', '--globalopt', '--elim-avail-extern', '--indvars', '--indvars', '--gvn', '--gvn', '--gvn', '--gvn', '--ipsccp', '--gvn', '--nary-reassociate', '--nary-reassociate', '--loop-instsimplify', '--early-cse', '--ipsccp', '--mem2reg', '--jump-threading', '--globalopt', '--elim-avail-extern', '--instcombine', '--simplifycfg', '--sroa', '--mem2reg', '--globaldce', '--gvn-hoist', '--sccp', '--early-cse', '--lower-constant-intrinsics', '--adce', '--slsr', '--gvn-hoist', '--adce', '--loop-simplify', '--dse', '--scalarizer', '--simplifycfg', '--lower-expect', '--simplifycfg', '--elim-avail-extern', '--lower-constant-intrinsics', '--ipsccp', '--gvn', '--gvn', '--gvn', '--early-cse', '--mem2reg', '--jump-threading', '--correlated-propagation', '--slp-vectorizer', '--instcombine', '--simplifycfg', '--early-cse-memssa', '--sroa', '--early-cse', '--lower-expect', '--sroa', '--sroa', '--lower-expect', '--aggressive-instcombine']",77,-3.5722821294032485,0.0,-0.7959674294750226,0.0,1,-3.5722821294032485,-0.7959674294750226,0.5008908414855473,-67.00507614213198,12.106006749440409,11.76470588235294,34
1997,"['--ipsccp', '--speculative-execution', '--sccp', '--early-cse', '--mem2reg', '--jump-threading', '--elim-avail-extern', '--instcombine', '--instsimplify', '--adce', '--loop-interchange', '--aggressive-instcombine', '--gvn', '--instsimplify', '--simplifycfg', '--inline', '--globaldce', '--mergefunc', '--gvn-hoist', '--gvn-hoist', '--lower-expect', '--elim-avail-extern', '--indvars', '--indvars', '--indvars', '--gvn', '--gvn', '--nary-reassociate', '--loop-instsimplify', '--early-cse', '--mem2reg', '--jump-threading', '--mem2reg', '--globalopt', '--jump-threading', '--bdce', '--elim-avail-extern', '--instcombine', '--simplifycfg', '--sroa', '--tailcallelim', '--globaldce', '--globaldce', '--gvn-hoist', '--sccp', '--early-cse', '--lower-constant-intrinsics', '--adce', '--slsr', '--gvn-hoist', '--adce', '--loop-simplify', '--dse', '--scalarizer', '--simplifycfg', '--lower-expect', '--simplifycfg', '--elim-avail-extern', '--lower-constant-intrinsics', '--ipsccp', '--nary-reassociate', '--gvn', '--jump-threading', '--jump-threading', '--globalopt', '--slp-vectorizer', '--instcombine', '--simplifycfg', '--early-cse', '--sroa', '--sroa', '--instcombine', '--aggressive-instcombine']",73,-3.5722821294032485,0.0,-0.7959674294750226,0.0,1,-3.5722821294032485,-0.7959674294750226,0.5008908414855473,-67.00507614213198,12.106006749440409,11.76470588235294,34
1889,"['--ipsccp', '--speculative-execution', '--sccp', '--early-cse', '--mem2reg', '--jump-threading', '--elim-avail-extern', '--instcombine', '--inferattrs', '--loop-interchange', '--aggressive-instcombine', '--gvn', '--instsimplify', '--simplifycfg', '--inline', '--globaldce', '--mergefunc', '--gvn-hoist', '--gvn-hoist', '--instcombine', '--elim-avail-extern', '--indvars', '--indvars', '--gvn', '--gvn', '--ipsccp', '--gvn', '--nary-reassociate', '--adce', '--early-cse', '--mem2reg', '--jump-threading', '--globalopt', '--elim-avail-extern', '--instcombine', '--simplifycfg', '--simplifycfg', '--sroa', '--mem2reg', '--globaldce', '--gvn-hoist', '--sccp', '--early-cse', '--lower-constant-intrinsics', '--adce', '--slsr', '--gvn-hoist', '--elim-avail-extern', '--adce', '--loop-simplify', '--dse', '--scalarizer', '--simplifycfg', '--lower-expect', '--simplifycfg', '--elim-avail-extern', '--lower-constant-intrinsics', '--gvn', '--nary-reassociate', '--gvn', '--early-cse', '--mem2reg', '--jump-threading', '--globalopt', '--slp-vectorizer', '--instcombine', '--simplifycfg', '--sroa', '--early-cse', '--lower-expect', '--sroa', '--lower-expect', '--simplifycfg', '--aggressive-instcombine']",74,-3.5722821294032485,0.0,-0.7959674294750226,0.0,1,-3.5722821294032485,-0.7959674294750226,0.5008908414855473,-67.00507614213198,12.106006749440409,11.76470588235294,34
1886,"['--ipsccp', '--speculative-execution', '--sccp', '--early-cse', '--mem2reg', '--jump-threading', '--globalopt', '--elim-avail-extern', '--instcombine', '--loop-instsimplify', '--jump-threading', '--gvn', '--simplifycfg', '--instsimplify', '--inline', '--mergefunc', '--gvn-hoist', '--instcombine', '--globalopt', '--elim-avail-extern', '--indvars', '--indvars', '--gvn', '--adce', '--ipsccp', '--gvn', '--ipsccp', '--gvn', '--nary-reassociate', '--loop-instsimplify', '--early-cse', '--mem2reg', '--jump-threading', '--globalopt', '--elim-avail-extern', '--instcombine', '--simplifycfg', '--sroa', '--mem2reg', '--globaldce', '--newgvn', '--sccp', '--early-cse', '--lower-constant-intrinsics', '--adce', '--slsr', '--gvn-hoist', '--gvn', '--loop-simplify', '--dse', '--scalarizer', '--simplifycfg', '--lower-expect', '--simplifycfg', '--elim-avail-extern', '--lower-constant-intrinsics', '--ipsccp', '--gvn', '--nary-reassociate', '--gvn', '--early-cse', '--loop-guard-widening', '--jump-threading', '--globalopt', '--slp-vectorizer', '--instcombine', '--slp-vectorizer', '--instcombine', '--simplifycfg', '--sroa', '--early-cse', '--lower-expect', '--sroa', '--lower-expect', '--aggressive-instcombine']",75,-3.5722821294032485,0.0,-0.7959674294750226,0.0,1,-3.5722821294032485,-0.7959674294750226,0.5008908414855473,-67.00507614213198,12.106006749440409,11.76470588235294,34
1999,"['--ipsccp', '--speculative-execution', '--sccp', '--early-cse', '--mem2reg', '--jump-threading', '--globalopt', '--elim-avail-extern', '--instcombine', '--adce', '--jump-threading', '--gvn', '--simplifycfg', '--instsimplify', '--inline', '--mergefunc', '--gvn-hoist', '--instcombine', '--globalopt', '--elim-avail-extern', '--indvars', '--indvars', '--gvn', '--gvn', '--ipsccp', '--gvn', '--nary-reassociate', '--loop-instsimplify', '--early-cse', '--mem2reg', '--jump-threading', '--globalopt', '--jump-threading', '--bdce', '--elim-avail-extern', '--instcombine', '--simplifycfg', '--sroa', '--mem2reg', '--sroa', '--inferattrs', '--mem2reg', '--globaldce', '--gvn-hoist', '--sccp', '--early-cse', '--lower-constant-intrinsics', '--adce', '--slsr', '--lower-expect', '--gvn-hoist', '--adce', '--loop-simplify', '--dse', '--scalarizer', '--simplifycfg', '--lower-expect', '--elim-avail-extern', '--lower-constant-intrinsics', '--ipsccp', '--nary-reassociate', '--gvn', '--jump-threading', '--jump-threading', '--globalopt', '--slp-vectorizer', '--instcombine', '--simplifycfg', '--early-cse', '--sroa', '--sroa', '--lower-expect', '--aggressive-instcombine']",73,-3.5722821294032485,0.0,-0.7959674294750226,0.0,1,-3.5722821294032485,-0.7959674294750226,0.5008908414855473,-67.00507614213198,12.106006749440409,11.76470588235294,34
2001,"['--ipsccp', '--speculative-execution', '--sccp', '--early-cse', '--mem2reg', '--jump-threading', '--globalopt', '--elim-avail-extern', '--instcombine', '--loop-instsimplify', '--jump-threading', '--gvn', '--simplifycfg', '--instsimplify', '--inline', '--mergefunc', '--gvn-hoist', '--instcombine', '--globalopt', '--elim-avail-extern', '--indvars', '--indvars', '--gvn', '--gvn', '--ipsccp', '--gvn', '--nary-reassociate', '--adce', '--early-cse', '--mem2reg', '--jump-threading', '--correlated-propagation', '--mem2reg', '--memcpyopt', '--globalopt', '--jump-threading', '--bdce', '--elim-avail-extern', '--instcombine', '--simplifycfg', '--sroa', '--lower-constant-intrinsics', '--adce', '--slsr', '--gvn-hoist', '--adce', '--loop-simplify', '--adce', '--loop-simplify', '--dse', '--scalarizer', '--scalarizer', '--simplifycfg', '--lower-expect', '--simplifycfg', '--elim-avail-extern', '--lower-constant-intrinsics', '--ipsccp', '--gvn', '--nary-reassociate', '--gvn', '--early-cse', '--loop-guard-widening', '--jump-threading', '--globalopt', '--slp-vectorizer', '--instcombine', '--slp-vectorizer', '--instcombine', '--simplifycfg', '--sroa', '--early-cse', '--lower-expect', '--sroa', '--lower-expect', '--aggressive-instcombine']",76,-3.5722821294032485,0.0,-0.7959674294750226,0.0,1,-3.5722821294032485,-0.7959674294750226,0.5008908414855473,-67.00507614213198,12.106006749440409,11.76470588235294,34
2003,"['--ipsccp', '--speculative-execution', '--sccp', '--early-cse', '--mem2reg', '--jump-threading', '--globalopt', '--elim-avail-extern', '--instcombine', '--loop-instsimplify', '--jump-threading', '--gvn', '--simplifycfg', '--instsimplify', '--inline', '--mergefunc', '--gvn-hoist', '--instcombine', '--globalopt', '--elim-avail-extern', '--indvars', '--indvars', '--gvn', '--gvn', '--ipsccp', '--gvn', '--nary-reassociate', '--adce', '--early-cse', '--mem2reg', '--jump-threading', '--globalopt', '--elim-avail-extern', '--instcombine', '--simplifycfg', '--bdce', '--elim-avail-extern', '--instcombine', '--simplifycfg', '--sroa', '--tailcallelim', '--globaldce', '--gvn-hoist', '--sccp', '--early-cse', '--lower-constant-intrinsics', '--adce', '--nary-reassociate', '--slsr', '--gvn-hoist', '--adce', '--loop-simplify', '--dse', '--scalarizer', '--elim-avail-extern', '--lower-expect', '--simplifycfg', '--elim-avail-extern', '--jump-threading', '--lower-constant-intrinsics', '--ipsccp', '--gvn', '--nary-reassociate', '--gvn', '--early-cse', '--jump-threading', '--globalopt', '--slp-vectorizer', '--instcombine', '--simplifycfg', '--sroa', '--early-cse', '--lower-expect', '--sroa', '--sroa', '--lower-expect', '--aggressive-instcombine']",77,-3.5722821294032485,0.0,-0.7959674294750226,0.0,1,-3.5722821294032485,-0.7959674294750226,0.5008908414855473,-67.00507614213198,12.106006749440409,11.76470588235294,34
1885,"['--ipsccp', '--speculative-execution', '--ipsccp', '--early-cse', '--mem2reg', '--jump-threading', '--globalopt', '--elim-avail-extern', '--instcombine', '--loop-instsimplify', '--jump-threading', '--gvn', '--simplifycfg', '--hotcoldsplit', '--inline', '--mergefunc', '--gvn-hoist', '--loop-vectorize', '--instcombine', '--globalopt', '--elim-avail-extern', '--indvars', '--indvars', '--gvn-hoist', '--gvn', '--gvn', '--ipsccp', '--gvn', '--nary-reassociate', '--simple-loop-unswitch', '--early-cse', '--mem2reg', '--jump-threading', '--globalopt', '--jump-threading', '--bdce', '--elim-avail-extern', '--instcombine', '--simplifycfg', '--sroa', '--mem2reg', '--globaldce', '--gvn-hoist', '--sccp', '--early-cse', '--lower-constant-intrinsics', '--lower-constant-intrinsics', '--adce', '--slsr', '--gvn-hoist', '--adce', '--loop-simplify', '--dse', '--scalarizer', '--simplifycfg', '--lower-expect', '--simplifycfg', '--elim-avail-extern', '--lower-constant-intrinsics', '--ipsccp', '--nary-reassociate', '--gvn', '--jump-threading', '--globalopt', '--slp-vectorizer', '--instcombine', '--slp-vectorizer', '--instcombine', '--simplifycfg', '--sroa', '--early-cse', '--lower-expect', '--sroa', '--sroa', '--lower-expect', '--aggressive-instcombine']",76,-3.5722821294032485,0.0,-0.7959674294750226,0.0,1,-3.5722821294032485,-0.7959674294750226,0.5008908414855473,-67.00507614213198,12.106006749440409,11.76470588235294,34
1894,"['--ipsccp', '--speculative-execution', '--ipsccp', '--early-cse', '--mem2reg', '--jump-threading', '--globalopt', '--elim-avail-extern', '--instcombine', '--loop-instsimplify', '--jump-threading', '--gvn', '--simplifycfg', '--hotcoldsplit', '--inline', '--mergefunc', '--gvn-hoist', '--loop-vectorize', '--instcombine', '--globalopt', '--elim-avail-extern', '--indvars', '--indvars', '--gvn-hoist', '--gvn', '--gvn', '--ipsccp', '--gvn', '--nary-reassociate', '--loop-instsimplify', '--early-cse', '--mem2reg', '--memcpyopt', '--globalopt', '--jump-threading', '--bdce', '--elim-avail-extern', '--instcombine', '--simplifycfg', '--sroa', '--lower-constant-intrinsics', '--adce', '--slsr', '--gvn-hoist', '--adce', '--loop-simplify', '--adce', '--loop-simplify', '--dse', '--scalarizer', '--scalarizer', '--simplifycfg', '--lower-expect', '--simplifycfg', '--elim-avail-extern', '--lower-constant-intrinsics', '--ipsccp', '--gvn', '--nary-reassociate', '--gvn', '--early-cse', '--mem2reg', '--jump-threading', '--globalopt', '--slp-vectorizer', '--instcombine', '--slp-vectorizer', '--instcombine', '--simplifycfg', '--sroa', '--early-cse', '--lower-expect', '--sroa', '--lower-expect', '--aggressive-instcombine']",75,-3.5722821294032485,0.0,-0.7959674294750226,0.0,1,-3.5722821294032485,-0.7959674294750226,0.5008908414855473,-67.00507614213198,12.106006749440409,11.76470588235294,34
1884,"['--ipsccp', '--speculative-execution', '--sccp', '--early-cse', '--mem2reg', '--jump-threading', '--elim-avail-extern', '--instcombine', '--adce', '--loop-interchange', '--aggressive-instcombine', '--gvn', '--simplifycfg', '--instsimplify', '--inline', '--mergefunc', '--gvn-hoist', '--gvn-hoist', '--instcombine', '--globalopt', '--elim-avail-extern', '--indvars', '--elim-avail-extern', '--indvars', '--nary-reassociate', '--gvn', '--ipsccp', '--gvn', '--nary-reassociate', '--loop-instsimplify', '--early-cse', '--mem2reg', '--jump-threading', '--globalopt', '--elim-avail-extern', '--instcombine', '--simplifycfg', '--sroa', '--mem2reg', '--globaldce', '--gvn-hoist', '--sccp', '--early-cse', '--lower-constant-intrinsics', '--adce', '--slsr', '--gvn-hoist', '--adce', '--loop-simplify', '--dse', '--scalarizer', '--simplifycfg', '--lower-expect', '--simplifycfg', '--elim-avail-extern', '--lower-constant-intrinsics', '--ipsccp', '--gvn', '--gvn', '--gvn', '--early-cse', '--mem2reg', '--jump-threading', '--correlated-propagation', '--slp-vectorizer', '--instcombine', '--simplifycfg', '--early-cse-memssa', '--sroa', '--early-cse', '--lower-expect', '--sroa', '--sroa', '--lower-expect', '--aggressive-instcombine']",75,-3.5722821294032485,0.0,-0.7959674294750226,0.0,1,-3.5722821294032485,-0.7959674294750226,0.5008908414855473,-67.00507614213198,12.106006749440409,11.76470588235294,34
1883,"['--ipsccp', '--speculative-execution', '--sccp', '--early-cse', '--mem2reg', '--jump-threading', '--elim-avail-extern', '--instcombine', '--instsimplify', '--adce', '--loop-interchange', '--aggressive-instcombine', '--gvn', '--instsimplify', '--simplifycfg', '--inline', '--globaldce', '--mergefunc', '--gvn-hoist', '--gvn-hoist', '--instcombine', '--elim-avail-extern', '--indvars', '--indvars', '--gvn', '--gvn', '--gvn', '--gvn', '--ipsccp', '--gvn', '--nary-reassociate', '--loop-instsimplify', '--early-cse', '--mem2reg', '--jump-threading', '--globalopt', '--elim-avail-extern', '--instcombine', '--simplifycfg', '--sroa', '--mem2reg', '--globaldce', '--gvn-hoist', '--sccp', '--early-cse', '--lower-constant-intrinsics', '--adce', '--slsr', '--gvn-hoist', '--adce', '--loop-simplify', '--dse', '--scalarizer', '--simplifycfg', '--lower-expect', '--simplifycfg', '--elim-avail-extern', '--lower-constant-intrinsics', '--ipsccp', '--gvn', '--nary-reassociate', '--gvn', '--early-cse', '--mem2reg', '--jump-threading', '--globalopt', '--slp-vectorizer', '--instcombine', '--simplifycfg', '--early-cse', '--lower-expect', '--sroa', '--sroa', '--lower-expect', '--aggressive-instcombine']",75,-3.5722821294032485,0.0,-0.7959674294750226,0.0,1,-3.5722821294032485,-0.7959674294750226,0.5008908414855473,-67.00507614213198,12.106006749440409,11.76470588235294,34
2006,"['--ipsccp', '--speculative-execution', '--sccp', '--early-cse', '--mem2reg', '--jump-threading', '--globalopt', '--elim-avail-extern', '--instcombine', '--loop-instsimplify', '--jump-threading', '--gvn', '--simplifycfg', '--instsimplify', '--inline', '--slsr', '--mergefunc', '--gvn-hoist', '--instcombine', '--globalopt', '--elim-avail-extern', '--indvars', '--indvars', '--gvn', '--gvn', '--ipsccp', '--gvn', '--nary-reassociate', '--adce', '--early-cse', '--mem2reg', '--jump-threading', '--globalopt', '--elim-avail-extern', '--loop-interchange', '--instcombine', '--simplifycfg', '--instcombine', '--simplifycfg', '--sroa', '--inferattrs', '--mem2reg', '--globaldce', '--correlated-propagation', '--sccp', '--early-cse', '--lower-constant-intrinsics', '--adce', '--slsr', '--gvn-hoist', '--adce', '--loop-simplify', '--dse', '--scalarizer', '--simplifycfg', '--lower-expect', '--simplifycfg', '--elim-avail-extern', '--lower-constant-intrinsics', '--ipsccp', '--nary-reassociate', '--gvn', '--jump-threading', '--jump-threading', '--globalopt', '--slp-vectorizer', '--instcombine', '--simplifycfg', '--early-cse', '--lower-expect', '--sroa', '--sroa', '--dce', '--sroa', '--lower-expect', '--sroa', '--lower-expect', '--aggressive-instcombine']",78,-3.5722821294032485,0.0,-0.7959674294750226,0.0,1,-3.5722821294032485,-0.7959674294750226,0.5008908414855473,-67.00507614213198,12.106006749440409,11.76470588235294,34
2008,"['--ipsccp', '--speculative-execution', '--sccp', '--early-cse', '--mem2reg', '--jump-threading', '--globalopt', '--elim-avail-extern', '--instcombine', '--loop-instsimplify', '--jump-threading', '--gvn', '--simplifycfg', '--instsimplify', '--inline', '--mergefunc', '--gvn-hoist', '--tailcallelim', '--globalopt', '--elim-avail-extern', '--globalopt', '--indvars', '--indvars', '--gvn', '--gvn', '--ipsccp', '--gvn', '--nary-reassociate', '--adce', '--early-cse', '--mem2reg', '--jump-threading', '--globalopt', '--elim-avail-extern', '--loop-interchange', '--instcombine', '--simplifycfg', '--instcombine', '--simplifycfg', '--sroa', '--inferattrs', '--mem2reg', '--globaldce', '--gvn-hoist', '--sccp', '--early-cse', '--lower-constant-intrinsics', '--adce', '--slsr', '--gvn-hoist', '--adce', '--loop-simplify', '--dse', '--scalarizer', '--simplifycfg', '--lower-expect', '--simplifycfg', '--elim-avail-extern', '--lower-constant-intrinsics', '--ipsccp', '--nary-reassociate', '--gvn', '--jump-threading', '--loop-reroll', '--globalopt', '--slp-vectorizer', '--instcombine', '--simplifycfg', '--early-cse', '--sroa', '--sroa', '--lower-expect', '--aggressive-instcombine']",73,-3.5722821294032485,0.0,-0.7959674294750226,0.0,1,-3.5722821294032485,-0.7959674294750226,0.5008908414855473,-67.00507614213198,12.106006749440409,11.76470588235294,34
1882,"['--ipsccp', '--speculative-execution', '--sccp', '--early-cse', '--mem2reg', '--jump-threading', '--globalopt', '--elim-avail-extern', '--instcombine', '--loop-instsimplify', '--jump-threading', '--gvn', '--simplifycfg', '--instsimplify', '--inline', '--mergefunc', '--gvn-hoist', '--tailcallelim', '--globalopt', '--elim-avail-extern', '--loop-interchange', '--indvars', '--indvars', '--gvn', '--gvn', '--gvn', '--gvn', '--ipsccp', '--gvn', '--nary-reassociate', '--loop-instsimplify', '--early-cse', '--mem2reg', '--jump-threading', '--globalopt', '--elim-avail-extern', '--instcombine', '--simplifycfg', '--sroa', '--mem2reg', '--globaldce', '--gvn-hoist', '--sccp', '--early-cse', '--lower-constant-intrinsics', '--gvn-hoist', '--adce', '--loop-simplify', '--dse', '--scalarizer', '--simplifycfg', '--lower-expect', '--simplifycfg', '--gvn-hoist', '--lower-constant-intrinsics', '--slsr', '--ipsccp', '--gvn', '--nary-reassociate', '--gvn', '--early-cse', '--mem2reg', '--jump-threading', '--globalopt', '--slp-vectorizer', '--instcombine', '--simplifycfg', '--sroa', '--early-cse', '--lower-expect', '--sroa', '--sroa', '--lower-expect', '--simplifycfg', '--aggressive-instcombine']",75,-3.5722821294032485,0.0,-0.7959674294750226,0.0,1,-3.5722821294032485,-0.7959674294750226,0.5008908414855473,-67.00507614213198,12.106006749440409,11.76470588235294,34
1881,"['--ipsccp', '--speculative-execution', '--ipsccp', '--early-cse', '--mem2reg', '--jump-threading', '--globalopt', '--elim-avail-extern', '--instcombine', '--loop-instsimplify', '--jump-threading', '--gvn', '--simplifycfg', '--instsimplify', '--inline', '--mergefunc', '--aggressive-instcombine', '--instcombine', '--globalopt', '--elim-avail-extern', '--indvars', '--indvars', '--gvn', '--gvn', '--sccp', '--gvn', '--ipsccp', '--gvn', '--gvn', '--nary-reassociate', '--loop-instsimplify', '--early-cse', '--loop-fusion', '--jump-threading', '--globalopt', '--elim-avail-extern', '--instcombine', '--simplifycfg', '--sroa', '--mem2reg', '--globaldce', '--gvn-hoist', '--sccp', '--early-cse', '--lower-constant-intrinsics', '--adce', '--slsr', '--gvn-hoist', '--adce', '--loop-simplify', '--dse', '--scalarizer', '--simplifycfg', '--lower-expect', '--simplifycfg', '--elim-avail-extern', '--lower-constant-intrinsics', '--ipsccp', '--gvn', '--nary-reassociate', '--gvn', '--early-cse', '--mem2reg', '--jump-threading', '--globalopt', '--slp-vectorizer', '--instcombine', '--simplifycfg', '--sroa', '--early-cse', '--lower-expect', '--sroa', '--sroa', '--lower-expect', '--gvn-hoist']",75,-3.5722821294032485,0.0,-0.7959674294750226,0.0,1,-3.5722821294032485,-0.7959674294750226,0.5008908414855473,-67.00507614213198,12.106006749440409,11.76470588235294,34
1879,"['--ipsccp', '--speculative-execution', '--sccp', '--early-cse', '--mem2reg', '--jump-threading', '--globalopt', '--elim-avail-extern', '--instcombine', '--adce', '--jump-threading', '--gvn', '--simplifycfg', '--hotcoldsplit', '--inline', '--mergefunc', '--gvn-hoist', '--instcombine', '--globalopt', '--elim-avail-extern', '--indvars', '--indvars', '--gvn-hoist', '--gvn', '--gvn', '--ipsccp', '--gvn', '--nary-reassociate', '--loop-instsimplify', '--early-cse', '--jump-threading', '--globalopt', '--elim-avail-extern', '--instcombine', '--loop-interchange', '--instcombine', '--simplifycfg', '--instcombine', '--simplifycfg', '--sroa', '--inferattrs', '--mem2reg', '--gvn', '--gvn-hoist', '--sccp', '--early-cse', '--lower-constant-intrinsics', '--adce', '--slsr', '--gvn-hoist', '--adce', '--loop-simplify', '--dse', '--scalarizer', '--simplifycfg', '--lower-expect', '--simplifycfg', '--elim-avail-extern', '--lower-constant-intrinsics', '--ipsccp', '--nary-reassociate', '--gvn', '--jump-threading', '--globalopt', '--slp-vectorizer', '--instcombine', '--simplifycfg', '--early-cse', '--lower-expect', '--sroa', '--sroa', '--lower-expect', '--aggressive-instcombine']",73,-3.5722821294032485,0.0,-0.7959674294750226,0.0,1,-3.5722821294032485,-0.7959674294750226,0.5008908414855473,-67.00507614213198,12.106006749440409,11.76470588235294,34
1878,"['--ipsccp', '--speculative-execution', '--sccp', '--early-cse', '--mem2reg', '--jump-threading', '--elim-avail-extern', '--instcombine', '--adce', '--loop-interchange', '--aggressive-instcombine', '--gvn', '--simplifycfg', '--instsimplify', '--inline', '--globaldce', '--gvn-hoist', '--gvn-hoist', '--mergefunc', '--instcombine', '--elim-avail-extern', '--indvars', '--elim-avail-extern', '--indvars', '--nary-reassociate', '--gvn', '--ipsccp', '--gvn', '--nary-reassociate', '--loop-instsimplify', '--early-cse', '--early-cse', '--jump-threading', '--globalopt', '--elim-avail-extern', '--instcombine', '--simplifycfg', '--sroa', '--mem2reg', '--globaldce', '--gvn-hoist', '--sccp', '--mem2reg', '--lower-constant-intrinsics', '--adce', '--slsr', '--gvn-hoist', '--adce', '--loop-simplify', '--dse', '--scalarizer', '--simplifycfg', '--lower-expect', '--simplifycfg', '--elim-avail-extern', '--lower-constant-intrinsics', '--ipsccp', '--gvn', '--gvn', '--gvn', '--early-cse', '--mem2reg', '--jump-threading', '--globalopt', '--slp-vectorizer', '--instcombine', '--simplifycfg', '--early-cse-memssa', '--sroa', '--early-cse', '--lower-expect', '--sroa', '--sroa', '--lower-expect', '--aggressive-instcombine']",75,-3.5722821294032485,0.0,-0.7959674294750226,0.0,1,-3.5722821294032485,-0.7959674294750226,0.5008908414855473,-67.00507614213198,12.106006749440409,11.76470588235294,34
1892,"['--ipsccp', '--speculative-execution', '--sccp', '--early-cse', '--mem2reg', '--jump-threading', '--elim-avail-extern', '--instcombine', '--adce', '--loop-interchange', '--aggressive-instcombine', '--gvn', '--strip', '--simplifycfg', '--instsimplify', '--inline', '--mergefunc', '--gvn-hoist', '--gvn-hoist', '--instcombine', '--globalopt', '--elim-avail-extern', '--indvars', '--elim-avail-extern', '--indvars', '--gvn', '--gvn', '--ipsccp', '--gvn', '--nary-reassociate', '--loop-instsimplify', '--early-cse', '--mem2reg', '--jump-threading', '--globalopt', '--elim-avail-extern', '--instcombine', '--simplifycfg', '--sroa', '--mem2reg', '--globaldce', '--gvn-hoist', '--sccp', '--early-cse', '--lower-constant-intrinsics', '--adce', '--slsr', '--gvn-hoist', '--adce', '--loop-simplify', '--dse', '--scalarizer', '--simplifycfg', '--lower-expect', '--simplifycfg', '--elim-avail-extern', '--lower-constant-intrinsics', '--ipsccp', '--gvn', '--nary-reassociate', '--gvn', '--early-cse', '--mem2reg', '--jump-threading', '--globalopt', '--slp-vectorizer', '--instcombine', '--mem2reg', '--simplifycfg', '--sroa', '--early-cse', '--lower-expect', '--sroa', '--sroa', '--aggressive-instcombine']",75,-3.5722821294032485,0.0,-0.7959674294750226,0.0,1,-3.5722821294032485,-0.7959674294750226,0.5008908414855473,-67.00507614213198,12.106006749440409,11.76470588235294,34
1994,"['--ipsccp', '--speculative-execution', '--sccp', '--early-cse', '--mem2reg', '--jump-threading', '--globalopt', '--elim-avail-extern', '--instcombine', '--loop-instsimplify', '--jump-threading', '--gvn', '--simplifycfg', '--instsimplify', '--inline', '--mergefunc', '--gvn-hoist', '--tailcallelim', '--globalopt', '--elim-avail-extern', '--globalopt', '--indvars', '--indvars', '--gvn', '--gvn', '--ipsccp', '--gvn', '--nary-reassociate', '--loop-sink', '--adce', '--early-cse', '--mem2reg', '--jump-threading', '--globalopt', '--elim-avail-extern', '--loop-interchange', '--instcombine', '--simplifycfg', '--instcombine', '--simplifycfg', '--sroa', '--inferattrs', '--mem2reg', '--gvn-hoist', '--sccp', '--early-cse', '--lower-constant-intrinsics', '--adce', '--nary-reassociate', '--slsr', '--gvn-hoist', '--adce', '--loop-simplify', '--dse', '--scalarizer', '--elim-avail-extern', '--lower-expect', '--simplifycfg', '--elim-avail-extern', '--jump-threading', '--lower-constant-intrinsics', '--ipsccp', '--gvn', '--nary-reassociate', '--gvn', '--early-cse', '--jump-threading', '--globalopt', '--slp-vectorizer', '--instcombine', '--simplifycfg', '--sroa', '--early-cse', '--lower-expect', '--sroa', '--sroa', '--lower-expect', '--aggressive-instcombine']",78,-3.5722821294032485,0.0,-0.7959674294750226,0.0,1,-3.5722821294032485,-0.7959674294750226,0.5008908414855473,-67.00507614213198,12.106006749440409,11.76470588235294,34
1981,"['--ipsccp', '--speculative-execution', '--sccp', '--early-cse', '--mem2reg', '--jump-threading', '--globalopt', '--elim-avail-extern', '--instcombine', '--adce', '--jump-threading', '--gvn', '--simplifycfg', '--instsimplify', '--inline', '--mergefunc', '--gvn-hoist', '--instcombine', '--globalopt', '--elim-avail-extern', '--indvars', '--indvars', '--gvn', '--gvn', '--sccp', '--gvn', '--nary-reassociate', '--adce', '--functionattrs', '--jump-threading', '--globalopt', '--elim-avail-extern', '--instcombine', '--simplifycfg', '--sroa', '--sroa', '--mem2reg', '--globaldce', '--gvn-hoist', '--sccp', '--early-cse', '--lower-constant-intrinsics', '--adce', '--slsr', '--gvn-hoist', '--adce', '--loop-simplify', '--dse', '--scalarizer', '--scalarizer', '--simplifycfg', '--lower-expect', '--simplifycfg', '--lower-expect', '--simplifycfg', '--elim-avail-extern', '--ipsccp', '--gvn', '--nary-reassociate', '--gvn', '--early-cse', '--mem2reg', '--jump-threading', '--globalopt', '--slp-vectorizer', '--instcombine', '--simplifycfg', '--sroa', '--gvn', '--lower-expect', '--sroa', '--sroa', '--lower-expect', '--aggressive-instcombine']",74,-3.5722821294032485,0.0,-0.7959674294750226,0.0,1,-3.5722821294032485,-0.7959674294750226,0.5008908414855473,-67.00507614213198,12.106006749440409,11.76470588235294,34
1985,"['--ipsccp', '--speculative-execution', '--sccp', '--early-cse', '--mem2reg', '--jump-threading', '--globalopt', '--elim-avail-extern', '--instcombine', '--loop-instsimplify', '--jump-threading', '--gvn', '--simplifycfg', '--instsimplify', '--inline', '--mergefunc', '--gvn-hoist', '--instcombine', '--globalopt', '--elim-avail-extern', '--indvars', '--indvars', '--gvn', '--gvn', '--ipsccp', '--gvn', '--nary-reassociate', '--adce', '--early-cse', '--mem2reg', '--jump-threading', '--globalopt', '--elim-avail-extern', '--instcombine', '--simplifycfg', '--sroa', '--mem2reg', '--globaldce', '--gvn-hoist', '--sccp', '--early-cse', '--lower-constant-intrinsics', '--adce', '--slsr', '--gvn-hoist', '--adce', '--loop-simplify', '--dse', '--scalarizer', '--simplifycfg', '--lower-expect', '--simplifycfg', '--gvn-hoist', '--elim-avail-extern', '--lower-constant-intrinsics', '--gvn', '--ipsccp', '--gvn', '--nary-reassociate', '--gvn', '--early-cse', '--mem2reg', '--adce', '--globalopt', '--slp-vectorizer', '--instcombine', '--simplifycfg', '--sroa', '--early-cse', '--lower-expect', '--sroa', '--lower-expect', '--aggressive-instcombine']",73,-3.5722821294032485,0.0,-0.7959674294750226,0.0,1,-3.5722821294032485,-0.7959674294750226,0.5008908414855473,-67.00507614213198,12.106006749440409,11.76470588235294,34
1912,"['--ipsccp', '--speculative-execution', '--sccp', '--early-cse', '--mem2reg', '--jump-threading', '--globalopt', '--elim-avail-extern', '--instcombine', '--adce', '--jump-threading', '--gvn', '--loop-sink', '--simplifycfg', '--instsimplify', '--inline', '--mergefunc', '--gvn-hoist', '--instcombine', '--globalopt', '--elim-avail-extern', '--indvars', '--indvars', '--gvn', '--gvn', '--ipsccp', '--gvn', '--nary-reassociate', '--adce', '--early-cse', '--jump-threading', '--globalopt', '--jump-threading', '--bdce', '--elim-avail-extern', '--instcombine', '--simplifycfg', '--sroa', '--mem2reg', '--globaldce', '--gvn-hoist', '--sccp', '--early-cse', '--lower-constant-intrinsics', '--adce', '--slsr', '--gvn-hoist', '--adce', '--loop-simplify', '--dse', '--scalarizer', '--elim-avail-extern', '--lower-expect', '--simplifycfg', '--elim-avail-extern', '--jump-threading', '--lower-constant-intrinsics', '--ipsccp', '--gvn', '--dce', '--early-cse', '--globalopt', '--slp-vectorizer', '--instcombine', '--simplifycfg', '--sroa', '--early-cse', '--lower-expect', '--sroa', '--sroa', '--lower-expect', '--aggressive-instcombine']",72,-3.5722821294032485,0.0,-0.7959674294750226,0.0,1,-3.5722821294032485,-0.7959674294750226,0.5008908414855473,-67.00507614213198,12.106006749440409,11.76470588235294,34
1983,"['--ipsccp', '--speculative-execution', '--sccp', '--early-cse', '--mem2reg', '--jump-threading', '--globalopt', '--elim-avail-extern', '--instcombine', '--loop-instsimplify', '--jump-threading', '--gvn', '--simplifycfg', '--instsimplify', '--inline', '--mergefunc', '--gvn-hoist', '--instcombine', '--globalopt', '--elim-avail-extern', '--indvars', '--indvars', '--gvn', '--gvn', '--gvn', '--ipsccp', '--gvn', '--nary-reassociate', '--adce', '--early-cse', '--mem2reg', '--jump-threading', '--globalopt', '--elim-avail-extern', '--instcombine', '--simplifycfg', '--simplifycfg', '--sroa', '--mem2reg', '--globaldce', '--gvn-hoist', '--sccp', '--early-cse', '--lower-constant-intrinsics', '--adce', '--slsr', '--gvn-hoist', '--adce', '--loop-simplify', '--gvn-hoist', '--adce', '--loop-simplify', '--dse', '--scalarizer', '--simplifycfg', '--lower-expect', '--simplifycfg', '--elim-avail-extern', '--lower-constant-intrinsics', '--ipsccp', '--nary-reassociate', '--gvn', '--jump-threading', '--globalopt', '--slp-vectorizer', '--instcombine', '--slp-vectorizer', '--dce', '--instcombine', '--simplifycfg', '--sroa', '--early-cse', '--lower-expect', '--sroa', '--sroa', '--lower-expect', '--aggressive-instcombine']",77,-3.5722821294032485,0.0,-0.7959674294750226,0.0,1,-3.5722821294032485,-0.7959674294750226,0.5008908414855473,-67.00507614213198,12.106006749440409,11.76470588235294,34
1911,"['--ipsccp', '--speculative-execution', '--sccp', '--early-cse', '--mem2reg', '--jump-threading', '--elim-avail-extern', '--instcombine', '--adce', '--loop-interchange', '--jump-threading', '--gvn', '--simplifycfg', '--hotcoldsplit', '--inline', '--mergefunc', '--gvn-hoist', '--instcombine', '--globalopt', '--elim-avail-extern', '--indvars', '--indvars', '--gvn-hoist', '--gvn', '--gvn', '--ipsccp', '--gvn', '--nary-reassociate', '--loop-instsimplify', '--early-cse', '--jump-threading', '--globalopt', '--elim-avail-extern', '--instcombine', '--simplifycfg', '--sroa', '--mem2reg', '--globaldce', '--gvn-hoist', '--sccp', '--lower-constant-intrinsics', '--adce', '--gvn', '--slsr', '--gvn-hoist', '--adce', '--loop-simplify', '--adce', '--loop-simplify', '--dse', '--scalarizer', '--simplifycfg', '--lower-expect', '--nary-reassociate', '--elim-avail-extern', '--elim-avail-extern', '--lower-constant-intrinsics', '--gvn', '--ipsccp', '--gvn', '--nary-reassociate', '--gvn', '--early-cse', '--mem2reg', '--jump-threading', '--globalopt', '--slp-vectorizer', '--instcombine', '--simplifycfg', '--sroa', '--early-cse', '--lower-expect', '--sroa', '--lower-expect', '--aggressive-instcombine']",75,-3.5722821294032485,0.0,-0.7959674294750226,0.0,1,-3.5722821294032485,-0.7959674294750226,0.5008908414855473,-67.00507614213198,12.106006749440409,11.76470588235294,34
1910,"['--ipsccp', '--speculative-execution', '--sccp', '--early-cse', '--mem2reg', '--jump-threading', '--globalopt', '--elim-avail-extern', '--instcombine', '--loop-instsimplify', '--jump-threading', '--gvn', '--simplifycfg', '--instsimplify', '--inline', '--mergefunc', '--gvn-hoist', '--tailcallelim', '--globalopt', '--elim-avail-extern', '--loop-interchange', '--indvars', '--indvars', '--gvn', '--gvn', '--gvn', '--gvn', '--ipsccp', '--gvn', '--nary-reassociate', '--loop-instsimplify', '--early-cse', '--mem2reg', '--jump-threading', '--globalopt', '--elim-avail-extern', '--instcombine', '--simplifycfg', '--sroa', '--mem2reg', '--globaldce', '--gvn-hoist', '--sccp', '--early-cse', '--lower-constant-intrinsics', '--adce', '--slsr', '--gvn-hoist', '--adce', '--loop-simplify', '--dse', '--scalarizer', '--simplifycfg', '--lower-expect', '--simplifycfg', '--elim-avail-extern', '--elim-avail-extern', '--lower-constant-intrinsics', '--ipsccp', '--nary-reassociate', '--gvn', '--jump-threading', '--globalopt', '--slp-vectorizer', '--instcombine', '--slp-vectorizer', '--instcombine', '--simplifycfg', '--sroa', '--early-cse', '--lower-expect', '--sroa', '--sroa', '--lower-expect', '--aggressive-instcombine']",75,-3.5722821294032485,0.0,-0.7959674294750226,0.0,1,-3.5722821294032485,-0.7959674294750226,0.5008908414855473,-67.00507614213198,12.106006749440409,11.76470588235294,34
1984,"['--ipsccp', '--speculative-execution', '--sccp', '--early-cse', '--mem2reg', '--jump-threading', '--globalopt', '--elim-avail-extern', '--instcombine', '--loop-instsimplify', '--jump-threading', '--gvn', '--simplifycfg', '--instsimplify', '--inline', '--mergefunc', '--gvn-hoist', '--gvn-hoist', '--instcombine', '--globalopt', '--elim-avail-extern', '--indvars', '--elim-avail-extern', '--indvars', '--gvn', '--gvn', '--ipsccp', '--gvn', '--nary-reassociate', '--loop-instsimplify', '--early-cse', '--mem2reg', '--jump-threading', '--globalopt', '--elim-avail-extern', '--instcombine', '--simplifycfg', '--partially-inline-libcalls', '--simplifycfg', '--sroa', '--mem2reg', '--globaldce', '--gvn-hoist', '--sccp', '--early-cse', '--lower-constant-intrinsics', '--adce', '--slsr', '--gvn-hoist', '--adce', '--loop-simplify', '--dse', '--scalarizer', '--simplifycfg', '--lower-expect', '--simplifycfg', '--elim-avail-extern', '--lower-constant-intrinsics', '--ipsccp', '--gvn', '--nary-reassociate', '--gvn', '--early-cse', '--mem2reg', '--jump-threading', '--globalopt', '--slp-vectorizer', '--instcombine', '--simplifycfg', '--early-cse', '--lower-expect', '--sroa', '--sroa', '--lower-expect', '--aggressive-instcombine']",75,-3.5722821294032485,0.0,-0.7959674294750226,0.0,1,-3.5722821294032485,-0.7959674294750226,0.5008908414855473,-67.00507614213198,12.106006749440409,11.76470588235294,34
1569,"['--ipsccp', '--speculative-execution', '--sccp', '--early-cse', '--mem2reg', '--jump-threading', '--elim-avail-extern', '--instcombine', '--adce', '--loop-interchange', '--aggressive-instcombine', '--gvn', '--simplifycfg', '--instsimplify', '--inline', '--mergefunc', '--gvn-hoist', '--gvn-hoist', '--instcombine', '--globalopt', '--elim-avail-extern', '--indvars', '--elim-avail-extern', '--indvars', '--gvn', '--ipsccp', '--gvn', '--nary-reassociate', '--loop-instsimplify', '--early-cse', '--mem2reg', '--jump-threading', '--globalopt', '--elim-avail-extern', '--instcombine', '--simplifycfg', '--sroa', '--mem2reg', '--globaldce', '--gvn-hoist', '--sccp', '--early-cse', '--lower-constant-intrinsics', '--adce', '--slsr', '--gvn-hoist', '--adce', '--loop-simplify', '--dse', '--scalarizer', '--simplifycfg', '--lower-expect', '--simplifycfg', '--elim-avail-extern', '--lower-constant-intrinsics', '--ipsccp', '--gvn', '--nary-reassociate', '--gvn', '--early-cse', '--mem2reg', '--jump-threading', '--globalopt', '--slp-vectorizer', '--instcombine', '--simplifycfg', '--sroa', '--early-cse', '--lower-expect', '--sroa', '--sroa', '--lower-expect', '--aggressive-instcombine']",73,-3.5722821294032485,0.0,-0.7959674294750226,0.0,1,-3.5722821294032485,-0.7959674294750226,0.5008908414855473,-67.00507614213198,12.106006749440409,11.76470588235294,34
1909,"['--ipsccp', '--speculative-execution', '--sccp', '--early-cse', '--mem2reg', '--jump-threading', '--globalopt', '--elim-avail-extern', '--instcombine', '--loop-instsimplify', '--jump-threading', '--gvn', '--simplifycfg', '--instsimplify', '--inline', '--slsr', '--mergefunc', '--gvn-hoist', '--instcombine', '--globalopt', '--elim-avail-extern', '--indvars', '--indvars', '--gvn', '--gvn', '--ipsccp', '--gvn', '--nary-reassociate', '--adce', '--early-cse', '--mem2reg', '--jump-threading', '--globalopt', '--elim-avail-extern', '--loop-interchange', '--instcombine', '--simplifycfg', '--instcombine', '--simplifycfg', '--sroa', '--inferattrs', '--lower-expect', '--mem2reg', '--globaldce', '--gvn-hoist', '--sccp', '--early-cse', '--lower-constant-intrinsics', '--adce', '--slsr', '--gvn-hoist', '--adce', '--loop-simplify', '--dse', '--scalarizer', '--simplifycfg', '--lower-expect', '--simplifycfg', '--elim-avail-extern', '--lower-constant-intrinsics', '--ipsccp', '--nary-reassociate', '--gvn', '--jump-threading', '--jump-threading', '--globalopt', '--slp-vectorizer', '--instcombine', '--simplifycfg', '--early-cse', '--lower-expect', '--sroa', '--sroa', '--sroa', '--lower-expect', '--aggressive-instcombine']",76,-3.5722821294032485,0.0,-0.7959674294750226,0.0,1,-3.5722821294032485,-0.7959674294750226,0.5008908414855473,-67.00507614213198,12.106006749440409,11.76470588235294,34
1904,"['--ipsccp', '--speculative-execution', '--sccp', '--early-cse', '--mem2reg', '--jump-threading', '--globalopt', '--elim-avail-extern', '--instcombine', '--adce', '--jump-threading', '--gvn', '--simplifycfg', '--hotcoldsplit', '--inline', '--mergefunc', '--gvn-hoist', '--instcombine', '--globalopt', '--elim-avail-extern', '--indvars', '--indvars', '--gvn-hoist', '--gvn', '--gvn', '--ipsccp', '--gvn', '--nary-reassociate', '--loop-instsimplify', '--early-cse', '--mem2reg', '--jump-threading', '--globalopt', '--jump-threading', '--bdce', '--elim-avail-extern', '--instcombine', '--simplifycfg', '--sroa', '--mem2reg', '--globaldce', '--gvn-hoist', '--sccp', '--early-cse', '--lower-constant-intrinsics', '--lower-constant-intrinsics', '--adce', '--slsr', '--gvn-hoist', '--adce', '--loop-simplify', '--dse', '--scalarizer', '--simplifycfg', '--lower-expect', '--simplifycfg', '--lower-constant-intrinsics', '--ipsccp', '--gvn', '--nary-reassociate', '--gvn', '--early-cse', '--mem2reg', '--jump-threading', '--globalopt', '--slp-vectorizer', '--instcombine', '--simplifycfg', '--early-cse', '--lower-expect', '--sroa', '--sroa', '--lower-expect', '--aggressive-instcombine']",74,-3.5722821294032485,0.0,-0.7959674294750226,0.0,1,-3.5722821294032485,-0.7959674294750226,0.5008908414855473,-67.00507614213198,12.106006749440409,11.76470588235294,34
1902,"['--ipsccp', '--speculative-execution', '--sccp', '--early-cse', '--mem2reg', '--jump-threading', '--globalopt', '--elim-avail-extern', '--instcombine', '--loop-instsimplify', '--jump-threading', '--gvn', '--simplifycfg', '--instsimplify', '--inline', '--slsr', '--mergefunc', '--instcombine', '--globalopt', '--elim-avail-extern', '--indvars', '--indvars', '--gvn', '--gvn', '--ipsccp', '--globaldce', '--nary-reassociate', '--adce', '--early-cse', '--mem2reg', '--jump-threading', '--globalopt', '--elim-avail-extern', '--loop-interchange', '--instcombine', '--simplifycfg', '--instcombine', '--simplifycfg', '--sroa', '--inferattrs', '--mem2reg', '--gvn', '--gvn-hoist', '--sccp', '--early-cse', '--lower-constant-intrinsics', '--adce', '--slsr', '--gvn-hoist', '--adce', '--loop-simplify', '--dse', '--scalarizer', '--simplifycfg', '--lower-expect', '--simplifycfg', '--elim-avail-extern', '--lower-constant-intrinsics', '--ipsccp', '--nary-reassociate', '--gvn', '--jump-threading', '--globalopt', '--slp-vectorizer', '--instcombine', '--simplifycfg', '--early-cse', '--lower-expect', '--sroa', '--sroa', '--lower-expect', '--aggressive-instcombine']",72,-3.5722821294032485,0.0,-0.7959674294750226,0.0,1,-3.5722821294032485,-0.7959674294750226,0.5008908414855473,-67.00507614213198,12.106006749440409,11.76470588235294,34
1895,"['--ipsccp', '--speculative-execution', '--sccp', '--early-cse', '--mem2reg', '--jump-threading', '--globalopt', '--elim-avail-extern', '--instcombine', '--loop-instsimplify', '--jump-threading', '--gvn', '--simplifycfg', '--instsimplify', '--inline', '--mergefunc', '--gvn-hoist', '--instcombine', '--globalopt', '--elim-avail-extern', '--indvars', '--indvars', '--simple-loop-unswitch', '--ipsccp', '--gvn', '--nary-reassociate', '--adce', '--early-cse', '--mem2reg', '--jump-threading', '--globalopt', '--elim-avail-extern', '--instcombine', '--simplifycfg', '--sroa', '--simplifycfg', '--sroa', '--mem2reg', '--globaldce', '--gvn-hoist', '--sccp', '--early-cse', '--lower-constant-intrinsics', '--adce', '--slsr', '--gvn-hoist', '--adce', '--loop-simplify', '--dse', '--scalarizer', '--simplifycfg', '--lower-expect', '--simplifycfg', '--gvn-hoist', '--elim-avail-extern', '--lower-constant-intrinsics', '--gvn', '--ipsccp', '--gvn', '--nary-reassociate', '--gvn', '--mem2reg', '--jump-threading', '--globalopt', '--slp-vectorizer', '--instcombine', '--simplifycfg', '--sroa', '--early-cse', '--lower-expect', '--sroa', '--sroa', '--lower-expect', '--aggressive-instcombine']",74,-3.5722821294032485,0.0,-0.7959674294750226,0.0,1,-3.5722821294032485,-0.7959674294750226,0.5008908414855473,-67.00507614213198,12.106006749440409,11.76470588235294,34
1987,"['--ipsccp', '--speculative-execution', '--sccp', '--early-cse', '--mem2reg', '--jump-threading', '--elim-avail-extern', '--instcombine', '--loop-simplify', '--loop-interchange', '--aggressive-instcombine', '--gvn', '--simplifycfg', '--instsimplify', '--inline', '--mergefunc', '--gvn-hoist', '--gvn-hoist', '--instcombine', '--globalopt', '--elim-avail-extern', '--indvars', '--elim-avail-extern', '--indvars', '--gvn', '--gvn', '--ipsccp', '--gvn', '--nary-reassociate', '--loop-instsimplify', '--early-cse', '--mem2reg', '--jump-threading', '--globalopt', '--elim-avail-extern', '--instcombine', '--simplifycfg', '--sroa', '--gvn-hoist', '--sccp', '--early-cse', '--lower-constant-intrinsics', '--adce', '--slsr', '--gvn-hoist', '--adce', '--adce', '--adce', '--loop-simplify', '--dse', '--scalarizer', '--simplifycfg', '--lower-expect', '--nary-reassociate', '--elim-avail-extern', '--lower-constant-intrinsics', '--gvn', '--nary-reassociate', '--gvn', '--early-cse', '--mem2reg', '--jump-threading', '--globalopt', '--slp-vectorizer', '--instcombine', '--simplifycfg', '--sroa', '--early-cse', '--lower-expect', '--sroa', '--lower-expect', '--simplifycfg', '--aggressive-instcombine']",73,-3.5722821294032485,0.0,-0.7959674294750226,0.0,1,-3.5722821294032485,-0.7959674294750226,0.5008908414855473,-67.00507614213198,12.106006749440409,11.76470588235294,34
1901,"['--ipsccp', '--speculative-execution', '--sccp', '--early-cse', '--mem2reg', '--jump-threading', '--elim-avail-extern', '--instcombine', '--loop-instsimplify', '--jump-threading', '--gvn', '--simplifycfg', '--instsimplify', '--inline', '--slsr', '--mergefunc', '--gvn-hoist', '--instcombine', '--globalopt', '--elim-avail-extern', '--indvars', '--indvars', '--gvn', '--gvn', '--ipsccp', '--globaldce', '--nary-reassociate', '--adce', '--early-cse', '--mem2reg', '--jump-threading', '--globalopt', '--elim-avail-extern', '--loop-interchange', '--instcombine', '--simplifycfg', '--instcombine', '--simplifycfg', '--sroa', '--inferattrs', '--mem2reg', '--gvn', '--gvn-hoist', '--sccp', '--early-cse', '--lower-constant-intrinsics', '--adce', '--slsr', '--gvn-hoist', '--adce', '--loop-simplify', '--dse', '--scalarizer', '--simplifycfg', '--lower-expect', '--simplifycfg', '--elim-avail-extern', '--lower-constant-intrinsics', '--ipsccp', '--nary-reassociate', '--gvn', '--jump-threading', '--globalopt', '--slp-vectorizer', '--instcombine', '--simplifycfg', '--early-cse', '--lower-expect', '--sroa', '--sroa', '--lower-expect', '--aggressive-instcombine']",72,-3.5722821294032485,0.0,-0.7959674294750226,0.0,1,-3.5722821294032485,-0.7959674294750226,0.5008908414855473,-67.00507614213198,12.106006749440409,11.76470588235294,34
1899,"['--ipsccp', '--speculative-execution', '--sccp', '--early-cse', '--mem2reg', '--jump-threading', '--globalopt', '--elim-avail-extern', '--instcombine', '--loop-instsimplify', '--jump-threading', '--gvn', '--simplifycfg', '--instsimplify', '--inline', '--mergefunc', '--gvn-hoist', '--instcombine', '--globalopt', '--elim-avail-extern', '--indvars', '--indvars', '--elim-avail-extern', '--indvars', '--gvn', '--gvn', '--nary-reassociate', '--gvn', '--nary-reassociate', '--loop-instsimplify', '--early-cse', '--mem2reg', '--jump-threading', '--globalopt', '--elim-avail-extern', '--instcombine', '--simplifycfg', '--sroa', '--mem2reg', '--globaldce', '--gvn-hoist', '--sccp', '--early-cse', '--lower-constant-intrinsics', '--adce', '--slsr', '--gvn-hoist', '--adce', '--loop-simplify', '--dse', '--scalarizer', '--simplifycfg', '--lower-expect', '--simplifycfg', '--elim-avail-extern', '--lower-constant-intrinsics', '--ipsccp', '--gvn', '--nary-reassociate', '--gvn', '--early-cse', '--mem2reg', '--jump-threading', '--globalopt', '--slp-vectorizer', '--instcombine', '--simplifycfg', '--sroa', '--early-cse', '--lower-expect', '--sroa', '--sroa', '--lower-expect', '--aggressive-instcombine']",74,-3.5722821294032485,0.0,-0.7959674294750226,0.0,1,-3.5722821294032485,-0.7959674294750226,0.5008908414855473,-67.00507614213198,12.106006749440409,11.76470588235294,34
1897,"['--ipsccp', '--speculative-execution', '--sccp', '--early-cse', '--mem2reg', '--jump-threading', '--globalopt', '--elim-avail-extern', '--instcombine', '--sccp', '--loop-instsimplify', '--jump-threading', '--gvn', '--simplifycfg', '--instsimplify', '--inline', '--mergefunc', '--gvn-hoist', '--instcombine', '--globalopt', '--elim-avail-extern', '--indvars', '--indvars', '--gvn', '--gvn', '--ipsccp', '--gvn', '--ipsccp', '--gvn', '--nary-reassociate', '--adce', '--early-cse', '--mem2reg', '--jump-threading', '--globalopt', '--elim-avail-extern', '--instcombine', '--simplifycfg', '--sroa', '--mem2reg', '--globaldce', '--gvn-hoist', '--sccp', '--early-cse', '--lower-constant-intrinsics', '--slsr', '--gvn-hoist', '--adce', '--adce', '--loop-simplify', '--dse', '--scalarizer', '--simplifycfg', '--lower-expect', '--simplifycfg', '--sccp', '--elim-avail-extern', '--lower-constant-intrinsics', '--gvn', '--nary-reassociate', '--adce', '--early-cse', '--mergefunc', '--jump-threading', '--globalopt', '--slp-vectorizer', '--instcombine', '--simplifycfg', '--sroa', '--early-cse', '--lower-expect', '--sroa', '--sroa', '--lower-expect', '--aggressive-instcombine']",75,-3.5722821294032485,0.0,-0.7959674294750226,0.0,1,-3.5722821294032485,-0.7959674294750226,0.5008908414855473,-67.00507614213198,12.106006749440409,11.76470588235294,34
1989,"['--ipsccp', '--speculative-execution', '--sccp', '--early-cse', '--mem2reg', '--jump-threading', '--globalopt', '--elim-avail-extern', '--instcombine', '--loop-instsimplify', '--jump-threading', '--gvn', '--simplifycfg', '--hotcoldsplit', '--inline', '--mergefunc', '--gvn-hoist', '--loop-vectorize', '--elim-avail-extern', '--globalopt', '--instcombine', '--indvars', '--indvars', '--gvn-hoist', '--gvn', '--gvn', '--gvn', '--ipsccp', '--gvn', '--nary-reassociate', '--loop-instsimplify', '--early-cse', '--mem2reg', '--memcpyopt', '--globalopt', '--jump-threading', '--bdce', '--elim-avail-extern', '--instcombine', '--simplifycfg', '--sroa', '--lower-constant-intrinsics', '--adce', '--slsr', '--gvn-hoist', '--adce', '--loop-simplify', '--adce', '--loop-simplify', '--dse', '--scalarizer', '--scalarizer', '--simplifycfg', '--lower-expect', '--simplifycfg', '--elim-avail-extern', '--lower-constant-intrinsics', '--ipsccp', '--gvn', '--nary-reassociate', '--gvn', '--early-cse', '--loop-guard-widening', '--jump-threading', '--globalopt', '--slp-vectorizer', '--instcombine', '--slp-vectorizer', '--instcombine', '--simplifycfg', '--sroa', '--early-cse', '--lower-expect', '--sroa', '--lower-expect', '--aggressive-instcombine']",76,-3.5722821294032485,0.0,-0.7959674294750226,0.0,1,-3.5722821294032485,-0.7959674294750226,0.5008908414855473,-67.00507614213198,12.106006749440409,11.76470588235294,34
1991,"['--ipsccp', '--speculative-execution', '--sccp', '--early-cse', '--mem2reg', '--jump-threading', '--elim-avail-extern', '--instcombine', '--adce', '--loop-interchange', '--aggressive-instcombine', '--gvn', '--simple-loop-unswitch', '--simplifycfg', '--instsimplify', '--inline', '--mergefunc', '--gvn-hoist', '--gvn-hoist', '--instcombine', '--globalopt', '--elim-avail-extern', '--indvars', '--elim-avail-extern', '--indvars', '--nary-reassociate', '--gvn', '--ipsccp', '--gvn', '--loop-instsimplify', '--early-cse', '--mem2reg', '--hotcoldsplit', '--jump-threading', '--globalopt', '--elim-avail-extern', '--instcombine', '--simplifycfg', '--sroa', '--mem2reg', '--globaldce', '--gvn-hoist', '--sccp', '--early-cse', '--lower-constant-intrinsics', '--adce', '--slsr', '--loop-interchange', '--gvn-hoist', '--adce', '--dse', '--scalarizer', '--simplifycfg', '--lower-expect', '--simplifycfg', '--elim-avail-extern', '--lower-constant-intrinsics', '--ipsccp', '--gvn', '--nary-reassociate', '--gvn', '--early-cse', '--mem2reg', '--jump-threading', '--globalopt', '--slp-vectorizer', '--instcombine', '--simplifycfg', '--early-cse', '--lower-expect', '--sroa', '--sroa', '--lower-expect', '--aggressive-instcombine']",74,-3.5722821294032485,0.0,-0.7959674294750226,0.0,1,-3.5722821294032485,-0.7959674294750226,0.5008908414855473,-67.00507614213198,12.106006749440409,11.76470588235294,34
1896,"['--ipsccp', '--speculative-execution', '--sccp', '--early-cse', '--mem2reg', '--jump-threading', '--globalopt', '--elim-avail-extern', '--instcombine', '--adce', '--jump-threading', '--gvn', '--simplifycfg', '--instsimplify', '--inline', '--mergefunc', '--gvn-hoist', '--instcombine', '--globalopt', '--elim-avail-extern', '--indvars', '--indvars', '--gvn', '--gvn', '--ipsccp', '--nary-reassociate', '--loop-instsimplify', '--early-cse', '--mem2reg', '--jump-threading', '--globalopt', '--jump-threading', '--bdce', '--elim-avail-extern', '--instcombine', '--simplifycfg', '--sroa', '--mem2reg', '--globaldce', '--gvn-hoist', '--sccp', '--early-cse', '--lower-constant-intrinsics', '--adce', '--slsr', '--gvn-hoist', '--adce', '--loop-simplify', '--dse', '--scalarizer', '--simplifycfg', '--lower-expect', '--simplifycfg', '--elim-avail-extern', '--lower-constant-intrinsics', '--ipsccp', '--gvn', '--nary-reassociate', '--gvn', '--early-cse', '--mem2reg', '--jump-threading', '--globalopt', '--slp-vectorizer', '--instcombine', '--simplifycfg', '--sroa', '--early-cse', '--lower-expect', '--sroa', '--sroa', '--lower-expect', '--aggressive-instcombine']",73,-3.5722821294032485,0.0,-0.7959674294750226,0.0,1,-3.5722821294032485,-0.7959674294750226,0.5008908414855473,-67.00507614213198,12.106006749440409,11.76470588235294,34
1993,"['--ipsccp', '--speculative-execution', '--sccp', '--early-cse', '--mem2reg', '--jump-threading', '--globalopt', '--elim-avail-extern', '--instcombine', '--adce', '--loop-instsimplify', '--jump-threading', '--gvn', '--simplifycfg', '--instsimplify', '--inline', '--mergefunc', '--gvn-hoist', '--instcombine', '--globalopt', '--indvars', '--indvars', '--gvn', '--gvn', '--ipsccp', '--gvn', '--nary-reassociate', '--adce', '--early-cse', '--mem2reg', '--jump-threading', '--correlated-propagation', '--elim-avail-extern', '--instcombine', '--simplifycfg', '--sroa', '--mem2reg', '--globaldce', '--gvn-hoist', '--sccp', '--early-cse', '--lower-constant-intrinsics', '--adce', '--slsr', '--gvn-hoist', '--adce', '--loop-simplify', '--sroa', '--loop-simplify', '--dse', '--scalarizer', '--simplifycfg', '--lower-expect', '--nary-reassociate', '--elim-avail-extern', '--lower-constant-intrinsics', '--ipsccp', '--loop-simplify', '--nary-reassociate', '--gvn', '--early-cse', '--mem2reg', '--jump-threading', '--globalopt', '--slp-vectorizer', '--instcombine', '--sroa', '--sroa', '--early-cse', '--lower-expect', '--simplifycfg', '--sroa', '--lower-expect', '--simplifycfg', '--aggressive-instcombine']",75,-3.5722821294032485,0.0,-0.7959674294750226,0.0,1,-3.5722821294032485,-0.7959674294750226,0.5008908414855473,-67.00507614213198,12.106006749440409,11.76470588235294,34
2004,"['--ipsccp', '--speculative-execution', '--sccp', '--early-cse', '--mem2reg', '--jump-threading', '--globalopt', '--elim-avail-extern', '--instcombine', '--loop-instsimplify', '--jump-threading', '--gvn', '--simplifycfg', '--instsimplify', '--inline', '--mergefunc', '--gvn-hoist', '--loop-vectorize', '--instcombine', '--globalopt', '--elim-avail-extern', '--indvars', '--indvars', '--gvn-hoist', '--gvn', '--gvn', '--ipsccp', '--gvn', '--nary-reassociate', '--loop-instsimplify', '--early-cse', '--mem2reg', '--memcpyopt', '--globalopt', '--jump-threading', '--bdce', '--elim-avail-extern', '--instcombine', '--simplifycfg', '--sroa', '--lower-constant-intrinsics', '--adce', '--slsr', '--gvn-hoist', '--adce', '--loop-simplify', '--adce', '--loop-simplify', '--dse', '--scalarizer', '--scalarizer', '--simplifycfg', '--lower-expect', '--elim-avail-extern', '--lower-constant-intrinsics', '--ipsccp', '--mem2reg', '--nary-reassociate', '--gvn', '--early-cse', '--mem2reg', '--jump-threading', '--globalopt', '--slp-vectorizer', '--instcombine', '--slp-vectorizer', '--instcombine', '--simplifycfg', '--sroa', '--early-cse', '--lower-expect', '--sroa', '--lower-expect', '--aggressive-instcombine']",74,-3.5722821294032485,0.0,-0.7959674294750226,0.0,1,-3.5722821294032485,-0.7959674294750226,0.5008908414855473,-67.00507614213198,12.106006749440409,11.76470588235294,34
1732,"['--simplifycfg', '--speculative-execution', '--sccp', '--early-cse', '--mem2reg', '--jump-threading', '--elim-avail-extern', '--instcombine', '--adce', '--loop-interchange', '--aggressive-instcombine', '--gvn', '--simplifycfg', '--instsimplify', '--inline', '--mergefunc', '--gvn-hoist', '--gvn-hoist', '--instcombine', '--globalopt', '--elim-avail-extern', '--indvars', '--elim-avail-extern', '--indvars', '--gvn', '--gvn', '--ipsccp', '--gvn', '--nary-reassociate', '--loop-instsimplify', '--early-cse', '--mem2reg', '--jump-threading', '--globalopt', '--elim-avail-extern', '--instcombine', '--ipsccp', '--sroa', '--inferattrs', '--mem2reg', '--globaldce', '--gvn-hoist', '--sccp', '--early-cse', '--lower-constant-intrinsics', '--adce', '--slsr', '--gvn-hoist', '--adce', '--loop-simplify', '--dse', '--scalarizer', '--lower-expect', '--simplifycfg', '--elim-avail-extern', '--lower-constant-intrinsics', '--ipsccp', '--gvn', '--nary-reassociate', '--adce', '--early-cse', '--mem2reg', '--jump-threading', '--globalopt', '--slp-vectorizer', '--instcombine', '--simplifycfg', '--early-cse', '--lower-expect', '--sroa', '--sroa', '--lower-expect', '--aggressive-instcombine']",73,-3.5722821294032485,0.0,-0.7959674294750226,0.0,1,-3.5722821294032485,-0.7959674294750226,0.5008908414855473,-67.00507614213198,12.106006749440409,11.76470588235294,34
1571,"['--ipsccp', '--speculative-execution', '--sccp', '--early-cse', '--mem2reg', '--jump-threading', '--globalopt', '--elim-avail-extern', '--instcombine', '--adce', '--jump-threading', '--gvn', '--simplifycfg', '--loop-unroll-and-jam', '--instsimplify', '--inline', '--gvn-hoist', '--mergefunc', '--gvn-hoist', '--globalopt', '--elim-avail-extern', '--indvars', '--elim-avail-extern', '--indvars', '--ipsccp', '--gvn', '--nary-reassociate', '--loop-instsimplify', '--early-cse', '--mem2reg', '--jump-threading', '--globalopt', '--jump-threading', '--bdce', '--elim-avail-extern', '--loop-unroll', '--instcombine', '--simplifycfg', '--sroa', '--mem2reg', '--globaldce', '--gvn-hoist', '--sccp', '--early-cse', '--lower-constant-intrinsics', '--adce', '--slsr', '--gvn-hoist', '--adce', '--loop-simplify', '--dse', '--scalarizer', '--simplifycfg', '--lower-expect', '--simplifycfg', '--elim-avail-extern', '--lower-constant-intrinsics', '--ipsccp', '--gvn', '--nary-reassociate', '--gvn', '--early-cse', '--mem2reg', '--jump-threading', '--globalopt', '--slp-vectorizer', '--instcombine', '--simplifycfg', '--sroa', '--early-cse', '--lower-expect', '--sroa', '--sroa', '--lower-expect', '--aggressive-instcombine']",75,-3.5722821294032485,0.0,-0.7959674294750226,0.0,1,-3.5722821294032485,-0.7959674294750226,0.5008908414855473,-67.00507614213198,12.106006749440409,11.76470588235294,34
1777,"['--ipsccp', '--speculative-execution', '--sccp', '--early-cse', '--mem2reg', '--jump-threading', '--globalopt', '--elim-avail-extern', '--instcombine', '--loop-instsimplify', '--jump-threading', '--gvn', '--simplifycfg', '--instsimplify', '--inline', '--mergefunc', '--gvn-hoist', '--tailcallelim', '--globalopt', '--elim-avail-extern', '--loop-interchange', '--indvars', '--indvars', '--gvn', '--gvn', '--gvn', '--gvn', '--ipsccp', '--gvn', '--nary-reassociate', '--loop-instsimplify', '--early-cse', '--mem2reg', '--jump-threading', '--globalopt', '--elim-avail-extern', '--instcombine', '--simplifycfg', '--sroa', '--mem2reg', '--globaldce', '--gvn-hoist', '--sccp', '--early-cse', '--lower-constant-intrinsics', '--adce', '--slsr', '--gvn-hoist', '--adce', '--loop-simplify', '--dse', '--scalarizer', '--simplifycfg', '--lower-expect', '--simplifycfg', '--elim-avail-extern', '--lower-constant-intrinsics', '--ipsccp', '--gvn', '--nary-reassociate', '--gvn', '--early-cse', '--mem2reg', '--jump-threading', '--globalopt', '--slp-vectorizer', '--instcombine', '--simplifycfg', '--early-cse', '--lower-expect', '--sroa', '--sroa', '--lower-expect', '--aggressive-instcombine']",74,-3.5722821294032485,0.0,-0.7959674294750226,0.0,1,-3.5722821294032485,-0.7959674294750226,0.5008908414855473,-67.00507614213198,12.106006749440409,11.76470588235294,34
1775,"['--ipsccp', '--speculative-execution', '--sccp', '--early-cse', '--mergefunc', '--ipsccp', '--mem2reg', '--jump-threading', '--globalopt', '--elim-avail-extern', '--instcombine', '--loop-instsimplify', '--jump-threading', '--gvn', '--simplifycfg', '--instsimplify', '--inline', '--mergefunc', '--gvn-hoist', '--instcombine', '--globalopt', '--elim-avail-extern', '--indvars', '--indvars', '--gvn', '--gvn', '--ipsccp', '--gvn', '--gvn', '--nary-reassociate', '--loop-instsimplify', '--early-cse', '--loop-fusion', '--jump-threading', '--globalopt', '--elim-avail-extern', '--instcombine', '--simplifycfg', '--sroa', '--mem2reg', '--globaldce', '--gvn-hoist', '--sccp', '--early-cse', '--lower-constant-intrinsics', '--adce', '--slsr', '--gvn-hoist', '--adce', '--loop-simplify', '--dse', '--scalarizer', '--simplifycfg', '--lower-expect', '--simplifycfg', '--elim-avail-extern', '--lower-constant-intrinsics', '--ipsccp', '--gvn', '--gvn', '--early-cse', '--mem2reg', '--jump-threading', '--globalopt', '--slp-vectorizer', '--instcombine', '--simplifycfg', '--sroa', '--early-cse', '--lower-expect', '--sroa', '--sroa', '--lower-expect', '--aggressive-instcombine']",74,-3.5722821294032485,0.0,-0.7959674294750226,0.0,1,-3.5722821294032485,-0.7959674294750226,0.5008908414855473,-67.00507614213198,12.106006749440409,11.76470588235294,34
1691,"['--ipsccp', '--speculative-execution', '--sccp', '--early-cse', '--mem2reg', '--jump-threading', '--globalopt', '--elim-avail-extern', '--instcombine', '--loop-instsimplify', '--jump-threading', '--gvn', '--simplifycfg', '--instsimplify', '--inline', '--mergefunc', '--gvn-hoist', '--instcombine', '--globalopt', '--elim-avail-extern', '--indvars', '--indvars', '--gvn', '--ipsccp', '--gvn', '--nary-reassociate', '--adce', '--early-cse', '--mem2reg', '--jump-threading', '--globalopt', '--elim-avail-extern', '--instcombine', '--simplifycfg', '--sroa', '--simplifycfg', '--sroa', '--mem2reg', '--globaldce', '--gvn-hoist', '--sccp', '--early-cse', '--lower-constant-intrinsics', '--adce', '--slsr', '--gvn-hoist', '--adce', '--loop-simplify', '--dse', '--scalarizer', '--simplifycfg', '--lower-expect', '--simplifycfg', '--gvn-hoist', '--elim-avail-extern', '--lower-constant-intrinsics', '--gvn', '--ipsccp', '--gvn', '--nary-reassociate', '--gvn', '--early-cse', '--mem2reg', '--jump-threading', '--globalopt', '--slp-vectorizer', '--instcombine', '--simplifycfg', '--sroa', '--early-cse', '--lower-expect', '--sroa', '--lower-expect', '--aggressive-instcombine']",74,-3.5722821294032485,0.0,-0.7959674294750226,0.0,1,-3.5722821294032485,-0.7959674294750226,0.5008908414855473,-67.00507614213198,12.106006749440409,11.76470588235294,34
1693,"['--ipsccp', '--speculative-execution', '--sccp', '--early-cse', '--mem2reg', '--globalopt', '--elim-avail-extern', '--instcombine', '--loop-instsimplify', '--jump-threading', '--gvn', '--simplifycfg', '--instsimplify', '--inline', '--mergefunc', '--gvn-hoist', '--instcombine', '--globalopt', '--elim-avail-extern', '--indvars', '--indvars', '--elim-avail-extern', '--indvars', '--gvn', '--loop-guard-widening', '--gvn', '--ipsccp', '--gvn', '--nary-reassociate', '--loop-instsimplify', '--early-cse', '--mem2reg', '--jump-threading', '--globalopt', '--elim-avail-extern', '--instcombine', '--simplifycfg', '--sroa', '--mem2reg', '--globaldce', '--gvn-hoist', '--sccp', '--early-cse', '--lower-constant-intrinsics', '--adce', '--slsr', '--gvn-hoist', '--slsr', '--gvn-hoist', '--adce', '--loop-simplify', '--dse', '--scalarizer', '--simplifycfg', '--lower-expect', '--simplifycfg', '--elim-avail-extern', '--lower-constant-intrinsics', '--ipsccp', '--gvn', '--nary-reassociate', '--gvn', '--early-cse', '--mem2reg', '--jump-threading', '--globalopt', '--slp-vectorizer', '--instcombine', '--simplifycfg', '--sroa', '--early-cse', '--lower-expect', '--sroa', '--sroa', '--lower-expect', '--aggressive-instcombine']",76,-3.5722821294032485,0.0,-0.7959674294750226,0.0,1,-3.5722821294032485,-0.7959674294750226,0.5008908414855473,-67.00507614213198,12.106006749440409,11.76470588235294,34
1806,"['--ipsccp', '--speculative-execution', '--sccp', '--early-cse', '--mem2reg', '--jump-threading', '--globalopt', '--elim-avail-extern', '--instcombine', '--loop-instsimplify', '--jump-threading', '--gvn', '--simplifycfg', '--instsimplify', '--inline', '--mergefunc', '--gvn-hoist', '--instcombine', '--globalopt', '--elim-avail-extern', '--indvars', '--indvars', '--gvn', '--gvn', '--ipsccp', '--gvn', '--ipsccp', '--gvn', '--nary-reassociate', '--loop-instsimplify', '--early-cse', '--mem2reg', '--jump-threading', '--globalopt', '--elim-avail-extern', '--instcombine', '--simplifycfg', '--sroa', '--mem2reg', '--globaldce', '--newgvn', '--sccp', '--early-cse', '--lower-constant-intrinsics', '--adce', '--slsr', '--gvn-hoist', '--adce', '--loop-simplify', '--dse', '--scalarizer', '--simplifycfg', '--lower-expect', '--simplifycfg', '--elim-avail-extern', '--lower-constant-intrinsics', '--ipsccp', '--gvn', '--nary-reassociate', '--gvn', '--early-cse', '--mem2reg', '--jump-threading', '--globalopt', '--slp-vectorizer', '--instcombine', '--slp-vectorizer', '--instcombine', '--simplifycfg', '--sroa', '--early-cse', '--lower-expect', '--sroa', '--lower-expect', '--aggressive-instcombine']",75,-3.5722821294032485,0.0,-0.7959674294750226,0.0,1,-3.5722821294032485,-0.7959674294750226,0.5008908414855473,-67.00507614213198,12.106006749440409,11.76470588235294,34
1773,"['--ipsccp', '--speculative-execution', '--sccp', '--early-cse', '--mem2reg', '--jump-threading', '--elim-avail-extern', '--instcombine', '--adce', '--loop-interchange', '--aggressive-instcombine', '--gvn', '--simplifycfg', '--instsimplify', '--inline', '--mergefunc', '--gvn-hoist', '--gvn-hoist', '--instcombine', '--globalopt', '--elim-avail-extern', '--indvars', '--elim-avail-extern', '--indvars', '--gvn', '--gvn', '--ipsccp', '--gvn', '--nary-reassociate', '--loop-instsimplify', '--early-cse', '--mem2reg', '--jump-threading', '--globalopt', '--elim-avail-extern', '--instcombine', '--simplifycfg', '--sroa', '--mem2reg', '--globaldce', '--gvn-hoist', '--sccp', '--early-cse', '--lower-constant-intrinsics', '--adce', '--slsr', '--gvn-hoist', '--adce', '--loop-simplify', '--dse', '--scalarizer', '--simplifycfg', '--lower-expect', '--simplifycfg', '--elim-avail-extern', '--lower-constant-intrinsics', '--ipsccp', '--gvn', '--nary-reassociate', '--gvn', '--early-cse', '--mem2reg', '--jump-threading', '--globalopt', '--slp-vectorizer', '--instcombine', '--simplifycfg', '--early-cse-memssa', '--sroa', '--early-cse', '--lower-expect', '--sroa', '--sroa', '--lower-expect', '--aggressive-instcombine']",75,-3.5722821294032485,0.0,-0.7959674294750226,0.0,1,-3.5722821294032485,-0.7959674294750226,0.5008908414855473,-67.00507614213198,12.106006749440409,11.76470588235294,34
1695,"['--ipsccp', '--speculative-execution', '--sccp', '--early-cse', '--mem2reg', '--mem2reg', '--jump-threading', '--globalopt', '--elim-avail-extern', '--instcombine', '--loop-instsimplify', '--jump-threading', '--gvn', '--simplifycfg', '--instsimplify', '--inline', '--mergefunc', '--gvn-hoist', '--instcombine', '--globalopt', '--elim-avail-extern', '--indvars', '--indvars', '--gvn', '--gvn', '--ipsccp', '--gvn', '--nary-reassociate', '--adce', '--early-cse', '--mem2reg', '--jump-threading', '--globalopt', '--elim-avail-extern', '--instcombine', '--simplifycfg', '--sroa', '--mem2reg', '--globaldce', '--gvn-hoist', '--sccp', '--early-cse', '--lower-constant-intrinsics', '--adce', '--slsr', '--gvn-hoist', '--adce', '--loop-simplify', '--dse', '--scalarizer', '--simplifycfg', '--lower-expect', '--simplifycfg', '--gvn-hoist', '--simplifycfg', '--elim-avail-extern', '--lower-constant-intrinsics', '--ipsccp', '--gvn', '--nary-reassociate', '--elim-avail-extern', '--early-cse', '--mem2reg', '--jump-threading', '--globalopt', '--slp-vectorizer', '--instcombine', '--simplifycfg', '--sroa', '--early-cse', '--lower-expect', '--sroa', '--sroa', '--lower-expect', '--aggressive-instcombine']",75,-3.5722821294032485,0.0,-0.7959674294750226,0.0,1,-3.5722821294032485,-0.7959674294750226,0.5008908414855473,-67.00507614213198,12.106006749440409,11.76470588235294,34
1818,"['--ipsccp', '--speculative-execution', '--sccp', '--early-cse', '--mem2reg', '--jump-threading', '--globalopt', '--elim-avail-extern', '--instcombine', '--loop-instsimplify', '--jump-threading', '--gvn', '--simplifycfg', '--instsimplify', '--inline', '--slsr', '--mergefunc', '--gvn-hoist', '--instcombine', '--globalopt', '--elim-avail-extern', '--indvars', '--indvars', '--gvn', '--gvn', '--ipsccp', '--globaldce', '--nary-reassociate', '--adce', '--early-cse', '--mem2reg', '--jump-threading', '--globalopt', '--elim-avail-extern', '--loop-interchange', '--instcombine', '--simplifycfg', '--instcombine', '--simplifycfg', '--sroa', '--inferattrs', '--mem2reg', '--gvn', '--gvn-hoist', '--sccp', '--early-cse', '--lower-constant-intrinsics', '--adce', '--slsr', '--gvn-hoist', '--adce', '--loop-simplify', '--dse', '--scalarizer', '--simplifycfg', '--lower-expect', '--simplifycfg', '--elim-avail-extern', '--lower-constant-intrinsics', '--ipsccp', '--nary-reassociate', '--gvn', '--jump-threading', '--globalopt', '--slp-vectorizer', '--instcombine', '--simplifycfg', '--early-cse', '--lower-expect', '--sroa', '--sroa', '--lower-expect', '--aggressive-instcombine']",73,-3.5722821294032485,0.0,-0.7959674294750226,0.0,1,-3.5722821294032485,-0.7959674294750226,0.5008908414855473,-67.00507614213198,12.106006749440409,11.76470588235294,34
1807,"['--ipsccp', '--speculative-execution', '--sccp', '--early-cse', '--mem2reg', '--jump-threading', '--globalopt', '--elim-avail-extern', '--instcombine', '--adce', '--jump-threading', '--gvn', '--simplifycfg', '--instsimplify', '--inline', '--mergefunc', '--gvn-hoist', '--instcombine', '--globalopt', '--elim-avail-extern', '--indvars', '--indvars', '--gvn', '--gvn', '--sccp', '--gvn', '--nary-reassociate', '--adce', '--early-cse', '--mem2reg', '--jump-threading', '--globalopt', '--elim-avail-extern', '--instcombine', '--simplifycfg', '--sroa', '--sroa', '--mem2reg', '--globaldce', '--gvn-hoist', '--sccp', '--early-cse', '--lower-constant-intrinsics', '--adce', '--slsr', '--gvn-hoist', '--adce', '--loop-simplify', '--dse', '--scalarizer', '--scalarizer', '--simplifycfg', '--lower-expect', '--simplifycfg', '--elim-avail-extern', '--lower-constant-intrinsics', '--ipsccp', '--gvn', '--nary-reassociate', '--gvn', '--early-cse', '--mem2reg', '--jump-threading', '--globalopt', '--slp-vectorizer', '--instcombine', '--simplifycfg', '--sroa', '--early-cse', '--lower-expect', '--sroa', '--sroa', '--lower-expect', '--aggressive-instcombine']",74,-3.5722821294032485,0.0,-0.7959674294750226,0.0,1,-3.5722821294032485,-0.7959674294750226,0.5008908414855473,-67.00507614213198,12.106006749440409,11.76470588235294,34
1697,"['--ipsccp', '--speculative-execution', '--ipsccp', '--early-cse', '--mem2reg', '--jump-threading', '--globalopt', '--elim-avail-extern', '--instcombine', '--loop-instsimplify', '--jump-threading', '--gvn', '--simplifycfg', '--instsimplify', '--inline', '--mergefunc', '--gvn-hoist', '--instcombine', '--globalopt', '--elim-avail-extern', '--indvars', '--indvars', '--gvn', '--gvn', '--sccp', '--gvn', '--nary-reassociate', '--adce', '--early-cse', '--mem2reg', '--jump-threading', '--globalopt', '--elim-avail-extern', '--instcombine', '--simplifycfg', '--sroa', '--sroa', '--mem2reg', '--globaldce', '--gvn-hoist', '--sccp', '--early-cse', '--lower-constant-intrinsics', '--adce', '--slsr', '--gvn-hoist', '--adce', '--loop-simplify', '--dse', '--scalarizer', '--scalarizer', '--simplifycfg', '--lower-expect', '--simplifycfg', '--elim-avail-extern', '--lower-constant-intrinsics', '--ipsccp', '--gvn', '--nary-reassociate', '--gvn', '--early-cse', '--mem2reg', '--jump-threading', '--globalopt', '--slp-vectorizer', '--instcombine', '--simplifycfg', '--sroa', '--early-cse', '--lower-expect', '--sroa', '--sroa', '--lower-expect', '--aggressive-instcombine']",74,-3.5722821294032485,0.0,-0.7959674294750226,0.0,1,-3.5722821294032485,-0.7959674294750226,0.5008908414855473,-67.00507614213198,12.106006749440409,11.76470588235294,34
1768,"['--ipsccp', '--speculative-execution', '--sccp', '--early-cse', '--mem2reg', '--jump-threading', '--globalopt', '--elim-avail-extern', '--instcombine', '--loop-instsimplify', '--jump-threading', '--gvn', '--simplifycfg', '--instsimplify', '--inline', '--mergefunc', '--gvn-hoist', '--instcombine', '--globalopt', '--elim-avail-extern', '--indvars', '--indvars', '--gvn', '--gvn', '--gvn', '--ipsccp', '--gvn', '--nary-reassociate', '--adce', '--early-cse', '--mem2reg', '--jump-threading', '--globalopt', '--elim-avail-extern', '--instcombine', '--simplifycfg', '--simplifycfg', '--sroa', '--mem2reg', '--globaldce', '--gvn-hoist', '--sccp', '--early-cse', '--lower-constant-intrinsics', '--adce', '--slsr', '--gvn-hoist', '--adce', '--loop-simplify', '--dse', '--scalarizer', '--simplifycfg', '--loop-guard-widening', '--lower-expect', '--simplifycfg', '--elim-avail-extern', '--lower-constant-intrinsics', '--gvn', '--nary-reassociate', '--gvn', '--early-cse', '--mem2reg', '--jump-threading', '--globalopt', '--slp-vectorizer', '--instcombine', '--simplifycfg', '--sroa', '--early-cse', '--lower-expect', '--sroa', '--lower-expect', '--simplifycfg', '--aggressive-instcombine']",74,-3.5722821294032485,0.0,-0.7959674294750226,0.0,1,-3.5722821294032485,-0.7959674294750226,0.5008908414855473,-67.00507614213198,12.106006749440409,11.76470588235294,34
1699,"['--ipsccp', '--speculative-execution', '--sccp', '--early-cse', '--mem2reg', '--jump-threading', '--globalopt', '--elim-avail-extern', '--instcombine', '--loop-instsimplify', '--jump-threading', '--gvn', '--simplifycfg', '--instsimplify', '--inline', '--mergefunc', '--gvn-hoist', '--tailcallelim', '--globalopt', '--elim-avail-extern', '--indvars', '--indvars', '--gvn', '--gvn', '--gvn', '--gvn', '--ipsccp', '--gvn', '--nary-reassociate', '--loop-instsimplify', '--early-cse', '--mem2reg', '--jump-threading', '--globalopt', '--elim-avail-extern', '--instcombine', '--simplifycfg', '--sroa', '--mem2reg', '--globaldce', '--gvn-hoist', '--sccp', '--early-cse', '--lower-constant-intrinsics', '--adce', '--slsr', '--gvn-hoist', '--adce', '--loop-simplify', '--dse', '--scalarizer', '--simplifycfg', '--lower-expect', '--simplifycfg', '--elim-avail-extern', '--lower-constant-intrinsics', '--ipsccp', '--gvn', '--nary-reassociate', '--gvn', '--early-cse', '--mem2reg', '--jump-threading', '--globalopt', '--slp-vectorizer', '--instcombine', '--simplifycfg', '--early-cse', '--lower-expect', '--sroa', '--sroa', '--lower-expect', '--aggressive-instcombine']",73,-3.5722821294032485,0.0,-0.7959674294750226,0.0,1,-3.5722821294032485,-0.7959674294750226,0.5008908414855473,-67.00507614213198,12.106006749440409,11.76470588235294,34
1766,"['--ipsccp', '--speculative-execution', '--sccp', '--early-cse', '--mem2reg', '--jump-threading', '--globalopt', '--elim-avail-extern', '--instcombine', '--loop-instsimplify', '--jump-threading', '--gvn', '--simplifycfg', '--instsimplify', '--inline', '--mergefunc', '--gvn-hoist', '--instcombine', '--globalopt', '--elim-avail-extern', '--indvars', '--indvars', '--gvn', '--gvn', '--ipsccp', '--gvn', '--nary-reassociate', '--adce', '--mem2reg', '--jump-threading', '--globalopt', '--elim-avail-extern', '--instcombine', '--simplifycfg', '--sroa', '--mem2reg', '--globaldce', '--gvn-hoist', '--sccp', '--early-cse', '--lower-constant-intrinsics', '--adce', '--slsr', '--gvn-hoist', '--adce', '--loop-simplify', '--adce', '--loop-simplify', '--dse', '--scalarizer', '--simplifycfg', '--lower-expect', '--nary-reassociate', '--elim-avail-extern', '--lower-constant-intrinsics', '--ipsccp', '--gvn', '--nary-reassociate', '--gvn', '--early-cse', '--mem2reg', '--jump-threading', '--globalopt', '--slp-vectorizer', '--instcombine', '--simplifycfg', '--sroa', '--early-cse', '--lower-expect', '--sroa', '--sroa', '--lower-expect', '--simplifycfg', '--aggressive-instcombine']",74,-3.5722821294032485,0.0,-0.7959674294750226,0.0,1,-3.5722821294032485,-0.7959674294750226,0.5008908414855473,-67.00507614213198,12.106006749440409,11.76470588235294,34
1765,"['--ipsccp', '--speculative-execution', '--sccp', '--early-cse', '--mem2reg', '--jump-threading', '--elim-avail-extern', '--instcombine', '--adce', '--loop-interchange', '--aggressive-instcombine', '--gvn', '--simplifycfg', '--instsimplify', '--inline', '--mergefunc', '--gvn-hoist', '--gvn-hoist', '--instcombine', '--globalopt', '--elim-avail-extern', '--indvars', '--indvars', '--gvn', '--gvn', '--ipsccp', '--gvn', '--gvn', '--nary-reassociate', '--elim-avail-extern', '--loop-instsimplify', '--early-cse', '--mem2reg', '--jump-threading', '--globalopt', '--elim-avail-extern', '--instcombine', '--simplifycfg', '--sroa', '--globaldce', '--gvn-hoist', '--sccp', '--early-cse', '--lower-constant-intrinsics', '--adce', '--slsr', '--adce', '--slsr', '--gvn-hoist', '--adce', '--loop-simplify', '--dse', '--scalarizer', '--simplifycfg', '--lower-expect', '--simplifycfg', '--elim-avail-extern', '--lower-constant-intrinsics', '--ipsccp', '--nary-reassociate', '--gvn', '--jump-threading', '--globalopt', '--slp-vectorizer', '--instcombine', '--simplifycfg', '--sroa', '--early-cse', '--lower-expect', '--sroa', '--sroa', '--lower-expect', '--aggressive-instcombine']",73,-3.5722821294032485,0.0,-0.7959674294750226,0.0,1,-3.5722821294032485,-0.7959674294750226,0.5008908414855473,-67.00507614213198,12.106006749440409,11.76470588235294,34
1764,"['--ipsccp', '--speculative-execution', '--sccp', '--early-cse', '--mem2reg', '--jump-threading', '--globalopt', '--elim-avail-extern', '--instcombine', '--loop-instsimplify', '--jump-threading', '--gvn', '--simplifycfg', '--instsimplify', '--inline', '--mergefunc', '--gvn-hoist', '--instcombine', '--globalopt', '--elim-avail-extern', '--indvars', '--indvars', '--elim-avail-extern', '--indvars', '--gvn', '--gvn', '--nary-reassociate', '--loop-instsimplify', '--early-cse', '--mem2reg', '--jump-threading', '--globalopt', '--jump-threading', '--bdce', '--elim-avail-extern', '--instcombine', '--simplifycfg', '--sroa', '--mem2reg', '--globaldce', '--gvn-hoist', '--sccp', '--early-cse', '--lower-constant-intrinsics', '--adce', '--nary-reassociate', '--slsr', '--gvn-hoist', '--loop-simplify', '--dse', '--scalarizer', '--simplifycfg', '--lower-expect', '--simplifycfg', '--elim-avail-extern', '--lower-constant-intrinsics', '--gvn', '--nary-reassociate', '--gvn', '--early-cse', '--mem2reg', '--jump-threading', '--globalopt', '--slp-vectorizer', '--instcombine', '--simplifycfg', '--sroa', '--early-cse', '--lower-expect', '--sroa', '--lower-expect', '--simplifycfg', '--aggressive-instcombine']",73,-3.5722821294032485,0.0,-0.7959674294750226,0.0,1,-3.5722821294032485,-0.7959674294750226,0.5008908414855473,-67.00507614213198,12.106006749440409,11.76470588235294,34
1700,"['--ipsccp', '--speculative-execution', '--gvn-hoist', '--early-cse', '--mergefunc', '--ipsccp', '--mem2reg', '--jump-threading', '--globalopt', '--elim-avail-extern', '--instcombine', '--loop-instsimplify', '--jump-threading', '--gvn', '--simplifycfg', '--instsimplify', '--inline', '--mergefunc', '--gvn-hoist', '--instcombine', '--globalopt', '--elim-avail-extern', '--indvars', '--indvars', '--gvn', '--gvn', '--ipsccp', '--gvn', '--nary-reassociate', '--adce', '--early-cse', '--mem2reg', '--jump-threading', '--globalopt', '--elim-avail-extern', '--instcombine', '--simplifycfg', '--sroa', '--mem2reg', '--globaldce', '--gvn-hoist', '--sccp', '--early-cse', '--lower-constant-intrinsics', '--adce', '--slsr', '--gvn-hoist', '--adce', '--loop-simplify', '--dse', '--scalarizer', '--simplifycfg', '--lower-expect', '--simplifycfg', '--sccp', '--elim-avail-extern', '--lower-constant-intrinsics', '--gvn', '--nary-reassociate', '--adce', '--early-cse', '--mem2reg', '--jump-threading', '--globalopt', '--slp-vectorizer', '--instcombine', '--simplifycfg', '--sroa', '--early-cse', '--lower-expect', '--sroa', '--sroa', '--lower-expect', '--aggressive-instcombine']",74,-3.5722821294032485,0.0,-0.7959674294750226,0.0,1,-3.5722821294032485,-0.7959674294750226,0.5008908414855473,-67.00507614213198,12.106006749440409,11.76470588235294,34
1763,"['--ipsccp', '--speculative-execution', '--sccp', '--early-cse', '--mem2reg', '--jump-threading', '--elim-avail-extern', '--instcombine', '--adce', '--loop-interchange', '--aggressive-instcombine', '--gvn', '--simplifycfg', '--instsimplify', '--inline', '--mergefunc', '--gvn-hoist', '--gvn-hoist', '--instcombine', '--globalopt', '--elim-avail-extern', '--indvars', '--elim-avail-extern', '--indvars', '--gvn', '--gvn', '--ipsccp', '--gvn', '--nary-reassociate', '--loop-instsimplify', '--early-cse', '--mem2reg', '--jump-threading', '--globalopt', '--elim-avail-extern', '--instcombine', '--simplifycfg', '--sroa', '--mem2reg', '--globaldce', '--gvn-hoist', '--sccp', '--early-cse', '--lower-constant-intrinsics', '--adce', '--slsr', '--elim-avail-extern', '--gvn-hoist', '--adce', '--loop-simplify', '--dse', '--scalarizer', '--lower-expect', '--simplifycfg', '--elim-avail-extern', '--lower-constant-intrinsics', '--ipsccp', '--gvn', '--nary-reassociate', '--gvn', '--early-cse', '--mem2reg', '--jump-threading', '--globalopt', '--slp-vectorizer', '--instcombine', '--sroa', '--early-cse', '--lower-expect', '--sroa', '--sroa', '--lower-expect', '--aggressive-instcombine']",73,-3.5722821294032485,0.0,-0.7959674294750226,0.0,1,-3.5722821294032485,-0.7959674294750226,0.5008908414855473,-67.00507614213198,12.106006749440409,11.76470588235294,34
1761,"['--ipsccp', '--speculative-execution', '--sccp', '--early-cse', '--mem2reg', '--jump-threading', '--globalopt', '--elim-avail-extern', '--instcombine', '--adce', '--jump-threading', '--gvn', '--simplifycfg', '--hotcoldsplit', '--inline', '--mergefunc', '--gvn-hoist', '--instcombine', '--globalopt', '--elim-avail-extern', '--indvars', '--indvars', '--gvn-hoist', '--gvn', '--gvn', '--ipsccp', '--gvn', '--nary-reassociate', '--loop-instsimplify', '--early-cse', '--mem2reg', '--jump-threading', '--globalopt', '--jump-threading', '--bdce', '--elim-avail-extern', '--instcombine', '--simplifycfg', '--sroa', '--mem2reg', '--globaldce', '--gvn-hoist', '--sccp', '--early-cse', '--lower-constant-intrinsics', '--lower-constant-intrinsics', '--adce', '--slsr', '--gvn-hoist', '--adce', '--loop-simplify', '--dse', '--scalarizer', '--simplifycfg', '--lower-expect', '--simplifycfg', '--elim-avail-extern', '--lower-constant-intrinsics', '--ipsccp', '--nary-reassociate', '--gvn', '--jump-threading', '--globalopt', '--slp-vectorizer', '--instcombine', '--slp-vectorizer', '--instcombine', '--simplifycfg', '--sroa', '--early-cse', '--lower-expect', '--sroa', '--sroa', '--lower-expect', '--aggressive-instcombine']",75,-3.5722821294032485,0.0,-0.7959674294750226,0.0,1,-3.5722821294032485,-0.7959674294750226,0.5008908414855473,-67.00507614213198,12.106006749440409,11.76470588235294,34
1690,"['--ipsccp', '--sccp', '--speculative-execution', '--early-cse', '--mem2reg', '--jump-threading', '--globalopt', '--elim-avail-extern', '--instcombine', '--loop-instsimplify', '--jump-threading', '--gvn', '--simplifycfg', '--instsimplify', '--inline', '--mergefunc', '--gvn-hoist', '--instcombine', '--globalopt', '--elim-avail-extern', '--indvars', '--indvars', '--gvn', '--gvn', '--ipsccp', '--gvn', '--nary-reassociate', '--adce', '--early-cse', '--mem2reg', '--die', '--jump-threading', '--globalopt', '--elim-avail-extern', '--instcombine', '--simplifycfg', '--sroa', '--mem2reg', '--globaldce', '--gvn-hoist', '--sccp', '--sink', '--early-cse', '--lower-constant-intrinsics', '--adce', '--slsr', '--gvn-hoist', '--adce', '--loop-simplify', '--dse', '--scalarizer', '--simplifycfg', '--lower-expect', '--simplifycfg', '--gvn-hoist', '--elim-avail-extern', '--ipsccp', '--gvn', '--nary-reassociate', '--gvn', '--early-cse', '--mem2reg', '--jump-threading', '--globalopt', '--slp-vectorizer', '--instcombine', '--simplifycfg', '--sroa', '--gvn', '--sroa', '--sroa', '--lower-expect', '--aggressive-instcombine']",73,-3.5722821294032485,0.0,-0.7959674294750226,0.0,1,-3.5722821294032485,-0.7959674294750226,0.5008908414855473,-67.00507614213198,12.106006749440409,11.76470588235294,34
1689,"['--ipsccp', '--speculative-execution', '--sccp', '--early-cse', '--mergefunc', '--ipsccp', '--mem2reg', '--jump-threading', '--globalopt', '--elim-avail-extern', '--instcombine', '--loop-instsimplify', '--jump-threading', '--gvn', '--simplifycfg', '--instsimplify', '--inline', '--mergefunc', '--gvn-hoist', '--instcombine', '--globalopt', '--elim-avail-extern', '--indvars', '--indvars', '--gvn', '--gvn', '--ipsccp', '--gvn', '--nary-reassociate', '--adce', '--early-cse', '--mem2reg', '--jump-threading', '--globalopt', '--elim-avail-extern', '--instcombine', '--simplifycfg', '--sroa', '--mem2reg', '--globaldce', '--gvn-hoist', '--sccp', '--early-cse', '--lower-constant-intrinsics', '--adce', '--slsr', '--gvn-hoist', '--adce', '--loop-simplify', '--dse', '--scalarizer', '--simplifycfg', '--lower-expect', '--simplifycfg', '--gvn-hoist', '--elim-avail-extern', '--lower-constant-intrinsics', '--gvn', '--ipsccp', '--gvn', '--nary-reassociate', '--gvn', '--early-cse', '--mem2reg', '--jump-threading', '--globalopt', '--slp-vectorizer', '--instcombine', '--simplifycfg', '--sroa', '--early-cse', '--lower-expect', '--sroa', '--lower-expect', '--aggressive-instcombine']",75,-3.5722821294032485,0.0,-0.7959674294750226,0.0,1,-3.5722821294032485,-0.7959674294750226,0.5008908414855473,-67.00507614213198,12.106006749440409,11.76470588235294,34
1789,"['--ipsccp', '--speculative-execution', '--sccp', '--early-cse', '--mem2reg', '--jump-threading', '--elim-avail-extern', '--instcombine', '--adce', '--loop-interchange', '--aggressive-instcombine', '--gvn', '--simplifycfg', '--instsimplify', '--inline', '--mergefunc', '--gvn-hoist', '--gvn-hoist', '--instcombine', '--elim-avail-extern', '--indvars', '--indvars', '--mem2reg', '--gvn', '--ipsccp', '--gvn', '--nary-reassociate', '--adce', '--early-cse', '--gvn', '--jump-threading', '--globalopt', '--elim-avail-extern', '--instcombine', '--simplifycfg', '--simplifycfg', '--sroa', '--mem2reg', '--globaldce', '--gvn-hoist', '--sccp', '--early-cse', '--lower-constant-intrinsics', '--adce', '--slsr', '--gvn-hoist', '--adce', '--loop-simplify', '--dse', '--scalarizer', '--simplifycfg', '--lower-expect', '--simplifycfg', '--elim-avail-extern', '--lower-constant-intrinsics', '--gvn', '--nary-reassociate', '--gvn', '--early-cse', '--mem2reg', '--jump-threading', '--globalopt', '--slp-vectorizer', '--instcombine', '--simplifycfg', '--sroa', '--early-cse', '--lower-expect', '--sroa', '--lower-expect', '--simplifycfg', '--aggressive-instcombine']",72,-3.5722821294032485,0.0,-0.7959674294750226,0.0,1,-3.5722821294032485,-0.7959674294750226,0.5008908414855473,-67.00507614213198,12.106006749440409,11.76470588235294,34
1778,"['--ipsccp', '--speculative-execution', '--sccp', '--early-cse', '--mem2reg', '--jump-threading', '--globalopt', '--elim-avail-extern', '--instcombine', '--loop-instsimplify', '--jump-threading', '--gvn', '--simplifycfg', '--instsimplify', '--inline', '--slsr', '--mergefunc', '--gvn-hoist', '--instcombine', '--globalopt', '--elim-avail-extern', '--indvars', '--indvars', '--gvn', '--gvn', '--ipsccp', '--gvn', '--nary-reassociate', '--adce', '--early-cse', '--mem2reg', '--jump-threading', '--globalopt', '--elim-avail-extern', '--loop-interchange', '--instcombine', '--simplifycfg', '--instcombine', '--simplifycfg', '--sroa', '--inferattrs', '--mem2reg', '--globaldce', '--gvn-hoist', '--sccp', '--early-cse', '--lower-constant-intrinsics', '--adce', '--slsr', '--gvn-hoist', '--adce', '--loop-simplify', '--dse', '--scalarizer', '--simplifycfg', '--lower-expect', '--simplifycfg', '--elim-avail-extern', '--lower-constant-intrinsics', '--ipsccp', '--nary-reassociate', '--gvn', '--jump-threading', '--jump-threading', '--globalopt', '--slp-vectorizer', '--instcombine', '--simplifycfg', '--early-cse', '--lower-expect', '--sroa', '--sroa', '--sroa', '--lower-expect', '--aggressive-instcombine']",75,-3.5722821294032485,0.0,-0.7959674294750226,0.0,1,-3.5722821294032485,-0.7959674294750226,0.5008908414855473,-67.00507614213198,12.106006749440409,11.76470588235294,34
1788,"['--ipsccp', '--speculative-execution', '--sccp', '--early-cse', '--mem2reg', '--mem2reg', '--jump-threading', '--globalopt', '--elim-avail-extern', '--prune-eh', '--instcombine', '--loop-instsimplify', '--jump-threading', '--gvn', '--simplifycfg', '--instsimplify', '--inline', '--mergefunc', '--gvn-hoist', '--instcombine', '--globalopt', '--elim-avail-extern', '--indvars', '--indvars', '--gvn', '--gvn', '--ipsccp', '--gvn', '--nary-reassociate', '--adce', '--early-cse', '--mem2reg', '--jump-threading', '--globalopt', '--elim-avail-extern', '--instcombine', '--simplifycfg', '--sroa', '--mem2reg', '--globaldce', '--gvn-hoist', '--sccp', '--early-cse', '--lower-constant-intrinsics', '--adce', '--slsr', '--gvn-hoist', '--adce', '--loop-simplify', '--dse', '--scalarizer', '--simplifycfg', '--lower-expect', '--simplifycfg', '--gvn-hoist', '--simplifycfg', '--elim-avail-extern', '--lower-constant-intrinsics', '--ipsccp', '--gvn', '--nary-reassociate', '--elim-avail-extern', '--early-cse', '--mem2reg', '--jump-threading', '--globalopt', '--slp-vectorizer', '--instcombine', '--simplifycfg', '--sroa', '--early-cse', '--lower-expect', '--sroa', '--sroa', '--lower-expect', '--aggressive-instcombine']",76,-3.5722821294032485,0.0,-0.7959674294750226,0.0,1,-3.5722821294032485,-0.7959674294750226,0.5008908414855473,-67.00507614213198,12.106006749440409,11.76470588235294,34
1787,"['--ipsccp', '--speculative-execution', '--sccp', '--early-cse', '--mem2reg', '--jump-threading', '--globalopt', '--elim-avail-extern', '--instcombine', '--loop-instsimplify', '--jump-threading', '--gvn', '--simplifycfg', '--instsimplify', '--inline', '--mergefunc', '--gvn-hoist', '--instcombine', '--globalopt', '--elim-avail-extern', '--indvars', '--indvars', '--gvn', '--gvn', '--ipsccp', '--gvn', '--nary-reassociate', '--adce', '--early-cse', '--mem2reg', '--mem2reg', '--jump-threading', '--globalopt', '--jump-threading', '--bdce', '--elim-avail-extern', '--instcombine', '--simplifycfg', '--sroa', '--mem2reg', '--sroa', '--gvn-hoist', '--sccp', '--early-cse', '--lower-constant-intrinsics', '--lower-constant-intrinsics', '--adce', '--slsr', '--gvn-hoist', '--adce', '--loop-simplify', '--dse', '--scalarizer', '--simplifycfg', '--lower-expect', '--simplifycfg', '--elim-avail-extern', '--lower-constant-intrinsics', '--ipsccp', '--nary-reassociate', '--gvn', '--jump-threading', '--globalopt', '--slp-vectorizer', '--instcombine', '--simplifycfg', '--sroa', '--early-cse', '--lower-expect', '--globaldce', '--sroa', '--lower-expect', '--aggressive-instcombine']",73,-3.5722821294032485,0.0,-0.7959674294750226,0.0,1,-3.5722821294032485,-0.7959674294750226,0.5008908414855473,-67.00507614213198,12.106006749440409,11.76470588235294,34
1786,"['--ipsccp', '--speculative-execution', '--sccp', '--early-cse', '--mem2reg', '--jump-threading', '--globalopt', '--elim-avail-extern', '--instcombine', '--adce', '--jump-threading', '--gvn', '--simplifycfg', '--hotcoldsplit', '--inline', '--mergefunc', '--gvn-hoist', '--instcombine', '--globalopt', '--elim-avail-extern', '--indvars', '--indvars', '--gvn', '--gvn', '--ipsccp', '--gvn', '--nary-reassociate', '--loop-instsimplify', '--early-cse', '--mem2reg', '--jump-threading', '--globalopt', '--jump-threading', '--bdce', '--elim-avail-extern', '--instcombine', '--simplifycfg', '--sroa', '--mem2reg', '--globaldce', '--gvn-hoist', '--sccp', '--early-cse', '--lower-constant-intrinsics', '--adce', '--slsr', '--loop-fusion', '--gvn-hoist', '--adce', '--loop-simplify', '--dse', '--scalarizer', '--simplifycfg', '--lower-expect', '--simplifycfg', '--gvn-hoist', '--elim-avail-extern', '--ipsccp', '--gvn', '--nary-reassociate', '--gvn', '--early-cse', '--mem2reg', '--jump-threading', '--globalopt', '--slp-vectorizer', '--instcombine', '--simplifycfg', '--sroa', '--early-cse', '--sroa', '--lower-expect', '--aggressive-instcombine']",73,-3.5722821294032485,0.0,-0.7959674294750226,0.0,1,-3.5722821294032485,-0.7959674294750226,0.5008908414855473,-67.00507614213198,12.106006749440409,11.76470588235294,34
1785,"['--ipsccp', '--speculative-execution', '--sccp', '--early-cse', '--mem2reg', '--jump-threading', '--globalopt', '--elim-avail-extern', '--instcombine', '--loop-instsimplify', '--jump-threading', '--gvn', '--simplifycfg', '--instsimplify', '--inline', '--mergefunc', '--gvn-hoist', '--instcombine', '--globalopt', '--elim-avail-extern', '--indvars', '--indvars', '--gvn', '--ipsccp', '--gvn', '--nary-reassociate', '--adce', '--early-cse', '--mem2reg', '--jump-threading', '--globalopt', '--elim-avail-extern', '--instcombine', '--simplifycfg', '--sroa', '--simplifycfg', '--sroa', '--mem2reg', '--globaldce', '--gvn-hoist', '--sccp', '--early-cse', '--lower-constant-intrinsics', '--adce', '--slsr', '--gvn-hoist', '--adce', '--loop-simplify', '--dse', '--scalarizer', '--simplifycfg', '--bdce', '--simplifycfg', '--gvn-hoist', '--elim-avail-extern', '--lower-constant-intrinsics', '--gvn', '--ipsccp', '--sccp', '--nary-reassociate', '--gvn', '--early-cse', '--mem2reg', '--jump-threading', '--globalopt', '--slp-vectorizer', '--instcombine', '--simplifycfg', '--sroa', '--early-cse', '--lower-expect', '--sroa', '--sroa', '--lower-expect', '--aggressive-instcombine']",75,-3.5722821294032485,0.0,-0.7959674294750226,0.0,1,-3.5722821294032485,-0.7959674294750226,0.5008908414855473,-67.00507614213198,12.106006749440409,11.76470588235294,34
1680,"['--ipsccp', '--speculative-execution', '--sccp', '--early-cse', '--mem2reg', '--jump-threading', '--globalopt', '--elim-avail-extern', '--instcombine', '--loop-instsimplify', '--jump-threading', '--gvn', '--simplifycfg', '--instsimplify', '--inline', '--mergefunc', '--gvn-hoist', '--instcombine', '--globalopt', '--elim-avail-extern', '--indvars', '--indvars', '--elim-avail-extern', '--indvars', '--gvn', '--gvn', '--nary-reassociate', '--loop-instsimplify', '--early-cse', '--mem2reg', '--jump-threading', '--globalopt', '--jump-threading', '--bdce', '--elim-avail-extern', '--instcombine', '--simplifycfg', '--sroa', '--mem2reg', '--globaldce', '--gvn-hoist', '--sccp', '--early-cse', '--lower-constant-intrinsics', '--adce', '--slsr', '--gvn-hoist', '--adce', '--loop-simplify', '--dse', '--scalarizer', '--elim-avail-extern', '--lower-expect', '--simplifycfg', '--elim-avail-extern', '--jump-threading', '--lower-constant-intrinsics', '--ipsccp', '--gvn', '--nary-reassociate', '--gvn', '--early-cse', '--mem2reg', '--jump-threading', '--globalopt', '--slp-vectorizer', '--instcombine', '--simplifycfg', '--sroa', '--early-cse', '--lower-expect', '--sroa', '--sroa', '--lower-expect', '--aggressive-instcombine']",75,-3.5722821294032485,0.0,-0.7959674294750226,0.0,1,-3.5722821294032485,-0.7959674294750226,0.5008908414855473,-67.00507614213198,12.106006749440409,11.76470588235294,34
1681,"['--ipsccp', '--speculative-execution', '--sccp', '--early-cse', '--mem2reg', '--jump-threading', '--globalopt', '--elim-avail-extern', '--instcombine', '--adce', '--jump-threading', '--gvn', '--simplifycfg', '--instsimplify', '--inline', '--mergefunc', '--gvn-hoist', '--instcombine', '--globalopt', '--elim-avail-extern', '--indvars', '--indvars', '--gvn', '--gvn', '--ipsccp', '--gvn', '--nary-reassociate', '--loop-instsimplify', '--early-cse', '--mem2reg', '--jump-threading', '--globalopt', '--jump-threading', '--bdce', '--simplifycfg', '--instcombine', '--simplifycfg', '--sroa', '--mem2reg', '--globaldce', '--gvn-hoist', '--sccp', '--early-cse', '--lower-constant-intrinsics', '--lower-constant-intrinsics', '--adce', '--slsr', '--gvn-hoist', '--adce', '--loop-simplify', '--dse', '--scalarizer', '--scalarizer', '--lower-expect', '--simplifycfg', '--elim-avail-extern', '--lower-constant-intrinsics', '--ipsccp', '--gvn', '--nary-reassociate', '--gvn', '--early-cse', '--mem2reg', '--jump-threading', '--globalopt', '--slp-vectorizer', '--instcombine', '--sroa', '--early-cse', '--lower-expect', '--sroa', '--sroa', '--lower-expect', '--aggressive-instcombine']",74,-3.5722821294032485,0.0,-0.7959674294750226,0.0,1,-3.5722821294032485,-0.7959674294750226,0.5008908414855473,-67.00507614213198,12.106006749440409,11.76470588235294,34
2028,"['--ipsccp', '--speculative-execution', '--sccp', '--early-cse', '--mem2reg', '--jump-threading', '--elim-avail-extern', '--instcombine', '--adce', '--loop-interchange', '--jump-threading', '--gvn', '--simplifycfg', '--instsimplify', '--inline', '--mergefunc', '--tailcallelim', '--globalopt', '--elim-avail-extern', '--globalopt', '--indvars', '--indvars', '--gvn', '--gvn', '--ipsccp', '--gvn', '--nary-reassociate', '--adce', '--early-cse', '--mem2reg', '--jump-threading', '--globalopt', '--elim-avail-extern', '--loop-interchange', '--instcombine', '--simplifycfg', '--instcombine', '--simplifycfg', '--sroa', '--inferattrs', '--mem2reg', '--globaldce', '--gvn-hoist', '--sccp', '--early-cse', '--lower-constant-intrinsics', '--adce', '--slsr', '--gvn-hoist', '--adce', '--loop-simplify', '--dse', '--scalarizer', '--simplifycfg', '--lower-expect', '--simplifycfg', '--elim-avail-extern', '--lower-constant-intrinsics', '--ipsccp', '--nary-reassociate', '--gvn', '--jump-threading', '--loop-reroll', '--globalopt', '--slp-vectorizer', '--instcombine', '--simplifycfg', '--early-cse', '--sroa', '--sroa', '--lower-expect', '--aggressive-instcombine']",72,-3.5722821294032485,0.0,-0.7959674294750226,0.0,1,-3.5722821294032485,-0.7959674294750226,0.5008908414855473,-67.00507614213198,12.106006749440409,11.76470588235294,34
1784,"['--ipsccp', '--speculative-execution', '--sccp', '--early-cse', '--mem2reg', '--jump-threading', '--globalopt', '--elim-avail-extern', '--instcombine', '--adce', '--jump-threading', '--gvn', '--simplifycfg', '--simple-loop-unswitch', '--instsimplify', '--inline', '--mergefunc', '--gvn-hoist', '--instcombine', '--globalopt', '--elim-avail-extern', '--indvars', '--indvars', '--gvn', '--gvn', '--ipsccp', '--gvn', '--nary-reassociate', '--adce', '--early-cse', '--mem2reg', '--jump-threading', '--globalopt', '--elim-avail-extern', '--instcombine', '--simplifycfg', '--simplifycfg', '--sroa', '--mem2reg', '--globaldce', '--gvn-hoist', '--sccp', '--early-cse', '--lower-constant-intrinsics', '--adce', '--slsr', '--gvn-hoist', '--adce', '--loop-simplify', '--dse', '--scalarizer', '--simplifycfg', '--lower-expect', '--simplifycfg', '--elim-avail-extern', '--lower-constant-intrinsics', '--gvn', '--nary-reassociate', '--gvn', '--early-cse', '--mem2reg', '--jump-threading', '--globalopt', '--slp-vectorizer', '--instcombine', '--simplifycfg', '--sroa', '--early-cse', '--lower-expect', '--sroa', '--lower-expect', '--simplifycfg', '--aggressive-instcombine']",73,-3.5722821294032485,0.0,-0.7959674294750226,0.0,1,-3.5722821294032485,-0.7959674294750226,0.5008908414855473,-67.00507614213198,12.106006749440409,11.76470588235294,34
1682,"['--ipsccp', '--speculative-execution', '--sccp', '--loop-sink', '--early-cse', '--mem2reg', '--jump-threading', '--globalopt', '--elim-avail-extern', '--instcombine', '--loop-instsimplify', '--jump-threading', '--gvn', '--simplifycfg', '--instsimplify', '--inline', '--mergefunc', '--gvn-hoist', '--instcombine', '--globalopt', '--globalopt', '--elim-avail-extern', '--indvars', '--elim-avail-extern', '--indvars', '--gvn', '--gvn', '--ipsccp', '--gvn', '--nary-reassociate', '--loop-instsimplify', '--early-cse', '--mem2reg', '--jump-threading', '--globalopt', '--elim-avail-extern', '--instcombine', '--simplifycfg', '--sroa', '--mem2reg', '--separate-const-offset-from-gep', '--gvn-hoist', '--sccp', '--early-cse', '--lower-constant-intrinsics', '--adce', '--slsr', '--gvn-hoist', '--adce', '--loop-simplify', '--dse', '--scalarizer', '--simplifycfg', '--lower-expect', '--simplifycfg', '--elim-avail-extern', '--lower-constant-intrinsics', '--ipsccp', '--gvn', '--nary-reassociate', '--gvn', '--early-cse', '--mem2reg', '--jump-threading', '--globalopt', '--slp-vectorizer', '--instcombine', '--simplifycfg', '--sroa', '--early-cse', '--lower-expect', '--sroa', '--sroa', '--lower-expect', '--aggressive-instcombine']",75,-3.5722821294032485,0.0,-0.7959674294750226,0.0,1,-3.5722821294032485,-0.7959674294750226,0.5008908414855473,-67.00507614213198,12.106006749440409,11.76470588235294,34
1783,"['--ipsccp', '--speculative-execution', '--sccp', '--early-cse', '--mem2reg', '--jump-threading', '--globalopt', '--elim-avail-extern', '--instcombine', '--loop-instsimplify', '--jump-threading', '--gvn', '--simplifycfg', '--instsimplify', '--inline', '--mergefunc', '--gvn-hoist', '--instcombine', '--globalopt', '--elim-avail-extern', '--indvars', '--indvars', '--gvn', '--gvn', '--ipsccp', '--gvn', '--nary-reassociate', '--adce', '--early-cse', '--mem2reg', '--jump-threading', '--globalopt', '--elim-avail-extern', '--instcombine', '--simplifycfg', '--sroa', '--mem2reg', '--globaldce', '--gvn-hoist', '--sccp', '--early-cse', '--lower-constant-intrinsics', '--adce', '--slsr', '--gvn-hoist', '--adce', '--loop-simplify', '--adce', '--loop-simplify', '--dse', '--scalarizer', '--simplifycfg', '--lower-expect', '--nary-reassociate', '--elim-avail-extern', '--lower-constant-intrinsics', '--ipsccp', '--loop-simplify', '--nary-reassociate', '--gvn', '--early-cse', '--mem2reg', '--jump-threading', '--globalopt', '--slp-vectorizer', '--instcombine', '--simplifycfg', '--sroa', '--early-cse', '--lower-expect', '--sroa', '--sroa', '--lower-expect', '--simplifycfg', '--aggressive-instcombine']",75,-3.5722821294032485,0.0,-0.7959674294750226,0.0,1,-3.5722821294032485,-0.7959674294750226,0.5008908414855473,-67.00507614213198,12.106006749440409,11.76470588235294,34
1805,"['--ipsccp', '--speculative-execution', '--ipsccp', '--early-cse', '--mem2reg', '--jump-threading', '--globalopt', '--elim-avail-extern', '--instcombine', '--loop-instsimplify', '--jump-threading', '--gvn', '--simplifycfg', '--instsimplify', '--inline', '--mergefunc', '--gvn-hoist', '--instcombine', '--globalopt', '--elim-avail-extern', '--indvars', '--indvars', '--gvn', '--gvn', '--sccp', '--gvn', '--ipsccp', '--gvn', '--gvn', '--nary-reassociate', '--loop-instsimplify', '--early-cse', '--loop-fusion', '--jump-threading', '--globalopt', '--elim-avail-extern', '--instcombine', '--simplifycfg', '--sroa', '--mem2reg', '--globaldce', '--gvn-hoist', '--sccp', '--early-cse', '--lower-constant-intrinsics', '--adce', '--slsr', '--gvn-hoist', '--adce', '--loop-simplify', '--dse', '--scalarizer', '--simplifycfg', '--lower-expect', '--simplifycfg', '--elim-avail-extern', '--lower-constant-intrinsics', '--ipsccp', '--gvn', '--nary-reassociate', '--gvn', '--early-cse', '--mem2reg', '--jump-threading', '--globalopt', '--slp-vectorizer', '--instcombine', '--simplifycfg', '--sroa', '--early-cse', '--lower-expect', '--sroa', '--sroa', '--lower-expect', '--aggressive-instcombine']",75,-3.5722821294032485,0.0,-0.7959674294750226,0.0,1,-3.5722821294032485,-0.7959674294750226,0.5008908414855473,-67.00507614213198,12.106006749440409,11.76470588235294,34
1685,"['--ipsccp', '--speculative-execution', '--sccp', '--early-cse', '--mem2reg', '--jump-threading', '--globalopt', '--elim-avail-extern', '--instcombine', '--loop-instsimplify', '--jump-threading', '--gvn', '--simplifycfg', '--instsimplify', '--inline', '--mergefunc', '--gvn-hoist', '--instcombine', '--globalopt', '--elim-avail-extern', '--indvars', '--indvars', '--gvn', '--gvn', '--ipsccp', '--gvn', '--nary-reassociate', '--adce', '--early-cse', '--mem2reg', '--jump-threading', '--globalopt', '--elim-avail-extern', '--instcombine', '--simplifycfg', '--sroa', '--mem2reg', '--globaldce', '--gvn-hoist', '--sccp', '--early-cse', '--lower-constant-intrinsics', '--adce', '--slsr', '--gvn-hoist', '--adce', '--loop-simplify', '--dse', '--scalarizer', '--simplifycfg', '--lower-expect', '--simplifycfg', '--gvn-hoist', '--elim-avail-extern', '--lower-constant-intrinsics', '--gvn', '--ipsccp', '--gvn', '--nary-reassociate', '--gvn', '--early-cse', '--mem2reg', '--jump-threading', '--globalopt', '--slp-vectorizer', '--instcombine', '--simplifycfg', '--sroa', '--early-cse', '--lower-expect', '--sroa', '--sroa', '--sroa', '--aggressive-instcombine']",74,-3.5722821294032485,0.0,-0.7959674294750226,0.0,1,-3.5722821294032485,-0.7959674294750226,0.5008908414855473,-67.00507614213198,12.106006749440409,11.76470588235294,34
1686,"['--ipsccp', '--speculative-execution', '--sccp', '--early-cse', '--mem2reg', '--jump-threading', '--globalopt', '--elim-avail-extern', '--instcombine', '--adce', '--jump-threading', '--gvn', '--simplifycfg', '--instsimplify', '--inline', '--mergefunc', '--gvn-hoist', '--instcombine', '--globalopt', '--elim-avail-extern', '--indvars', '--indvars', '--gvn', '--gvn', '--ipsccp', '--gvn', '--nary-reassociate', '--loop-instsimplify', '--early-cse', '--mem2reg', '--jump-threading', '--globalopt', '--jump-threading', '--bdce', '--elim-avail-extern', '--instcombine', '--simplifycfg', '--sroa', '--mem2reg', '--globaldce', '--gvn-hoist', '--early-cse', '--early-cse', '--lower-constant-intrinsics', '--adce', '--slsr', '--gvn-hoist', '--adce', '--loop-simplify', '--dse', '--scalarizer', '--simplifycfg', '--simplifycfg', '--gvn', '--ipsccp', '--gvn', '--nary-reassociate', '--gvn', '--sccp', '--mem2reg', '--jump-threading', '--globalopt', '--slp-vectorizer', '--instcombine', '--simplifycfg', '--sroa', '--early-cse', '--lower-expect', '--sroa', '--sroa', '--lower-expect', '--simplifycfg', '--aggressive-instcombine']",73,-3.5722821294032485,0.0,-0.7959674294750226,0.0,1,-3.5722821294032485,-0.7959674294750226,0.5008908414855473,-67.00507614213198,12.106006749440409,11.76470588235294,34
1687,"['--simplifycfg', '--speculative-execution', '--sccp', '--early-cse', '--mem2reg', '--jump-threading', '--elim-avail-extern', '--instcombine', '--adce', '--loop-interchange', '--aggressive-instcombine', '--gvn', '--simplifycfg', '--instsimplify', '--inline', '--mergefunc', '--gvn-hoist', '--gvn-hoist', '--instcombine', '--globalopt', '--elim-avail-extern', '--indvars', '--elim-avail-extern', '--indvars', '--gvn', '--gvn', '--ipsccp', '--gvn', '--nary-reassociate', '--loop-instsimplify', '--early-cse', '--mem2reg', '--jump-threading', '--globalopt', '--elim-avail-extern', '--instcombine', '--ipsccp', '--sroa', '--inferattrs', '--mem2reg', '--globaldce', '--gvn-hoist', '--sccp', '--early-cse', '--lower-constant-intrinsics', '--adce', '--slsr', '--gvn-hoist', '--adce', '--loop-simplify', '--dse', '--scalarizer', '--lower-expect', '--simplifycfg', '--elim-avail-extern', '--lower-constant-intrinsics', '--ipsccp', '--gvn', '--nary-reassociate', '--adce', '--early-cse', '--mem2reg', '--jump-threading', '--globalopt', '--slp-vectorizer', '--instcombine', '--simplifycfg', '--sroa', '--early-cse', '--lower-expect', '--sroa', '--sroa', '--lower-expect', '--aggressive-instcombine']",74,-3.5722821294032485,0.0,-0.7959674294750226,0.0,1,-3.5722821294032485,-0.7959674294750226,0.5008908414855473,-67.00507614213198,12.106006749440409,11.76470588235294,34
1688,"['--ipsccp', '--speculative-execution', '--sccp', '--early-cse', '--mem2reg', '--globalopt', '--elim-avail-extern', '--instcombine', '--loop-instsimplify', '--jump-threading', '--gvn', '--simplifycfg', '--inline', '--mergefunc', '--gvn-hoist', '--instcombine', '--globalopt', '--elim-avail-extern', '--indvars', '--indvars', '--elim-avail-extern', '--indvars', '--gvn', '--gvn', '--ipsccp', '--gvn', '--nary-reassociate', '--loop-instsimplify', '--early-cse', '--mem2reg', '--jump-threading', '--globalopt', '--elim-avail-extern', '--instcombine', '--simplifycfg', '--sroa', '--mem2reg', '--globaldce', '--gvn-hoist', '--sccp', '--early-cse', '--lower-constant-intrinsics', '--adce', '--slsr', '--gvn-hoist', '--adce', '--loop-simplify', '--dse', '--scalarizer', '--simplifycfg', '--lower-expect', '--simplifycfg', '--elim-avail-extern', '--lower-constant-intrinsics', '--ipsccp', '--gvn', '--nary-reassociate', '--gvn', '--early-cse', '--mem2reg', '--jump-threading', '--globalopt', '--slp-vectorizer', '--instcombine', '--simplifycfg', '--sroa', '--early-cse', '--lower-expect', '--sroa', '--sroa', '--aggressive-instcombine']",71,-3.5722821294032485,0.0,-0.7959674294750226,0.0,1,-3.5722821294032485,-0.7959674294750226,0.5008908414855473,-67.00507614213198,12.106006749440409,11.76470588235294,34
1780,"['--ipsccp', '--speculative-execution', '--sccp', '--early-cse', '--mem2reg', '--jump-threading', '--globalopt', '--elim-avail-extern', '--instcombine', '--loop-instsimplify', '--jump-threading', '--gvn', '--simplifycfg', '--instsimplify', '--inline', '--mergefunc', '--gvn-hoist', '--instcombine', '--globalopt', '--elim-avail-extern', '--indvars', '--indvars', '--elim-avail-extern', '--indvars', '--gvn', '--gvn', '--nary-reassociate', '--loop-instsimplify', '--early-cse', '--mem2reg', '--jump-threading', '--mem2reg', '--globalopt', '--jump-threading', '--bdce', '--elim-avail-extern', '--instcombine', '--simplifycfg', '--sroa', '--mem2reg', '--globaldce', '--gvn-hoist', '--sccp', '--early-cse', '--lower-constant-intrinsics', '--adce', '--nary-reassociate', '--slsr', '--gvn-hoist', '--adce', '--loop-simplify', '--dse', '--scalarizer', '--elim-avail-extern', '--lower-expect', '--simplifycfg', '--elim-avail-extern', '--jump-threading', '--lower-constant-intrinsics', '--ipsccp', '--gvn', '--nary-reassociate', '--gvn', '--early-cse', '--mem2reg', '--jump-threading', '--globalopt', '--slp-vectorizer', '--instcombine', '--simplifycfg', '--sroa', '--early-cse', '--lower-expect', '--sroa', '--sroa', '--lower-expect', '--aggressive-instcombine']",77,-3.5722821294032485,0.0,-0.7959674294750226,0.0,1,-3.5722821294032485,-0.7959674294750226,0.5008908414855473,-67.00507614213198,12.106006749440409,11.76470588235294,34
1779,"['--ipsccp', '--speculative-execution', '--sccp', '--early-cse', '--mergefunc', '--ipsccp', '--mem2reg', '--jump-threading', '--globalopt', '--elim-avail-extern', '--instcombine', '--loop-instsimplify', '--jump-threading', '--gvn', '--simplifycfg', '--instsimplify', '--inline', '--mergefunc', '--gvn-hoist', '--instcombine', '--globalopt', '--elim-avail-extern', '--indvars', '--indvars', '--gvn', '--gvn', '--ipsccp', '--gvn', '--nary-reassociate', '--adce', '--early-cse', '--mem2reg', '--jump-threading', '--instcombine', '--simplifycfg', '--sroa', '--mem2reg', '--globaldce', '--gvn-hoist', '--sccp', '--early-cse', '--lower-constant-intrinsics', '--adce', '--slsr', '--gvn-hoist', '--adce', '--loop-simplify', '--dse', '--scalarizer', '--simplifycfg', '--lower-expect', '--simplifycfg', '--gvn-hoist', '--elim-avail-extern', '--lower-constant-intrinsics', '--gvn', '--ipsccp', '--gvn', '--nary-reassociate', '--gvn', '--early-cse', '--sroa', '--jump-threading', '--globalopt', '--slp-vectorizer', '--instcombine', '--simplifycfg', '--sroa', '--early-cse', '--lower-expect', '--sroa', '--mem2reg', '--sroa', '--aggressive-instcombine']",74,-3.5722821294032485,0.0,-0.7959674294750226,0.0,1,-3.5722821294032485,-0.7959674294750226,0.5008908414855473,-67.00507614213198,12.106006749440409,11.76470588235294,34
1760,"['--ipsccp', '--speculative-execution', '--sccp', '--early-cse', '--mem2reg', '--jump-threading', '--globalopt', '--elim-avail-extern', '--instcombine', '--loop-instsimplify', '--jump-threading', '--gvn', '--simplifycfg', '--instsimplify', '--inline', '--mergefunc', '--gvn-hoist', '--tailcallelim', '--globalopt', '--elim-avail-extern', '--indvars', '--indvars', '--gvn', '--gvn', '--gvn', '--gvn', '--ipsccp', '--gvn', '--nary-reassociate', '--loop-instsimplify', '--early-cse', '--mem2reg', '--hotcoldsplit', '--jump-threading', '--globalopt', '--elim-avail-extern', '--instcombine', '--simplifycfg', '--sroa', '--mem2reg', '--globaldce', '--gvn-hoist', '--sccp', '--early-cse', '--lower-constant-intrinsics', '--adce', '--slsr', '--gvn-hoist', '--adce', '--loop-simplify', '--dse', '--scalarizer', '--simplifycfg', '--lower-expect', '--simplifycfg', '--elim-avail-extern', '--lower-constant-intrinsics', '--ipsccp', '--gvn', '--nary-reassociate', '--gvn', '--early-cse', '--mem2reg', '--jump-threading', '--globalopt', '--slp-vectorizer', '--instcombine', '--simplifycfg', '--early-cse', '--lower-expect', '--sroa', '--sroa', '--lower-expect', '--aggressive-instcombine']",74,-3.5722821294032485,0.0,-0.7959674294750226,0.0,1,-3.5722821294032485,-0.7959674294750226,0.5008908414855473,-67.00507614213198,12.106006749440409,11.76470588235294,34
1702,"['--ipsccp', '--speculative-execution', '--sccp', '--early-cse', '--mem2reg', '--jump-threading', '--globalopt', '--elim-avail-extern', '--instcombine', '--adce', '--jump-threading', '--gvn', '--simplifycfg', '--hotcoldsplit', '--inline', '--mergefunc', '--gvn-hoist', '--instcombine', '--globalopt', '--elim-avail-extern', '--indvars', '--indvars', '--gvn', '--gvn', '--ipsccp', '--gvn', '--nary-reassociate', '--loop-instsimplify', '--early-cse', '--mem2reg', '--jump-threading', '--globalopt', '--jump-threading', '--bdce', '--elim-avail-extern', '--instcombine', '--simplifycfg', '--sroa', '--mem2reg', '--globaldce', '--gvn-hoist', '--sccp', '--early-cse', '--lower-constant-intrinsics', '--adce', '--slsr', '--loop-fusion', '--gvn-hoist', '--adce', '--loop-simplify', '--dse', '--scalarizer', '--simplifycfg', '--lower-expect', '--simplifycfg', '--gvn-hoist', '--elim-avail-extern', '--ipsccp', '--sccp', '--nary-reassociate', '--gvn', '--early-cse', '--mem2reg', '--jump-threading', '--globalopt', '--slp-vectorizer', '--instcombine', '--simplifycfg', '--sroa', '--early-cse', '--lower-expect', '--sroa', '--sroa', '--lower-expect', '--aggressive-instcombine']",75,-3.5722821294032485,0.0,-0.7959674294750226,0.0,1,-3.5722821294032485,-0.7959674294750226,0.5008908414855473,-67.00507614213198,12.106006749440409,11.76470588235294,34
1704,"['--ipsccp', '--speculative-execution', '--sccp', '--early-cse', '--mem2reg', '--jump-threading', '--globalopt', '--elim-avail-extern', '--instcombine', '--adce', '--jump-threading', '--gvn', '--loop-sink', '--simplifycfg', '--instsimplify', '--inline', '--mergefunc', '--gvn-hoist', '--instcombine', '--globalopt', '--simplifycfg', '--indvars', '--indvars', '--gvn', '--gvn', '--ipsccp', '--gvn', '--gvn', '--nary-reassociate', '--loop-instsimplify', '--early-cse', '--mem2reg', '--jump-threading', '--globalopt', '--elim-avail-extern', '--instcombine', '--simplifycfg', '--sroa', '--mem2reg', '--inferattrs', '--mem2reg', '--globaldce', '--gvn-hoist', '--sccp', '--early-cse', '--lower-constant-intrinsics', '--adce', '--slsr', '--gvn-hoist', '--adce', '--loop-simplify', '--dse', '--scalarizer', '--simplifycfg', '--lower-expect', '--elim-avail-extern', '--elim-avail-extern', '--lower-constant-intrinsics', '--ipsccp', '--nary-reassociate', '--gvn', '--jump-threading', '--globalopt', '--slp-vectorizer', '--instcombine', '--simplifycfg', '--sroa', '--early-cse', '--lower-expect', '--sroa', '--sroa', '--lower-expect', '--aggressive-instcombine']",73,-3.5722821294032485,0.0,-0.7959674294750226,0.0,1,-3.5722821294032485,-0.7959674294750226,0.5008908414855473,-67.00507614213198,12.106006749440409,11.76470588235294,34
1705,"['--ipsccp', '--speculative-execution', '--sccp', '--early-cse', '--mem2reg', '--jump-threading', '--globalopt', '--elim-avail-extern', '--instcombine', '--loop-instsimplify', '--jump-threading', '--gvn', '--simplifycfg', '--instsimplify', '--inline', '--mergefunc', '--gvn-hoist', '--instcombine', '--globalopt', '--elim-avail-extern', '--indvars', '--indvars', '--elim-avail-extern', '--indvars', '--gvn', '--gvn', '--nary-reassociate', '--loop-instsimplify', '--early-cse', '--mem2reg', '--jump-threading', '--globalopt', '--jump-threading', '--bdce', '--elim-avail-extern', '--instcombine', '--simplifycfg', '--sroa', '--mem2reg', '--globaldce', '--gvn-hoist', '--sccp', '--early-cse', '--lower-constant-intrinsics', '--adce', '--slsr', '--gvn-hoist', '--adce', '--loop-simplify', '--dse', '--scalarizer', '--elim-avail-extern', '--lower-expect', '--simplifycfg', '--elim-avail-extern', '--jump-threading', '--lower-constant-intrinsics', '--ipsccp', '--gvn', '--dce', '--gvn', '--early-cse', '--mem2reg', '--jump-threading', '--globalopt', '--slp-vectorizer', '--instcombine', '--simplifycfg', '--sroa', '--early-cse', '--lower-expect', '--sroa', '--sroa', '--lower-expect', '--aggressive-instcombine']",75,-3.5722821294032485,0.0,-0.7959674294750226,0.0,1,-3.5722821294032485,-0.7959674294750226,0.5008908414855473,-67.00507614213198,12.106006749440409,11.76470588235294,34
1750,"['--ipsccp', '--speculative-execution', '--sccp', '--early-cse', '--mem2reg', '--jump-threading', '--globalopt', '--elim-avail-extern', '--instcombine', '--adce', '--jump-threading', '--gvn', '--loop-sink', '--simplifycfg', '--instsimplify', '--inline', '--mergefunc', '--gvn-hoist', '--instcombine', '--globalopt', '--elim-avail-extern', '--indvars', '--indvars', '--inferattrs', '--gvn', '--ipsccp', '--gvn', '--gvn', '--nary-reassociate', '--loop-instsimplify', '--early-cse', '--mem2reg', '--jump-threading', '--globalopt', '--elim-avail-extern', '--instcombine', '--simplifycfg', '--sroa', '--mem2reg', '--gvn', '--mem2reg', '--globaldce', '--gvn-hoist', '--sccp', '--early-cse', '--adce', '--slsr', '--gvn-hoist', '--adce', '--loop-simplify', '--dse', '--scalarizer', '--simplifycfg', '--lower-expect', '--elim-avail-extern', '--lower-constant-intrinsics', '--gvn', '--ipsccp', '--gvn', '--nary-reassociate', '--gvn', '--early-cse', '--mem2reg', '--jump-threading', '--globalopt', '--slp-vectorizer', '--instcombine', '--simplifycfg', '--sroa', '--early-cse', '--lower-expect', '--sroa', '--lower-expect', '--aggressive-instcombine']",74,-3.5722821294032485,0.0,-0.7959674294750226,0.0,1,-3.5722821294032485,-0.7959674294750226,0.5008908414855473,-67.00507614213198,12.106006749440409,11.76470588235294,34
1810,"['--ipsccp', '--speculative-execution', '--sccp', '--early-cse', '--mem2reg', '--jump-threading', '--globalopt', '--elim-avail-extern', '--instcombine', '--loop-instsimplify', '--jump-threading', '--gvn', '--simplifycfg', '--instsimplify', '--inline', '--mergefunc', '--gvn-hoist', '--tailcallelim', '--globalopt', '--elim-avail-extern', '--globalopt', '--indvars', '--indvars', '--gvn', '--gvn', '--ipsccp', '--gvn', '--nary-reassociate', '--adce', '--early-cse', '--mem2reg', '--jump-threading', '--globalopt', '--elim-avail-extern', '--loop-interchange', '--instcombine', '--simplifycfg', '--instcombine', '--simplifycfg', '--sroa', '--inferattrs', '--mem2reg', '--globaldce', '--gvn-hoist', '--sccp', '--early-cse', '--lower-constant-intrinsics', '--adce', '--slsr', '--gvn-hoist', '--adce', '--loop-simplify', '--dse', '--scalarizer', '--simplifycfg', '--lower-expect', '--simplifycfg', '--elim-avail-extern', '--lower-constant-intrinsics', '--ipsccp', '--nary-reassociate', '--gvn', '--jump-threading', '--jump-threading', '--globalopt', '--slp-vectorizer', '--instcombine', '--simplifycfg', '--early-cse', '--lower-expect', '--sroa', '--sroa', '--lower-expect', '--aggressive-instcombine']",74,-3.5722821294032485,0.0,-0.7959674294750226,0.0,1,-3.5722821294032485,-0.7959674294750226,0.5008908414855473,-67.00507614213198,12.106006749440409,11.76470588235294,34
1745,"['--ipsccp', '--speculative-execution', '--sccp', '--early-cse', '--mem2reg', '--jump-threading', '--globalopt', '--elim-avail-extern', '--instcombine', '--loop-instsimplify', '--jump-threading', '--gvn', '--simplifycfg', '--instsimplify', '--inline', '--mergefunc', '--gvn-hoist', '--instcombine', '--gvn-hoist', '--instcombine', '--globalopt', '--elim-avail-extern', '--indvars', '--indvars', '--gvn', '--gvn', '--ipsccp', '--gvn', '--nary-reassociate', '--adce', '--early-cse', '--mem2reg', '--jump-threading', '--globalopt', '--elim-avail-extern', '--instcombine', '--simplifycfg', '--sroa', '--mem2reg', '--globaldce', '--gvn-hoist', '--sccp', '--early-cse', '--lower-constant-intrinsics', '--adce', '--slsr', '--gvn-hoist', '--adce', '--loop-simplify', '--dse', '--scalarizer', '--simplifycfg', '--lower-expect', '--simplifycfg', '--gvn-hoist', '--elim-avail-extern', '--lower-constant-intrinsics', '--gvn', '--ipsccp', '--gvn', '--nary-reassociate', '--gvn', '--aggressive-instcombine', '--mem2reg', '--jump-threading', '--globalopt', '--slp-vectorizer', '--instcombine', '--simplifycfg', '--sroa', '--early-cse', '--lower-expect', '--sroa', '--lower-expect', '--aggressive-instcombine']",75,-3.5722821294032485,0.0,-0.7959674294750226,0.0,1,-3.5722821294032485,-0.7959674294750226,0.5008908414855473,-67.00507614213198,12.106006749440409,11.76470588235294,34
1743,"['--ipsccp', '--speculative-execution', '--sccp', '--early-cse', '--mergefunc', '--ipsccp', '--mem2reg', '--jump-threading', '--globalopt', '--elim-avail-extern', '--instcombine', '--loop-instsimplify', '--jump-threading', '--gvn', '--simplifycfg', '--instsimplify', '--inline', '--mergefunc', '--gvn-hoist', '--instcombine', '--globalopt', '--elim-avail-extern', '--indvars', '--indvars', '--gvn', '--gvn', '--nary-reassociate', '--adce', '--early-cse', '--mem2reg', '--jump-threading', '--globalopt', '--elim-avail-extern', '--instcombine', '--simplifycfg', '--sroa', '--mem2reg', '--globaldce', '--gvn-hoist', '--sccp', '--early-cse', '--lower-constant-intrinsics', '--adce', '--slsr', '--gvn-hoist', '--adce', '--loop-simplify', '--dse', '--scalarizer', '--simplifycfg', '--lower-expect', '--simplifycfg', '--gvn-hoist', '--elim-avail-extern', '--lower-constant-intrinsics', '--gvn', '--ipsccp', '--gvn', '--nary-reassociate', '--gvn', '--early-cse', '--sroa', '--jump-threading', '--globalopt', '--slp-vectorizer', '--instcombine', '--simplifycfg', '--sroa', '--early-cse', '--lower-expect', '--sroa', '--mem2reg', '--sroa', '--aggressive-instcombine']",74,-3.5722821294032485,0.0,-0.7959674294750226,0.0,1,-3.5722821294032485,-0.7959674294750226,0.5008908414855473,-67.00507614213198,12.106006749440409,11.76470588235294,34
1742,"['--ipsccp', '--speculative-execution', '--sccp', '--early-cse', '--mem2reg', '--jump-threading', '--elim-avail-extern', '--instcombine', '--adce', '--loop-interchange', '--aggressive-instcombine', '--gvn', '--simplifycfg', '--instsimplify', '--simplifycfg', '--instsimplify', '--inline', '--mergefunc', '--gvn-hoist', '--instcombine', '--globalopt', '--elim-avail-extern', '--indvars', '--indvars', '--gvn', '--gvn', '--ipsccp', '--gvn', '--nary-reassociate', '--adce', '--early-cse', '--mem2reg', '--jump-threading', '--globalopt', '--elim-avail-extern', '--instcombine', '--simplifycfg', '--sroa', '--mem2reg', '--globaldce', '--gvn-hoist', '--sccp', '--early-cse', '--lower-constant-intrinsics', '--adce', '--slsr', '--gvn-hoist', '--adce', '--loop-simplify', '--dse', '--scalarizer', '--simplifycfg', '--lower-expect', '--simplifycfg', '--gvn-hoist', '--elim-avail-extern', '--lower-constant-intrinsics', '--gvn', '--ipsccp', '--gvn', '--nary-reassociate', '--gvn', '--early-cse', '--mem2reg', '--jump-threading', '--globalopt', '--slp-vectorizer', '--instcombine', '--simplifycfg', '--sroa', '--early-cse', '--lower-expect', '--sroa', '--lower-expect', '--aggressive-instcombine']",75,-3.5722821294032485,0.0,-0.7959674294750226,0.0,1,-3.5722821294032485,-0.7959674294750226,0.5008908414855473,-67.00507614213198,12.106006749440409,11.76470588235294,34
1725,"['--ipsccp', '--speculative-execution', '--sccp', '--early-cse', '--mergefunc', '--ipsccp', '--mem2reg', '--jump-threading', '--globalopt', '--elim-avail-extern', '--instcombine', '--loop-instsimplify', '--jump-threading', '--gvn', '--simplifycfg', '--instsimplify', '--inline', '--mergefunc', '--gvn-hoist', '--instcombine', '--globalopt', '--elim-avail-extern', '--indvars', '--indvars', '--gvn', '--gvn', '--ipsccp', '--gvn', '--nary-reassociate', '--adce', '--early-cse', '--mem2reg', '--jump-threading', '--globalopt', '--elim-avail-extern', '--instcombine', '--simplifycfg', '--sroa', '--mem2reg', '--globaldce', '--gvn-hoist', '--irce', '--early-cse', '--lower-constant-intrinsics', '--adce', '--slsr', '--gvn-hoist', '--adce', '--loop-simplify', '--dse', '--scalarizer', '--simplifycfg', '--lower-expect', '--simplifycfg', '--gvn-hoist', '--lower-constant-intrinsics', '--slsr', '--ipsccp', '--gvn', '--nary-reassociate', '--gvn', '--early-cse', '--mem2reg', '--jump-threading', '--globalopt', '--slp-vectorizer', '--instcombine', '--simplifycfg', '--sroa', '--early-cse', '--lower-expect', '--sroa', '--sroa', '--lower-expect', '--simplifycfg', '--aggressive-instcombine']",76,-3.5722821294032485,0.0,-0.7959674294750226,0.0,1,-3.5722821294032485,-0.7959674294750226,0.5008908414855473,-67.00507614213198,12.106006749440409,11.76470588235294,34
1740,"['--ipsccp', '--speculative-execution', '--sccp', '--early-cse', '--mem2reg', '--jump-threading', '--globalopt', '--elim-avail-extern', '--instcombine', '--adce', '--jump-threading', '--gvn', '--simplifycfg', '--instsimplify', '--inline', '--mergefunc', '--gvn-hoist', '--tailcallelim', '--globalopt', '--elim-avail-extern', '--indvars', '--indvars', '--gvn', '--gvn', '--gvn', '--gvn', '--ipsccp', '--gvn', '--nary-reassociate', '--loop-instsimplify', '--early-cse', '--mem2reg', '--jump-threading', '--globalopt', '--elim-avail-extern', '--instcombine', '--simplifycfg', '--sroa', '--mem2reg', '--globaldce', '--gvn-hoist', '--sccp', '--early-cse', '--lower-constant-intrinsics', '--adce', '--slsr', '--gvn-hoist', '--adce', '--loop-simplify', '--dse', '--scalarizer', '--simplifycfg', '--lower-expect', '--simplifycfg', '--elim-avail-extern', '--elim-avail-extern', '--lower-constant-intrinsics', '--ipsccp', '--gvn', '--nary-reassociate', '--gvn', '--early-cse', '--mem2reg', '--jump-threading', '--globalopt', '--slp-vectorizer', '--instcombine', '--simplifycfg', '--sroa', '--early-cse', '--lower-expect', '--sroa', '--sroa', '--lower-expect', '--aggressive-instcombine']",75,-3.5722821294032485,0.0,-0.7959674294750226,0.0,1,-3.5722821294032485,-0.7959674294750226,0.5008908414855473,-67.00507614213198,12.106006749440409,11.76470588235294,34
1738,"['--ipsccp', '--speculative-execution', '--sccp', '--early-cse', '--mem2reg', '--jump-threading', '--globalopt', '--elim-avail-extern', '--instcombine', '--loop-instsimplify', '--jump-threading', '--gvn', '--simplifycfg', '--instsimplify', '--inline', '--mergefunc', '--gvn-hoist', '--instcombine', '--globalopt', '--elim-avail-extern', '--indvars', '--indvars', '--elim-avail-extern', '--indvars', '--gvn', '--gvn', '--nary-reassociate', '--loop-instsimplify', '--early-cse', '--mem2reg', '--jump-threading', '--globalopt', '--jump-threading', '--bdce', '--elim-avail-extern', '--instcombine', '--simplifycfg', '--sroa', '--mem2reg', '--globaldce', '--gvn-hoist', '--sccp', '--early-cse', '--lower-constant-intrinsics', '--adce', '--nary-reassociate', '--slsr', '--gvn-hoist', '--adce', '--loop-simplify', '--dse', '--scalarizer', '--elim-avail-extern', '--lower-expect', '--simplifycfg', '--elim-avail-extern', '--jump-threading', '--lower-constant-intrinsics', '--ipsccp', '--gvn', '--nary-reassociate', '--gvn', '--early-cse', '--mem2reg', '--jump-threading', '--globalopt', '--slp-vectorizer', '--instcombine', '--simplifycfg', '--sroa', '--early-cse', '--lower-expect', '--sroa', '--sroa', '--lower-expect', '--aggressive-instcombine']",76,-3.5722821294032485,0.0,-0.7959674294750226,0.0,1,-3.5722821294032485,-0.7959674294750226,0.5008908414855473,-67.00507614213198,12.106006749440409,11.76470588235294,34
1726,"['--simplifycfg', '--speculative-execution', '--sccp', '--early-cse', '--mem2reg', '--jump-threading', '--elim-avail-extern', '--instcombine', '--adce', '--loop-interchange', '--aggressive-instcombine', '--gvn', '--simplifycfg', '--instsimplify', '--inline', '--mergefunc', '--gvn-hoist', '--gvn-hoist', '--instcombine', '--globalopt', '--elim-avail-extern', '--indvars', '--elim-avail-extern', '--simple-loop-unswitch', '--indvars', '--gvn', '--gvn', '--ipsccp', '--gvn', '--nary-reassociate', '--loop-instsimplify', '--early-cse', '--mem2reg', '--jump-threading', '--globalopt', '--elim-avail-extern', '--instcombine', '--ipsccp', '--sroa', '--inferattrs', '--mem2reg', '--globaldce', '--gvn-hoist', '--sccp', '--early-cse', '--lower-constant-intrinsics', '--adce', '--slsr', '--gvn-hoist', '--adce', '--loop-simplify', '--dse', '--scalarizer', '--lower-expect', '--simplifycfg', '--elim-avail-extern', '--lower-constant-intrinsics', '--ipsccp', '--gvn', '--ipsccp', '--gvn', '--nary-reassociate', '--gvn', '--early-cse', '--mem2reg', '--jump-threading', '--globalopt', '--slp-vectorizer', '--instcombine', '--simplifycfg', '--sroa', '--early-cse', '--lower-expect', '--sroa', '--lower-expect', '--aggressive-instcombine']",76,-3.5722821294032485,0.0,-0.7959674294750226,0.0,1,-3.5722821294032485,-0.7959674294750226,0.5008908414855473,-67.00507614213198,12.106006749440409,11.76470588235294,34
1727,"['--ipsccp', '--speculative-execution', '--sccp', '--early-cse', '--mem2reg', '--jump-threading', '--elim-avail-extern', '--instcombine', '--adce', '--loop-interchange', '--aggressive-instcombine', '--gvn', '--simplifycfg', '--instsimplify', '--inline', '--globaldce', '--mergefunc', '--gvn-hoist', '--gvn-hoist', '--instcombine', '--elim-avail-extern', '--indvars', '--indvars', '--mem2reg', '--gvn', '--ipsccp', '--gvn', '--nary-reassociate', '--adce', '--early-cse', '--gvn', '--jump-threading', '--globalopt', '--elim-avail-extern', '--instcombine', '--simplifycfg', '--simplifycfg', '--sroa', '--mem2reg', '--globaldce', '--gvn-hoist', '--sccp', '--early-cse', '--lower-constant-intrinsics', '--adce', '--slsr', '--gvn-hoist', '--adce', '--loop-simplify', '--dse', '--scalarizer', '--simplifycfg', '--lower-expect', '--simplifycfg', '--elim-avail-extern', '--lower-constant-intrinsics', '--gvn', '--nary-reassociate', '--gvn', '--early-cse', '--mem2reg', '--jump-threading', '--globalopt', '--slp-vectorizer', '--instcombine', '--simplifycfg', '--sroa', '--early-cse', '--lower-expect', '--sroa', '--lower-expect', '--simplifycfg', '--aggressive-instcombine']",73,-3.5722821294032485,0.0,-0.7959674294750226,0.0,1,-3.5722821294032485,-0.7959674294750226,0.5008908414855473,-67.00507614213198,12.106006749440409,11.76470588235294,34
1737,"['--ipsccp', '--speculative-execution', '--sccp', '--early-cse', '--mem2reg', '--jump-threading', '--globalopt', '--elim-avail-extern', '--instcombine', '--adce', '--jump-threading', '--gvn', '--simplifycfg', '--hotcoldsplit', '--inline', '--mergefunc', '--gvn-hoist', '--instcombine', '--globalopt', '--elim-avail-extern', '--indvars', '--indvars', '--gvn-hoist', '--gvn', '--gvn', '--ipsccp', '--gvn', '--nary-reassociate', '--loop-instsimplify', '--early-cse', '--mem2reg', '--jump-threading', '--globalopt', '--jump-threading', '--bdce', '--elim-avail-extern', '--instcombine', '--simplifycfg', '--sroa', '--mem2reg', '--globaldce', '--gvn-hoist', '--sccp', '--early-cse', '--lower-constant-intrinsics', '--lower-constant-intrinsics', '--adce', '--slsr', '--gvn-hoist', '--adce', '--loop-simplify', '--dse', '--scalarizer', '--simplifycfg', '--lower-expect', '--simplifycfg', '--elim-avail-extern', '--lower-constant-intrinsics', '--ipsccp', '--nary-reassociate', '--gvn', '--jump-threading', '--globalopt', '--slp-vectorizer', '--instcombine', '--simplifycfg', '--sroa', '--early-cse', '--lower-expect', '--sroa', '--sroa', '--lower-expect', '--aggressive-instcombine']",73,-3.5722821294032485,0.0,-0.7959674294750226,0.0,1,-3.5722821294032485,-0.7959674294750226,0.5008908414855473,-67.00507614213198,12.106006749440409,11.76470588235294,34
1728,"['--ipsccp', '--speculative-execution', '--sccp', '--early-cse', '--mem2reg', '--jump-threading', '--globalopt', '--elim-avail-extern', '--instcombine', '--loop-instsimplify', '--jump-threading', '--gvn', '--simplifycfg', '--instsimplify', '--inline', '--mergefunc', '--gvn-hoist', '--instcombine', '--globalopt', '--elim-avail-extern', '--indvars', '--indvars', '--gvn', '--gvn', '--ipsccp', '--gvn', '--nary-reassociate', '--adce', '--early-cse', '--mem2reg', '--jump-threading', '--globalopt', '--elim-avail-extern', '--instcombine', '--simplifycfg', '--sroa', '--mem2reg', '--globaldce', '--gvn-hoist', '--sccp', '--lower-constant-intrinsics', '--adce', '--slsr', '--gvn-hoist', '--adce', '--loop-simplify', '--adce', '--loop-simplify', '--dse', '--scalarizer', '--simplifycfg', '--lower-expect', '--nary-reassociate', '--elim-avail-extern', '--elim-avail-extern', '--lower-constant-intrinsics', '--gvn', '--ipsccp', '--gvn', '--nary-reassociate', '--gvn', '--early-cse', '--mem2reg', '--jump-threading', '--globalopt', '--slp-vectorizer', '--instcombine', '--simplifycfg', '--sroa', '--early-cse', '--lower-expect', '--sroa', '--lower-expect', '--aggressive-instcombine']",74,-3.5722821294032485,0.0,-0.7959674294750226,0.0,1,-3.5722821294032485,-0.7959674294750226,0.5008908414855473,-67.00507614213198,12.106006749440409,11.76470588235294,34
1736,"['--ipsccp', '--speculative-execution', '--sccp', '--early-cse', '--mem2reg', '--jump-threading', '--globalopt', '--elim-avail-extern', '--instcombine', '--loop-instsimplify', '--jump-threading', '--gvn', '--simplifycfg', '--instsimplify', '--inline', '--mergefunc', '--gvn-hoist', '--instcombine', '--globalopt', '--elim-avail-extern', '--indvars', '--indvars', '--gvn', '--gvn', '--gvn', '--ipsccp', '--gvn', '--nary-reassociate', '--adce', '--early-cse', '--mem2reg', '--jump-threading', '--globalopt', '--elim-avail-extern', '--instcombine', '--simplifycfg', '--simplifycfg', '--sroa', '--mem2reg', '--globaldce', '--gvn-hoist', '--sccp', '--early-cse', '--lower-constant-intrinsics', '--adce', '--slsr', '--gvn-hoist', '--adce', '--loop-simplify', '--dse', '--scalarizer', '--simplifycfg', '--lower-expect', '--simplifycfg', '--elim-avail-extern', '--lower-constant-intrinsics', '--gvn', '--nary-reassociate', '--gvn', '--early-cse', '--mem2reg', '--jump-threading', '--globalopt', '--slp-vectorizer', '--instcombine', '--simplifycfg', '--sroa', '--early-cse', '--lower-expect', '--sroa', '--lower-expect', '--simplifycfg', '--aggressive-instcombine']",73,-3.5722821294032485,0.0,-0.7959674294750226,0.0,1,-3.5722821294032485,-0.7959674294750226,0.5008908414855473,-67.00507614213198,12.106006749440409,11.76470588235294,34
1812,"['--ipsccp', '--speculative-execution', '--sccp', '--early-cse', '--mem2reg', '--jump-threading', '--elim-avail-extern', '--instcombine', '--adce', '--loop-interchange', '--aggressive-instcombine', '--gvn', '--simplifycfg', '--instsimplify', '--inline', '--globaldce', '--mergefunc', '--gvn-hoist', '--gvn-hoist', '--instcombine', '--elim-avail-extern', '--indvars', '--indvars', '--gvn', '--gvn', '--ipsccp', '--gvn', '--nary-reassociate', '--loop-instsimplify', '--early-cse', '--mem2reg', '--jump-threading', '--globalopt', '--jump-threading', '--bdce', '--elim-avail-extern', '--instcombine', '--simplifycfg', '--sroa', '--mem2reg', '--globaldce', '--gvn-hoist', '--sccp', '--early-cse', '--lower-constant-intrinsics', '--adce', '--slsr', '--gvn-hoist', '--adce', '--loop-simplify', '--dse', '--scalarizer', '--simplifycfg', '--lower-expect', '--simplifycfg', '--elim-avail-extern', '--lower-constant-intrinsics', '--lower-constant-intrinsics', '--nary-reassociate', '--gvn', '--jump-threading', '--jump-threading', '--globalopt', '--slp-vectorizer', '--instcombine', '--simplifycfg', '--early-cse', '--lower-expect', '--sroa', '--sroa', '--sroa', '--lower-expect', '--aggressive-instcombine']",73,-3.5722821294032485,0.0,-0.7959674294750226,0.0,1,-3.5722821294032485,-0.7959674294750226,0.5008908414855473,-67.00507614213198,12.106006749440409,11.76470588235294,34
1730,"['--ipsccp', '--speculative-execution', '--sccp', '--early-cse', '--mem2reg', '--jump-threading', '--globalopt', '--elim-avail-extern', '--instcombine', '--adce', '--jump-threading', '--gvn', '--simplifycfg', '--instsimplify', '--inline', '--mergefunc', '--gvn-hoist', '--tailcallelim', '--globalopt', '--elim-avail-extern', '--indvars', '--indvars', '--gvn', '--gvn', '--gvn', '--gvn', '--ipsccp', '--gvn', '--nary-reassociate', '--loop-instsimplify', '--early-cse', '--mem2reg', '--jump-threading', '--globalopt', '--elim-avail-extern', '--instcombine', '--simplifycfg', '--sroa', '--mem2reg', '--globaldce', '--gvn-hoist', '--sccp', '--early-cse', '--lower-constant-intrinsics', '--adce', '--slsr', '--gvn-hoist', '--adce', '--loop-simplify', '--dse', '--scalarizer', '--simplifycfg', '--lower-expect', '--simplifycfg', '--elim-avail-extern', '--lower-constant-intrinsics', '--ipsccp', '--gvn', '--nary-reassociate', '--gvn', '--early-cse', '--mem2reg', '--globalopt', '--slp-vectorizer', '--instcombine', '--simplifycfg', '--sroa', '--early-cse', '--lower-expect', '--sroa', '--sroa', '--lower-expect', '--aggressive-instcombine']",73,-3.5722821294032485,0.0,-0.7959674294750226,0.0,1,-3.5722821294032485,-0.7959674294750226,0.5008908414855473,-67.00507614213198,12.106006749440409,11.76470588235294,34
1734,"['--ipsccp', '--speculative-execution', '--sccp', '--early-cse', '--mem2reg', '--jump-threading', '--globalopt', '--elim-avail-extern', '--instcombine', '--loop-instsimplify', '--jump-threading', '--gvn', '--simplifycfg', '--instsimplify', '--inline', '--mergefunc', '--gvn-hoist', '--instcombine', '--globalopt', '--elim-avail-extern', '--indvars', '--indvars', '--gvn', '--gvn', '--ipsccp', '--gvn', '--nary-reassociate', '--adce', '--early-cse', '--mem2reg', '--jump-threading', '--globalopt', '--elim-avail-extern', '--loop-interchange', '--instcombine', '--simplifycfg', '--instcombine', '--simplifycfg', '--sroa', '--inferattrs', '--mem2reg', '--globaldce', '--gvn-hoist', '--sccp', '--early-cse', '--lower-constant-intrinsics', '--adce', '--slsr', '--gvn-hoist', '--adce', '--loop-simplify', '--dse', '--scalarizer', '--simplifycfg', '--lower-expect', '--simplifycfg', '--elim-avail-extern', '--lower-constant-intrinsics', '--ipsccp', '--nary-reassociate', '--gvn', '--jump-threading', '--jump-threading', '--globalopt', '--slp-vectorizer', '--instcombine', '--simplifycfg', '--early-cse', '--lower-expect', '--sroa', '--sroa', '--sroa', '--lower-expect', '--aggressive-instcombine']",74,-3.5722821294032485,0.0,-0.7959674294750226,0.0,1,-3.5722821294032485,-0.7959674294750226,0.5008908414855473,-67.00507614213198,12.106006749440409,11.76470588235294,34
1731,"['--ipsccp', '--speculative-execution', '--sccp', '--early-cse', '--mergefunc', '--ipsccp', '--mem2reg', '--jump-threading', '--globalopt', '--elim-avail-extern', '--instcombine', '--loop-instsimplify', '--jump-threading', '--gvn', '--simplifycfg', '--instsimplify', '--inline', '--mergefunc', '--globalopt', '--elim-avail-extern', '--indvars', '--indvars', '--gvn', '--gvn', '--ipsccp', '--gvn', '--nary-reassociate', '--adce', '--early-cse', '--mem2reg', '--jump-threading', '--globalopt', '--elim-avail-extern', '--instcombine', '--simplifycfg', '--sroa', '--mem2reg', '--globaldce', '--gvn-hoist', '--sccp', '--early-cse', '--lower-constant-intrinsics', '--adce', '--slsr', '--gvn-hoist', '--adce', '--loop-simplify', '--adce', '--loop-simplify', '--dse', '--scalarizer', '--simplifycfg', '--nary-reassociate', '--elim-avail-extern', '--lower-constant-intrinsics', '--ipsccp', '--gvn', '--nary-reassociate', '--gvn', '--early-cse', '--mem2reg', '--jump-threading', '--globalopt', '--slp-vectorizer', '--instcombine', '--simplifycfg', '--sroa', '--early-cse', '--lower-expect', '--sroa', '--sroa', '--lower-expect', '--simplifycfg', '--aggressive-instcombine']",74,-3.5722821294032485,0.0,-0.7959674294750226,0.0,1,-3.5722821294032485,-0.7959674294750226,0.5008908414855473,-67.00507614213198,12.106006749440409,11.76470588235294,34
1724,"['--ipsccp', '--speculative-execution', '--sccp', '--early-cse', '--mem2reg', '--jump-threading', '--elim-avail-extern', '--instcombine', '--adce', '--loop-interchange', '--aggressive-instcombine', '--gvn', '--simplifycfg', '--instsimplify', '--inline', '--mergefunc', '--gvn-hoist', '--gvn-hoist', '--instcombine', '--globalopt', '--elim-avail-extern', '--indvars', '--indvars', '--gvn', '--gvn', '--ipsccp', '--gvn', '--gvn', '--nary-reassociate', '--elim-avail-extern', '--loop-instsimplify', '--early-cse', '--mem2reg', '--jump-threading', '--globalopt', '--elim-avail-extern', '--instcombine', '--simplifycfg', '--sroa', '--mem2reg', '--globaldce', '--gvn-hoist', '--sccp', '--early-cse', '--lower-constant-intrinsics', '--adce', '--slsr', '--adce', '--slsr', '--gvn-hoist', '--adce', '--loop-simplify', '--dse', '--scalarizer', '--simplifycfg', '--lower-expect', '--simplifycfg', '--elim-avail-extern', '--lower-constant-intrinsics', '--ipsccp', '--nary-reassociate', '--gvn', '--jump-threading', '--globalopt', '--slp-vectorizer', '--instcombine', '--simplifycfg', '--sroa', '--early-cse', '--lower-expect', '--sroa', '--sroa', '--lower-expect', '--aggressive-instcombine']",74,-3.5722821294032485,0.0,-0.7959674294750226,0.0,1,-3.5722821294032485,-0.7959674294750226,0.5008908414855473,-67.00507614213198,12.106006749440409,11.76470588235294,34
1751,"['--ipsccp', '--speculative-execution', '--sccp', '--early-cse', '--mem2reg', '--jump-threading', '--globalopt', '--elim-avail-extern', '--instcombine', '--adce', '--jump-threading', '--gvn', '--simplifycfg', '--instsimplify', '--inline', '--mergefunc', '--gvn-hoist', '--instcombine', '--globalopt', '--elim-avail-extern', '--indvars', '--indvars', '--gvn', '--gvn', '--ipsccp', '--gvn', '--nary-reassociate', '--adce', '--early-cse', '--mem2reg', '--jump-threading', '--memcpyopt', '--elim-avail-extern', '--loop-interchange', '--instcombine', '--simplifycfg', '--instcombine', '--simplifycfg', '--sroa', '--inferattrs', '--mem2reg', '--globaldce', '--gvn-hoist', '--sccp', '--early-cse', '--lower-constant-intrinsics', '--adce', '--slsr', '--gvn-hoist', '--adce', '--loop-simplify', '--dse', '--scalarizer', '--simplifycfg', '--lower-expect', '--simplifycfg', '--elim-avail-extern', '--lower-constant-intrinsics', '--ipsccp', '--nary-reassociate', '--gvn', '--jump-threading', '--jump-threading', '--globalopt', '--slp-vectorizer', '--instcombine', '--simplifycfg', '--early-cse', '--lower-expect', '--sroa', '--sroa', '--sroa', '--lower-expect', '--aggressive-instcombine']",74,-3.5722821294032485,0.0,-0.7959674294750226,0.0,1,-3.5722821294032485,-0.7959674294750226,0.5008908414855473,-67.00507614213198,12.106006749440409,11.76470588235294,34
1720,"['--ipsccp', '--speculative-execution', '--sccp', '--early-cse', '--mem2reg', '--jump-threading', '--elim-avail-extern', '--instcombine', '--adce', '--loop-interchange', '--aggressive-instcombine', '--gvn', '--simplifycfg', '--instsimplify', '--inline', '--mergefunc', '--gvn-hoist', '--gvn-hoist', '--instcombine', '--globalopt', '--elim-avail-extern', '--indvars', '--elim-avail-extern', '--indvars', '--gvn', '--gvn', '--ipsccp', '--gvn', '--nary-reassociate', '--loop-instsimplify', '--early-cse', '--mem2reg', '--jump-threading', '--globalopt', '--elim-avail-extern', '--instcombine', '--simplifycfg', '--sroa', '--mem2reg', '--globaldce', '--gvn-hoist', '--sccp', '--early-cse', '--lower-constant-intrinsics', '--adce', '--slsr', '--elim-avail-extern', '--gvn-hoist', '--adce', '--loop-simplify', '--dse', '--scalarizer', '--simplifycfg', '--lower-expect', '--simplifycfg', '--elim-avail-extern', '--lower-constant-intrinsics', '--ipsccp', '--gvn', '--nary-reassociate', '--gvn', '--early-cse', '--mem2reg', '--jump-threading', '--globalopt', '--slp-vectorizer', '--instcombine', '--sroa', '--early-cse', '--lower-expect', '--sroa', '--sroa', '--lower-expect', '--aggressive-instcombine']",74,-3.5722821294032485,0.0,-0.7959674294750226,0.0,1,-3.5722821294032485,-0.7959674294750226,0.5008908414855473,-67.00507614213198,12.106006749440409,11.76470588235294,34
1756,"['--ipsccp', '--speculative-execution', '--gvn-hoist', '--early-cse', '--mergefunc', '--ipsccp', '--mem2reg', '--jump-threading', '--globalopt', '--elim-avail-extern', '--instcombine', '--loop-instsimplify', '--jump-threading', '--gvn', '--simplifycfg', '--instsimplify', '--inline', '--mergefunc', '--gvn-hoist', '--instcombine', '--globalopt', '--elim-avail-extern', '--indvars', '--indvars', '--gvn', '--gvn', '--ipsccp', '--gvn', '--nary-reassociate', '--adce', '--early-cse', '--mem2reg', '--jump-threading', '--globalopt', '--elim-avail-extern', '--instcombine', '--simplifycfg', '--sroa', '--mem2reg', '--prune-eh', '--globaldce', '--gvn-hoist', '--sccp', '--early-cse', '--sccp', '--early-cse', '--lower-constant-intrinsics', '--adce', '--slsr', '--gvn-hoist', '--adce', '--loop-simplify', '--dse', '--scalarizer', '--simplifycfg', '--lower-expect', '--simplifycfg', '--elim-avail-extern', '--lower-constant-intrinsics', '--ipsccp', '--nary-reassociate', '--gvn', '--jump-threading', '--globalopt', '--slp-vectorizer', '--instcombine', '--simplifycfg', '--early-cse', '--lower-expect', '--sroa', '--sroa', '--lower-expect', '--aggressive-instcombine']",73,-3.5722821294032485,0.0,-0.7959674294750226,0.0,1,-3.5722821294032485,-0.7959674294750226,0.5008908414855473,-67.00507614213198,12.106006749440409,11.76470588235294,34
1759,"['--ipsccp', '--speculative-execution', '--sccp', '--early-cse', '--mem2reg', '--jump-threading', '--globalopt', '--elim-avail-extern', '--instcombine', '--loop-instsimplify', '--jump-threading', '--gvn', '--simplifycfg', '--instsimplify', '--inline', '--mergefunc', '--gvn-hoist', '--tailcallelim', '--globalopt', '--elim-avail-extern', '--globalopt', '--indvars', '--indvars', '--gvn', '--gvn', '--ipsccp', '--gvn', '--nary-reassociate', '--adce', '--early-cse', '--mem2reg', '--jump-threading', '--globalopt', '--elim-avail-extern', '--instcombine', '--simplifycfg', '--sroa', '--mem2reg', '--globaldce', '--gvn-hoist', '--irce', '--early-cse', '--lower-constant-intrinsics', '--adce', '--slsr', '--gvn-hoist', '--adce', '--loop-simplify', '--dse', '--scalarizer', '--simplifycfg', '--lower-expect', '--simplifycfg', '--gvn-hoist', '--lower-constant-intrinsics', '--slsr', '--ipsccp', '--gvn', '--nary-reassociate', '--gvn', '--early-cse', '--mem2reg', '--jump-threading', '--globalopt', '--slp-vectorizer', '--instcombine', '--simplifycfg', '--sroa', '--early-cse', '--lower-expect', '--sroa', '--sroa', '--lower-expect', '--simplifycfg', '--aggressive-instcombine']",75,-3.5722821294032485,0.0,-0.7959674294750226,0.0,1,-3.5722821294032485,-0.7959674294750226,0.5008908414855473,-67.00507614213198,12.106006749440409,11.76470588235294,34
1707,"['--mldst-motion', '--ipsccp', '--speculative-execution', '--sccp', '--early-cse', '--mem2reg', '--jump-threading', '--globalopt', '--elim-avail-extern', '--instcombine', '--loop-instsimplify', '--jump-threading', '--gvn', '--simplifycfg', '--instsimplify', '--inline', '--mergefunc', '--gvn-hoist', '--instcombine', '--globalopt', '--elim-avail-extern', '--indvars', '--indvars', '--gvn', '--gvn', '--gvn', '--nary-reassociate', '--loop-instsimplify', '--early-cse', '--mem2reg', '--jump-threading', '--globalopt', '--jump-threading', '--bdce', '--elim-avail-extern', '--instcombine', '--simplifycfg', '--sroa', '--mem2reg', '--globaldce', '--gvn-hoist', '--sccp', '--early-cse', '--lower-constant-intrinsics', '--adce', '--slsr', '--gvn-hoist', '--adce', '--loop-simplify', '--dse', '--scalarizer', '--simplifycfg', '--lower-expect', '--simplifycfg', '--lower-expect', '--lower-constant-intrinsics', '--ipsccp', '--gvn', '--nary-reassociate', '--gvn', '--early-cse', '--mem2reg', '--jump-threading', '--globalopt', '--slp-vectorizer', '--instcombine', '--simplifycfg', '--sroa', '--early-cse', '--lower-expect', '--sroa', '--sroa', '--elim-avail-extern', '--aggressive-instcombine']",74,-3.5722821294032485,0.0,-0.7959674294750226,0.0,1,-3.5722821294032485,-0.7959674294750226,0.5008908414855473,-67.00507614213198,12.106006749440409,11.76470588235294,34
1815,"['--ipsccp', '--speculative-execution', '--sccp', '--early-cse', '--mem2reg', '--jump-threading', '--elim-avail-extern', '--instcombine', '--adce', '--loop-interchange', '--aggressive-instcombine', '--gvn', '--simplifycfg', '--instsimplify', '--inline', '--mem2reg', '--gvn-hoist', '--gvn-hoist', '--instcombine', '--globalopt', '--elim-avail-extern', '--indvars', '--elim-avail-extern', '--indvars', '--gvn', '--gvn', '--ipsccp', '--gvn', '--nary-reassociate', '--loop-instsimplify', '--early-cse', '--mem2reg', '--jump-threading', '--globalopt', '--elim-avail-extern', '--instcombine', '--simplifycfg', '--sroa', '--mem2reg', '--globaldce', '--gvn-hoist', '--sccp', '--early-cse', '--lower-constant-intrinsics', '--adce', '--slsr', '--gvn-hoist', '--adce', '--loop-simplify', '--dse', '--scalarizer', '--simplifycfg', '--lower-expect', '--simplifycfg', '--sccp', '--elim-avail-extern', '--lower-constant-intrinsics', '--gvn', '--nary-reassociate', '--adce', '--early-cse', '--mergefunc', '--jump-threading', '--globalopt', '--slp-vectorizer', '--instcombine', '--simplifycfg', '--sroa', '--early-cse', '--lower-expect', '--sroa', '--sroa', '--lower-expect', '--aggressive-instcombine']",74,-3.5722821294032485,0.0,-0.7959674294750226,0.0,1,-3.5722821294032485,-0.7959674294750226,0.5008908414855473,-67.00507614213198,12.106006749440409,11.76470588235294,34
1809,"['--ipsccp', '--speculative-execution', '--sccp', '--early-cse', '--mem2reg', '--jump-threading', '--elim-avail-extern', '--instcombine', '--adce', '--loop-interchange', '--aggressive-instcombine', '--gvn', '--instsimplify', '--simplifycfg', '--inline', '--globaldce', '--mergefunc', '--gvn-hoist', '--gvn-hoist', '--instcombine', '--elim-avail-extern', '--indvars', '--indvars', '--gvn', '--gvn', '--ipsccp', '--gvn', '--nary-reassociate', '--adce', '--early-cse', '--mem2reg', '--jump-threading', '--globalopt', '--elim-avail-extern', '--instcombine', '--simplifycfg', '--simplifycfg', '--sroa', '--mem2reg', '--globaldce', '--gvn-hoist', '--sccp', '--early-cse', '--lower-constant-intrinsics', '--adce', '--slsr', '--gvn-hoist', '--elim-avail-extern', '--adce', '--loop-simplify', '--dse', '--scalarizer', '--simplifycfg', '--lower-expect', '--simplifycfg', '--elim-avail-extern', '--lower-constant-intrinsics', '--gvn', '--nary-reassociate', '--gvn', '--early-cse', '--mem2reg', '--jump-threading', '--globalopt', '--slp-vectorizer', '--instcombine', '--simplifycfg', '--sroa', '--early-cse', '--lower-expect', '--sroa', '--lower-expect', '--simplifycfg', '--aggressive-instcombine']",74,-3.5722821294032485,0.0,-0.7959674294750226,0.0,1,-3.5722821294032485,-0.7959674294750226,0.5008908414855473,-67.00507614213198,12.106006749440409,11.76470588235294,34
1709,"['--ipsccp', '--speculative-execution', '--sccp', '--early-cse', '--mem2reg', '--jump-threading', '--globalopt', '--elim-avail-extern', '--instcombine', '--adce', '--jump-threading', '--gvn', '--loop-sink', '--simplifycfg', '--instsimplify', '--inline', '--mergefunc', '--gvn-hoist', '--instcombine', '--globalopt', '--elim-avail-extern', '--indvars', '--indvars', '--gvn', '--gvn', '--ipsccp', '--gvn', '--gvn', '--nary-reassociate', '--loop-instsimplify', '--early-cse', '--mem2reg', '--jump-threading', '--globalopt', '--elim-avail-extern', '--instcombine', '--simplifycfg', '--sroa', '--mem2reg', '--inferattrs', '--mem2reg', '--globaldce', '--gvn-hoist', '--sccp', '--early-cse', '--lower-constant-intrinsics', '--adce', '--slsr', '--gvn-hoist', '--adce', '--loop-simplify', '--dse', '--scalarizer', '--simplifycfg', '--lower-expect', '--simplifycfg', '--elim-avail-extern', '--lower-constant-intrinsics', '--ipsccp', '--nary-reassociate', '--gvn', '--jump-threading', '--globalopt', '--slp-vectorizer', '--instcombine', '--simplifycfg', '--early-cse', '--lower-expect', '--sroa', '--sroa', '--lower-expect', '--aggressive-instcombine']",72,-3.5722821294032485,0.0,-0.7959674294750226,0.0,1,-3.5722821294032485,-0.7959674294750226,0.5008908414855473,-67.00507614213198,12.106006749440409,11.76470588235294,34
1813,"['--simplifycfg', '--speculative-execution', '--sccp', '--early-cse', '--mem2reg', '--jump-threading', '--elim-avail-extern', '--instcombine', '--adce', '--loop-interchange', '--aggressive-instcombine', '--gvn', '--simplifycfg', '--instsimplify', '--inline', '--mergefunc', '--gvn-hoist', '--gvn-hoist', '--instcombine', '--globalopt', '--elim-avail-extern', '--indvars', '--elim-avail-extern', '--simple-loop-unswitch', '--indvars', '--gvn', '--gvn', '--ipsccp', '--gvn', '--nary-reassociate', '--loop-instsimplify', '--early-cse', '--mem2reg', '--jump-threading', '--globalopt', '--elim-avail-extern', '--instcombine', '--ipsccp', '--sroa', '--inferattrs', '--mem2reg', '--globaldce', '--gvn-hoist', '--sccp', '--early-cse', '--lower-constant-intrinsics', '--adce', '--slsr', '--gvn-hoist', '--adce', '--loop-simplify', '--dse', '--scalarizer', '--simplifycfg', '--lower-expect', '--simplifycfg', '--elim-avail-extern', '--lower-constant-intrinsics', '--ipsccp', '--gvn', '--jump-threading', '--globalopt', '--slp-vectorizer', '--instcombine', '--simplifycfg', '--sroa', '--early-cse', '--lower-expect', '--sroa', '--sroa', '--lower-expect', '--aggressive-instcombine']",72,-3.5722821294032485,0.0,-0.7959674294750226,0.0,1,-3.5722821294032485,-0.7959674294750226,0.5008908414855473,-67.00507614213198,12.106006749440409,11.76470588235294,34
1713,"['--ipsccp', '--speculative-execution', '--sccp', '--early-cse', '--mem2reg', '--jump-threading', '--globalopt', '--elim-avail-extern', '--instcombine', '--loop-instsimplify', '--jump-threading', '--gvn', '--simplifycfg', '--instsimplify', '--inline', '--mergefunc', '--gvn-hoist', '--instcombine', '--globalopt', '--elim-avail-extern', '--indvars', '--indvars', '--gvn', '--ipsccp', '--gvn', '--nary-reassociate', '--adce', '--early-cse', '--mem2reg', '--jump-threading', '--globalopt', '--elim-avail-extern', '--instcombine', '--simplifycfg', '--sroa', '--simplifycfg', '--sroa', '--mem2reg', '--globaldce', '--gvn-hoist', '--sccp', '--early-cse', '--lower-constant-intrinsics', '--adce', '--slsr', '--gvn-hoist', '--adce', '--loop-simplify', '--dse', '--scalarizer', '--simplifycfg', '--lower-expect', '--simplifycfg', '--gvn-hoist', '--elim-avail-extern', '--lower-constant-intrinsics', '--gvn', '--ipsccp', '--gvn', '--nary-reassociate', '--gvn', '--mem2reg', '--jump-threading', '--globalopt', '--slp-vectorizer', '--instcombine', '--simplifycfg', '--sroa', '--early-cse', '--lower-expect', '--sroa', '--lower-expect', '--aggressive-instcombine']",73,-3.5722821294032485,0.0,-0.7959674294750226,0.0,1,-3.5722821294032485,-0.7959674294750226,0.5008908414855473,-67.00507614213198,12.106006749440409,11.76470588235294,34
1714,"['--ipsccp', '--speculative-execution', '--sccp', '--early-cse', '--mergefunc', '--ipsccp', '--mem2reg', '--jump-threading', '--globalopt', '--elim-avail-extern', '--instcombine', '--loop-instsimplify', '--jump-threading', '--gvn', '--simplifycfg', '--instsimplify', '--inline', '--mergefunc', '--gvn-hoist', '--instcombine', '--globalopt', '--elim-avail-extern', '--indvars', '--indvars', '--gvn', '--gvn', '--ipsccp', '--gvn', '--nary-reassociate', '--adce', '--mem2reg', '--jump-threading', '--globalopt', '--elim-avail-extern', '--instcombine', '--simplifycfg', '--sroa', '--mem2reg', '--globaldce', '--gvn-hoist', '--sccp', '--early-cse', '--lower-constant-intrinsics', '--adce', '--slsr', '--gvn-hoist', '--adce', '--loop-simplify', '--dse', '--scalarizer', '--simplifycfg', '--lower-expect', '--simplifycfg', '--gvn-hoist', '--elim-avail-extern', '--lower-constant-intrinsics', '--gvn', '--ipsccp', '--gvn', '--nary-reassociate', '--gvn', '--early-cse', '--mem2reg', '--jump-threading', '--globalopt', '--slp-vectorizer', '--instcombine', '--simplifycfg', '--sroa', '--early-cse', '--lower-expect', '--sroa', '--sroa', '--lower-expect', '--aggressive-instcombine']",75,-3.5722821294032485,0.0,-0.7959674294750226,0.0,1,-3.5722821294032485,-0.7959674294750226,0.5008908414855473,-67.00507614213198,12.106006749440409,11.76470588235294,34
1719,"['--ipsccp', '--speculative-execution', '--sccp', '--early-cse', '--mem2reg', '--jump-threading', '--globalopt', '--elim-avail-extern', '--instcombine', '--loop-instsimplify', '--jump-threading', '--gvn', '--simplifycfg', '--instsimplify', '--inline', '--mergefunc', '--gvn-hoist', '--instcombine', '--globalopt', '--elim-avail-extern', '--indvars', '--indvars', '--gvn', '--gvn', '--ipsccp', '--gvn', '--ipsccp', '--gvn', '--nary-reassociate', '--loop-instsimplify', '--early-cse', '--mem2reg', '--jump-threading', '--globalopt', '--elim-avail-extern', '--instcombine', '--simplifycfg', '--sroa', '--mem2reg', '--globaldce', '--gvn-hoist', '--sccp', '--early-cse', '--lower-constant-intrinsics', '--adce', '--slsr', '--gvn-hoist', '--adce', '--loop-simplify', '--dse', '--scalarizer', '--simplifycfg', '--lower-expect', '--simplifycfg', '--elim-avail-extern', '--lower-constant-intrinsics', '--ipsccp', '--gvn', '--nary-reassociate', '--gvn', '--early-cse', '--mem2reg', '--jump-threading', '--globalopt', '--slp-vectorizer', '--instcombine', '--mem2reg', '--simplifycfg', '--sroa', '--early-cse', '--lower-expect', '--sroa', '--sroa', '--aggressive-instcombine']",74,-3.5722821294032485,0.0,-0.7959674294750226,0.0,1,-3.5722821294032485,-0.7959674294750226,0.5008908414855473,-67.00507614213198,12.106006749440409,11.76470588235294,34
1755,"['--ipsccp', '--speculative-execution', '--sccp', '--early-cse', '--mem2reg', '--jump-threading', '--elim-avail-extern', '--instcombine', '--adce', '--loop-interchange', '--aggressive-instcombine', '--gvn', '--simplifycfg', '--instsimplify', '--inline', '--mergefunc', '--gvn-hoist', '--gvn-hoist', '--instcombine', '--globalopt', '--elim-avail-extern', '--indvars', '--elim-avail-extern', '--indvars', '--gvn', '--gvn', '--ipsccp', '--gvn', '--nary-reassociate', '--loop-instsimplify', '--early-cse', '--mem2reg', '--jump-threading', '--globalopt', '--elim-avail-extern', '--instcombine', '--simplifycfg', '--sroa', '--mem2reg', '--globaldce', '--gvn-hoist', '--gvn', '--early-cse', '--lower-constant-intrinsics', '--adce', '--slsr', '--elim-avail-extern', '--gvn-hoist', '--adce', '--loop-simplify', '--dse', '--scalarizer', '--simplifycfg', '--lower-expect', '--simplifycfg', '--elim-avail-extern', '--lower-constant-intrinsics', '--ipsccp', '--gvn', '--nary-reassociate', '--sccp', '--early-cse', '--mem2reg', '--jump-threading', '--globalopt', '--slp-vectorizer', '--instcombine', '--sroa', '--early-cse', '--lower-expect', '--sroa', '--sroa', '--lower-expect', '--aggressive-instcombine']",74,-3.5722821294032485,0.0,-0.7959674294750226,0.0,1,-3.5722821294032485,-0.7959674294750226,0.5008908414855473,-67.00507614213198,12.106006749440409,11.76470588235294,34
1715,"['--ipsccp', '--speculative-execution', '--sccp', '--early-cse', '--mem2reg', '--jump-threading', '--globalopt', '--elim-avail-extern', '--instcombine', '--loop-instsimplify', '--jump-threading', '--gvn', '--simplifycfg', '--instsimplify', '--inline', '--mergefunc', '--gvn-hoist', '--instcombine', '--globalopt', '--elim-avail-extern', '--indvars', '--indvars', '--gvn', '--ipsccp', '--gvn', '--nary-reassociate', '--adce', '--early-cse', '--mem2reg', '--jump-threading', '--globalopt', '--elim-avail-extern', '--instcombine', '--simplifycfg', '--sroa', '--simplifycfg', '--sroa', '--mem2reg', '--globaldce', '--gvn-hoist', '--sccp', '--early-cse', '--lower-constant-intrinsics', '--adce', '--slsr', '--gvn-hoist', '--adce', '--loop-simplify', '--dse', '--scalarizer', '--simplifycfg', '--lower-expect', '--simplifycfg', '--gvn-hoist', '--elim-avail-extern', '--lower-constant-intrinsics', '--gvn', '--ipsccp', '--gvn', '--nary-reassociate', '--gvn', '--early-cse', '--mem2reg', '--jump-threading', '--globalopt', '--slp-vectorizer', '--instcombine', '--simplifycfg', '--sroa', '--early-cse', '--sroa', '--lower-expect', '--aggressive-instcombine']",73,-3.5722821294032485,0.0,-0.7959674294750226,0.0,1,-3.5722821294032485,-0.7959674294750226,0.5008908414855473,-67.00507614213198,12.106006749440409,11.76470588235294,34
1754,"['--ipsccp', '--speculative-execution', '--sccp', '--early-cse', '--mem2reg', '--jump-threading', '--globalopt', '--elim-avail-extern', '--instcombine', '--adce', '--jump-threading', '--gvn', '--loop-sink', '--simplifycfg', '--instsimplify', '--inline', '--mergefunc', '--gvn-hoist', '--instcombine', '--globalopt', '--elim-avail-extern', '--indvars', '--indvars', '--gvn', '--gvn', '--ipsccp', '--gvn', '--gvn', '--nary-reassociate', '--loop-instsimplify', '--early-cse', '--mem2reg', '--jump-threading', '--globalopt', '--elim-avail-extern', '--instcombine', '--simplifycfg', '--sroa', '--mem2reg', '--inferattrs', '--mem2reg', '--globaldce', '--gvn-hoist', '--lower-constant-intrinsics', '--adce', '--slsr', '--gvn-hoist', '--adce', '--loop-simplify', '--dse', '--scalarizer', '--simplifycfg', '--lower-expect', '--simplifycfg', '--sccp', '--elim-avail-extern', '--lower-constant-intrinsics', '--gvn', '--nary-reassociate', '--adce', '--early-cse', '--mem2reg', '--jump-threading', '--globalopt', '--slp-vectorizer', '--instcombine', '--simplifycfg', '--sroa', '--early-cse', '--lower-expect', '--sroa', '--sroa', '--lower-expect', '--aggressive-instcombine']",74,-3.5722821294032485,0.0,-0.7959674294750226,0.0,1,-3.5722821294032485,-0.7959674294750226,0.5008908414855473,-67.00507614213198,12.106006749440409,11.76470588235294,34
1716,"['--ipsccp', '--speculative-execution', '--sccp', '--early-cse', '--mem2reg', '--jump-threading', '--globalopt', '--elim-avail-extern', '--instcombine', '--loop-instsimplify', '--jump-threading', '--gvn', '--simplifycfg', '--instsimplify', '--inline', '--mergefunc', '--gvn-hoist', '--instcombine', '--globalopt', '--elim-avail-extern', '--indvars', '--indvars', '--gvn', '--gvn', '--ipsccp', '--gvn', '--nary-reassociate', '--adce', '--early-cse', '--mem2reg', '--jump-threading', '--globalopt', '--elim-avail-extern', '--loop-interchange', '--instcombine', '--simplifycfg', '--sroa', '--mem2reg', '--globaldce', '--gvn-hoist', '--sccp', '--sink', '--early-cse', '--lower-constant-intrinsics', '--adce', '--slsr', '--gvn-hoist', '--adce', '--loop-simplify', '--dse', '--scalarizer', '--simplifycfg', '--lower-expect', '--simplifycfg', '--gvn-hoist', '--elim-avail-extern', '--lower-constant-intrinsics', '--gvn', '--ipsccp', '--gvn', '--nary-reassociate', '--gvn', '--early-cse', '--mem2reg', '--jump-threading', '--globalopt', '--slp-vectorizer', '--instcombine', '--simplifycfg', '--sroa', '--early-cse', '--lower-expect', '--sroa', '--lower-expect', '--aggressive-instcombine']",75,-3.5722821294032485,0.0,-0.7959674294750226,0.0,1,-3.5722821294032485,-0.7959674294750226,0.5008908414855473,-67.00507614213198,12.106006749440409,11.76470588235294,34
1718,"['--ipsccp', '--speculative-execution', '--sccp', '--early-cse', '--mem2reg', '--jump-threading', '--globalopt', '--elim-avail-extern', '--instcombine', '--adce', '--jump-threading', '--gvn', '--simplifycfg', '--simple-loop-unswitch', '--instsimplify', '--inline', '--mergefunc', '--gvn-hoist', '--instcombine', '--globalopt', '--elim-avail-extern', '--indvars', '--indvars', '--gvn', '--gvn', '--ipsccp', '--gvn', '--nary-reassociate', '--loop-instsimplify', '--early-cse', '--mem2reg', '--jump-threading', '--globalopt', '--jump-threading', '--bdce', '--elim-avail-extern', '--instcombine', '--simplifycfg', '--sroa', '--mem2reg', '--globaldce', '--gvn-hoist', '--sccp', '--early-cse', '--lower-constant-intrinsics', '--adce', '--slsr', '--gvn-hoist', '--adce', '--loop-simplify', '--dse', '--scalarizer', '--simplifycfg', '--lower-expect', '--simplifycfg', '--elim-avail-extern', '--lower-constant-intrinsics', '--ipsccp', '--gvn', '--nary-reassociate', '--gvn', '--early-cse', '--mem2reg', '--jump-threading', '--globalopt', '--slp-vectorizer', '--instcombine', '--simplifycfg', '--sroa', '--gvn', '--lower-expect', '--sroa', '--sroa', '--lower-expect', '--aggressive-instcombine']",75,-3.5722821294032485,0.0,-0.7959674294750226,0.0,1,-3.5722821294032485,-0.7959674294750226,0.5008908414855473,-67.00507614213198,12.106006749440409,11.76470588235294,34
1753,"['--ipsccp', '--speculative-execution', '--sccp', '--early-cse', '--mem2reg', '--jump-threading', '--globalopt', '--elim-avail-extern', '--instcombine', '--loop-instsimplify', '--jump-threading', '--gvn', '--simplifycfg', '--instsimplify', '--inline', '--mergefunc', '--gvn-hoist', '--instcombine', '--globalopt', '--elim-avail-extern', '--indvars', '--indvars', '--elim-avail-extern', '--indvars', '--gvn', '--gvn', '--nary-reassociate', '--loop-instsimplify', '--early-cse', '--mem2reg', '--jump-threading', '--globalopt', '--jump-threading', '--bdce', '--elim-avail-extern', '--instcombine', '--simplifycfg', '--sroa', '--mem2reg', '--globaldce', '--gvn-hoist', '--sccp', '--early-cse', '--lower-constant-intrinsics', '--adce', '--slsr', '--gvn-hoist', '--adce', '--loop-simplify', '--dse', '--scalarizer', '--elim-avail-extern', '--lower-expect', '--simplifycfg', '--elim-avail-extern', '--jump-threading', '--lower-constant-intrinsics', '--ipsccp', '--gvn', '--dce', '--gvn', '--early-cse', '--mem2reg', '--globalopt', '--slp-vectorizer', '--instcombine', '--simplifycfg', '--sroa', '--early-cse', '--lower-expect', '--sroa', '--sroa', '--lower-expect', '--aggressive-instcombine']",74,-3.5722821294032485,0.0,-0.7959674294750226,0.0,1,-3.5722821294032485,-0.7959674294750226,0.5008908414855473,-67.00507614213198,12.106006749440409,11.76470588235294,34
1752,"['--ipsccp', '--speculative-execution', '--sccp', '--early-cse', '--mem2reg', '--jump-threading', '--elim-avail-extern', '--instcombine', '--adce', '--loop-interchange', '--aggressive-instcombine', '--gvn', '--simplifycfg', '--instsimplify', '--inline', '--globaldce', '--mergefunc', '--gvn-hoist', '--gvn-hoist', '--instcombine', '--elim-avail-extern', '--indvars', '--indvars', '--gvn', '--gvn', '--ipsccp', '--gvn', '--nary-reassociate', '--adce', '--early-cse', '--mem2reg', '--jump-threading', '--globalopt', '--elim-avail-extern', '--instcombine', '--simplifycfg', '--simplifycfg', '--sroa', '--mem2reg', '--globaldce', '--gvn-hoist', '--sccp', '--early-cse', '--lower-constant-intrinsics', '--adce', '--slsr', '--gvn-hoist', '--adce', '--loop-simplify', '--dse', '--scalarizer', '--simplifycfg', '--lower-expect', '--simplifycfg', '--elim-avail-extern', '--lower-constant-intrinsics', '--gvn', '--nary-reassociate', '--gvn', '--early-cse', '--mem2reg', '--jump-threading', '--globalopt', '--slp-vectorizer', '--instcombine', '--simplifycfg', '--sroa', '--early-cse', '--slsr', '--lower-expect', '--sroa', '--lower-expect', '--simplifycfg', '--aggressive-instcombine']",74,-3.5722821294032485,0.0,-0.7959674294750226,0.0,1,-3.5722821294032485,-0.7959674294750226,0.5008908414855473,-67.00507614213198,12.106006749440409,11.76470588235294,34
1677,"['--ipsccp', '--speculative-execution', '--sccp', '--early-cse', '--mem2reg', '--jump-threading', '--globalopt', '--elim-avail-extern', '--instcombine', '--adce', '--jump-threading', '--gvn', '--simplifycfg', '--instsimplify', '--inline', '--mergefunc', '--gvn-hoist', '--tailcallelim', '--globalopt', '--elim-avail-extern', '--indvars', '--indvars', '--gvn', '--gvn', '--gvn', '--gvn', '--ipsccp', '--gvn', '--nary-reassociate', '--loop-instsimplify', '--early-cse', '--mem2reg', '--jump-threading', '--globalopt', '--elim-avail-extern', '--instcombine', '--simplifycfg', '--sroa', '--mem2reg', '--globaldce', '--gvn-hoist', '--sccp', '--early-cse', '--lower-constant-intrinsics', '--adce', '--slsr', '--gvn-hoist', '--adce', '--loop-simplify', '--dse', '--scalarizer', '--simplifycfg', '--lower-expect', '--simplifycfg', '--elim-avail-extern', '--lower-constant-intrinsics', '--ipsccp', '--gvn', '--nary-reassociate', '--gvn', '--early-cse', '--mem2reg', '--jump-threading', '--globalopt', '--loop-idiom', '--slp-vectorizer', '--instcombine', '--simplifycfg', '--sroa', '--early-cse', '--lower-expect', '--sroa', '--sroa', '--lower-expect', '--aggressive-instcombine']",75,-3.5722821294032485,0.0,-0.7959674294750226,0.0,1,-3.5722821294032485,-0.7959674294750226,0.5008908414855473,-67.00507614213198,12.106006749440409,11.76470588235294,34
1674,"['--ipsccp', '--speculative-execution', '--sccp', '--early-cse', '--mem2reg', '--jump-threading', '--elim-avail-extern', '--instcombine', '--adce', '--loop-interchange', '--aggressive-instcombine', '--gvn', '--simplifycfg', '--instsimplify', '--inline', '--globaldce', '--mergefunc', '--gvn-hoist', '--gvn-hoist', '--instcombine', '--elim-avail-extern', '--indvars', '--indvars', '--gvn', '--gvn', '--ipsccp', '--gvn', '--nary-reassociate', '--adce', '--early-cse', '--mem2reg', '--jump-threading', '--globalopt', '--elim-avail-extern', '--instcombine', '--simplifycfg', '--simplifycfg', '--sroa', '--mem2reg', '--globaldce', '--gvn-hoist', '--sccp', '--early-cse', '--lower-constant-intrinsics', '--adce', '--slsr', '--gvn-hoist', '--adce', '--loop-simplify', '--dse', '--scalarizer', '--simplifycfg', '--lower-expect', '--simplifycfg', '--elim-avail-extern', '--lower-constant-intrinsics', '--gvn', '--nary-reassociate', '--gvn', '--early-cse', '--mem2reg', '--jump-threading', '--globalopt', '--slp-vectorizer', '--instcombine', '--simplifycfg', '--sroa', '--early-cse', '--lower-expect', '--sroa', '--lower-expect', '--simplifycfg', '--aggressive-instcombine']",73,-3.5722821294032485,0.0,-0.7959674294750226,0.0,1,-3.5722821294032485,-0.7959674294750226,0.5008908414855473,-67.00507614213198,12.106006749440409,11.76470588235294,34
1572,"['--ipsccp', '--speculative-execution', '--sccp', '--early-cse', '--mem2reg', '--jump-threading', '--elim-avail-extern', '--instcombine', '--adce', '--loop-interchange', '--aggressive-instcombine', '--gvn', '--simplifycfg', '--instsimplify', '--inline', '--mergefunc', '--gvn-hoist', '--instcombine', '--globalopt', '--elim-avail-extern', '--indvars', '--indvars', '--gvn', '--gvn', '--ipsccp', '--gvn', '--nary-reassociate', '--adce', '--early-cse', '--mem2reg', '--jump-threading', '--globalopt', '--elim-avail-extern', '--instcombine', '--globaldce', '--sroa', '--mem2reg', '--globaldce', '--gvn-hoist', '--sccp', '--early-cse', '--lower-constant-intrinsics', '--adce', '--slsr', '--gvn-hoist', '--adce', '--loop-simplify', '--dse', '--scalarizer', '--simplifycfg', '--lower-expect', '--simplifycfg', '--gvn-hoist', '--elim-avail-extern', '--lower-constant-intrinsics', '--gvn', '--ipsccp', '--gvn', '--nary-reassociate', '--gvn', '--early-cse', '--mem2reg', '--jump-threading', '--globalopt', '--slp-vectorizer', '--instcombine', '--simplifycfg', '--sroa', '--early-cse', '--lower-expect', '--sroa', '--lower-expect', '--aggressive-instcombine']",73,-3.5722821294032485,0.0,-0.7959674294750226,0.0,1,-3.5722821294032485,-0.7959674294750226,0.5008908414855473,-67.00507614213198,12.106006749440409,11.76470588235294,34
1603,"['--ipsccp', '--speculative-execution', '--sccp', '--early-cse', '--mem2reg', '--jump-threading', '--globalopt', '--elim-avail-extern', '--instcombine', '--loop-instsimplify', '--jump-threading', '--gvn', '--simplifycfg', '--instsimplify', '--inline', '--mergefunc', '--gvn-hoist', '--instcombine', '--globalopt', '--elim-avail-extern', '--indvars', '--indvars', '--elim-avail-extern', '--indvars', '--gvn', '--gvn', '--nary-reassociate', '--loop-instsimplify', '--early-cse', '--mem2reg', '--jump-threading', '--globalopt', '--jump-threading', '--bdce', '--elim-avail-extern', '--instcombine', '--simplifycfg', '--sroa', '--mem2reg', '--globaldce', '--gvn-hoist', '--sccp', '--early-cse', '--lower-constant-intrinsics', '--adce', '--slsr', '--gvn-hoist', '--adce', '--loop-simplify', '--dse', '--scalarizer', '--simplifycfg', '--lower-expect', '--simplifycfg', '--elim-avail-extern', '--jump-threading', '--lower-constant-intrinsics', '--ipsccp', '--gvn', '--nary-reassociate', '--gvn', '--early-cse', '--mem2reg', '--jump-threading', '--globalopt', '--slp-vectorizer', '--instcombine', '--simplifycfg', '--sroa', '--early-cse', '--lower-expect', '--sroa', '--sroa', '--lower-expect', '--aggressive-instcombine']",75,-3.5722821294032485,0.0,-0.7959674294750226,0.0,1,-3.5722821294032485,-0.7959674294750226,0.5008908414855473,-67.00507614213198,12.106006749440409,11.76470588235294,34
1606,"['--ipsccp', '--speculative-execution', '--sccp', '--early-cse', '--mem2reg', '--jump-threading', '--globalopt', '--elim-avail-extern', '--instcombine', '--adce', '--jump-threading', '--gvn', '--simplifycfg', '--instsimplify', '--inline', '--mergefunc', '--gvn-hoist', '--instcombine', '--globalopt', '--elim-avail-extern', '--indvars', '--indvars', '--gvn', '--gvn', '--ipsccp', '--gvn', '--nary-reassociate', '--loop-instsimplify', '--early-cse', '--mem2reg', '--jump-threading', '--globalopt', '--jump-threading', '--bdce', '--elim-avail-extern', '--instcombine', '--simplifycfg', '--sroa', '--mem2reg', '--globaldce', '--gvn-hoist', '--sccp', '--early-cse', '--lower-constant-intrinsics', '--adce', '--slsr', '--loop-interchange', '--gvn-hoist', '--adce', '--loop-simplify', '--dse', '--scalarizer', '--simplifycfg', '--lower-expect', '--simplifycfg', '--elim-avail-extern', '--lower-constant-intrinsics', '--ipsccp', '--gvn', '--nary-reassociate', '--gvn', '--early-cse', '--mem2reg', '--jump-threading', '--globalopt', '--slp-vectorizer', '--instcombine', '--simplifycfg', '--sroa', '--early-cse', '--lower-expect', '--sroa', '--sroa', '--lower-expect', '--aggressive-instcombine']",75,-3.5722821294032485,0.0,-0.7959674294750226,0.0,1,-3.5722821294032485,-0.7959674294750226,0.5008908414855473,-67.00507614213198,12.106006749440409,11.76470588235294,34
1607,"['--ipsccp', '--speculative-execution', '--sccp', '--early-cse', '--mem2reg', '--jump-threading', '--globalopt', '--elim-avail-extern', '--instcombine', '--loop-instsimplify', '--jump-threading', '--gvn', '--simplifycfg', '--instsimplify', '--inline', '--mergefunc', '--gvn-hoist', '--instcombine', '--globalopt', '--elim-avail-extern', '--indvars', '--indvars', '--gvn', '--gvn', '--ipsccp', '--gvn', '--nary-reassociate', '--adce', '--early-cse', '--mem2reg', '--jump-threading', '--globalopt', '--elim-avail-extern', '--instcombine', '--simplifycfg', '--sroa', '--mem2reg', '--globaldce', '--gvn-hoist', '--sccp', '--early-cse', '--lower-constant-intrinsics', '--adce', '--slsr', '--gvn-hoist', '--adce', '--loop-simplify', '--dse', '--scalarizer', '--lower-expect', '--simplifycfg', '--gvn-hoist', '--elim-avail-extern', '--lower-constant-intrinsics', '--gvn', '--ipsccp', '--gvn', '--nary-reassociate', '--gvn', '--early-cse', '--mem2reg', '--jump-threading', '--globalopt', '--slp-vectorizer', '--instcombine', '--simplifycfg', '--sroa', '--early-cse', '--lower-expect', '--sroa', '--lower-expect', '--aggressive-instcombine']",72,-3.5722821294032485,0.0,-0.7959674294750226,0.0,1,-3.5722821294032485,-0.7959674294750226,0.5008908414855473,-67.00507614213198,12.106006749440409,11.76470588235294,34
1609,"['--ipsccp', '--speculative-execution', '--sccp', '--early-cse', '--mem2reg', '--jump-threading', '--globalopt', '--elim-avail-extern', '--instcombine', '--loop-instsimplify', '--jump-threading', '--gvn', '--simplifycfg', '--instsimplify', '--inline', '--mergefunc', '--gvn-hoist', '--instcombine', '--globalopt', '--elim-avail-extern', '--indvars', '--indvars', '--gvn', '--gvn', '--ipsccp', '--gvn', '--nary-reassociate', '--adce', '--early-cse', '--mem2reg', '--jump-threading', '--globalopt', '--elim-avail-extern', '--loop-interchange', '--instcombine', '--simplifycfg', '--sroa', '--mem2reg', '--globaldce', '--gvn-hoist', '--sccp', '--sink', '--early-cse', '--lower-constant-intrinsics', '--adce', '--slsr', '--gvn-hoist', '--adce', '--loop-simplify', '--dse', '--scalarizer', '--simplifycfg', '--lower-expect', '--simplifycfg', '--gvn-hoist', '--elim-avail-extern', '--lower-constant-intrinsics', '--gvn', '--ipsccp', '--gvn', '--nary-reassociate', '--gvn', '--early-cse', '--mem2reg', '--jump-threading', '--globalopt', '--slp-vectorizer', '--instcombine', '--simplifycfg', '--sroa', '--early-cse', '--lower-expect', '--sroa', '--sroa', '--lower-expect', '--aggressive-instcombine']",76,-3.5722821294032485,0.0,-0.7959674294750226,0.0,1,-3.5722821294032485,-0.7959674294750226,0.5008908414855473,-67.00507614213198,12.106006749440409,11.76470588235294,34
1610,"['--ipsccp', '--speculative-execution', '--sccp', '--early-cse', '--mem2reg', '--jump-threading', '--globalopt', '--elim-avail-extern', '--instcombine', '--adce', '--jump-threading', '--gvn', '--loop-sink', '--simplifycfg', '--instsimplify', '--inline', '--mergefunc', '--gvn-hoist', '--instcombine', '--globalopt', '--elim-avail-extern', '--indvars', '--indvars', '--gvn', '--gvn', '--ipsccp', '--gvn', '--gvn', '--nary-reassociate', '--loop-instsimplify', '--early-cse', '--mem2reg', '--jump-threading', '--globalopt', '--elim-avail-extern', '--instcombine', '--simplifycfg', '--sroa', '--mem2reg', '--globaldce', '--gvn-hoist', '--sccp', '--early-cse', '--lower-constant-intrinsics', '--adce', '--slsr', '--gvn-hoist', '--sroa', '--loop-simplify', '--dse', '--scalarizer', '--simplifycfg', '--lower-expect', '--simplifycfg', '--elim-avail-extern', '--lower-constant-intrinsics', '--ipsccp', '--gvn', '--nary-reassociate', '--gvn', '--early-cse', '--mem2reg', '--jump-threading', '--globalopt', '--slp-vectorizer', '--instcombine', '--simplifycfg', '--sroa', '--early-cse', '--lower-expect', '--sroa', '--sroa', '--lower-expect', '--aggressive-instcombine']",74,-3.5722821294032485,0.0,-0.7959674294750226,0.0,1,-3.5722821294032485,-0.7959674294750226,0.5008908414855473,-67.00507614213198,12.106006749440409,11.76470588235294,34
1611,"['--ipsccp', '--speculative-execution', '--sccp', '--early-cse', '--mem2reg', '--jump-threading', '--elim-avail-extern', '--instcombine', '--adce', '--loop-interchange', '--aggressive-instcombine', '--gvn', '--simplifycfg', '--inline', '--mergefunc', '--gvn-hoist', '--gvn-hoist', '--instcombine', '--elim-avail-extern', '--indvars', '--indvars', '--gvn', '--gvn', '--ipsccp', '--gvn', '--nary-reassociate', '--adce', '--early-cse', '--mem2reg', '--jump-threading', '--globalopt', '--elim-avail-extern', '--instcombine', '--simplifycfg', '--sroa', '--mem2reg', '--globaldce', '--gvn-hoist', '--sccp', '--sink', '--early-cse', '--lower-constant-intrinsics', '--adce', '--slsr', '--gvn-hoist', '--adce', '--loop-simplify', '--dse', '--scalarizer', '--simplifycfg', '--lower-expect', '--simplifycfg', '--gvn-hoist', '--elim-avail-extern', '--lower-constant-intrinsics', '--gvn', '--ipsccp', '--gvn', '--nary-reassociate', '--gvn', '--early-cse', '--mem2reg', '--jump-threading', '--globalopt', '--slp-vectorizer', '--instcombine', '--simplifycfg', '--sroa', '--early-cse', '--lower-expect', '--sroa', '--lower-expect', '--aggressive-instcombine', '--nary-reassociate']",74,-3.5722821294032485,0.0,-0.7959674294750226,0.0,1,-3.5722821294032485,-0.7959674294750226,0.5008908414855473,-67.00507614213198,12.106006749440409,11.76470588235294,34
1612,"['--ipsccp', '--speculative-execution', '--sccp', '--early-cse', '--mem2reg', '--jump-threading', '--globalopt', '--elim-avail-extern', '--instcombine', '--adce', '--jump-threading', '--gvn', '--simplifycfg', '--loop-unroll-and-jam', '--instsimplify', '--inline', '--gvn-hoist', '--mergefunc', '--gvn-hoist', '--globalopt', '--elim-avail-extern', '--indvars', '--elim-avail-extern', '--indvars', '--ipsccp', '--gvn', '--nary-reassociate', '--loop-instsimplify', '--early-cse', '--mem2reg', '--jump-threading', '--globalopt', '--sroa', '--bdce', '--elim-avail-extern', '--loop-unroll', '--instcombine', '--simplifycfg', '--jump-threading', '--mem2reg', '--globaldce', '--gvn-hoist', '--sccp', '--early-cse', '--lower-constant-intrinsics', '--adce', '--slsr', '--gvn-hoist', '--adce', '--loop-simplify', '--dse', '--scalarizer', '--simplifycfg', '--lower-expect', '--simplifycfg', '--lower-constant-intrinsics', '--gvn', '--ipsccp', '--gvn', '--nary-reassociate', '--gvn', '--early-cse', '--mem2reg', '--jump-threading', '--globalopt', '--slp-vectorizer', '--instcombine', '--simplifycfg', '--sroa', '--early-cse', '--lower-expect', '--sroa', '--lower-expect', '--aggressive-instcombine', '--nary-reassociate']",75,-3.5722821294032485,0.0,-0.7959674294750226,0.0,1,-3.5722821294032485,-0.7959674294750226,0.5008908414855473,-67.00507614213198,12.106006749440409,11.76470588235294,34
1613,"['--simplifycfg', '--speculative-execution', '--sccp', '--early-cse', '--mem2reg', '--jump-threading', '--elim-avail-extern', '--instcombine', '--adce', '--loop-interchange', '--aggressive-instcombine', '--gvn', '--simplifycfg', '--instsimplify', '--inline', '--mergefunc', '--gvn-hoist', '--gvn-hoist', '--instcombine', '--globalopt', '--elim-avail-extern', '--indvars', '--elim-avail-extern', '--indvars', '--gvn', '--gvn', '--ipsccp', '--gvn', '--nary-reassociate', '--loop-instsimplify', '--early-cse', '--mem2reg', '--jump-threading', '--globalopt', '--elim-avail-extern', '--instcombine', '--ipsccp', '--sroa', '--inferattrs', '--mem2reg', '--globaldce', '--gvn-hoist', '--sccp', '--early-cse', '--lower-constant-intrinsics', '--adce', '--slsr', '--gvn-hoist', '--adce', '--loop-simplify', '--dse', '--scalarizer', '--simplifycfg', '--gvn', '--ipsccp', '--gvn', '--nary-reassociate', '--gvn', '--early-cse', '--mem2reg', '--jump-threading', '--globalopt', '--slp-vectorizer', '--instcombine', '--simplifycfg', '--sroa', '--early-cse', '--lower-expect', '--sroa', '--sroa', '--lower-expect', '--simplifycfg', '--aggressive-instcombine']",73,-3.5722821294032485,0.0,-0.7959674294750226,0.0,1,-3.5722821294032485,-0.7959674294750226,0.5008908414855473,-67.00507614213198,12.106006749440409,11.76470588235294,34
1614,"['--ipsccp', '--speculative-execution', '--sccp', '--early-cse', '--mem2reg', '--jump-threading', '--globalopt', '--elim-avail-extern', '--instcombine', '--loop-instsimplify', '--jump-threading', '--gvn', '--simplifycfg', '--instsimplify', '--inline', '--mergefunc', '--gvn-hoist', '--instcombine', '--globalopt', '--globalopt', '--elim-avail-extern', '--indvars', '--elim-avail-extern', '--indvars', '--gvn', '--gvn', '--ipsccp', '--gvn', '--nary-reassociate', '--loop-instsimplify', '--early-cse', '--mem2reg', '--jump-threading', '--globalopt', '--elim-avail-extern', '--instcombine', '--simplifycfg', '--sroa', '--mem2reg', '--separate-const-offset-from-gep', '--gvn-hoist', '--sccp', '--early-cse', '--lower-constant-intrinsics', '--adce', '--slsr', '--gvn-hoist', '--adce', '--loop-simplify', '--dse', '--scalarizer', '--simplifycfg', '--lower-expect', '--simplifycfg', '--elim-avail-extern', '--lower-constant-intrinsics', '--ipsccp', '--gvn', '--nary-reassociate', '--gvn', '--early-cse', '--mem2reg', '--jump-threading', '--globalopt', '--loop-idiom', '--slp-vectorizer', '--instcombine', '--simplifycfg', '--sroa', '--early-cse', '--lower-expect', '--sroa', '--sroa', '--lower-expect', '--aggressive-instcombine']",75,-3.5722821294032485,0.0,-0.7959674294750226,0.0,1,-3.5722821294032485,-0.7959674294750226,0.5008908414855473,-67.00507614213198,12.106006749440409,11.76470588235294,34
1823,"['--ipsccp', '--speculative-execution', '--sccp', '--early-cse', '--mem2reg', '--mem2reg', '--jump-threading', '--globalopt', '--elim-avail-extern', '--prune-eh', '--instcombine', '--loop-instsimplify', '--jump-threading', '--gvn', '--simplifycfg', '--instsimplify', '--inline', '--mergefunc', '--gvn-hoist', '--instcombine', '--globalopt', '--elim-avail-extern', '--indvars', '--indvars', '--gvn', '--gvn', '--ipsccp', '--gvn', '--nary-reassociate', '--adce', '--early-cse', '--mem2reg', '--jump-threading', '--globalopt', '--elim-avail-extern', '--instcombine', '--simplifycfg', '--sroa', '--mem2reg', '--globaldce', '--gvn-hoist', '--sccp', '--early-cse', '--lower-constant-intrinsics', '--adce', '--slsr', '--gvn-hoist', '--adce', '--loop-simplify', '--dse', '--scalarizer', '--simplifycfg', '--lower-expect', '--simplifycfg', '--gvn-hoist', '--simplifycfg', '--elim-avail-extern', '--lower-constant-intrinsics', '--ipsccp', '--gvn', '--nary-reassociate', '--elim-avail-extern', '--early-cse', '--mem2reg', '--jump-threading', '--globalopt', '--slp-vectorizer', '--instcombine', '--simplifycfg', '--sroa', '--early-cse', '--mem2reg', '--sroa', '--prune-eh', '--aggressive-instcombine']",75,-3.5722821294032485,0.0,-0.7959674294750226,0.0,1,-3.5722821294032485,-0.7959674294750226,0.5008908414855473,-67.00507614213198,12.106006749440409,11.76470588235294,34
1800,"['--simplifycfg', '--speculative-execution', '--sccp', '--early-cse', '--mem2reg', '--jump-threading', '--elim-avail-extern', '--instcombine', '--adce', '--loop-interchange', '--aggressive-instcombine', '--gvn', '--simplifycfg', '--instsimplify', '--inline', '--mergefunc', '--gvn-hoist', '--gvn-hoist', '--instcombine', '--globalopt', '--elim-avail-extern', '--indvars', '--elim-avail-extern', '--simple-loop-unswitch', '--indvars', '--gvn', '--gvn', '--ipsccp', '--gvn', '--nary-reassociate', '--loop-instsimplify', '--early-cse', '--mem2reg', '--jump-threading', '--globalopt', '--elim-avail-extern', '--instcombine', '--ipsccp', '--sroa', '--inferattrs', '--mem2reg', '--globaldce', '--gvn-hoist', '--sccp', '--early-cse', '--lower-constant-intrinsics', '--adce', '--slsr', '--gvn-hoist', '--adce', '--loop-simplify', '--dse', '--scalarizer', '--simplifycfg', '--lower-expect', '--simplifycfg', '--elim-avail-extern', '--lower-constant-intrinsics', '--ipsccp', '--nary-reassociate', '--gvn', '--jump-threading', '--globalopt', '--slp-vectorizer', '--instcombine', '--simplifycfg', '--sroa', '--early-cse', '--lower-expect', '--sroa', '--sroa', '--lower-expect', '--aggressive-instcombine']",73,-3.5722821294032485,0.0,-0.7959674294750226,0.0,1,-3.5722821294032485,-0.7959674294750226,0.5008908414855473,-67.00507614213198,12.106006749440409,11.76470588235294,34
1616,"['--ipsccp', '--speculative-execution', '--sccp', '--early-cse', '--mem2reg', '--jump-threading', '--elim-avail-extern', '--instcombine', '--adce', '--loop-interchange', '--aggressive-instcombine', '--gvn', '--simplifycfg', '--instsimplify', '--inline', '--mergefunc', '--gvn-hoist', '--gvn-hoist', '--instcombine', '--globalopt', '--elim-avail-extern', '--indvars', '--elim-avail-extern', '--indvars', '--gvn', '--gvn', '--ipsccp', '--gvn', '--nary-reassociate', '--loop-instsimplify', '--early-cse', '--mem2reg', '--jump-threading', '--globalopt', '--elim-avail-extern', '--instcombine', '--simplifycfg', '--sroa', '--inferattrs', '--mem2reg', '--globaldce', '--gvn-hoist', '--sccp', '--early-cse', '--lower-constant-intrinsics', '--adce', '--slsr', '--gvn-hoist', '--adce', '--loop-simplify', '--dse', '--scalarizer', '--simplifycfg', '--lower-expect', '--simplifycfg', '--elim-avail-extern', '--lower-constant-intrinsics', '--ipsccp', '--irce', '--nary-reassociate', '--gvn', '--early-cse', '--mem2reg', '--jump-threading', '--globalopt', '--slp-vectorizer', '--instcombine', '--simplifycfg', '--sroa', '--early-cse', '--lower-expect', '--sroa', '--sroa', '--lower-expect', '--aggressive-instcombine']",75,-3.5722821294032485,0.0,-0.7959674294750226,0.0,1,-3.5722821294032485,-0.7959674294750226,0.5008908414855473,-67.00507614213198,12.106006749440409,11.76470588235294,34
1617,"['--ipsccp', '--speculative-execution', '--sccp', '--early-cse', '--mem2reg', '--jump-threading', '--globalopt', '--elim-avail-extern', '--instcombine', '--adce', '--jump-threading', '--gvn', '--simplifycfg', '--hotcoldsplit', '--inline', '--mergefunc', '--gvn-hoist', '--instcombine', '--globalopt', '--elim-avail-extern', '--indvars', '--indvars', '--gvn', '--gvn', '--ipsccp', '--gvn', '--nary-reassociate', '--loop-instsimplify', '--early-cse', '--mem2reg', '--jump-threading', '--globalopt', '--jump-threading', '--bdce', '--elim-avail-extern', '--instcombine', '--simplifycfg', '--sroa', '--mem2reg', '--globaldce', '--gvn-hoist', '--sccp', '--early-cse', '--lower-constant-intrinsics', '--adce', '--slsr', '--gvn-hoist', '--adce', '--loop-simplify', '--dse', '--scalarizer', '--simplifycfg', '--lower-expect', '--simplifycfg', '--elim-avail-extern', '--lower-constant-intrinsics', '--ipsccp', '--gvn', '--nary-reassociate', '--gvn', '--early-cse', '--mem2reg', '--jump-threading', '--globalopt', '--slp-vectorizer', '--instcombine', '--mem2reg', '--simplifycfg', '--sroa', '--early-cse', '--lower-expect', '--sroa', '--sroa', '--aggressive-instcombine']",74,-3.5722821294032485,0.0,-0.7959674294750226,0.0,1,-3.5722821294032485,-0.7959674294750226,0.5008908414855473,-67.00507614213198,12.106006749440409,11.76470588235294,34
1799,"['--ipsccp', '--speculative-execution', '--sccp', '--early-cse', '--mem2reg', '--jump-threading', '--globalopt', '--elim-avail-extern', '--instcombine', '--adce', '--jump-threading', '--loop-predication', '--gvn', '--simplifycfg', '--instsimplify', '--inline', '--mergefunc', '--gvn-hoist', '--tailcallelim', '--globalopt', '--elim-avail-extern', '--indvars', '--indvars', '--gvn', '--gvn', '--gvn', '--gvn', '--ipsccp', '--gvn', '--nary-reassociate', '--loop-instsimplify', '--early-cse', '--mem2reg', '--jump-threading', '--globalopt', '--elim-avail-extern', '--instcombine', '--simplifycfg', '--sroa', '--mem2reg', '--globaldce', '--gvn-hoist', '--sccp', '--early-cse', '--lower-constant-intrinsics', '--adce', '--slsr', '--gvn-hoist', '--adce', '--loop-simplify', '--dse', '--scalarizer', '--simplifycfg', '--lower-expect', '--simplifycfg', '--elim-avail-extern', '--lower-constant-intrinsics', '--ipsccp', '--gvn', '--nary-reassociate', '--gvn', '--early-cse', '--mem2reg', '--globalopt', '--slp-vectorizer', '--instcombine', '--simplifycfg', '--sroa', '--early-cse', '--lower-expect', '--sroa', '--sroa', '--lower-expect', '--aggressive-instcombine']",74,-3.5722821294032485,0.0,-0.7959674294750226,0.0,1,-3.5722821294032485,-0.7959674294750226,0.5008908414855473,-67.00507614213198,12.106006749440409,11.76470588235294,34
1618,"['--ipsccp', '--speculative-execution', '--sccp', '--early-cse', '--mem2reg', '--jump-threading', '--globalopt', '--elim-avail-extern', '--instcombine', '--adce', '--jump-threading', '--gvn', '--simplifycfg', '--hotcoldsplit', '--inline', '--mergefunc', '--gvn-hoist', '--instcombine', '--globalopt', '--elim-avail-extern', '--indvars', '--indvars', '--gvn', '--gvn', '--ipsccp', '--gvn', '--nary-reassociate', '--loop-instsimplify', '--early-cse', '--mem2reg', '--jump-threading', '--globalopt', '--jump-threading', '--bdce', '--elim-avail-extern', '--instcombine', '--simplifycfg', '--sroa', '--mem2reg', '--globaldce', '--gvn-hoist', '--sccp', '--early-cse', '--lower-constant-intrinsics', '--adce', '--slsr', '--gvn-hoist', '--adce', '--loop-simplify', '--dse', '--scalarizer', '--simplifycfg', '--lower-expect', '--simplifycfg', '--elim-avail-extern', '--lower-constant-intrinsics', '--ipsccp', '--gvn', '--nary-reassociate', '--gvn', '--early-cse', '--mem2reg', '--jump-threading', '--globalopt', '--slp-vectorizer', '--instcombine', '--simplifycfg', '--sroa', '--aggressive-instcombine', '--early-cse', '--lower-expect', '--sroa', '--sroa', '--lower-expect', '--aggressive-instcombine']",75,-3.5722821294032485,0.0,-0.7959674294750226,0.0,1,-3.5722821294032485,-0.7959674294750226,0.5008908414855473,-67.00507614213198,12.106006749440409,11.76470588235294,34
1619,"['--ipsccp', '--speculative-execution', '--sccp', '--early-cse', '--mem2reg', '--jump-threading', '--elim-avail-extern', '--instcombine', '--adce', '--loop-interchange', '--aggressive-instcombine', '--gvn', '--simplifycfg', '--instsimplify', '--inline', '--mergefunc', '--gvn-hoist', '--inferattrs', '--globalopt', '--elim-avail-extern', '--indvars', '--indvars', '--gvn', '--gvn', '--ipsccp', '--gvn', '--nary-reassociate', '--adce', '--early-cse', '--mem2reg', '--jump-threading', '--globalopt', '--elim-avail-extern', '--instcombine', '--globaldce', '--sroa', '--mem2reg', '--globaldce', '--gvn-hoist', '--sccp', '--early-cse', '--lower-constant-intrinsics', '--adce', '--slsr', '--gvn-hoist', '--adce', '--loop-simplify', '--dse', '--scalarizer', '--simplifycfg', '--lower-expect', '--simplifycfg', '--gvn-hoist', '--elim-avail-extern', '--lower-constant-intrinsics', '--gvn', '--ipsccp', '--gvn', '--nary-reassociate', '--gvn', '--early-cse', '--mem2reg', '--jump-threading', '--globalopt', '--slp-vectorizer', '--instcombine', '--simplifycfg', '--sroa', '--early-cse', '--lower-expect', '--sroa', '--lower-expect', '--aggressive-instcombine']",73,-3.5722821294032485,0.0,-0.7959674294750226,0.0,1,-3.5722821294032485,-0.7959674294750226,0.5008908414855473,-67.00507614213198,12.106006749440409,11.76470588235294,34
1620,"['--ipsccp', '--speculative-execution', '--sccp', '--early-cse', '--mem2reg', '--jump-threading', '--globalopt', '--elim-avail-extern', '--instcombine', '--loop-instsimplify', '--jump-threading', '--gvn', '--simplifycfg', '--instsimplify', '--inline', '--mergefunc', '--gvn-hoist', '--instcombine', '--globalopt', '--elim-avail-extern', '--indvars', '--indvars', '--gvn', '--ipsccp', '--gvn', '--nary-reassociate', '--adce', '--early-cse', '--mem2reg', '--jump-threading', '--globalopt', '--elim-avail-extern', '--instcombine', '--simplifycfg', '--sroa', '--mem2reg', '--globaldce', '--gvn-hoist', '--sccp', '--early-cse', '--lower-constant-intrinsics', '--adce', '--slsr', '--gvn-hoist', '--adce', '--loop-simplify', '--dse', '--scalarizer', '--simplifycfg', '--lower-expect', '--simplifycfg', '--gvn-hoist', '--elim-avail-extern', '--lower-constant-intrinsics', '--gvn', '--ipsccp', '--gvn', '--nary-reassociate', '--gvn', '--early-cse', '--mem2reg', '--jump-threading', '--globalopt', '--slp-vectorizer', '--instcombine', '--simplifycfg', '--sroa', '--early-cse', '--lower-expect', '--sroa', '--lower-expect', '--aggressive-instcombine']",72,-3.5722821294032485,0.0,-0.7959674294750226,0.0,1,-3.5722821294032485,-0.7959674294750226,0.5008908414855473,-67.00507614213198,12.106006749440409,11.76470588235294,34
1622,"['--ipsccp', '--speculative-execution', '--sccp', '--early-cse', '--mem2reg', '--jump-threading', '--elim-avail-extern', '--instcombine', '--adce', '--loop-interchange', '--aggressive-instcombine', '--gvn', '--simplifycfg', '--instsimplify', '--inline', '--mergefunc', '--gvn-hoist', '--gvn-hoist', '--instcombine', '--globalopt', '--elim-avail-extern', '--indvars', '--elim-avail-extern', '--indvars', '--gvn', '--gvn', '--ipsccp', '--gvn', '--nary-reassociate', '--loop-instsimplify', '--early-cse', '--mem2reg', '--jump-threading', '--globalopt', '--elim-avail-extern', '--instcombine', '--simplifycfg', '--sroa', '--mem2reg', '--globaldce', '--gvn-hoist', '--sccp', '--early-cse', '--lower-constant-intrinsics', '--adce', '--slsr', '--gvn-hoist', '--adce', '--loop-simplify', '--dse', '--scalarizer', '--simplifycfg', '--lower-expect', '--simplifycfg', '--elim-avail-extern', '--lower-constant-intrinsics', '--ipsccp', '--gvn', '--nary-reassociate', '--gvn', '--early-cse', '--mem2reg', '--jump-threading', '--globalopt', '--slp-vectorizer', '--instcombine', '--sroa', '--early-cse', '--lower-expect', '--sroa', '--sroa', '--lower-expect', '--aggressive-instcombine']",73,-3.5722821294032485,0.0,-0.7959674294750226,0.0,1,-3.5722821294032485,-0.7959674294750226,0.5008908414855473,-67.00507614213198,12.106006749440409,11.76470588235294,34
1605,"['--ipsccp', '--speculative-execution', '--sccp', '--early-cse', '--mem2reg', '--jump-threading', '--elim-avail-extern', '--instcombine', '--adce', '--loop-interchange', '--aggressive-instcombine', '--gvn', '--simplifycfg', '--instsimplify', '--inline', '--mergefunc', '--gvn-hoist', '--gvn-hoist', '--instcombine', '--elim-avail-extern', '--indvars', '--indvars', '--gvn', '--gvn', '--ipsccp', '--gvn', '--nary-reassociate', '--adce', '--early-cse', '--mem2reg', '--jump-threading', '--globalopt', '--elim-avail-extern', '--instcombine', '--simplifycfg', '--sroa', '--mem2reg', '--globaldce', '--gvn-hoist', '--sccp', '--sink', '--early-cse', '--lower-constant-intrinsics', '--adce', '--slsr', '--gvn-hoist', '--adce', '--loop-simplify', '--dse', '--scalarizer', '--simplifycfg', '--lower-expect', '--simplifycfg', '--gvn-hoist', '--elim-avail-extern', '--elim-avail-extern', '--lower-constant-intrinsics', '--ipsccp', '--gvn', '--nary-reassociate', '--gvn', '--early-cse', '--mem2reg', '--jump-threading', '--globalopt', '--slp-vectorizer', '--instcombine', '--simplifycfg', '--sroa', '--early-cse', '--lower-expect', '--sroa', '--sroa', '--lower-expect', '--aggressive-instcombine']",75,-3.5722821294032485,0.0,-0.7959674294750226,0.0,1,-3.5722821294032485,-0.7959674294750226,0.5008908414855473,-67.00507614213198,12.106006749440409,11.76470588235294,34
1602,"['--ipsccp', '--speculative-execution', '--sccp', '--early-cse', '--mem2reg', '--jump-threading', '--elim-avail-extern', '--instcombine', '--adce', '--loop-interchange', '--aggressive-instcombine', '--gvn', '--simplifycfg', '--instsimplify', '--inline', '--mergefunc', '--gvn-hoist', '--gvn-hoist', '--instcombine', '--globalopt', '--elim-avail-extern', '--indvars', '--elim-avail-extern', '--indvars', '--gvn', '--gvn', '--ipsccp', '--gvn', '--nary-reassociate', '--loop-instsimplify', '--early-cse', '--loop-fusion', '--jump-threading', '--globalopt', '--elim-avail-extern', '--instcombine', '--simplifycfg', '--sroa', '--mem2reg', '--globaldce', '--gvn-hoist', '--sccp', '--early-cse', '--lower-constant-intrinsics', '--adce', '--slsr', '--gvn-hoist', '--adce', '--loop-simplify', '--dse', '--scalarizer', '--simplifycfg', '--lower-expect', '--simplifycfg', '--elim-avail-extern', '--lower-constant-intrinsics', '--ipsccp', '--gvn', '--nary-reassociate', '--gvn', '--early-cse', '--mem2reg', '--jump-threading', '--globalopt', '--slp-vectorizer', '--instcombine', '--simplifycfg', '--sroa', '--early-cse', '--lower-expect', '--sroa', '--sroa', '--lower-expect', '--aggressive-instcombine']",74,-3.5722821294032485,0.0,-0.7959674294750226,0.0,1,-3.5722821294032485,-0.7959674294750226,0.5008908414855473,-67.00507614213198,12.106006749440409,11.76470588235294,34
1673,"['--ipsccp', '--speculative-execution', '--sccp', '--early-cse', '--mem2reg', '--jump-threading', '--globalopt', '--elim-avail-extern', '--instcombine', '--adce', '--jump-threading', '--gvn', '--simplifycfg', '--hotcoldsplit', '--inline', '--mergefunc', '--gvn-hoist', '--instcombine', '--globalopt', '--elim-avail-extern', '--indvars', '--indvars', '--gvn', '--ipsccp', '--gvn', '--nary-reassociate', '--loop-instsimplify', '--early-cse', '--mem2reg', '--jump-threading', '--globalopt', '--jump-threading', '--bdce', '--elim-avail-extern', '--instcombine', '--simplifycfg', '--sroa', '--mem2reg', '--globaldce', '--gvn-hoist', '--sccp', '--early-cse', '--lower-constant-intrinsics', '--adce', '--slsr', '--gvn-hoist', '--slsr', '--gvn-hoist', '--adce', '--loop-simplify', '--dse', '--scalarizer', '--simplifycfg', '--lower-expect', '--simplifycfg', '--elim-avail-extern', '--lower-constant-intrinsics', '--ipsccp', '--nary-reassociate', '--gvn', '--jump-threading', '--globalopt', '--slp-vectorizer', '--instcombine', '--simplifycfg', '--sroa', '--early-cse', '--lower-expect', '--sroa', '--sroa', '--lower-expect', '--aggressive-instcombine']",72,-3.5722821294032485,0.0,-0.7959674294750226,0.0,1,-3.5722821294032485,-0.7959674294750226,0.5008908414855473,-67.00507614213198,12.106006749440409,11.76470588235294,34
1601,"['--ipsccp', '--sccp', '--speculative-execution', '--early-cse', '--mem2reg', '--jump-threading', '--globalopt', '--elim-avail-extern', '--instcombine', '--loop-instsimplify', '--jump-threading', '--gvn', '--simplifycfg', '--instsimplify', '--inline', '--mergefunc', '--gvn-hoist', '--instcombine', '--globalopt', '--elim-avail-extern', '--indvars', '--indvars', '--gvn', '--gvn', '--ipsccp', '--gvn', '--nary-reassociate', '--adce', '--early-cse', '--mem2reg', '--die', '--jump-threading', '--globalopt', '--elim-avail-extern', '--instcombine', '--simplifycfg', '--sroa', '--mem2reg', '--globaldce', '--gvn-hoist', '--sccp', '--sink', '--early-cse', '--lower-constant-intrinsics', '--adce', '--slsr', '--gvn-hoist', '--adce', '--loop-simplify', '--dse', '--scalarizer', '--simplifycfg', '--lower-expect', '--simplifycfg', '--gvn-hoist', '--elim-avail-extern', '--ipsccp', '--gvn', '--nary-reassociate', '--gvn', '--early-cse', '--mem2reg', '--jump-threading', '--globalopt', '--slp-vectorizer', '--instcombine', '--simplifycfg', '--sroa', '--gvn', '--lower-expect', '--sroa', '--sroa', '--lower-expect', '--aggressive-instcombine']",74,-3.5722821294032485,0.0,-0.7959674294750226,0.0,1,-3.5722821294032485,-0.7959674294750226,0.5008908414855473,-67.00507614213198,12.106006749440409,11.76470588235294,34
1573,"['--ipsccp', '--speculative-execution', '--sccp', '--early-cse', '--mem2reg', '--jump-threading', '--globalopt', '--elim-avail-extern', '--instcombine', '--loop-instsimplify', '--jump-threading', '--gvn', '--simplifycfg', '--instsimplify', '--inline', '--mergefunc', '--gvn-hoist', '--instcombine', '--globalopt', '--globalopt', '--elim-avail-extern', '--indvars', '--elim-avail-extern', '--indvars', '--gvn', '--gvn', '--ipsccp', '--gvn', '--nary-reassociate', '--loop-instsimplify', '--early-cse', '--mem2reg', '--jump-threading', '--globalopt', '--elim-avail-extern', '--instcombine', '--simplifycfg', '--sroa', '--mem2reg', '--globaldce', '--gvn-hoist', '--sccp', '--early-cse', '--lower-constant-intrinsics', '--adce', '--slsr', '--gvn-hoist', '--adce', '--loop-simplify', '--dse', '--scalarizer', '--simplifycfg', '--lower-expect', '--simplifycfg', '--elim-avail-extern', '--lower-constant-intrinsics', '--ipsccp', '--gvn', '--nary-reassociate', '--gvn', '--early-cse', '--mem2reg', '--jump-threading', '--globalopt', '--loop-idiom', '--slp-vectorizer', '--instcombine', '--simplifycfg', '--sroa', '--early-cse', '--lower-expect', '--sroa', '--sroa', '--lower-expect', '--aggressive-instcombine']",75,-3.5722821294032485,0.0,-0.7959674294750226,0.0,1,-3.5722821294032485,-0.7959674294750226,0.5008908414855473,-67.00507614213198,12.106006749440409,11.76470588235294,34
1574,"['--ipsccp', '--speculative-execution', '--sccp', '--early-cse', '--mem2reg', '--jump-threading', '--globalopt', '--elim-avail-extern', '--instcombine', '--adce', '--jump-threading', '--gvn', '--simplifycfg', '--instsimplify', '--inline', '--mergefunc', '--gvn-hoist', '--instcombine', '--globalopt', '--elim-avail-extern', '--indvars', '--indvars', '--gvn', '--gvn', '--gvn', '--gvn', '--ipsccp', '--gvn', '--nary-reassociate', '--loop-instsimplify', '--early-cse', '--mem2reg', '--jump-threading', '--globalopt', '--elim-avail-extern', '--instcombine', '--simplifycfg', '--sroa', '--mem2reg', '--globaldce', '--gvn-hoist', '--sccp', '--early-cse', '--lower-constant-intrinsics', '--adce', '--slsr', '--gvn-hoist', '--adce', '--loop-simplify', '--dse', '--scalarizer', '--simplifycfg', '--lower-expect', '--simplifycfg', '--elim-avail-extern', '--lower-constant-intrinsics', '--ipsccp', '--gvn', '--nary-reassociate', '--gvn', '--early-cse', '--mem2reg', '--jump-threading', '--globalopt', '--slp-vectorizer', '--instcombine', '--simplifycfg', '--sroa', '--early-cse', '--lower-expect', '--sroa', '--sroa', '--lower-expect', '--aggressive-instcombine']",74,-3.5722821294032485,0.0,-0.7959674294750226,0.0,1,-3.5722821294032485,-0.7959674294750226,0.5008908414855473,-67.00507614213198,12.106006749440409,11.76470588235294,34
1827,"['--ipsccp', '--speculative-execution', '--sccp', '--early-cse', '--mem2reg', '--jump-threading', '--globalopt', '--elim-avail-extern', '--instcombine', '--adce', '--jump-threading', '--gvn', '--loop-sink', '--simplifycfg', '--instsimplify', '--inline', '--mergefunc', '--gvn-hoist', '--instcombine', '--globalopt', '--elim-avail-extern', '--indvars', '--indvars', '--gvn', '--gvn', '--ipsccp', '--gvn', '--gvn', '--gvn', '--nary-reassociate', '--loop-instsimplify', '--early-cse', '--loop-fusion', '--jump-threading', '--globalopt', '--elim-avail-extern', '--instcombine', '--simplifycfg', '--sroa', '--mem2reg', '--globaldce', '--gvn-hoist', '--sccp', '--early-cse', '--lower-constant-intrinsics', '--adce', '--slsr', '--gvn-hoist', '--sroa', '--loop-simplify', '--dse', '--scalarizer', '--simplifycfg', '--lower-expect', '--simplifycfg', '--elim-avail-extern', '--lower-constant-intrinsics', '--ipsccp', '--gvn', '--gvn', '--early-cse', '--mem2reg', '--jump-threading', '--globalopt', '--slp-vectorizer', '--instcombine', '--simplifycfg', '--adce', '--early-cse', '--lower-expect', '--sroa', '--sroa', '--lower-expect', '--aggressive-instcombine']",74,-3.5722821294032485,0.0,-0.7959674294750226,0.0,1,-3.5722821294032485,-0.7959674294750226,0.5008908414855473,-67.00507614213198,12.106006749440409,11.76470588235294,34
1826,"['--ipsccp', '--speculative-execution', '--sccp', '--early-cse', '--mergefunc', '--ipsccp', '--mem2reg', '--jump-threading', '--globalopt', '--elim-avail-extern', '--instcombine', '--loop-instsimplify', '--jump-threading', '--gvn', '--simplifycfg', '--instsimplify', '--inline', '--mergefunc', '--gvn-hoist', '--instcombine', '--globalopt', '--elim-avail-extern', '--indvars', '--indvars', '--gvn', '--gvn', '--ipsccp', '--gvn', '--nary-reassociate', '--adce', '--early-cse', '--mem2reg', '--jump-threading', '--instcombine', '--simplifycfg', '--sroa', '--mem2reg', '--globaldce', '--gvn-hoist', '--sccp', '--early-cse', '--lower-constant-intrinsics', '--adce', '--slsr', '--gvn-hoist', '--adce', '--loop-simplify', '--dse', '--scalarizer', '--simplifycfg', '--lower-expect', '--simplifycfg', '--gvn-hoist', '--elim-avail-extern', '--lower-constant-intrinsics', '--gvn', '--ipsccp', '--gvn', '--nary-reassociate', '--gvn', '--early-cse', '--sroa', '--jump-threading', '--globalopt', '--slp-vectorizer', '--instcombine', '--simplifycfg', '--sroa', '--early-cse', '--lower-expect', '--sroa', '--lower-expect', '--sroa', '--sroa', '--lower-expect', '--aggressive-instcombine']",76,-3.5722821294032485,0.0,-0.7959674294750226,0.0,1,-3.5722821294032485,-0.7959674294750226,0.5008908414855473,-67.00507614213198,12.106006749440409,11.76470588235294,34
1578,"['--ipsccp', '--speculative-execution', '--sccp', '--early-cse', '--correlated-propagation', '--mem2reg', '--jump-threading', '--globalopt', '--elim-avail-extern', '--instcombine', '--loop-instsimplify', '--jump-threading', '--gvn', '--simplifycfg', '--instsimplify', '--inline', '--mergefunc', '--gvn-hoist', '--instcombine', '--globalopt', '--elim-avail-extern', '--indvars', '--indvars', '--gvn', '--gvn', '--ipsccp', '--gvn', '--nary-reassociate', '--adce', '--early-cse', '--mem2reg', '--jump-threading', '--globalopt', '--elim-avail-extern', '--instcombine', '--simplifycfg', '--sroa', '--mem2reg', '--globaldce', '--gvn-hoist', '--sccp', '--early-cse', '--lower-constant-intrinsics', '--adce', '--slsr', '--gvn-hoist', '--adce', '--loop-simplify', '--dse', '--scalarizer', '--simplifycfg', '--lower-expect', '--simplifycfg', '--gvn-hoist', '--elim-avail-extern', '--lower-constant-intrinsics', '--gvn', '--ipsccp', '--gvn', '--nary-reassociate', '--gvn', '--early-cse', '--mem2reg', '--jump-threading', '--globalopt', '--slp-vectorizer', '--instcombine', '--simplifycfg', '--sroa', '--early-cse', '--lower-expect', '--sroa', '--lower-expect', '--aggressive-instcombine']",74,-3.5722821294032485,0.0,-0.7959674294750226,0.0,1,-3.5722821294032485,-0.7959674294750226,0.5008908414855473,-67.00507614213198,12.106006749440409,11.76470588235294,34
1579,"['--ipsccp', '--speculative-execution', '--sccp', '--early-cse', '--mem2reg', '--jump-threading', '--globalopt', '--elim-avail-extern', '--instcombine', '--loop-instsimplify', '--jump-threading', '--gvn', '--simplifycfg', '--instsimplify', '--inline', '--mergefunc', '--gvn-hoist', '--instcombine', '--globalopt', '--elim-avail-extern', '--indvars', '--indvars', '--gvn', '--gvn', '--ipsccp', '--gvn', '--nary-reassociate', '--adce', '--early-cse', '--mem2reg', '--jump-threading', '--globalopt', '--elim-avail-extern', '--instcombine', '--simplifycfg', '--sroa', '--mem2reg', '--globaldce', '--gvn-hoist', '--sccp', '--early-cse', '--lower-constant-intrinsics', '--adce', '--slsr', '--gvn-hoist', '--adce', '--loop-simplify', '--dse', '--scalarizer', '--simplifycfg', '--lower-expect', '--simplifycfg', '--gvn-hoist', '--elim-avail-extern', '--globaldce', '--lower-constant-intrinsics', '--gvn', '--ipsccp', '--gvn', '--nary-reassociate', '--gvn', '--early-cse', '--mem2reg', '--jump-threading', '--globalopt', '--slp-vectorizer', '--instcombine', '--simplifycfg', '--sroa', '--early-cse', '--lower-expect', '--sroa', '--lower-expect', '--aggressive-instcombine']",74,-3.5722821294032485,0.0,-0.7959674294750226,0.0,1,-3.5722821294032485,-0.7959674294750226,0.5008908414855473,-67.00507614213198,12.106006749440409,11.76470588235294,34
1581,"['--ipsccp', '--speculative-execution', '--sccp', '--early-cse', '--mem2reg', '--jump-threading', '--elim-avail-extern', '--instcombine', '--adce', '--loop-interchange', '--aggressive-instcombine', '--gvn', '--simplifycfg', '--instsimplify', '--inline', '--mergefunc', '--gvn-hoist', '--gvn-hoist', '--instcombine', '--elim-avail-extern', '--indvars', '--indvars', '--gvn', '--gvn', '--ipsccp', '--gvn', '--nary-reassociate', '--adce', '--early-cse', '--mem2reg', '--jump-threading', '--globalopt', '--elim-avail-extern', '--instcombine', '--simplifycfg', '--sroa', '--mem2reg', '--globaldce', '--gvn-hoist', '--sccp', '--sink', '--early-cse', '--lower-constant-intrinsics', '--adce', '--slsr', '--gvn-hoist', '--adce', '--loop-simplify', '--dse', '--scalarizer', '--simplifycfg', '--lower-expect', '--simplifycfg', '--gvn-hoist', '--elim-avail-extern', '--lower-constant-intrinsics', '--gvn', '--ipsccp', '--gvn', '--nary-reassociate', '--gvn', '--early-cse', '--mem2reg', '--jump-threading', '--globalopt', '--slp-vectorizer', '--instcombine', '--simplifycfg', '--sroa', '--early-cse', '--lower-expect', '--sroa', '--lower-expect', '--aggressive-instcombine', '--nary-reassociate']",75,-3.5722821294032485,0.0,-0.7959674294750226,0.0,1,-3.5722821294032485,-0.7959674294750226,0.5008908414855473,-67.00507614213198,12.106006749440409,11.76470588235294,34
1585,"['--ipsccp', '--speculative-execution', '--sccp', '--early-cse', '--mem2reg', '--jump-threading', '--globalopt', '--elim-avail-extern', '--instcombine', '--adce', '--jump-threading', '--gvn', '--loop-sink', '--simplifycfg', '--instsimplify', '--inline', '--mergefunc', '--gvn-hoist', '--instcombine', '--globalopt', '--elim-avail-extern', '--indvars', '--indvars', '--gvn', '--gvn', '--ipsccp', '--gvn', '--nary-reassociate', '--loop-instsimplify', '--early-cse', '--early-cse', '--mem2reg', '--jump-threading', '--globalopt', '--elim-avail-extern', '--simplifycfg', '--sroa', '--mem2reg', '--globaldce', '--gvn-hoist', '--sccp', '--early-cse', '--lower-constant-intrinsics', '--adce', '--slsr', '--gvn-hoist', '--adce', '--loop-simplify', '--dse', '--scalarizer', '--simplifycfg', '--lower-expect', '--simplifycfg', '--elim-avail-extern', '--lower-constant-intrinsics', '--gvn', '--nary-reassociate', '--gvn', '--early-cse', '--mem2reg', '--jump-threading', '--globalopt', '--slp-vectorizer', '--instcombine', '--simplifycfg', '--sroa', '--early-cse', '--lower-expect', '--sroa', '--lower-expect', '--simplifycfg', '--aggressive-instcombine']",72,-3.5722821294032485,0.0,-0.7959674294750226,0.0,1,-3.5722821294032485,-0.7959674294750226,0.5008908414855473,-67.00507614213198,12.106006749440409,11.76470588235294,34
1589,"['--ipsccp', '--speculative-execution', '--sccp', '--early-cse', '--mem2reg', '--jump-threading', '--loop-simplify', '--elim-avail-extern', '--instcombine', '--loop-instsimplify', '--jump-threading', '--gvn', '--simplifycfg', '--instsimplify', '--inline', '--mergefunc', '--gvn-hoist', '--mergefunc', '--globalopt', '--elim-avail-extern', '--indvars', '--elim-avail-extern', '--indvars', '--gvn', '--ipsccp', '--gvn', '--nary-reassociate', '--loop-instsimplify', '--early-cse', '--mem2reg', '--jump-threading', '--globalopt', '--elim-avail-extern', '--instcombine', '--simplifycfg', '--sroa', '--mem2reg', '--globaldce', '--gvn-hoist', '--sccp', '--early-cse', '--lower-constant-intrinsics', '--adce', '--slsr', '--gvn-hoist', '--adce', '--loop-simplify', '--dse', '--scalarizer', '--simplifycfg', '--lower-expect', '--simplifycfg', '--elim-avail-extern', '--lower-constant-intrinsics', '--lower-constant-intrinsics', '--gvn', '--ipsccp', '--gvn', '--nary-reassociate', '--gvn', '--early-cse', '--mem2reg', '--jump-threading', '--globalopt', '--slp-vectorizer', '--instcombine', '--simplifycfg', '--sroa', '--early-cse', '--lower-expect', '--sroa', '--lower-expect', '--aggressive-instcombine']",73,-3.5722821294032485,0.0,-0.7959674294750226,0.0,1,-3.5722821294032485,-0.7959674294750226,0.5008908414855473,-67.00507614213198,12.106006749440409,11.76470588235294,34
1590,"['--ipsccp', '--speculative-execution', '--sccp', '--early-cse', '--correlated-propagation', '--mem2reg', '--jump-threading', '--globalopt', '--elim-avail-extern', '--instcombine', '--loop-instsimplify', '--jump-threading', '--gvn', '--simplifycfg', '--instsimplify', '--inline', '--mergefunc', '--gvn-hoist', '--instcombine', '--globalopt', '--elim-avail-extern', '--indvars', '--indvars', '--gvn', '--gvn', '--ipsccp', '--gvn', '--nary-reassociate', '--adce', '--early-cse', '--mem2reg', '--jump-threading', '--globalopt', '--elim-avail-extern', '--instcombine', '--simplifycfg', '--sroa', '--mem2reg', '--globaldce', '--gvn-hoist', '--sccp', '--early-cse', '--lower-constant-intrinsics', '--adce', '--slsr', '--gvn-hoist', '--adce', '--loop-simplify', '--dse', '--scalarizer', '--simplifycfg', '--lower-expect', '--simplifycfg', '--gvn-hoist', '--elim-avail-extern', '--ipsccp', '--gvn', '--nary-reassociate', '--gvn', '--early-cse', '--mem2reg', '--jump-threading', '--globalopt', '--slp-vectorizer', '--instcombine', '--simplifycfg', '--sroa', '--early-cse', '--lower-expect', '--sroa', '--sroa', '--lower-expect', '--aggressive-instcombine']",73,-3.5722821294032485,0.0,-0.7959674294750226,0.0,1,-3.5722821294032485,-0.7959674294750226,0.5008908414855473,-67.00507614213198,12.106006749440409,11.76470588235294,34
1591,"['--ipsccp', '--speculative-execution', '--sccp', '--early-cse', '--mem2reg', '--jump-threading', '--elim-avail-extern', '--instcombine', '--adce', '--loop-interchange', '--aggressive-instcombine', '--gvn', '--simplifycfg', '--instsimplify', '--inline', '--mergefunc', '--gvn-hoist', '--gvn-hoist', '--instcombine', '--globalopt', '--elim-avail-extern', '--indvars', '--elim-avail-extern', '--indvars', '--gvn', '--ipsccp', '--gvn', '--nary-reassociate', '--loop-instsimplify', '--early-cse', '--mem2reg', '--jump-threading', '--elim-avail-extern', '--instcombine', '--simplifycfg', '--sroa', '--mem2reg', '--globaldce', '--gvn-hoist', '--sccp', '--early-cse', '--lower-constant-intrinsics', '--adce', '--slsr', '--gvn-hoist', '--adce', '--loop-simplify', '--dse', '--scalarizer', '--simplifycfg', '--lower-expect', '--simplifycfg', '--elim-avail-extern', '--lower-constant-intrinsics', '--ipsccp', '--gvn', '--nary-reassociate', '--gvn', '--early-cse', '--mem2reg', '--jump-threading', '--globalopt', '--slp-vectorizer', '--instcombine', '--simplifycfg', '--sroa', '--early-cse', '--lower-expect', '--sroa', '--sroa', '--lower-expect', '--aggressive-instcombine']",72,-3.5722821294032485,0.0,-0.7959674294750226,0.0,1,-3.5722821294032485,-0.7959674294750226,0.5008908414855473,-67.00507614213198,12.106006749440409,11.76470588235294,34
1592,"['--ipsccp', '--speculative-execution', '--sccp', '--early-cse', '--mem2reg', '--jump-threading', '--globalopt', '--elim-avail-extern', '--instcombine', '--adce', '--jump-threading', '--gvn', '--simplifycfg', '--instsimplify', '--inline', '--mergefunc', '--gvn-hoist', '--tailcallelim', '--globalopt', '--elim-avail-extern', '--indvars', '--indvars', '--gvn', '--gvn', '--gvn', '--gvn', '--ipsccp', '--gvn', '--nary-reassociate', '--loop-instsimplify', '--early-cse', '--mem2reg', '--jump-threading', '--globalopt', '--elim-avail-extern', '--instcombine', '--simplifycfg', '--sroa', '--mem2reg', '--globaldce', '--gvn-hoist', '--sccp', '--early-cse', '--lower-constant-intrinsics', '--adce', '--slsr', '--gvn-hoist', '--adce', '--loop-simplify', '--dse', '--scalarizer', '--simplifycfg', '--lower-expect', '--simplifycfg', '--elim-avail-extern', '--lower-constant-intrinsics', '--ipsccp', '--gvn', '--nary-reassociate', '--gvn', '--early-cse', '--mem2reg', '--jump-threading', '--globalopt', '--slp-vectorizer', '--instcombine', '--simplifycfg', '--sroa', '--early-cse', '--lower-expect', '--sroa', '--sroa', '--lower-expect', '--aggressive-instcombine']",74,-3.5722821294032485,0.0,-0.7959674294750226,0.0,1,-3.5722821294032485,-0.7959674294750226,0.5008908414855473,-67.00507614213198,12.106006749440409,11.76470588235294,34
1593,"['--ipsccp', '--speculative-execution', '--sccp', '--sccp', '--early-cse', '--mem2reg', '--jump-threading', '--elim-avail-extern', '--instcombine', '--adce', '--loop-interchange', '--aggressive-instcombine', '--gvn', '--simplifycfg', '--instsimplify', '--inline', '--mergefunc', '--gvn-hoist', '--gvn-hoist', '--instcombine', '--globalopt', '--elim-avail-extern', '--indvars', '--elim-avail-extern', '--indvars', '--gvn', '--gvn', '--ipsccp', '--gvn', '--nary-reassociate', '--loop-instsimplify', '--early-cse', '--mem2reg', '--jump-threading', '--globalopt', '--elim-avail-extern', '--instcombine', '--simplifycfg', '--sroa', '--inferattrs', '--mem2reg', '--globaldce', '--gvn-hoist', '--sccp', '--early-cse', '--lower-constant-intrinsics', '--adce', '--slsr', '--gvn-hoist', '--adce', '--loop-simplify', '--dse', '--scalarizer', '--simplifycfg', '--lower-expect', '--simplifycfg', '--elim-avail-extern', '--lower-constant-intrinsics', '--ipsccp', '--nary-reassociate', '--gvn', '--jump-threading', '--globalopt', '--slp-vectorizer', '--instcombine', '--simplifycfg', '--sroa', '--early-cse', '--lower-expect', '--sroa', '--sroa', '--lower-expect', '--aggressive-instcombine']",73,-3.5722821294032485,0.0,-0.7959674294750226,0.0,1,-3.5722821294032485,-0.7959674294750226,0.5008908414855473,-67.00507614213198,12.106006749440409,11.76470588235294,34
1595,"['--ipsccp', '--speculative-execution', '--sccp', '--early-cse', '--mem2reg', '--jump-threading', '--elim-avail-extern', '--instcombine', '--adce', '--loop-interchange', '--aggressive-instcombine', '--gvn', '--simplifycfg', '--instsimplify', '--inline', '--mergefunc', '--gvn-hoist', '--instcombine', '--globalopt', '--elim-avail-extern', '--indvars', '--indvars', '--gvn', '--gvn', '--ipsccp', '--gvn', '--nary-reassociate', '--adce', '--memcpyopt', '--mem2reg', '--jump-threading', '--globalopt', '--elim-avail-extern', '--instcombine', '--globaldce', '--sroa', '--mem2reg', '--globaldce', '--gvn-hoist', '--sccp', '--early-cse', '--lower-constant-intrinsics', '--adce', '--slsr', '--gvn-hoist', '--adce', '--loop-simplify', '--dse', '--scalarizer', '--simplifycfg', '--lower-expect', '--simplifycfg', '--gvn-hoist', '--elim-avail-extern', '--lower-constant-intrinsics', '--gvn', '--ipsccp', '--gvn', '--nary-reassociate', '--gvn', '--early-cse', '--mem2reg', '--jump-threading', '--globalopt', '--slp-vectorizer', '--instcombine', '--simplifycfg', '--sroa', '--early-cse', '--lower-expect', '--sroa', '--lower-expect', '--aggressive-instcombine']",73,-3.5722821294032485,0.0,-0.7959674294750226,0.0,1,-3.5722821294032485,-0.7959674294750226,0.5008908414855473,-67.00507614213198,12.106006749440409,11.76470588235294,34
1596,"['--ipsccp', '--speculative-execution', '--sccp', '--early-cse', '--mem2reg', '--jump-threading', '--globalopt', '--elim-avail-extern', '--instcombine', '--adce', '--jump-threading', '--gvn', '--simplifycfg', '--hotcoldsplit', '--inline', '--mergefunc', '--gvn-hoist', '--instcombine', '--globalopt', '--elim-avail-extern', '--indvars', '--indvars', '--gvn', '--gvn', '--ipsccp', '--gvn', '--nary-reassociate', '--loop-instsimplify', '--early-cse', '--mem2reg', '--jump-threading', '--globalopt', '--jump-threading', '--bdce', '--elim-avail-extern', '--instcombine', '--simplifycfg', '--sroa', '--mem2reg', '--globaldce', '--gvn-hoist', '--sccp', '--early-cse', '--lower-constant-intrinsics', '--adce', '--slsr', '--gvn-hoist', '--adce', '--loop-simplify', '--dse', '--scalarizer', '--simplifycfg', '--lower-expect', '--elim-avail-extern', '--lower-constant-intrinsics', '--gvn', '--ipsccp', '--gvn', '--nary-reassociate', '--gvn', '--early-cse', '--mem2reg', '--jump-threading', '--globalopt', '--slp-vectorizer', '--instcombine', '--simplifycfg', '--sroa', '--early-cse', '--lower-expect', '--sroa', '--lower-expect', '--aggressive-instcombine']",73,-3.5722821294032485,0.0,-0.7959674294750226,0.0,1,-3.5722821294032485,-0.7959674294750226,0.5008908414855473,-67.00507614213198,12.106006749440409,11.76470588235294,34
1598,"['--ipsccp', '--speculative-execution', '--sccp', '--early-cse', '--mem2reg', '--jump-threading', '--globalopt', '--elim-avail-extern', '--instcombine', '--loop-instsimplify', '--jump-threading', '--gvn', '--simplifycfg', '--instsimplify', '--inline', '--mergefunc', '--gvn-hoist', '--instcombine', '--globalopt', '--elim-avail-extern', '--indvars', '--indvars', '--gvn', '--gvn', '--ipsccp', '--gvn', '--nary-reassociate', '--adce', '--early-cse', '--mem2reg', '--jump-threading', '--globalopt', '--elim-avail-extern', '--instcombine', '--simplifycfg', '--sroa', '--mem2reg', '--globaldce', '--gvn-hoist', '--sccp', '--early-cse', '--lower-constant-intrinsics', '--adce', '--slsr', '--gvn-hoist', '--adce', '--loop-simplify', '--dse', '--scalarizer', '--simplifycfg', '--lower-expect', '--simplifycfg', '--gvn-hoist', '--simplifycfg', '--elim-avail-extern', '--lower-constant-intrinsics', '--ipsccp', '--gvn', '--nary-reassociate', '--gvn', '--early-cse', '--mem2reg', '--jump-threading', '--globalopt', '--slp-vectorizer', '--instcombine', '--simplifycfg', '--sroa', '--early-cse', '--lower-expect', '--sroa', '--sroa', '--aggressive-instcombine']",73,-3.5722821294032485,0.0,-0.7959674294750226,0.0,1,-3.5722821294032485,-0.7959674294750226,0.5008908414855473,-67.00507614213198,12.106006749440409,11.76470588235294,34
1600,"['--ipsccp', '--speculative-execution', '--sccp', '--early-cse', '--mem2reg', '--jump-threading', '--globalopt', '--elim-avail-extern', '--instcombine', '--adce', '--jump-threading', '--gvn', '--simplifycfg', '--instsimplify', '--inline', '--mergefunc', '--gvn-hoist', '--instcombine', '--globalopt', '--elim-avail-extern', '--indvars', '--indvars', '--gvn', '--gvn', '--gvn', '--gvn', '--ipsccp', '--gvn', '--nary-reassociate', '--loop-instsimplify', '--early-cse', '--mem2reg', '--jump-threading', '--globalopt', '--elim-avail-extern', '--instcombine', '--simplifycfg', '--sroa', '--mem2reg', '--globaldce', '--gvn-hoist', '--sccp', '--ipconstprop', '--early-cse', '--lower-constant-intrinsics', '--adce', '--slsr', '--gvn-hoist', '--adce', '--loop-simplify', '--dse', '--scalarizer', '--simplifycfg', '--lower-expect', '--simplifycfg', '--elim-avail-extern', '--lower-constant-intrinsics', '--ipsccp', '--gvn', '--nary-reassociate', '--gvn', '--early-cse', '--mem2reg', '--jump-threading', '--globalopt', '--slp-vectorizer', '--instcombine', '--simplifycfg', '--sroa', '--early-cse', '--lower-expect', '--sroa', '--sroa', '--lower-expect', '--aggressive-instcombine']",75,-3.5722821294032485,0.0,-0.7959674294750226,0.0,1,-3.5722821294032485,-0.7959674294750226,0.5008908414855473,-67.00507614213198,12.106006749440409,11.76470588235294,34
1623,"['--ipsccp', '--speculative-execution', '--sccp', '--early-cse', '--mem2reg', '--jump-threading', '--globalopt', '--elim-avail-extern', '--instcombine', '--adce', '--jump-threading', '--gvn', '--simplifycfg', '--instsimplify', '--inline', '--mergefunc', '--gvn-hoist', '--instcombine', '--globalopt', '--elim-avail-extern', '--indvars', '--indvars', '--gvn', '--gvn', '--ipsccp', '--gvn', '--nary-reassociate', '--loop-instsimplify', '--early-cse', '--mem2reg', '--jump-threading', '--globalopt', '--jump-threading', '--bdce', '--elim-avail-extern', '--instcombine', '--simplifycfg', '--sroa', '--mem2reg', '--globaldce', '--gvn-hoist', '--sccp', '--early-cse', '--lower-constant-intrinsics', '--adce', '--slsr', '--gvn-hoist', '--adce', '--loop-simplify', '--dse', '--scalarizer', '--simplifycfg', '--lower-expect', '--simplifycfg', '--lower-expect', '--lower-constant-intrinsics', '--ipsccp', '--gvn', '--nary-reassociate', '--gvn', '--early-cse', '--mem2reg', '--jump-threading', '--globalopt', '--slp-vectorizer', '--instcombine', '--simplifycfg', '--sroa', '--early-cse', '--lower-expect', '--sroa', '--sroa', '--elim-avail-extern', '--aggressive-instcombine']",74,-3.5722821294032485,0.0,-0.7959674294750226,0.0,1,-3.5722821294032485,-0.7959674294750226,0.5008908414855473,-67.00507614213198,12.106006749440409,11.76470588235294,34
1804,"['--ipsccp', '--speculative-execution', '--gvn-hoist', '--early-cse', '--mergefunc', '--ipsccp', '--mem2reg', '--jump-threading', '--globalopt', '--elim-avail-extern', '--instcombine', '--loop-instsimplify', '--jump-threading', '--gvn', '--simplifycfg', '--instsimplify', '--inline', '--mergefunc', '--gvn-hoist', '--instcombine', '--globalopt', '--elim-avail-extern', '--indvars', '--indvars', '--gvn-hoist', '--gvn', '--nary-reassociate', '--adce', '--early-cse', '--mem2reg', '--jump-threading', '--globalopt', '--elim-avail-extern', '--instcombine', '--simplifycfg', '--sroa', '--mem2reg', '--globaldce', '--gvn-hoist', '--sccp', '--lower-constant-intrinsics', '--adce', '--slsr', '--gvn-hoist', '--adce', '--loop-simplify', '--adce', '--loop-simplify', '--dse', '--scalarizer', '--simplifycfg', '--lower-expect', '--nary-reassociate', '--elim-avail-extern', '--elim-avail-extern', '--lower-constant-intrinsics', '--gvn', '--ipsccp', '--gvn', '--nary-reassociate', '--gvn', '--early-cse', '--mem2reg', '--jump-threading', '--globalopt', '--slp-vectorizer', '--instcombine', '--simplifycfg', '--sroa', '--early-cse', '--lower-expect', '--sroa', '--lower-expect', '--aggressive-instcombine']",74,-3.5722821294032485,0.0,-0.7959674294750226,0.0,1,-3.5722821294032485,-0.7959674294750226,0.5008908414855473,-67.00507614213198,12.106006749440409,11.76470588235294,34
1624,"['--ipsccp', '--speculative-execution', '--sccp', '--early-cse', '--mem2reg', '--jump-threading', '--globalopt', '--elim-avail-extern', '--instcombine', '--adce', '--jump-threading', '--gvn', '--simplifycfg', '--instsimplify', '--inline', '--mergefunc', '--gvn-hoist', '--instcombine', '--globalopt', '--elim-avail-extern', '--indvars', '--indvars', '--gvn', '--gvn', '--ipsccp', '--gvn', '--nary-reassociate', '--loop-instsimplify', '--early-cse', '--mem2reg', '--jump-threading', '--globalopt', '--jump-threading', '--bdce', '--simplifycfg', '--instcombine', '--simplifycfg', '--sroa', '--mem2reg', '--globaldce', '--gvn-hoist', '--sccp', '--early-cse', '--lower-constant-intrinsics', '--lower-constant-intrinsics', '--adce', '--slsr', '--gvn-hoist', '--adce', '--loop-simplify', '--dse', '--scalarizer', '--scalarizer', '--simplifycfg', '--lower-expect', '--simplifycfg', '--elim-avail-extern', '--lower-constant-intrinsics', '--ipsccp', '--gvn', '--nary-reassociate', '--gvn', '--early-cse', '--mem2reg', '--jump-threading', '--globalopt', '--slp-vectorizer', '--instcombine', '--simplifycfg', '--sroa', '--early-cse', '--lower-expect', '--sroa', '--sroa', '--lower-expect', '--aggressive-instcombine']",76,-3.5722821294032485,0.0,-0.7959674294750226,0.0,1,-3.5722821294032485,-0.7959674294750226,0.5008908414855473,-67.00507614213198,12.106006749440409,11.76470588235294,34
1625,"['--ipsccp', '--speculative-execution', '--sccp', '--early-cse', '--mem2reg', '--jump-threading', '--globalopt', '--elim-avail-extern', '--instcombine', '--adce', '--jump-threading', '--gvn', '--loop-sink', '--simplifycfg', '--instsimplify', '--inline', '--mergefunc', '--gvn-hoist', '--instcombine', '--globalopt', '--elim-avail-extern', '--indvars', '--indvars', '--gvn', '--gvn', '--ipsccp', '--gvn', '--gvn', '--nary-reassociate', '--loop-instsimplify', '--early-cse', '--mem2reg', '--jump-threading', '--globalopt', '--elim-avail-extern', '--instcombine', '--simplifycfg', '--sroa', '--inferattrs', '--mem2reg', '--globaldce', '--gvn-hoist', '--sccp', '--early-cse', '--lower-constant-intrinsics', '--adce', '--slsr', '--gvn-hoist', '--adce', '--loop-simplify', '--dse', '--scalarizer', '--simplifycfg', '--lower-expect', '--simplifycfg', '--elim-avail-extern', '--lower-constant-intrinsics', '--ipsccp', '--gvn', '--nary-reassociate', '--gvn', '--early-cse', '--mem2reg', '--jump-threading', '--globalopt', '--slp-vectorizer', '--instcombine', '--simplifycfg', '--sroa', '--early-cse', '--lower-expect', '--sroa', '--sroa', '--adce', '--aggressive-instcombine']",75,-3.5722821294032485,0.0,-0.7959674294750226,0.0,1,-3.5722821294032485,-0.7959674294750226,0.5008908414855473,-67.00507614213198,12.106006749440409,11.76470588235294,34
1794,"['--ipsccp', '--speculative-execution', '--sccp', '--early-cse', '--mem2reg', '--jump-threading', '--globalopt', '--elim-avail-extern', '--instcombine', '--adce', '--irce', '--jump-threading', '--gvn', '--loop-sink', '--simplifycfg', '--instsimplify', '--inline', '--mergefunc', '--gvn-hoist', '--instcombine', '--globalopt', '--elim-avail-extern', '--indvars', '--indvars', '--gvn', '--gvn', '--nary-reassociate', '--adce', '--early-cse', '--mem2reg', '--jump-threading', '--globalopt', '--elim-avail-extern', '--instcombine', '--simplifycfg', '--sroa', '--sroa', '--mem2reg', '--globaldce', '--gvn-hoist', '--sccp', '--early-cse', '--lower-constant-intrinsics', '--adce', '--slsr', '--gvn-hoist', '--adce', '--loop-simplify', '--dse', '--scalarizer', '--scalarizer', '--simplifycfg', '--lower-expect', '--simplifycfg', '--elim-avail-extern', '--lower-constant-intrinsics', '--ipsccp', '--gvn', '--nary-reassociate', '--gvn', '--early-cse', '--mem2reg', '--jump-threading', '--globalopt', '--slp-vectorizer', '--instcombine', '--simplifycfg', '--sroa', '--early-cse', '--lower-expect', '--sroa', '--sroa', '--lower-expect', '--aggressive-instcombine']",74,-3.5722821294032485,0.0,-0.7959674294750226,0.0,1,-3.5722821294032485,-0.7959674294750226,0.5008908414855473,-67.00507614213198,12.106006749440409,11.76470588235294,34
1655,"['--ipsccp', '--speculative-execution', '--sccp', '--early-cse', '--mem2reg', '--jump-threading', '--globalopt', '--elim-avail-extern', '--instcombine', '--adce', '--jump-threading', '--gvn', '--simplifycfg', '--instsimplify', '--inline', '--mergefunc', '--gvn-hoist', '--tailcallelim', '--globalopt', '--elim-avail-extern', '--indvars', '--indvars', '--gvn', '--gvn', '--gvn', '--gvn', '--ipsccp', '--gvn', '--nary-reassociate', '--loop-instsimplify', '--early-cse', '--mem2reg', '--jump-threading', '--globalopt', '--elim-avail-extern', '--instcombine', '--simplifycfg', '--sroa', '--mem2reg', '--globaldce', '--gvn-hoist', '--sccp', '--early-cse', '--lower-constant-intrinsics', '--adce', '--slsr', '--gvn-hoist', '--adce', '--loop-simplify', '--dse', '--scalarizer', '--simplifycfg', '--lower-expect', '--simplifycfg', '--elim-avail-extern', '--lower-constant-intrinsics', '--ipsccp', '--gvn', '--nary-reassociate', '--gvn', '--early-cse', '--mem2reg', '--jump-threading', '--globalopt', '--slp-vectorizer', '--instcombine', '--simplifycfg', '--early-cse', '--lower-expect', '--sroa', '--sroa', '--lower-expect', '--aggressive-instcombine']",73,-3.5722821294032485,0.0,-0.7959674294750226,0.0,1,-3.5722821294032485,-0.7959674294750226,0.5008908414855473,-67.00507614213198,12.106006749440409,11.76470588235294,34
1656,"['--ipsccp', '--speculative-execution', '--sccp', '--early-cse', '--mem2reg', '--jump-threading', '--elim-avail-extern', '--instcombine', '--adce', '--loop-interchange', '--aggressive-instcombine', '--gvn', '--simplifycfg', '--instsimplify', '--inline', '--mergefunc', '--gvn-hoist', '--gvn-hoist', '--instcombine', '--elim-avail-extern', '--indvars', '--indvars', '--gvn', '--gvn', '--gvn', '--gvn', '--ipsccp', '--loop-versioning-licm', '--nary-reassociate', '--loop-instsimplify', '--early-cse', '--mem2reg', '--jump-threading', '--globalopt', '--elim-avail-extern', '--instcombine', '--simplifycfg', '--sroa', '--mem2reg', '--globaldce', '--gvn-hoist', '--sccp', '--early-cse', '--lower-constant-intrinsics', '--adce', '--slsr', '--gvn-hoist', '--adce', '--loop-simplify', '--dse', '--scalarizer', '--simplifycfg', '--lower-expect', '--simplifycfg', '--elim-avail-extern', '--lower-constant-intrinsics', '--ipsccp', '--gvn', '--nary-reassociate', '--gvn', '--early-cse', '--mem2reg', '--jump-threading', '--globalopt', '--slp-vectorizer', '--instcombine', '--simplifycfg', '--sroa', '--early-cse', '--lower-expect', '--sroa', '--sroa', '--lower-expect', '--aggressive-instcombine']",74,-3.5722821294032485,0.0,-0.7959674294750226,0.0,1,-3.5722821294032485,-0.7959674294750226,0.5008908414855473,-67.00507614213198,12.106006749440409,11.76470588235294,34
1657,"['--ipsccp', '--speculative-execution', '--sccp', '--early-cse', '--mem2reg', '--jump-threading', '--globalopt', '--elim-avail-extern', '--instcombine', '--adce', '--jump-threading', '--gvn', '--simplifycfg', '--hotcoldsplit', '--inline', '--mergefunc', '--gvn-hoist', '--instcombine', '--globalopt', '--elim-avail-extern', '--indvars', '--indvars', '--gvn', '--gvn', '--ipsccp', '--gvn', '--nary-reassociate', '--loop-instsimplify', '--early-cse', '--mem2reg', '--jump-threading', '--globalopt', '--jump-threading', '--bdce', '--elim-avail-extern', '--instcombine', '--simplifycfg', '--sroa', '--mem2reg', '--globaldce', '--gvn-hoist', '--sccp', '--early-cse', '--lower-constant-intrinsics', '--adce', '--slsr', '--gvn-hoist', '--adce', '--loop-simplify', '--dse', '--scalarizer', '--simplifycfg', '--lower-expect', '--elim-avail-extern', '--lower-constant-intrinsics', '--gvn', '--ipsccp', '--gvn', '--nary-reassociate', '--gvn', '--early-cse', '--mem2reg', '--jump-threading', '--globalopt', '--slp-vectorizer', '--instcombine', '--simplifycfg', '--simplifycfg', '--sroa', '--early-cse', '--lower-expect', '--sroa', '--lower-expect', '--aggressive-instcombine']",74,-3.5722821294032485,0.0,-0.7959674294750226,0.0,1,-3.5722821294032485,-0.7959674294750226,0.5008908414855473,-67.00507614213198,12.106006749440409,11.76470588235294,34
1659,"['--ipsccp', '--speculative-execution', '--sccp', '--early-cse', '--correlated-propagation', '--mem2reg', '--jump-threading', '--globalopt', '--elim-avail-extern', '--instcombine', '--loop-instsimplify', '--jump-threading', '--gvn', '--simplifycfg', '--instsimplify', '--inline', '--mergefunc', '--gvn-hoist', '--instcombine', '--globalopt', '--elim-avail-extern', '--indvars', '--indvars', '--gvn', '--ipsccp', '--gvn', '--nary-reassociate', '--adce', '--early-cse', '--mem2reg', '--jump-threading', '--globalopt', '--elim-avail-extern', '--instcombine', '--lower-constant-intrinsics', '--sroa', '--mem2reg', '--globaldce', '--gvn-hoist', '--sccp', '--early-cse', '--lower-constant-intrinsics', '--adce', '--slsr', '--gvn-hoist', '--adce', '--loop-simplify', '--dse', '--scalarizer', '--simplifycfg', '--lower-expect', '--simplifycfg', '--gvn-hoist', '--elim-avail-extern', '--simplifycfg', '--irce', '--ipsccp', '--gvn', '--nary-reassociate', '--gvn', '--early-cse', '--mem2reg', '--jump-threading', '--globalopt', '--slp-vectorizer', '--instcombine', '--simplifycfg', '--sroa', '--early-cse', '--lower-expect', '--sroa', '--lower-expect', '--aggressive-instcombine']",73,-3.5722821294032485,0.0,-0.7959674294750226,0.0,1,-3.5722821294032485,-0.7959674294750226,0.5008908414855473,-67.00507614213198,12.106006749440409,11.76470588235294,34
1662,"['--ipsccp', '--loop-sink', '--speculative-execution', '--sccp', '--early-cse', '--mem2reg', '--jump-threading', '--globalopt', '--elim-avail-extern', '--instcombine', '--adce', '--jump-threading', '--gvn', '--simplifycfg', '--hotcoldsplit', '--inline', '--mergefunc', '--gvn-hoist', '--instcombine', '--globalopt', '--elim-avail-extern', '--indvars', '--indvars', '--gvn', '--gvn', '--ipsccp', '--gvn', '--nary-reassociate', '--loop-instsimplify', '--early-cse', '--mem2reg', '--jump-threading', '--globalopt', '--jump-threading', '--bdce', '--elim-avail-extern', '--instcombine', '--simplifycfg', '--sroa', '--mem2reg', '--globaldce', '--gvn-hoist', '--sccp', '--early-cse', '--lower-constant-intrinsics', '--adce', '--slsr', '--gvn-hoist', '--adce', '--loop-simplify', '--dse', '--scalarizer', '--simplifycfg', '--lower-expect', '--simplifycfg', '--elim-avail-extern', '--lower-constant-intrinsics', '--ipsccp', '--gvn', '--nary-reassociate', '--gvn', '--early-cse', '--mem2reg', '--jump-threading', '--globalopt', '--slp-vectorizer', '--instcombine', '--simplifycfg', '--sroa', '--early-cse', '--lower-expect', '--sroa', '--sroa', '--lower-expect', '--aggressive-instcombine']",75,-3.5722821294032485,0.0,-0.7959674294750226,0.0,1,-3.5722821294032485,-0.7959674294750226,0.5008908414855473,-67.00507614213198,12.106006749440409,11.76470588235294,34
1663,"['--ipsccp', '--speculative-execution', '--sccp', '--early-cse', '--mem2reg', '--jump-threading', '--elim-avail-extern', '--instcombine', '--adce', '--loop-interchange', '--aggressive-instcombine', '--gvn', '--simplifycfg', '--instsimplify', '--inline', '--mergefunc', '--gvn-hoist', '--gvn-hoist', '--instcombine', '--globalopt', '--elim-avail-extern', '--indvars', '--elim-avail-extern', '--indvars', '--gvn', '--gvn', '--ipsccp', '--gvn', '--nary-reassociate', '--loop-instsimplify', '--early-cse', '--loop-fusion', '--jump-threading', '--globalopt', '--elim-avail-extern', '--instcombine', '--simplifycfg', '--sroa', '--mem2reg', '--globaldce', '--gvn-hoist', '--sccp', '--early-cse', '--lower-constant-intrinsics', '--adce', '--slsr', '--gvn-hoist', '--adce', '--loop-simplify', '--dse', '--scalarizer', '--simplifycfg', '--lower-expect', '--simplifycfg', '--elim-avail-extern', '--lower-constant-intrinsics', '--ipsccp', '--gvn', '--nary-reassociate', '--gvn', '--early-cse', '--mem2reg', '--jump-threading', '--globalopt', '--slp-vectorizer', '--instcombine', '--simplifycfg', '--sroa', '--early-cse', '--lower-expect', '--sroa', '--sroa', '--aggressive-instcombine', '--flattencfg']",74,-3.5722821294032485,0.0,-0.7959674294750226,0.0,1,-3.5722821294032485,-0.7959674294750226,0.5008908414855473,-67.00507614213198,12.106006749440409,11.76470588235294,34
1821,"['--ipsccp', '--speculative-execution', '--sccp', '--early-cse', '--mem2reg', '--jump-threading', '--globalopt', '--elim-avail-extern', '--instcombine', '--loop-instsimplify', '--jump-threading', '--gvn', '--simplifycfg', '--instsimplify', '--inline', '--mergefunc', '--gvn-hoist', '--instcombine', '--globalopt', '--elim-avail-extern', '--indvars', '--indvars', '--gvn', '--gvn', '--ipsccp', '--gvn', '--nary-reassociate', '--adce', '--early-cse', '--mem2reg', '--jump-threading', '--globalopt', '--elim-avail-extern', '--instcombine', '--simplifycfg', '--sroa', '--mem2reg', '--globaldce', '--gvn-hoist', '--sccp', '--early-cse', '--lower-constant-intrinsics', '--adce', '--slsr', '--gvn-hoist', '--adce', '--loop-simplify', '--adce', '--loop-simplify', '--dse', '--scalarizer', '--simplifycfg', '--lower-expect', '--nary-reassociate', '--elim-avail-extern', '--lower-constant-intrinsics', '--ipsccp', '--loop-simplify', '--nary-reassociate', '--gvn', '--early-cse', '--mem2reg', '--jump-threading', '--globalopt', '--slp-vectorizer', '--instcombine', '--simplifycfg', '--sroa', '--early-cse', '--lower-expect', '--sroa', '--lower-expect', '--simplifycfg', '--aggressive-instcombine']",74,-3.5722821294032485,0.0,-0.7959674294750226,0.0,1,-3.5722821294032485,-0.7959674294750226,0.5008908414855473,-67.00507614213198,12.106006749440409,11.76470588235294,34
1666,"['--ipsccp', '--speculative-execution', '--sccp', '--early-cse', '--mem2reg', '--jump-threading', '--globalopt', '--elim-avail-extern', '--instcombine', '--adce', '--jump-threading', '--gvn', '--simplifycfg', '--hotcoldsplit', '--inline', '--mergefunc', '--gvn-hoist', '--instcombine', '--globalopt', '--elim-avail-extern', '--indvars', '--indvars', '--gvn-hoist', '--gvn', '--gvn', '--ipsccp', '--gvn', '--nary-reassociate', '--loop-instsimplify', '--early-cse', '--mem2reg', '--jump-threading', '--globalopt', '--jump-threading', '--bdce', '--elim-avail-extern', '--instcombine', '--simplifycfg', '--sroa', '--mem2reg', '--globaldce', '--gvn-hoist', '--sccp', '--early-cse', '--lower-constant-intrinsics', '--adce', '--slsr', '--gvn-hoist', '--adce', '--loop-simplify', '--dse', '--scalarizer', '--simplifycfg', '--lower-expect', '--elim-avail-extern', '--lower-constant-intrinsics', '--gvn', '--ipsccp', '--gvn', '--nary-reassociate', '--gvn', '--early-cse', '--mem2reg', '--jump-threading', '--globalopt', '--slp-vectorizer', '--instcombine', '--simplifycfg', '--sroa', '--early-cse', '--lower-expect', '--sroa', '--lower-expect', '--aggressive-instcombine']",74,-3.5722821294032485,0.0,-0.7959674294750226,0.0,1,-3.5722821294032485,-0.7959674294750226,0.5008908414855473,-67.00507614213198,12.106006749440409,11.76470588235294,34
1793,"['--ipsccp', '--speculative-execution', '--sccp', '--early-cse', '--mem2reg', '--jump-threading', '--globalopt', '--elim-avail-extern', '--instcombine', '--loop-instsimplify', '--jump-threading', '--gvn', '--simplifycfg', '--instsimplify', '--inline', '--mergefunc', '--gvn-hoist', '--instcombine', '--globalopt', '--elim-avail-extern', '--indvars', '--indvars', '--gvn', '--gvn', '--ipsccp', '--gvn', '--ipsccp', '--gvn', '--nary-reassociate', '--adce', '--early-cse', '--mem2reg', '--jump-threading', '--globalopt', '--elim-avail-extern', '--instcombine', '--simplifycfg', '--sroa', '--mem2reg', '--globaldce', '--gvn-hoist', '--sccp', '--early-cse', '--lower-constant-intrinsics', '--adce', '--slsr', '--gvn-hoist', '--adce', '--loop-simplify', '--dse', '--scalarizer', '--simplifycfg', '--lower-expect', '--simplifycfg', '--sccp', '--elim-avail-extern', '--lower-constant-intrinsics', '--gvn', '--nary-reassociate', '--adce', '--early-cse', '--mem2reg', '--jump-threading', '--globalopt', '--slp-vectorizer', '--instcombine', '--simplifycfg', '--sroa', '--early-cse', '--lower-expect', '--sroa', '--sroa', '--lower-expect', '--aggressive-instcombine']",74,-3.5722821294032485,0.0,-0.7959674294750226,0.0,1,-3.5722821294032485,-0.7959674294750226,0.5008908414855473,-67.00507614213198,12.106006749440409,11.76470588235294,34
1667,"['--ipsccp', '--speculative-execution', '--sccp', '--early-cse', '--mem2reg', '--jump-threading', '--globalopt', '--elim-avail-extern', '--instcombine', '--loop-instsimplify', '--jump-threading', '--gvn', '--simplifycfg', '--instsimplify', '--inline', '--mergefunc', '--gvn-hoist', '--instcombine', '--globalopt', '--elim-avail-extern', '--indvars', '--indvars', '--gvn', '--gvn', '--ipsccp', '--gvn', '--nary-reassociate', '--adce', '--early-cse', '--mem2reg', '--jump-threading', '--globalopt', '--elim-avail-extern', '--instcombine', '--simplifycfg', '--sroa', '--mem2reg', '--globaldce', '--gvn-hoist', '--sccp', '--early-cse', '--lower-constant-intrinsics', '--adce', '--slsr', '--gvn-hoist', '--adce', '--loop-simplify', '--adce', '--loop-simplify', '--dse', '--scalarizer', '--simplifycfg', '--lower-expect', '--nary-reassociate', '--elim-avail-extern', '--lower-constant-intrinsics', '--slsr', '--ipsccp', '--gvn', '--nary-reassociate', '--gvn', '--early-cse', '--mem2reg', '--jump-threading', '--globalopt', '--slp-vectorizer', '--instcombine', '--simplifycfg', '--sroa', '--early-cse', '--lower-expect', '--sroa', '--sroa', '--lower-expect', '--simplifycfg', '--aggressive-instcombine']",76,-3.5722821294032485,0.0,-0.7959674294750226,0.0,1,-3.5722821294032485,-0.7959674294750226,0.5008908414855473,-67.00507614213198,12.106006749440409,11.76470588235294,34
1668,"['--ipsccp', '--speculative-execution', '--sccp', '--early-cse', '--mem2reg', '--jump-threading', '--globalopt', '--elim-avail-extern', '--instcombine', '--adce', '--irce', '--jump-threading', '--gvn', '--loop-sink', '--simplifycfg', '--instsimplify', '--inline', '--mergefunc', '--gvn-hoist', '--instcombine', '--globalopt', '--elim-avail-extern', '--indvars', '--indvars', '--gvn', '--gvn', '--ipsccp', '--gvn', '--gvn', '--nary-reassociate', '--loop-instsimplify', '--early-cse', '--loop-fusion', '--jump-threading', '--globalopt', '--elim-avail-extern', '--instcombine', '--simplifycfg', '--sroa', '--mem2reg', '--globaldce', '--gvn-hoist', '--sccp', '--early-cse', '--lower-constant-intrinsics', '--adce', '--slsr', '--gvn-hoist', '--adce', '--loop-simplify', '--dse', '--scalarizer', '--simplifycfg', '--lower-expect', '--simplifycfg', '--elim-avail-extern', '--lower-constant-intrinsics', '--ipsccp', '--gvn', '--nary-reassociate', '--gvn', '--early-cse', '--mem2reg', '--jump-threading', '--globalopt', '--slp-vectorizer', '--instcombine', '--simplifycfg', '--sroa', '--early-cse', '--lower-expect', '--sroa', '--sroa', '--lower-expect', '--aggressive-instcombine']",75,-3.5722821294032485,0.0,-0.7959674294750226,0.0,1,-3.5722821294032485,-0.7959674294750226,0.5008908414855473,-67.00507614213198,12.106006749440409,11.76470588235294,34
1669,"['--ipsccp', '--simple-loop-unswitch', '--speculative-execution', '--sccp', '--early-cse', '--mem2reg', '--jump-threading', '--globalopt', '--elim-avail-extern', '--instcombine', '--adce', '--jump-threading', '--gvn', '--simplifycfg', '--loop-unroll-and-jam', '--instsimplify', '--inline', '--gvn-hoist', '--mergefunc', '--gvn-hoist', '--globalopt', '--elim-avail-extern', '--indvars', '--elim-avail-extern', '--indvars', '--ipsccp', '--gvn', '--nary-reassociate', '--loop-instsimplify', '--early-cse', '--mem2reg', '--jump-threading', '--globalopt', '--sroa', '--bdce', '--elim-avail-extern', '--loop-unroll', '--instcombine', '--simplifycfg', '--jump-threading', '--mem2reg', '--globaldce', '--gvn-hoist', '--sccp', '--slsr', '--gvn-hoist', '--adce', '--loop-simplify', '--dse', '--scalarizer', '--simplifycfg', '--lower-expect', '--simplifycfg', '--gvn-hoist', '--elim-avail-extern', '--lower-constant-intrinsics', '--irce', '--ipsccp', '--gvn', '--nary-reassociate', '--gvn', '--early-cse', '--mem2reg', '--jump-threading', '--globalopt', '--slp-vectorizer', '--instcombine', '--simplifycfg', '--sroa', '--early-cse', '--lower-expect', '--sroa', '--lower-expect', '--aggressive-instcombine']",74,-3.5722821294032485,0.0,-0.7959674294750226,0.0,1,-3.5722821294032485,-0.7959674294750226,0.5008908414855473,-67.00507614213198,12.106006749440409,11.76470588235294,34
1820,"['--ipsccp', '--speculative-execution', '--gvn-hoist', '--early-cse', '--mergefunc', '--ipsccp', '--mem2reg', '--jump-threading', '--globalopt', '--elim-avail-extern', '--instcombine', '--loop-instsimplify', '--jump-threading', '--gvn', '--simplifycfg', '--instsimplify', '--inline', '--mergefunc', '--gvn-hoist', '--instcombine', '--globalopt', '--elim-avail-extern', '--indvars', '--indvars', '--gvn', '--gvn', '--ipsccp', '--gvn', '--nary-reassociate', '--adce', '--early-cse', '--mem2reg', '--jump-threading', '--globalopt', '--elim-avail-extern', '--instcombine', '--simplifycfg', '--sroa', '--mem2reg', '--prune-eh', '--globaldce', '--gvn-hoist', '--sccp', '--early-cse', '--sccp', '--early-cse', '--lower-constant-intrinsics', '--adce', '--slsr', '--gvn-hoist', '--adce', '--loop-simplify', '--dse', '--scalarizer', '--simplifycfg', '--lower-expect', '--simplifycfg', '--elim-avail-extern', '--lower-constant-intrinsics', '--ipsccp', '--nary-reassociate', '--gvn', '--jump-threading', '--jump-threading', '--globalopt', '--slp-vectorizer', '--instcombine', '--simplifycfg', '--early-cse', '--lower-expect', '--sroa', '--sroa', '--sroa', '--lower-expect', '--aggressive-instcombine']",75,-3.5722821294032485,0.0,-0.7959674294750226,0.0,1,-3.5722821294032485,-0.7959674294750226,0.5008908414855473,-67.00507614213198,12.106006749440409,11.76470588235294,34
1792,"['--ipsccp', '--speculative-execution', '--sccp', '--early-cse', '--mem2reg', '--jump-threading', '--elim-avail-extern', '--instcombine', '--adce', '--loop-interchange', '--aggressive-instcombine', '--gvn', '--simplifycfg', '--instsimplify', '--inline', '--globaldce', '--mergefunc', '--gvn-hoist', '--gvn-hoist', '--instcombine', '--elim-avail-extern', '--indvars', '--indvars', '--gvn', '--gvn', '--ipsccp', '--gvn', '--nary-reassociate', '--adce', '--early-cse', '--mem2reg', '--jump-threading', '--globalopt', '--elim-avail-extern', '--instcombine', '--simplifycfg', '--simplifycfg', '--sroa', '--mem2reg', '--globaldce', '--gvn-hoist', '--sccp', '--early-cse', '--lower-constant-intrinsics', '--adce', '--slsr', '--gvn-hoist', '--elim-avail-extern', '--adce', '--loop-simplify', '--dse', '--scalarizer', '--simplifycfg', '--lower-expect', '--simplifycfg', '--elim-avail-extern', '--lower-constant-intrinsics', '--gvn', '--nary-reassociate', '--gvn', '--early-cse', '--mem2reg', '--jump-threading', '--globalopt', '--slp-vectorizer', '--instcombine', '--simplifycfg', '--sroa', '--early-cse', '--lower-expect', '--sroa', '--lower-expect', '--simplifycfg', '--aggressive-instcombine']",74,-3.5722821294032485,0.0,-0.7959674294750226,0.0,1,-3.5722821294032485,-0.7959674294750226,0.5008908414855473,-67.00507614213198,12.106006749440409,11.76470588235294,34
1791,"['--ipsccp', '--speculative-execution', '--sccp', '--early-cse', '--mem2reg', '--jump-threading', '--globalopt', '--elim-avail-extern', '--instcombine', '--adce', '--jump-threading', '--gvn', '--simplifycfg', '--instsimplify', '--inline', '--mergefunc', '--gvn-hoist', '--tailcallelim', '--globalopt', '--elim-avail-extern', '--indvars', '--indvars', '--gvn', '--gvn', '--gvn', '--gvn', '--ipsccp', '--gvn', '--nary-reassociate', '--loop-instsimplify', '--early-cse', '--mem2reg', '--jump-threading', '--globalopt', '--elim-avail-extern', '--instcombine', '--simplifycfg', '--sroa', '--mem2reg', '--globaldce', '--gvn-hoist', '--sccp', '--early-cse', '--lower-constant-intrinsics', '--adce', '--slsr', '--gvn-hoist', '--adce', '--loop-simplify', '--dse', '--scalarizer', '--simplifycfg', '--lower-expect', '--simplifycfg', '--elim-avail-extern', '--gvn', '--nary-reassociate', '--gvn', '--early-cse', '--mem2reg', '--jump-threading', '--globalopt', '--slp-vectorizer', '--instcombine', '--simplifycfg', '--sroa', '--early-cse', '--lower-expect', '--sroa', '--lower-expect', '--simplifycfg', '--aggressive-instcombine']",72,-3.5722821294032485,0.0,-0.7959674294750226,0.0,1,-3.5722821294032485,-0.7959674294750226,0.5008908414855473,-67.00507614213198,12.106006749440409,11.76470588235294,34
1671,"['--ipsccp', '--speculative-execution', '--sccp', '--early-cse', '--mem2reg', '--jump-threading', '--elim-avail-extern', '--instcombine', '--adce', '--loop-interchange', '--aggressive-instcombine', '--gvn', '--simplifycfg', '--instsimplify', '--inline', '--mergefunc', '--gvn-hoist', '--gvn-hoist', '--instcombine', '--globalopt', '--elim-avail-extern', '--indvars', '--elim-avail-extern', '--indvars', '--gvn', '--gvn', '--ipsccp', '--gvn', '--nary-reassociate', '--loop-instsimplify', '--early-cse', '--mem2reg', '--jump-threading', '--globalopt', '--elim-avail-extern', '--instcombine', '--simplifycfg', '--sroa', '--mem2reg', '--globaldce', '--gvn-hoist', '--sccp', '--early-cse', '--lower-constant-intrinsics', '--adce', '--slsr', '--gvn-hoist', '--sroa', '--loop-simplify', '--dse', '--scalarizer', '--simplifycfg', '--lower-expect', '--simplifycfg', '--elim-avail-extern', '--lower-constant-intrinsics', '--ipsccp', '--gvn', '--nary-reassociate', '--gvn', '--early-cse', '--mem2reg', '--jump-threading', '--globalopt', '--slp-vectorizer', '--instcombine', '--simplifycfg', '--sroa', '--early-cse', '--lower-expect', '--sroa', '--sroa', '--lower-expect', '--aggressive-instcombine']",74,-3.5722821294032485,0.0,-0.7959674294750226,0.0,1,-3.5722821294032485,-0.7959674294750226,0.5008908414855473,-67.00507614213198,12.106006749440409,11.76470588235294,34
1654,"['--ipsccp', '--speculative-execution', '--sccp', '--early-cse', '--mem2reg', '--jump-threading', '--elim-avail-extern', '--instcombine', '--adce', '--loop-interchange', '--aggressive-instcombine', '--gvn', '--simplifycfg', '--instsimplify', '--inline', '--mergefunc', '--gvn-hoist', '--gvn-hoist', '--instcombine', '--globalopt', '--elim-avail-extern', '--indvars', '--elim-avail-extern', '--indvars', '--gvn', '--gvn', '--ipsccp', '--gvn', '--nary-reassociate', '--loop-instsimplify', '--early-cse', '--mem2reg', '--jump-threading', '--globalopt', '--elim-avail-extern', '--instcombine', '--simplifycfg', '--sroa', '--mem2reg', '--globaldce', '--gvn-hoist', '--sccp', '--early-cse', '--lower-constant-intrinsics', '--adce', '--slsr', '--gvn-hoist', '--adce', '--loop-simplify', '--dse', '--scalarizer', '--simplifycfg', '--lower-expect', '--simplifycfg', '--lower-expect', '--lower-constant-intrinsics', '--ipsccp', '--gvn', '--nary-reassociate', '--gvn', '--early-cse', '--mem2reg', '--jump-threading', '--globalopt', '--slp-vectorizer', '--instcombine', '--simplifycfg', '--sroa', '--early-cse', '--lower-expect', '--sroa', '--sroa', '--elim-avail-extern', '--aggressive-instcombine']",74,-3.5722821294032485,0.0,-0.7959674294750226,0.0,1,-3.5722821294032485,-0.7959674294750226,0.5008908414855473,-67.00507614213198,12.106006749440409,11.76470588235294,34
1652,"['--ipsccp', '--speculative-execution', '--sccp', '--sccp', '--early-cse', '--mem2reg', '--jump-threading', '--elim-avail-extern', '--instcombine', '--adce', '--loop-interchange', '--aggressive-instcombine', '--gvn', '--simplifycfg', '--instsimplify', '--inline', '--mergefunc', '--gvn-hoist', '--gvn-hoist', '--instcombine', '--globalopt', '--elim-avail-extern', '--indvars', '--elim-avail-extern', '--indvars', '--gvn', '--gvn', '--ipsccp', '--gvn', '--nary-reassociate', '--loop-instsimplify', '--early-cse', '--mem2reg', '--jump-threading', '--globalopt', '--elim-avail-extern', '--instcombine', '--simplifycfg', '--sroa', '--globaldce', '--gvn-hoist', '--sccp', '--early-cse', '--lower-constant-intrinsics', '--slsr', '--gvn-hoist', '--adce', '--loop-fusion', '--loop-simplify', '--dse', '--scalarizer', '--simplifycfg', '--lower-expect', '--simplifycfg', '--elim-avail-extern', '--lower-constant-intrinsics', '--ipsccp', '--gvn', '--nary-reassociate', '--gvn', '--early-cse', '--mem2reg', '--jump-threading', '--globalopt', '--slp-vectorizer', '--instcombine', '--simplifycfg', '--sroa', '--early-cse', '--lower-expect', '--sroa', '--sroa', '--lower-expect', '--aggressive-instcombine']",74,-3.5722821294032485,0.0,-0.7959674294750226,0.0,1,-3.5722821294032485,-0.7959674294750226,0.5008908414855473,-67.00507614213198,12.106006749440409,11.76470588235294,34
1651,"['--mldst-motion', '--ipsccp', '--speculative-execution', '--sccp', '--early-cse', '--mem2reg', '--jump-threading', '--globalopt', '--elim-avail-extern', '--instcombine', '--loop-instsimplify', '--jump-threading', '--gvn', '--simplifycfg', '--instsimplify', '--inline', '--mergefunc', '--gvn-hoist', '--instcombine', '--globalopt', '--elim-avail-extern', '--indvars', '--indvars', '--gvn', '--gvn', '--ipsccp', '--gvn', '--nary-reassociate', '--adce', '--early-cse', '--mem2reg', '--jump-threading', '--globalopt', '--elim-avail-extern', '--instcombine', '--simplifycfg', '--sroa', '--mem2reg', '--globaldce', '--gvn-hoist', '--sccp', '--early-cse', '--lower-constant-intrinsics', '--adce', '--slsr', '--gvn-hoist', '--adce', '--loop-simplify', '--dse', '--scalarizer', '--simplifycfg', '--lower-expect', '--simplifycfg', '--gvn-hoist', '--simplifycfg', '--elim-avail-extern', '--lower-constant-intrinsics', '--ipsccp', '--gvn', '--nary-reassociate', '--gvn', '--early-cse', '--mem2reg', '--jump-threading', '--globalopt', '--slp-vectorizer', '--instcombine', '--simplifycfg', '--sroa', '--early-cse', '--lower-expect', '--sroa', '--sroa', '--lower-expect', '--aggressive-instcombine']",75,-3.5722821294032485,0.0,-0.7959674294750226,0.0,1,-3.5722821294032485,-0.7959674294750226,0.5008908414855473,-67.00507614213198,12.106006749440409,11.76470588235294,34
1637,"['--ipsccp', '--speculative-execution', '--sccp', '--early-cse', '--mem2reg', '--jump-threading', '--globalopt', '--elim-avail-extern', '--instcombine', '--adce', '--jump-threading', '--gvn', '--loop-sink', '--simplifycfg', '--instsimplify', '--inline', '--mergefunc', '--gvn-hoist', '--instcombine', '--globalopt', '--elim-avail-extern', '--indvars', '--indvars', '--gvn', '--gvn', '--ipsccp', '--gvn', '--gvn', '--nary-reassociate', '--loop-instsimplify', '--early-cse', '--mem2reg', '--jump-threading', '--globalopt', '--elim-avail-extern', '--instcombine', '--simplifycfg', '--sroa', '--mem2reg', '--globaldce', '--gvn-hoist', '--sccp', '--early-cse', '--lower-constant-intrinsics', '--adce', '--slsr', '--gvn-hoist', '--adce', '--loop-fusion', '--loop-simplify', '--dse', '--scalarizer', '--simplifycfg', '--lower-expect', '--simplifycfg', '--elim-avail-extern', '--lower-constant-intrinsics', '--ipsccp', '--gvn', '--nary-reassociate', '--gvn', '--early-cse', '--mem2reg', '--jump-threading', '--globalopt', '--slp-vectorizer', '--instcombine', '--simplifycfg', '--sroa', '--early-cse', '--lower-expect', '--sroa', '--sroa', '--lower-expect', '--aggressive-instcombine']",75,-3.5722821294032485,0.0,-0.7959674294750226,0.0,1,-3.5722821294032485,-0.7959674294750226,0.5008908414855473,-67.00507614213198,12.106006749440409,11.76470588235294,34
1626,"['--ipsccp', '--speculative-execution', '--sccp', '--early-cse', '--mem2reg', '--jump-threading', '--globalopt', '--elim-avail-extern', '--instcombine', '--loop-instsimplify', '--jump-threading', '--gvn', '--simplifycfg', '--instsimplify', '--inline', '--mergefunc', '--gvn-hoist', '--instcombine', '--globalopt', '--elim-avail-extern', '--indvars', '--indvars', '--gvn', '--gvn', '--ipsccp', '--gvn', '--nary-reassociate', '--adce', '--early-cse', '--mem2reg', '--jump-threading', '--globalopt', '--elim-avail-extern', '--instcombine', '--simplifycfg', '--sroa', '--mem2reg', '--globaldce', '--gvn-hoist', '--sccp', '--early-cse', '--lower-constant-intrinsics', '--adce', '--slsr', '--gvn-hoist', '--adce', '--loop-simplify', '--adce', '--loop-simplify', '--dse', '--scalarizer', '--simplifycfg', '--lower-expect', '--nary-reassociate', '--elim-avail-extern', '--lower-constant-intrinsics', '--ipsccp', '--gvn', '--nary-reassociate', '--gvn', '--early-cse', '--mem2reg', '--jump-threading', '--globalopt', '--slp-vectorizer', '--instcombine', '--simplifycfg', '--sroa', '--early-cse', '--lower-expect', '--sroa', '--sroa', '--lower-expect', '--simplifycfg', '--aggressive-instcombine']",75,-3.5722821294032485,0.0,-0.7959674294750226,0.0,1,-3.5722821294032485,-0.7959674294750226,0.5008908414855473,-67.00507614213198,12.106006749440409,11.76470588235294,34
1629,"['--ipsccp', '--speculative-execution', '--sccp', '--early-cse', '--correlated-propagation', '--mem2reg', '--jump-threading', '--globalopt', '--elim-avail-extern', '--instcombine', '--loop-instsimplify', '--jump-threading', '--gvn', '--simplifycfg', '--instsimplify', '--inline', '--mergefunc', '--gvn-hoist', '--instcombine', '--globalopt', '--elim-avail-extern', '--indvars', '--indvars', '--gvn', '--ipsccp', '--gvn', '--nary-reassociate', '--adce', '--early-cse', '--mem2reg', '--jump-threading', '--globalopt', '--elim-avail-extern', '--instcombine', '--simplifycfg', '--sroa', '--mem2reg', '--globaldce', '--gvn-hoist', '--sccp', '--early-cse', '--lower-constant-intrinsics', '--adce', '--slsr', '--gvn-hoist', '--adce', '--loop-simplify', '--dse', '--scalarizer', '--simplifycfg', '--lower-expect', '--simplifycfg', '--gvn-hoist', '--elim-avail-extern', '--lower-constant-intrinsics', '--irce', '--ipsccp', '--gvn', '--nary-reassociate', '--gvn', '--early-cse', '--mem2reg', '--jump-threading', '--globalopt', '--slp-vectorizer', '--instcombine', '--simplifycfg', '--sroa', '--early-cse', '--lower-expect', '--sroa', '--lower-expect', '--aggressive-instcombine']",73,-3.5722821294032485,0.0,-0.7959674294750226,0.0,1,-3.5722821294032485,-0.7959674294750226,0.5008908414855473,-67.00507614213198,12.106006749440409,11.76470588235294,34
1632,"['--ipsccp', '--speculative-execution', '--sccp', '--early-cse', '--mem2reg', '--jump-threading', '--elim-avail-extern', '--instcombine', '--adce', '--gvn', '--aggressive-instcombine', '--gvn', '--simplifycfg', '--instsimplify', '--inline', '--mergefunc', '--gvn-hoist', '--gvn-hoist', '--instcombine', '--globalopt', '--elim-avail-extern', '--indvars', '--elim-avail-extern', '--indvars', '--tailcallelim', '--loop-interchange', '--gvn', '--ipsccp', '--gvn', '--nary-reassociate', '--mem2reg', '--jump-threading', '--globalopt', '--elim-avail-extern', '--instcombine', '--simplifycfg', '--sroa', '--mem2reg', '--globaldce', '--gvn-hoist', '--sccp', '--early-cse', '--lower-constant-intrinsics', '--adce', '--slsr', '--gvn-hoist', '--adce', '--loop-simplify', '--dse', '--scalarizer', '--simplifycfg', '--lower-expect', '--simplifycfg', '--gvn-hoist', '--elim-avail-extern', '--lower-constant-intrinsics', '--gvn', '--ipsccp', '--gvn', '--nary-reassociate', '--gvn', '--mem2reg', '--jump-threading', '--globalopt', '--slp-vectorizer', '--instcombine', '--simplifycfg', '--sroa', '--early-cse', '--lower-expect', '--sroa', '--lower-expect', '--aggressive-instcombine']",73,-3.5722821294032485,0.0,-0.7959674294750226,0.0,1,-3.5722821294032485,-0.7959674294750226,0.5008908414855473,-67.00507614213198,12.106006749440409,11.76470588235294,34
1634,"['--ipsccp', '--speculative-execution', '--sccp', '--early-cse', '--mem2reg', '--jump-threading', '--globalopt', '--elim-avail-extern', '--instcombine', '--loop-instsimplify', '--jump-threading', '--gvn', '--simplifycfg', '--instsimplify', '--inline', '--mergefunc', '--gvn-hoist', '--instcombine', '--globalopt', '--elim-avail-extern', '--indvars', '--indvars', '--gvn', '--gvn', '--ipsccp', '--gvn', '--nary-reassociate', '--adce', '--early-cse', '--mem2reg', '--die', '--jump-threading', '--globalopt', '--elim-avail-extern', '--instcombine', '--simplifycfg', '--sroa', '--mem2reg', '--globaldce', '--gvn-hoist', '--sccp', '--sink', '--early-cse', '--lower-constant-intrinsics', '--adce', '--slsr', '--gvn-hoist', '--adce', '--loop-simplify', '--dse', '--scalarizer', '--simplifycfg', '--lower-expect', '--simplifycfg', '--gvn-hoist', '--elim-avail-extern', '--ipsccp', '--gvn', '--nary-reassociate', '--gvn', '--early-cse', '--mem2reg', '--jump-threading', '--globalopt', '--slp-vectorizer', '--instcombine', '--simplifycfg', '--sroa', '--gvn', '--early-cse', '--lower-expect', '--sroa', '--lower-expect', '--aggressive-instcombine']",74,-3.5722821294032485,0.0,-0.7959674294750226,0.0,1,-3.5722821294032485,-0.7959674294750226,0.5008908414855473,-67.00507614213198,12.106006749440409,11.76470588235294,34
1635,"['--ipsccp', '--speculative-execution', '--sccp', '--early-cse', '--ipsccp', '--mem2reg', '--jump-threading', '--globalopt', '--elim-avail-extern', '--instcombine', '--loop-instsimplify', '--jump-threading', '--gvn', '--simplifycfg', '--instsimplify', '--inline', '--mergefunc', '--gvn-hoist', '--instcombine', '--globalopt', '--elim-avail-extern', '--indvars', '--indvars', '--gvn', '--gvn', '--ipsccp', '--gvn', '--nary-reassociate', '--adce', '--early-cse', '--mem2reg', '--jump-threading', '--globalopt', '--elim-avail-extern', '--instcombine', '--simplifycfg', '--sroa', '--mem2reg', '--globaldce', '--gvn-hoist', '--sccp', '--early-cse', '--lower-constant-intrinsics', '--adce', '--slsr', '--gvn-hoist', '--adce', '--loop-simplify', '--dse', '--scalarizer', '--simplifycfg', '--lower-expect', '--simplifycfg', '--gvn-hoist', '--elim-avail-extern', '--lower-constant-intrinsics', '--gvn', '--ipsccp', '--gvn', '--nary-reassociate', '--gvn', '--early-cse', '--mem2reg', '--jump-threading', '--globalopt', '--slp-vectorizer', '--instcombine', '--simplifycfg', '--sroa', '--early-cse', '--lower-expect', '--sroa', '--lower-expect', '--aggressive-instcombine']",74,-3.5722821294032485,0.0,-0.7959674294750226,0.0,1,-3.5722821294032485,-0.7959674294750226,0.5008908414855473,-67.00507614213198,12.106006749440409,11.76470588235294,34
1636,"['--ipsccp', '--speculative-execution', '--sccp', '--early-cse', '--mem2reg', '--globalopt', '--elim-avail-extern', '--instcombine', '--loop-instsimplify', '--jump-threading', '--gvn', '--simplifycfg', '--instsimplify', '--inline', '--mergefunc', '--gvn-hoist', '--instcombine', '--globalopt', '--elim-avail-extern', '--indvars', '--indvars', '--elim-avail-extern', '--indvars', '--gvn', '--gvn', '--ipsccp', '--gvn', '--nary-reassociate', '--loop-instsimplify', '--early-cse', '--mem2reg', '--jump-threading', '--globalopt', '--elim-avail-extern', '--instcombine', '--simplifycfg', '--sroa', '--mem2reg', '--globaldce', '--gvn-hoist', '--sccp', '--early-cse', '--lower-constant-intrinsics', '--adce', '--slsr', '--gvn-hoist', '--adce', '--loop-simplify', '--dse', '--scalarizer', '--simplifycfg', '--lower-expect', '--simplifycfg', '--elim-avail-extern', '--lower-constant-intrinsics', '--ipsccp', '--gvn', '--nary-reassociate', '--gvn', '--early-cse', '--mem2reg', '--jump-threading', '--globalopt', '--slp-vectorizer', '--instcombine', '--simplifycfg', '--sroa', '--early-cse', '--lower-expect', '--sroa', '--sroa', '--aggressive-instcombine']",72,-3.5722821294032485,0.0,-0.7959674294750226,0.0,1,-3.5722821294032485,-0.7959674294750226,0.5008908414855473,-67.00507614213198,12.106006749440409,11.76470588235294,34
1797,"['--ipsccp', '--speculative-execution', '--sccp', '--early-cse', '--mem2reg', '--jump-threading', '--elim-avail-extern', '--instcombine', '--adce', '--loop-interchange', '--aggressive-instcombine', '--gvn', '--simplifycfg', '--instsimplify', '--inline', '--globaldce', '--gvn-hoist', '--gvn-hoist', '--mergefunc', '--instcombine', '--elim-avail-extern', '--indvars', '--indvars', '--mem2reg', '--gvn', '--ipsccp', '--gvn', '--nary-reassociate', '--adce', '--early-cse', '--gvn', '--jump-threading', '--globalopt', '--elim-avail-extern', '--instcombine', '--simplifycfg', '--simplifycfg', '--sroa', '--mem2reg', '--globaldce', '--gvn-hoist', '--sccp', '--early-cse', '--lower-constant-intrinsics', '--adce', '--slsr', '--gvn-hoist', '--adce', '--loop-simplify', '--dse', '--scalarizer', '--simplifycfg', '--lower-expect', '--simplifycfg', '--elim-avail-extern', '--elim-avail-extern', '--lower-constant-intrinsics', '--ipsccp', '--gvn', '--nary-reassociate', '--gvn', '--early-cse', '--mem2reg', '--jump-threading', '--globalopt', '--slp-vectorizer', '--instcombine', '--simplifycfg', '--sroa', '--early-cse', '--lower-expect', '--sroa', '--sroa', '--lower-expect', '--aggressive-instcombine']",75,-3.5722821294032485,0.0,-0.7959674294750226,0.0,1,-3.5722821294032485,-0.7959674294750226,0.5008908414855473,-67.00507614213198,12.106006749440409,11.76470588235294,34
1639,"['--ipsccp', '--speculative-execution', '--sccp', '--early-cse', '--mem2reg', '--jump-threading', '--globalopt', '--elim-avail-extern', '--instcombine', '--loop-instsimplify', '--jump-threading', '--gvn', '--simplifycfg', '--instsimplify', '--inline', '--mergefunc', '--gvn-hoist', '--instcombine', '--globalopt', '--elim-avail-extern', '--indvars', '--indvars', '--gvn', '--gvn', '--gvn', '--ipsccp', '--gvn', '--nary-reassociate', '--adce', '--early-cse', '--mem2reg', '--jump-threading', '--globalopt', '--elim-avail-extern', '--instcombine', '--simplifycfg', '--sroa', '--mem2reg', '--globaldce', '--gvn-hoist', '--sccp', '--early-cse', '--lower-constant-intrinsics', '--adce', '--slsr', '--gvn-hoist', '--adce', '--loop-simplify', '--dse', '--scalarizer', '--simplifycfg', '--lower-expect', '--simplifycfg', '--gvn-hoist', '--elim-avail-extern', '--lower-constant-intrinsics', '--gvn', '--ipsccp', '--gvn', '--nary-reassociate', '--gvn', '--early-cse', '--mem2reg', '--jump-threading', '--globalopt', '--slp-vectorizer', '--instcombine', '--simplifycfg', '--sroa', '--early-cse', '--lower-expect', '--sroa', '--lower-expect', '--aggressive-instcombine']",74,-3.5722821294032485,0.0,-0.7959674294750226,0.0,1,-3.5722821294032485,-0.7959674294750226,0.5008908414855473,-67.00507614213198,12.106006749440409,11.76470588235294,34
1650,"['--ipsccp', '--speculative-execution', '--sccp', '--early-cse', '--mem2reg', '--jump-threading', '--globalopt', '--elim-avail-extern', '--instcombine', '--adce', '--jump-threading', '--gvn', '--loop-sink', '--simplifycfg', '--instsimplify', '--inline', '--mergefunc', '--gvn-hoist', '--instcombine', '--globalopt', '--elim-avail-extern', '--indvars', '--indvars', '--gvn', '--gvn', '--ipsccp', '--gvn', '--gvn', '--nary-reassociate', '--loop-instsimplify', '--early-cse', '--mem2reg', '--jump-threading', '--globalopt', '--elim-avail-extern', '--instcombine', '--simplifycfg', '--sroa', '--mem2reg', '--inferattrs', '--mem2reg', '--globaldce', '--gvn-hoist', '--sccp', '--early-cse', '--lower-constant-intrinsics', '--adce', '--slsr', '--gvn-hoist', '--adce', '--loop-simplify', '--dse', '--scalarizer', '--simplifycfg', '--lower-expect', '--simplifycfg', '--elim-avail-extern', '--lower-constant-intrinsics', '--ipsccp', '--nary-reassociate', '--gvn', '--jump-threading', '--globalopt', '--slp-vectorizer', '--instcombine', '--simplifycfg', '--sroa', '--early-cse', '--lower-expect', '--sroa', '--sroa', '--lower-expect', '--aggressive-instcombine']",73,-3.5722821294032485,0.0,-0.7959674294750226,0.0,1,-3.5722821294032485,-0.7959674294750226,0.5008908414855473,-67.00507614213198,12.106006749440409,11.76470588235294,34
1795,"['--ipsccp', '--speculative-execution', '--sccp', '--early-cse', '--mem2reg', '--jump-threading', '--elim-avail-extern', '--instcombine', '--adce', '--loop-interchange', '--aggressive-instcombine', '--gvn', '--simplifycfg', '--instsimplify', '--inline', '--globaldce', '--mergefunc', '--gvn-hoist', '--gvn-hoist', '--instcombine', '--elim-avail-extern', '--indvars', '--indvars', '--gvn', '--gvn', '--ipsccp', '--gvn', '--nary-reassociate', '--loop-instsimplify', '--early-cse', '--mem2reg', '--jump-threading', '--globalopt', '--jump-threading', '--bdce', '--elim-avail-extern', '--instcombine', '--simplifycfg', '--sroa', '--mem2reg', '--globaldce', '--gvn-hoist', '--sccp', '--early-cse', '--lower-constant-intrinsics', '--adce', '--slsr', '--gvn-hoist', '--adce', '--loop-simplify', '--dse', '--scalarizer', '--simplifycfg', '--lower-expect', '--simplifycfg', '--elim-avail-extern', '--lower-constant-intrinsics', '--ipsccp', '--gvn', '--nary-reassociate', '--gvn', '--early-cse', '--mem2reg', '--jump-threading', '--globalopt', '--slp-vectorizer', '--instcombine', '--simplifycfg', '--sroa', '--gvn', '--lower-expect', '--sroa', '--sroa', '--lower-expect', '--aggressive-instcombine']",75,-3.5722821294032485,0.0,-0.7959674294750226,0.0,1,-3.5722821294032485,-0.7959674294750226,0.5008908414855473,-67.00507614213198,12.106006749440409,11.76470588235294,34
1642,"['--ipsccp', '--speculative-execution', '--sccp', '--early-cse', '--mem2reg', '--jump-threading', '--globalopt', '--elim-avail-extern', '--instcombine', '--loop-instsimplify', '--jump-threading', '--gvn', '--simplifycfg', '--instsimplify', '--inline', '--mergefunc', '--gvn-hoist', '--instcombine', '--globalopt', '--elim-avail-extern', '--indvars', '--indvars', '--gvn', '--gvn', '--ipsccp', '--gvn', '--nary-reassociate', '--adce', '--early-cse', '--mem2reg', '--jump-threading', '--globalopt', '--elim-avail-extern', '--loop-interchange', '--instcombine', '--simplifycfg', '--instcombine', '--simplifycfg', '--sroa', '--inferattrs', '--mem2reg', '--globaldce', '--gvn-hoist', '--sccp', '--early-cse', '--lower-constant-intrinsics', '--adce', '--slsr', '--gvn-hoist', '--adce', '--loop-simplify', '--dse', '--scalarizer', '--simplifycfg', '--lower-expect', '--simplifycfg', '--elim-avail-extern', '--lower-constant-intrinsics', '--ipsccp', '--nary-reassociate', '--gvn', '--jump-threading', '--globalopt', '--slp-vectorizer', '--instcombine', '--simplifycfg', '--sroa', '--early-cse', '--lower-expect', '--sroa', '--sroa', '--lower-expect', '--aggressive-instcombine']",73,-3.5722821294032485,0.0,-0.7959674294750226,0.0,1,-3.5722821294032485,-0.7959674294750226,0.5008908414855473,-67.00507614213198,12.106006749440409,11.76470588235294,34
1643,"['--ipsccp', '--speculative-execution', '--sccp', '--early-cse', '--mem2reg', '--jump-threading', '--globalopt', '--elim-avail-extern', '--instcombine', '--adce', '--jump-threading', '--gvn', '--simplifycfg', '--instsimplify', '--inline', '--mergefunc', '--gvn-hoist', '--instcombine', '--globalopt', '--elim-avail-extern', '--indvars', '--indvars', '--gvn', '--gvn', '--ipsccp', '--gvn', '--nary-reassociate', '--loop-instsimplify', '--early-cse', '--mem2reg', '--jump-threading', '--globalopt', '--jump-threading', '--bdce', '--elim-avail-extern', '--instcombine', '--simplifycfg', '--sroa', '--mem2reg', '--globaldce', '--gvn-hoist', '--sccp', '--early-cse', '--lower-constant-intrinsics', '--adce', '--slsr', '--gvn-hoist', '--adce', '--loop-simplify', '--dse', '--scalarizer', '--simplifycfg', '--lower-expect', '--simplifycfg', '--elim-avail-extern', '--lower-constant-intrinsics', '--ipsccp', '--gvn', '--nary-reassociate', '--gvn', '--early-cse', '--mem2reg', '--jump-threading', '--globalopt', '--slp-vectorizer', '--instcombine', '--sroa', '--early-cse', '--lower-expect', '--sroa', '--sroa', '--lower-expect', '--aggressive-instcombine']",73,-3.5722821294032485,0.0,-0.7959674294750226,0.0,1,-3.5722821294032485,-0.7959674294750226,0.5008908414855473,-67.00507614213198,12.106006749440409,11.76470588235294,34
1645,"['--ipsccp', '--speculative-execution', '--sccp', '--early-cse', '--mem2reg', '--jump-threading', '--elim-avail-extern', '--instcombine', '--adce', '--loop-interchange', '--aggressive-instcombine', '--gvn', '--simplifycfg', '--instsimplify', '--inline', '--mergefunc', '--gvn-hoist', '--gvn-hoist', '--instcombine', '--globalopt', '--elim-avail-extern', '--indvars', '--elim-avail-extern', '--indvars', '--gvn', '--gvn', '--ipsccp', '--gvn', '--nary-reassociate', '--loop-instsimplify', '--early-cse', '--mem2reg', '--jump-threading', '--globalopt', '--elim-avail-extern', '--instcombine', '--simplifycfg', '--sroa', '--mem2reg', '--globaldce', '--gvn-hoist', '--sccp', '--early-cse', '--lower-constant-intrinsics', '--adce', '--slsr', '--gvn-hoist', '--adce', '--loop-simplify', '--dse', '--scalarizer', '--simplifycfg', '--lower-expect', '--simplifycfg', '--elim-avail-extern', '--lower-constant-intrinsics', '--ipsccp', '--gvn', '--nary-reassociate', '--gvn', '--early-cse', '--mem2reg', '--jump-threading', '--globalopt', '--slp-vectorizer', '--instcombine', '--mem2reg', '--simplifycfg', '--sroa', '--early-cse', '--lower-expect', '--sroa', '--sroa', '--aggressive-instcombine']",74,-3.5722821294032485,0.0,-0.7959674294750226,0.0,1,-3.5722821294032485,-0.7959674294750226,0.5008908414855473,-67.00507614213198,12.106006749440409,11.76470588235294,34
1646,"['--ipsccp', '--speculative-execution', '--sccp', '--early-cse', '--mem2reg', '--jump-threading', '--globalopt', '--elim-avail-extern', '--instcombine', '--adce', '--jump-threading', '--gvn', '--simplifycfg', '--hotcoldsplit', '--inline', '--mergefunc', '--gvn-hoist', '--instcombine', '--globalopt', '--elim-avail-extern', '--indvars', '--indvars', '--gvn', '--gvn', '--ipsccp', '--gvn', '--nary-reassociate', '--loop-instsimplify', '--early-cse', '--mem2reg', '--jump-threading', '--globalopt', '--jump-threading', '--bdce', '--elim-avail-extern', '--instcombine', '--simplifycfg', '--sroa', '--mem2reg', '--globaldce', '--gvn-hoist', '--sccp', '--early-cse', '--lower-constant-intrinsics', '--adce', '--slsr', '--gvn-hoist', '--adce', '--loop-simplify', '--dse', '--scalarizer', '--simplifycfg', '--lower-expect', '--simplifycfg', '--gvn-hoist', '--elim-avail-extern', '--ipsccp', '--sccp', '--nary-reassociate', '--gvn', '--early-cse', '--mem2reg', '--jump-threading', '--globalopt', '--slp-vectorizer', '--instcombine', '--simplifycfg', '--sroa', '--gvn', '--lower-expect', '--sroa', '--sroa', '--lower-expect', '--aggressive-instcombine']",74,-3.5722821294032485,0.0,-0.7959674294750226,0.0,1,-3.5722821294032485,-0.7959674294750226,0.5008908414855473,-67.00507614213198,12.106006749440409,11.76470588235294,34
1647,"['--ipsccp', '--speculative-execution', '--sccp', '--early-cse', '--mem2reg', '--jump-threading', '--globalopt', '--elim-avail-extern', '--instcombine', '--adce', '--jump-threading', '--gvn', '--loop-sink', '--simplifycfg', '--instsimplify', '--inline', '--mergefunc', '--gvn-hoist', '--instcombine', '--globalopt', '--elim-avail-extern', '--indvars', '--indvars', '--gvn', '--gvn', '--ipsccp', '--gvn', '--gvn', '--nary-reassociate', '--elim-avail-extern', '--loop-instsimplify', '--early-cse', '--mem2reg', '--jump-threading', '--globalopt', '--elim-avail-extern', '--instcombine', '--simplifycfg', '--sroa', '--mem2reg', '--globaldce', '--gvn-hoist', '--sccp', '--early-cse', '--lower-constant-intrinsics', '--adce', '--slsr', '--adce', '--slsr', '--gvn-hoist', '--adce', '--loop-simplify', '--dse', '--scalarizer', '--simplifycfg', '--lower-expect', '--simplifycfg', '--elim-avail-extern', '--lower-constant-intrinsics', '--ipsccp', '--nary-reassociate', '--gvn', '--jump-threading', '--globalopt', '--slp-vectorizer', '--instcombine', '--simplifycfg', '--sroa', '--early-cse', '--lower-expect', '--sroa', '--sroa', '--lower-expect', '--aggressive-instcombine']",74,-3.5722821294032485,0.0,-0.7959674294750226,0.0,1,-3.5722821294032485,-0.7959674294750226,0.5008908414855473,-67.00507614213198,12.106006749440409,11.76470588235294,34
1648,"['--ipsccp', '--speculative-execution', '--sccp', '--early-cse', '--ipsccp', '--mem2reg', '--jump-threading', '--globalopt', '--elim-avail-extern', '--instcombine', '--loop-instsimplify', '--jump-threading', '--gvn', '--simplifycfg', '--instsimplify', '--inline', '--mergefunc', '--gvn-hoist', '--instcombine', '--globalopt', '--elim-avail-extern', '--indvars', '--indvars', '--gvn', '--gvn', '--ipsccp', '--gvn', '--nary-reassociate', '--adce', '--early-cse', '--mem2reg', '--jump-threading', '--globalopt', '--elim-avail-extern', '--instcombine', '--simplifycfg', '--sroa', '--mem2reg', '--globaldce', '--gvn-hoist', '--sccp', '--early-cse', '--lower-constant-intrinsics', '--adce', '--slsr', '--gvn-hoist', '--adce', '--loop-simplify', '--dse', '--scalarizer', '--scalarizer', '--simplifycfg', '--lower-expect', '--simplifycfg', '--elim-avail-extern', '--lower-constant-intrinsics', '--ipsccp', '--gvn', '--nary-reassociate', '--gvn', '--early-cse', '--mem2reg', '--jump-threading', '--globalopt', '--slp-vectorizer', '--instcombine', '--simplifycfg', '--sroa', '--early-cse', '--lower-expect', '--sroa', '--sroa', '--lower-expect', '--aggressive-instcombine']",74,-3.5722821294032485,0.0,-0.7959674294750226,0.0,1,-3.5722821294032485,-0.7959674294750226,0.5008908414855473,-67.00507614213198,12.106006749440409,11.76470588235294,34
2026,"['--ipsccp', '--speculative-execution', '--sccp', '--early-cse', '--mem2reg', '--sroa', '--globalopt', '--elim-avail-extern', '--instcombine', '--loop-instsimplify', '--jump-threading', '--gvn', '--simplifycfg', '--instsimplify', '--inline', '--mergefunc', '--gvn-hoist', '--instcombine', '--globalopt', '--elim-avail-extern', '--indvars', '--indvars', '--gvn', '--gvn', '--ipsccp', '--gvn', '--nary-reassociate', '--adce', '--early-cse', '--mem2reg', '--jump-threading', '--correlated-propagation', '--elim-avail-extern', '--instcombine', '--simplifycfg', '--sroa', '--mem2reg', '--globaldce', '--gvn-hoist', '--sccp', '--early-cse', '--lower-constant-intrinsics', '--adce', '--slsr', '--gvn-hoist', '--adce', '--loop-simplify', '--adce', '--loop-simplify', '--dse', '--scalarizer', '--simplifycfg', '--nary-reassociate', '--elim-avail-extern', '--lower-constant-intrinsics', '--gvn', '--nary-reassociate', '--gvn', '--early-cse', '--mem2reg', '--jump-threading', '--globalopt', '--slp-vectorizer', '--instcombine', '--simplifycfg', '--sroa', '--early-cse', '--lower-expect', '--sroa', '--lower-expect', '--simplifycfg', '--aggressive-instcombine']",72,-3.5722821294032485,0.0,-0.7959674294750226,0.0,1,-3.5722821294032485,-0.7959674294750226,0.5008908414855473,-67.00507614213198,12.106006749440409,11.76470588235294,34
1802,"['--ipsccp', '--speculative-execution', '--sccp', '--early-cse', '--mem2reg', '--jump-threading', '--globalopt', '--elim-avail-extern', '--instcombine', '--adce', '--jump-threading', '--gvn', '--simplifycfg', '--hotcoldsplit', '--inline', '--mergefunc', '--gvn-hoist', '--instcombine', '--globalopt', '--elim-avail-extern', '--indvars', '--indvars', '--gvn-hoist', '--gvn', '--gvn', '--ipsccp', '--gvn', '--nary-reassociate', '--loop-instsimplify', '--early-cse', '--jump-threading', '--globalopt', '--elim-avail-extern', '--instcombine', '--simplifycfg', '--sroa', '--mem2reg', '--globaldce', '--gvn-hoist', '--sccp', '--lower-constant-intrinsics', '--adce', '--slsr', '--gvn-hoist', '--adce', '--loop-simplify', '--adce', '--loop-simplify', '--dse', '--scalarizer', '--simplifycfg', '--lower-expect', '--nary-reassociate', '--elim-avail-extern', '--elim-avail-extern', '--lower-constant-intrinsics', '--gvn', '--ipsccp', '--gvn', '--nary-reassociate', '--gvn', '--early-cse', '--mem2reg', '--jump-threading', '--globalopt', '--slp-vectorizer', '--instcombine', '--simplifycfg', '--sroa', '--early-cse', '--lower-expect', '--sroa', '--lower-expect', '--aggressive-instcombine']",74,-3.5722821294032485,0.0,-0.7959674294750226,0.0,1,-3.5722821294032485,-0.7959674294750226,0.5008908414855473,-67.00507614213198,12.106006749440409,11.76470588235294,34
2207,"['--ipsccp', '--speculative-execution', '--sccp', '--early-cse', '--mem2reg', '--sroa', '--globalopt', '--elim-avail-extern', '--instcombine', '--loop-instsimplify', '--jump-threading', '--gvn', '--simplifycfg', '--instsimplify', '--inline', '--mergefunc', '--gvn-hoist', '--globalopt', '--instcombine', '--globalopt', '--elim-avail-extern', '--indvars', '--elim-avail-extern', '--indvars', '--nary-reassociate', '--gvn', '--ipsccp', '--gvn', '--nary-reassociate', '--loop-instsimplify', '--early-cse', '--mem2reg', '--jump-threading', '--gvn-hoist', '--elim-avail-extern', '--instcombine', '--simplifycfg', '--sroa', '--mem2reg', '--globaldce', '--gvn-hoist', '--sccp', '--early-cse', '--lower-constant-intrinsics', '--adce', '--slsr', '--gvn-hoist', '--adce', '--loop-simplify', '--dse', '--scalarizer', '--simplifycfg', '--lower-expect', '--sccp', '--elim-avail-extern', '--lower-constant-intrinsics', '--ipsccp', '--gvn', '--gvn', '--gvn', '--early-cse', '--mem2reg', '--jump-threading', '--correlated-propagation', '--slp-vectorizer', '--instcombine', '--simplifycfg', '--early-cse-memssa', '--sroa', '--early-cse', '--lower-expect', '--sroa', '--sroa', '--lower-expect', '--aggressive-instcombine']",75,-3.5722821294032485,0.0,-0.7959674294750226,0.0,1,-3.5722821294032485,-0.7959674294750226,0.5008908414855473,-67.00507614213198,12.106006749440409,11.76470588235294,34
2190,"['--ipsccp', '--speculative-execution', '--sccp', '--early-cse', '--mem2reg', '--sroa', '--globalopt', '--elim-avail-extern', '--instcombine', '--loop-instsimplify', '--jump-threading', '--gvn', '--simplifycfg', '--instsimplify', '--inline', '--mldst-motion', '--mergefunc', '--gvn-hoist', '--mergefunc', '--gvn-hoist', '--gvn-hoist', '--lower-expect', '--elim-avail-extern', '--indvars', '--indvars', '--indvars', '--gvn', '--gvn', '--nary-reassociate', '--loop-instsimplify', '--early-cse', '--mem2reg', '--jump-threading', '--globalopt', '--elim-avail-extern', '--instcombine', '--simplifycfg', '--sroa', '--mem2reg', '--globaldce', '--gvn-hoist', '--sccp', '--nary-reassociate', '--lower-constant-intrinsics', '--adce', '--slsr', '--gvn-hoist', '--adce', '--loop-simplify', '--loop-simplify', '--dse', '--scalarizer', '--simplifycfg', '--lower-expect', '--simplifycfg', '--elim-avail-extern', '--lower-constant-intrinsics', '--ipsccp', '--nary-reassociate', '--gvn', '--mem2reg', '--jump-threading', '--globalopt', '--slp-vectorizer', '--instcombine', '--simplifycfg', '--sroa', '--early-cse', '--lower-expect', '--sroa', '--lower-expect', '--aggressive-instcombine']",72,-3.5722821294032485,0.0,-0.7959674294750226,0.0,1,-3.5722821294032485,-0.7959674294750226,0.5008908414855473,-67.00507614213198,12.106006749440409,11.76470588235294,34
2111,"['--ipsccp', '--speculative-execution', '--sccp', '--early-cse', '--mem2reg', '--jump-threading', '--elim-avail-extern', '--instcombine', '--adce', '--loop-interchange', '--jump-threading', '--gvn', '--simplifycfg', '--instsimplify', '--inline', '--mergefunc', '--tailcallelim', '--globalopt', '--elim-avail-extern', '--globalopt', '--indvars', '--indvars', '--gvn', '--gvn', '--ipsccp', '--gvn', '--nary-reassociate', '--adce', '--early-cse', '--mem2reg', '--jump-threading', '--globalopt', '--elim-avail-extern', '--loop-interchange', '--instcombine', '--simplifycfg', '--instcombine', '--simplifycfg', '--sroa', '--inferattrs', '--mem2reg', '--globaldce', '--gvn-hoist', '--sccp', '--early-cse', '--lower-constant-intrinsics', '--adce', '--slsr', '--gvn-hoist', '--adce', '--loop-simplify', '--dse', '--scalarizer', '--simplifycfg', '--lower-expect', '--simplifycfg', '--elim-avail-extern', '--lower-constant-intrinsics', '--ipsccp', '--nary-reassociate', '--gvn', '--jump-threading', '--loop-reroll', '--globalopt', '--slp-vectorizer', '--instcombine', '--simplifycfg', '--slp-vectorizer', '--instcombine', '--simplifycfg', '--sroa', '--early-cse', '--lower-expect', '--sroa', '--lower-expect', '--aggressive-instcombine']",76,-3.5722821294032485,0.0,-0.7959674294750226,0.0,1,-3.5722821294032485,-0.7959674294750226,0.5008908414855473,-67.00507614213198,12.106006749440409,11.76470588235294,34
2206,"['--ipsccp', '--speculative-execution', '--sccp', '--early-cse', '--mem2reg', '--jump-threading', '--globalopt', '--elim-avail-extern', '--instcombine', '--loop-instsimplify', '--jump-threading', '--gvn', '--simplifycfg', '--hotcoldsplit', '--inline', '--mergefunc', '--gvn-hoist', '--loop-vectorize', '--elim-avail-extern', '--globalopt', '--instcombine', '--indvars', '--indvars', '--gvn-hoist', '--gvn', '--gvn', '--gvn', '--ipsccp', '--gvn', '--nary-reassociate', '--loop-instsimplify', '--early-cse', '--mem2reg', '--memcpyopt', '--globalopt', '--jump-threading', '--bdce', '--elim-avail-extern', '--instcombine', '--simplifycfg', '--sroa', '--lower-constant-intrinsics', '--adce', '--slsr', '--gvn-hoist', '--adce', '--loop-simplify', '--adce', '--loop-simplify', '--early-cse', '--dse', '--scalarizer', '--scalarizer', '--simplifycfg', '--lower-expect', '--simplifycfg', '--elim-avail-extern', '--lower-constant-intrinsics', '--ipsccp', '--gvn', '--nary-reassociate', '--gvn', '--early-cse', '--loop-guard-widening', '--jump-threading', '--globalopt', '--slp-vectorizer', '--instcombine', '--slp-vectorizer', '--instcombine', '--simplifycfg', '--sroa', '--early-cse', '--lower-expect', '--sroa', '--lower-expect', '--aggressive-instcombine', '--aggressive-instcombine']",78,-3.5722821294032485,0.0,-0.7959674294750226,0.0,1,-3.5722821294032485,-0.7959674294750226,0.5008908414855473,-67.00507614213198,12.106006749440409,11.76470588235294,34
2205,"['--ipsccp', '--speculative-execution', '--sccp', '--early-cse', '--mem2reg', '--jump-threading', '--globalopt', '--elim-avail-extern', '--loop-guard-widening', '--instcombine', '--loop-instsimplify', '--jump-threading', '--simple-loop-unswitch', '--gvn', '--simplifycfg', '--instsimplify', '--inline', '--mergefunc', '--gvn-hoist', '--tailcallelim', '--globalopt', '--elim-avail-extern', '--indvars', '--indvars', '--gvn', '--gvn', '--gvn', '--gvn', '--ipsccp', '--gvn', '--nary-reassociate', '--nary-reassociate', '--loop-instsimplify', '--early-cse', '--ipsccp', '--mem2reg', '--jump-threading', '--globalopt', '--elim-avail-extern', '--instcombine', '--simplifycfg', '--sroa', '--mem2reg', '--globaldce', '--gvn-hoist', '--sccp', '--early-cse', '--lower-constant-intrinsics', '--adce', '--slsr', '--gvn-hoist', '--adce', '--loop-simplify', '--dse', '--scalarizer', '--simplifycfg', '--lower-expect', '--simplifycfg', '--elim-avail-extern', '--slp-vectorizer', '--ipsccp', '--gvn', '--nary-reassociate', '--gvn', '--early-cse', '--loop-guard-widening', '--jump-threading', '--globalopt', '--slp-vectorizer', '--instcombine', '--slp-vectorizer', '--instcombine', '--simplifycfg', '--sroa', '--early-cse', '--lower-expect', '--sroa', '--lower-expect', '--aggressive-instcombine']",79,-3.5722821294032485,0.0,-0.7959674294750226,0.0,1,-3.5722821294032485,-0.7959674294750226,0.5008908414855473,-67.00507614213198,12.106006749440409,11.76470588235294,34
2202,"['--ipsccp', '--speculative-execution', '--sccp', '--early-cse', '--mem2reg', '--jump-threading', '--globalopt', '--elim-avail-extern', '--instcombine', '--adce', '--jump-threading', '--gvn', '--simplifycfg', '--instsimplify', '--inline', '--mergefunc', '--gvn-hoist', '--instcombine', '--globalopt', '--elim-avail-extern', '--indvars', '--indvars', '--gvn', '--gvn', '--lowerinvoke', '--ipsccp', '--gvn', '--nary-reassociate', '--loop-instsimplify', '--early-cse', '--mem2reg', '--jump-threading', '--jump-threading', '--bdce', '--bdce', '--elim-avail-extern', '--instcombine', '--simplifycfg', '--sroa', '--mem2reg', '--globaldce', '--gvn-hoist', '--sccp', '--early-cse', '--lower-constant-intrinsics', '--adce', '--slsr', '--gvn-hoist', '--adce', '--loop-simplify', '--lower-constant-intrinsics', '--dse', '--scalarizer', '--scalarizer', '--simplifycfg', '--lower-expect', '--simplifycfg', '--elim-avail-extern', '--lower-constant-intrinsics', '--ipsccp', '--gvn', '--nary-reassociate', '--gvn', '--early-cse', '--loop-guard-widening', '--jump-threading', '--globalopt', '--slp-vectorizer', '--instcombine', '--slp-vectorizer', '--instcombine', '--simplifycfg', '--sroa', '--early-cse', '--lower-expect', '--aggressive-instcombine']",76,-3.5722821294032485,0.0,-0.7959674294750226,0.0,1,-3.5722821294032485,-0.7959674294750226,0.5008908414855473,-67.00507614213198,12.106006749440409,11.76470588235294,34
2201,"['--ipsccp', '--speculative-execution', '--simplifycfg', '--early-cse', '--mem2reg', '--jump-threading', '--elim-avail-extern', '--instcombine', '--adce', '--loop-interchange', '--aggressive-instcombine', '--gvn', '--simplifycfg', '--instsimplify', '--inline', '--mergefunc', '--gvn-hoist', '--instcombine', '--globalopt', '--elim-avail-extern', '--indvars', '--indvars', '--gvn', '--gvn', '--ipsccp', '--gvn', '--nary-reassociate', '--adce', '--early-cse', '--mem2reg', '--jump-threading', '--correlated-propagation', '--elim-avail-extern', '--instcombine', '--simplifycfg', '--sroa', '--mem2reg', '--globaldce', '--gvn-hoist', '--sccp', '--early-cse', '--lower-constant-intrinsics', '--adce', '--slsr', '--gvn-hoist', '--adce', '--loop-simplify', '--adce', '--loop-simplify', '--dse', '--scalarizer', '--simplifycfg', '--nary-reassociate', '--elim-avail-extern', '--lower-expect', '--simplifycfg', '--elim-avail-extern', '--ipsccp', '--nary-reassociate', '--gvn', '--jump-threading', '--loop-reroll', '--globalopt', '--slp-vectorizer', '--instcombine', '--simplifycfg', '--slp-vectorizer', '--instcombine', '--sroa', '--early-cse', '--lower-expect', '--sroa', '--lower-expect', '--aggressive-instcombine']",74,-3.5722821294032485,0.0,-0.7959674294750226,0.0,1,-3.5722821294032485,-0.7959674294750226,0.5008908414855473,-67.00507614213198,12.106006749440409,11.76470588235294,34
2200,"['--bdce', '--speculative-execution', '--sccp', '--early-cse', '--mem2reg', '--jump-threading', '--globalopt', '--elim-avail-extern', '--instcombine', '--adce', '--jump-threading', '--gvn', '--simplifycfg', '--hotcoldsplit', '--inline', '--mergefunc', '--gvn-hoist', '--instcombine', '--globalopt', '--elim-avail-extern', '--indvars', '--indvars', '--gvn-hoist', '--gvn', '--gvn', '--ipsccp', '--gvn', '--nary-reassociate', '--loop-instsimplify', '--early-cse', '--mem2reg', '--jump-threading', '--globalopt', '--jump-threading', '--ipsccp', '--elim-avail-extern', '--instcombine', '--sroa', '--mem2reg', '--globaldce', '--loop-versioning-licm', '--gvn-hoist', '--early-cse', '--lower-constant-intrinsics', '--adce', '--slsr', '--gvn-hoist', '--adce', '--loop-simplify', '--dse', '--scalarizer', '--simplifycfg', '--lower-expect', '--simplifycfg', '--elim-avail-extern', '--lower-constant-intrinsics', '--ipsccp', '--gvn', '--elim-avail-extern', '--gvn', '--early-cse', '--hotcoldsplit', '--jump-threading', '--globalopt', '--slp-vectorizer', '--instcombine', '--simplifycfg', '--sroa', '--early-cse', '--lower-expect', '--sroa', '--sroa', '--lower-expect', '--aggressive-instcombine']",74,-3.5722821294032485,0.0,-0.7959674294750226,0.0,1,-3.5722821294032485,-0.7959674294750226,0.5008908414855473,-67.00507614213198,12.106006749440409,11.76470588235294,34
2199,"['--speculative-execution', '--sccp', '--early-cse', '--mem2reg', '--mem2reg', '--jump-threading', '--globalopt', '--elim-avail-extern', '--instcombine', '--loop-instsimplify', '--jump-threading', '--gvn', '--simplifycfg', '--instsimplify', '--inline', '--mergefunc', '--gvn-hoist', '--instcombine', '--globalopt', '--elim-avail-extern', '--indvars', '--indvars', '--gvn', '--gvn', '--ipsccp', '--gvn', '--nary-reassociate', '--adce', '--early-cse', '--jump-threading', '--loop-guard-widening', '--globalopt', '--elim-avail-extern', '--instcombine', '--simplifycfg', '--sroa', '--mem2reg', '--globaldce', '--gvn-hoist', '--sccp', '--early-cse', '--lower-constant-intrinsics', '--adce', '--slsr', '--gvn-hoist', '--adce', '--loop-simplify', '--dse', '--scalarizer', '--adce', '--loop-simplify', '--dse', '--scalarizer', '--simplifycfg', '--ipsccp', '--loop-simplify', '--nary-reassociate', '--gvn', '--early-cse', '--mem2reg', '--jump-threading', '--globalopt', '--slp-vectorizer', '--instcombine', '--simplifycfg', '--nary-reassociate', '--sroa', '--early-cse', '--lower-expect', '--sroa', '--lower-expect', '--simplifycfg', '--aggressive-instcombine']",73,-3.5722821294032485,0.0,-0.7959674294750226,0.0,1,-3.5722821294032485,-0.7959674294750226,0.5008908414855473,-67.00507614213198,12.106006749440409,11.76470588235294,34
2198,"['--ipsccp', '--speculative-execution', '--sccp', '--early-cse', '--mem2reg', '--jump-threading', '--globalopt', '--elim-avail-extern', '--instcombine', '--adce', '--jump-threading', '--gvn', '--simplifycfg', '--hotcoldsplit', '--inline', '--mergefunc', '--gvn-hoist', '--instcombine', '--globalopt', '--elim-avail-extern', '--indvars', '--indvars', '--gvn-hoist', '--gvn', '--gvn', '--ipsccp', '--gvn', '--nary-reassociate', '--loop-instsimplify', '--early-cse', '--mem2reg', '--jump-threading', '--globalopt', '--jump-threading', '--ipsccp', '--elim-avail-extern', '--instcombine', '--simplifycfg', '--sroa', '--lower-constant-intrinsics', '--sroa', '--adce', '--slsr', '--gvn-hoist', '--adce', '--loop-simplify', '--adce', '--lower-constant-intrinsics', '--dse', '--scalarizer', '--scalarizer', '--simplifycfg', '--lower-expect', '--simplifycfg', '--elim-avail-extern', '--lower-constant-intrinsics', '--ipsccp', '--gvn', '--nary-reassociate', '--gvn', '--early-cse', '--loop-guard-widening', '--jump-threading', '--globalopt', '--slp-vectorizer', '--instcombine', '--early-cse', '--lower-expect', '--lower-constant-intrinsics', '--lower-expect', '--simplifycfg', '--aggressive-instcombine']",72,-3.5722821294032485,0.0,-0.7959674294750226,0.0,1,-3.5722821294032485,-0.7959674294750226,0.5008908414855473,-67.00507614213198,12.106006749440409,11.76470588235294,34
2194,"['--speculative-execution', '--sccp', '--early-cse', '--mem2reg', '--jump-threading', '--elim-avail-extern', '--instcombine', '--adce', '--loop-interchange', '--aggressive-instcombine', '--gvn', '--simplifycfg', '--instsimplify', '--inline', '--mergefunc', '--gvn-hoist', '--instcombine', '--globalopt', '--elim-avail-extern', '--indvars', '--indvars', '--gvn', '--gvn', '--ipsccp', '--gvn', '--nary-reassociate', '--loop-instsimplify', '--early-cse', '--adce', '--early-cse', '--mem2reg', '--jump-threading', '--globalopt', '--elim-avail-extern', '--instcombine', '--simplifycfg', '--sroa', '--mem2reg', '--globaldce', '--gvn-hoist', '--sccp', '--early-cse', '--lower-constant-intrinsics', '--adce', '--slsr', '--gvn-hoist', '--adce', '--loop-simplify', '--dse', '--scalarizer', '--adce', '--loop-simplify', '--dse', '--scalarizer', '--simplifycfg', '--mergereturn', '--lower-expect', '--elim-avail-extern', '--lower-constant-intrinsics', '--ipsccp', '--nary-reassociate', '--gvn', '--jump-threading', '--globalopt', '--slp-vectorizer', '--instcombine', '--slp-vectorizer', '--instcombine', '--simplifycfg', '--sroa', '--early-cse', '--lower-expect', '--sroa', '--sroa', '--aggressive-instcombine']",75,-3.5722821294032485,0.0,-0.7959674294750226,0.0,1,-3.5722821294032485,-0.7959674294750226,0.5008908414855473,-67.00507614213198,12.106006749440409,11.76470588235294,34
2192,"['--ipsccp', '--speculative-execution', '--sccp', '--early-cse', '--mem2reg', '--jump-threading', '--globalopt', '--elim-avail-extern', '--instcombine', '--loop-instsimplify', '--jump-threading', '--gvn', '--simplifycfg', '--instsimplify', '--inline', '--mergefunc', '--gvn-hoist', '--instcombine', '--globalopt', '--elim-avail-extern', '--indvars', '--indvars', '--gvn', '--gvn', '--ipsccp', '--gvn', '--nary-reassociate', '--adce', '--early-cse', '--mem2reg', '--jump-threading', '--correlated-propagation', '--elim-avail-extern', '--instcombine', '--simplifycfg', '--sroa', '--mem2reg', '--globaldce', '--gvn-hoist', '--sccp', '--early-cse', '--lower-constant-intrinsics', '--functionattrs', '--adce', '--slsr', '--gvn-hoist', '--adce', '--loop-simplify', '--adce', '--loop-simplify', '--dse', '--scalarizer', '--simplifycfg', '--elim-avail-extern', '--nary-reassociate', '--elim-avail-extern', '--lower-constant-intrinsics', '--lower-constant-intrinsics', '--irce', '--ipsccp', '--ipsccp', '--loop-reroll', '--gvn', '--early-cse', '--lowerinvoke', '--jump-threading', '--globalopt', '--slp-vectorizer', '--instcombine', '--simplifycfg', '--sroa', '--early-cse', '--lower-expect', '--sroa', '--sroa', '--lower-expect', '--aggressive-instcombine']",77,-3.5722821294032485,0.0,-0.7959674294750226,0.0,1,-3.5722821294032485,-0.7959674294750226,0.5008908414855473,-67.00507614213198,12.106006749440409,11.76470588235294,34
2099,"['--ipsccp', '--speculative-execution', '--sccp', '--early-cse', '--mem2reg', '--jump-threading', '--globalopt', '--elim-avail-extern', '--instcombine', '--loop-instsimplify', '--jump-threading', '--gvn', '--simplifycfg', '--instsimplify', '--inline', '--mergefunc', '--gvn-hoist', '--tailcallelim', '--globalopt', '--elim-avail-extern', '--indvars', '--indvars', '--gvn', '--gvn', '--gvn', '--gvn', '--ipsccp', '--gvn', '--nary-reassociate', '--nary-reassociate', '--loop-instsimplify', '--early-cse', '--ipsccp', '--mem2reg', '--jump-threading', '--globalopt', '--elim-avail-extern', '--instcombine', '--simplifycfg', '--sroa', '--mem2reg', '--globaldce', '--gvn-hoist', '--sccp', '--early-cse', '--lower-constant-intrinsics', '--adce', '--slsr', '--gvn-hoist', '--adce', '--loop-simplify', '--dse', '--scalarizer', '--simplifycfg', '--lower-expect', '--simplifycfg', '--elim-avail-extern', '--lower-constant-intrinsics', '--ipsccp', '--nary-reassociate', '--gvn', '--early-cse', '--loop-guard-widening', '--jump-threading', '--globalopt', '--slp-vectorizer', '--instcombine', '--slp-vectorizer', '--instcombine', '--simplifycfg', '--sroa', '--early-cse', '--lower-expect', '--sroa', '--lower-expect', '--aggressive-instcombine']",76,-3.5722821294032485,0.0,-0.7959674294750226,0.0,1,-3.5722821294032485,-0.7959674294750226,0.5008908414855473,-67.00507614213198,12.106006749440409,11.76470588235294,34
2244,"['--ipsccp', '--speculative-execution', '--sccp', '--early-cse', '--mem2reg', '--jump-threading', '--globalopt', '--elim-avail-extern', '--instcombine', '--loop-instsimplify', '--jump-threading', '--gvn', '--simplifycfg', '--instsimplify', '--inline', '--mergefunc', '--gvn-hoist', '--instcombine', '--globalopt', '--elim-avail-extern', '--indvars', '--indvars', '--gvn', '--gvn', '--ipsccp', '--nary-reassociate', '--adce', '--early-cse', '--mem2reg', '--jump-threading', '--globalopt', '--elim-avail-extern', '--instcombine', '--simplifycfg', '--sroa', '--mem2reg', '--globaldce', '--gvn-hoist', '--sccp', '--early-cse', '--lower-constant-intrinsics', '--adce', '--slsr', '--gvn-hoist', '--adce', '--loop-simplify', '--adce', '--loop-simplify', '--loop-simplify', '--dse', '--scalarizer', '--simplifycfg', '--lower-expect', '--simplifycfg', '--elim-avail-extern', '--ipsccp', '--loop-simplify', '--nary-reassociate', '--gvn', '--early-cse', '--mem2reg', '--jump-threading', '--globalopt', '--slp-vectorizer', '--instcombine', '--simplifycfg', '--sroa', '--instcombine', '--simplifycfg', '--sroa', '--early-cse', '--lower-expect', '--sroa', '--sroa', '--aggressive-instcombine']",75,-3.5722821294032485,0.0,-0.7959674294750226,0.0,1,-3.5722821294032485,-0.7959674294750226,0.5008908414855473,-67.00507614213198,12.106006749440409,11.76470588235294,34
2187,"['--ipsccp', '--speculative-execution', '--sccp', '--early-cse', '--mem2reg', '--jump-threading', '--globalopt', '--elim-avail-extern', '--instcombine', '--adce', '--jump-threading', '--gvn', '--simplifycfg', '--instsimplify', '--inline', '--inline', '--mergefunc', '--gvn-hoist', '--instcombine', '--globalopt', '--elim-avail-extern', '--indvars', '--indvars', '--gvn', '--gvn', '--ipsccp', '--gvn', '--nary-reassociate', '--adce', '--early-cse', '--mem2reg', '--jump-threading', '--globalopt', '--elim-avail-extern', '--instcombine', '--simplifycfg', '--sroa', '--mem2reg', '--globaldce', '--gvn-hoist', '--sccp', '--early-cse', '--lower-constant-intrinsics', '--adce', '--slsr', '--gvn-hoist', '--adce', '--loop-simplify', '--dse', '--scalarizer', '--adce', '--loop-simplify', '--dse', '--scalarizer', '--simplifycfg', '--mergereturn', '--lower-expect', '--elim-avail-extern', '--lower-constant-intrinsics', '--ipsccp', '--nary-reassociate', '--gvn', '--jump-threading', '--globalopt', '--slp-vectorizer', '--instcombine', '--slp-vectorizer', '--instcombine', '--simplifycfg', '--sroa', '--early-cse', '--lower-expect', '--sroa', '--sroa', '--aggressive-instcombine']",75,-3.5722821294032485,0.0,-0.7959674294750226,0.0,1,-3.5722821294032485,-0.7959674294750226,0.5008908414855473,-67.00507614213198,12.106006749440409,11.76470588235294,34
2100,"['--ipsccp', '--speculative-execution', '--sccp', '--early-cse', '--mem2reg', '--jump-threading', '--globalopt', '--elim-avail-extern', '--instcombine', '--loop-instsimplify', '--jump-threading', '--gvn', '--simplifycfg', '--instsimplify', '--inline', '--mergefunc', '--gvn-hoist', '--tailcallelim', '--globalopt', '--elim-avail-extern', '--indvars', '--indvars', '--gvn', '--gvn', '--gvn', '--gvn', '--ipsccp', '--gvn', '--nary-reassociate', '--nary-reassociate', '--loop-instsimplify', '--early-cse', '--ipsccp', '--mem2reg', '--jump-threading', '--globalopt', '--elim-avail-extern', '--instcombine', '--simplifycfg', '--sroa', '--mem2reg', '--gvn-hoist', '--sccp', '--early-cse', '--lower-constant-intrinsics', '--adce', '--slsr', '--gvn-hoist', '--adce', '--loop-simplify', '--dse', '--scalarizer', '--simplifycfg', '--lower-expect', '--simplifycfg', '--elim-avail-extern', '--lower-constant-intrinsics', '--ipsccp', '--gvn', '--gvn', '--gvn', '--mem2reg', '--jump-threading', '--correlated-propagation', '--slp-vectorizer', '--instcombine', '--simplifycfg', '--early-cse-memssa', '--sroa', '--early-cse', '--aggressive-instcombine']",71,-3.5722821294032485,0.0,-0.7959674294750226,0.0,1,-3.5722821294032485,-0.7959674294750226,0.5008908414855473,-67.00507614213198,12.106006749440409,11.76470588235294,34
2186,"['--ipsccp', '--speculative-execution', '--sccp', '--early-cse', '--mem2reg', '--jump-threading', '--globalopt', '--elim-avail-extern', '--instcombine', '--adce', '--jump-threading', '--gvn', '--simplifycfg', '--instsimplify', '--inline', '--mergefunc', '--gvn-hoist', '--instcombine', '--globalopt', '--elim-avail-extern', '--indvars', '--indvars', '--gvn', '--gvn', '--ipsccp', '--gvn', '--nary-reassociate', '--loop-instsimplify', '--early-cse', '--mem2reg', '--jump-threading', '--jump-threading', '--bdce', '--bdce', '--elim-avail-extern', '--instcombine', '--simplifycfg', '--sroa', '--mergereturn', '--globaldce', '--gvn-hoist', '--sccp', '--early-cse', '--lower-constant-intrinsics', '--adce', '--slsr', '--gvn-hoist', '--adce', '--loop-simplify', '--dse', '--scalarizer', '--simplifycfg', '--lower-expect', '--simplifycfg', '--elim-avail-extern', '--lower-constant-intrinsics', '--ipsccp', '--nary-reassociate', '--gvn', '--mem2reg', '--jump-threading', '--globalopt', '--slp-vectorizer', '--instcombine', '--simplifycfg', '--sroa', '--early-cse', '--lower-expect', '--sroa', '--sroa', '--lower-expect', '--lower-expect', '--sroa', '--sroa', '--lower-expect', '--aggressive-instcombine']",76,-3.5722821294032485,0.0,-0.7959674294750226,0.0,1,-3.5722821294032485,-0.7959674294750226,0.5008908414855473,-67.00507614213198,12.106006749440409,11.76470588235294,34
2101,"['--ipsccp', '--speculative-execution', '--sccp', '--early-cse', '--mem2reg', '--jump-threading', '--globalopt', '--elim-avail-extern', '--instcombine', '--loop-instsimplify', '--jump-threading', '--gvn', '--simplifycfg', '--instsimplify', '--inline', '--mergefunc', '--gvn-hoist', '--tailcallelim', '--globalopt', '--elim-avail-extern', '--indvars', '--indvars', '--gvn', '--gvn', '--gvn', '--gvn', '--ipsccp', '--gvn', '--nary-reassociate', '--nary-reassociate', '--loop-instsimplify', '--early-cse', '--ipsccp', '--mem2reg', '--jump-threading', '--globalopt', '--instcombine', '--simplifycfg', '--sroa', '--mem2reg', '--globaldce', '--gvn-hoist', '--sccp', '--early-cse', '--lower-constant-intrinsics', '--adce', '--slsr', '--gvn-hoist', '--adce', '--loop-simplify', '--dse', '--scalarizer', '--simplifycfg', '--lower-expect', '--simplifycfg', '--elim-avail-extern', '--lower-constant-intrinsics', '--ipsccp', '--gvn', '--gvn', '--gvn', '--mem2reg', '--jump-threading', '--correlated-propagation', '--slp-vectorizer', '--instcombine', '--simplifycfg', '--early-cse-memssa', '--sroa', '--early-cse', '--aggressive-instcombine']",71,-3.5722821294032485,0.0,-0.7959674294750226,0.0,1,-3.5722821294032485,-0.7959674294750226,0.5008908414855473,-67.00507614213198,12.106006749440409,11.76470588235294,34
2183,"['--ipsccp', '--speculative-execution', '--early-cse', '--mem2reg', '--sroa', '--globalopt', '--elim-avail-extern', '--instcombine', '--loop-instsimplify', '--jump-threading', '--gvn', '--simplifycfg', '--instsimplify', '--inline', '--mldst-motion', '--mergefunc', '--gvn-hoist', '--mergefunc', '--gvn-hoist', '--gvn-hoist', '--lower-expect', '--elim-avail-extern', '--indvars', '--indvars', '--indvars', '--gvn', '--gvn', '--nary-reassociate', '--loop-instsimplify', '--early-cse', '--mem2reg', '--jump-threading', '--globalopt', '--elim-avail-extern', '--instcombine', '--simplifycfg', '--sroa', '--mem2reg', '--globaldce', '--gvn-hoist', '--sccp', '--early-cse', '--lower-constant-intrinsics', '--adce', '--slsr', '--gvn-hoist', '--adce', '--loop-simplify', '--dse', '--scalarizer', '--simplifycfg', '--lower-expect', '--simplifycfg', '--elim-avail-extern', '--lower-constant-intrinsics', '--ipsccp', '--gvn', '--lower-constant-intrinsics', '--gvn', '--early-cse', '--mem2reg', '--jump-threading', '--simplifycfg', '--slp-vectorizer', '--instcombine', '--globalopt', '--sroa', '--early-cse', '--lower-expect', '--sroa', '--sroa', '--lower-expect', '--aggressive-instcombine']",73,-3.5722821294032485,0.0,-0.7959674294750226,0.0,1,-3.5722821294032485,-0.7959674294750226,0.5008908414855473,-67.00507614213198,12.106006749440409,11.76470588235294,34
2182,"['--ipsccp', '--speculative-execution', '--sccp', '--early-cse', '--mem2reg', '--jump-threading', '--globalopt', '--elim-avail-extern', '--instcombine', '--loop-instsimplify', '--jump-threading', '--gvn', '--simplifycfg', '--instsimplify', '--inline', '--mergefunc', '--gvn-hoist', '--instcombine', '--globalopt', '--elim-avail-extern', '--indvars', '--indvars', '--gvn', '--gvn', '--ipsccp', '--gvn', '--nary-reassociate', '--adce', '--early-cse', '--mem2reg', '--jump-threading', '--globalopt', '--elim-avail-extern', '--instcombine', '--simplifycfg', '--sroa', '--mem2reg', '--instcombine', '--simplifycfg', '--sroa', '--tailcallelim', '--globaldce', '--globaldce', '--gvn-hoist', '--sccp', '--early-cse', '--lower-constant-intrinsics', '--adce', '--slsr', '--gvn-hoist', '--adce', '--loop-simplify', '--dse', '--scalarizer', '--lower-expect', '--simplifycfg', '--elim-avail-extern', '--lower-constant-intrinsics', '--ipsccp', '--nary-reassociate', '--gvn', '--jump-threading', '--jump-threading', '--globalopt', '--slp-vectorizer', '--instcombine', '--simplifycfg', '--early-cse', '--sroa', '--sroa', '--lower-expect', '--simplifycfg', '--aggressive-instcombine']",73,-3.5722821294032485,0.0,-0.7959674294750226,0.0,1,-3.5722821294032485,-0.7959674294750226,0.5008908414855473,-67.00507614213198,12.106006749440409,11.76470588235294,34
2181,"['--ipsccp', '--speculative-execution', '--sccp', '--early-cse', '--mem2reg', '--jump-threading', '--globalopt', '--elim-avail-extern', '--instcombine', '--loop-instsimplify', '--jump-threading', '--gvn', '--simplifycfg', '--instsimplify', '--inline', '--mergefunc', '--gvn-hoist', '--instcombine', '--globalopt', '--elim-avail-extern', '--indvars', '--indvars', '--gvn', '--gvn', '--ipsccp', '--gvn', '--nary-reassociate', '--adce', '--early-cse', '--mem2reg', '--jump-threading', '--globalopt', '--elim-avail-extern', '--instcombine', '--simplifycfg', '--sroa', '--mem2reg', '--globaldce', '--gvn-hoist', '--sccp', '--early-cse', '--lower-constant-intrinsics', '--adce', '--slsr', '--gvn-hoist', '--adce', '--loop-simplify', '--adce', '--loop-simplify', '--loop-simplify', '--dse', '--scalarizer', '--simplifycfg', '--lower-expect', '--simplifycfg', '--elim-avail-extern', '--ipsccp', '--loop-simplify', '--nary-reassociate', '--gvn', '--early-cse', '--mem2reg', '--jump-threading', '--globalopt', '--slp-vectorizer', '--instcombine', '--simplifycfg', '--sroa', '--early-cse', '--lower-expect', '--sroa', '--lower-expect', '--simplifycfg', '--aggressive-instcombine']",74,-3.5722821294032485,0.0,-0.7959674294750226,0.0,1,-3.5722821294032485,-0.7959674294750226,0.5008908414855473,-67.00507614213198,12.106006749440409,11.76470588235294,34
2180,"['--ipsccp', '--speculative-execution', '--sccp', '--early-cse', '--mem2reg', '--jump-threading', '--globalopt', '--elim-avail-extern', '--jump-threading', '--adce', '--instcombine', '--gvn', '--simplifycfg', '--instsimplify', '--inline', '--mergefunc', '--gvn-hoist', '--instcombine', '--globalopt', '--elim-avail-extern', '--indvars', '--indvars', '--indvars', '--indvars', '--gvn', '--gvn', '--ipsccp', '--gvn', '--nary-reassociate', '--adce', '--early-cse', '--mem2reg', '--jump-threading', '--globalopt', '--elim-avail-extern', '--instcombine', '--simplifycfg', '--sroa', '--mem2reg', '--globaldce', '--gvn-hoist', '--sccp', '--early-cse', '--lower-constant-intrinsics', '--adce', '--slsr', '--gvn-hoist', '--adce', '--loop-simplify', '--dse', '--scalarizer', '--adce', '--loop-simplify', '--dse', '--scalarizer', '--simplifycfg', '--mergereturn', '--lower-expect', '--elim-avail-extern', '--lower-constant-intrinsics', '--ipsccp', '--nary-reassociate', '--gvn', '--jump-threading', '--globalopt', '--slp-vectorizer', '--instcombine', '--slp-vectorizer', '--instcombine', '--simplifycfg', '--sroa', '--early-cse', '--lower-expect', '--sroa', '--sroa', '--aggressive-instcombine']",76,-3.5722821294032485,0.0,-0.7959674294750226,0.0,1,-3.5722821294032485,-0.7959674294750226,0.5008908414855473,-67.00507614213198,12.106006749440409,11.76470588235294,34
2102,"['--ipsccp', '--speculative-execution', '--sccp', '--early-cse', '--mem2reg', '--jump-threading', '--globalopt', '--elim-avail-extern', '--instcombine', '--loop-instsimplify', '--jump-threading', '--gvn', '--simplifycfg', '--instsimplify', '--inline', '--mergefunc', '--gvn-hoist', '--instcombine', '--globalopt', '--elim-avail-extern', '--indvars', '--indvars', '--gvn', '--gvn', '--ipsccp', '--gvn', '--nary-reassociate', '--adce', '--early-cse', '--mem2reg', '--jump-threading', '--correlated-propagation', '--mem2reg', '--memcpyopt', '--globalopt', '--jump-threading', '--bdce', '--elim-avail-extern', '--instcombine', '--simplifycfg', '--sroa', '--loop-simplify', '--adce', '--gvn-hoist', '--slsr', '--gvn-hoist', '--adce', '--loop-simplify', '--adce', '--lower-constant-intrinsics', '--dse', '--scalarizer', '--scalarizer', '--simplifycfg', '--lower-expect', '--simplifycfg', '--elim-avail-extern', '--lower-constant-intrinsics', '--ipsccp', '--gvn', '--nary-reassociate', '--gvn', '--early-cse', '--loop-guard-widening', '--jump-threading', '--globalopt', '--slp-vectorizer', '--instcombine', '--slp-vectorizer', '--instcombine', '--simplifycfg', '--sroa', '--early-cse', '--lower-expect', '--aggressive-instcombine']",75,-3.5722821294032485,0.0,-0.7959674294750226,0.0,1,-3.5722821294032485,-0.7959674294750226,0.5008908414855473,-67.00507614213198,12.106006749440409,11.76470588235294,34
2179,"['--ipsccp', '--speculative-execution', '--sccp', '--early-cse', '--mem2reg', '--sroa', '--globalopt', '--elim-avail-extern', '--instcombine', '--loop-instsimplify', '--jump-threading', '--gvn', '--simplifycfg', '--instsimplify', '--inline', '--mergefunc', '--gvn-hoist', '--mergefunc', '--gvn-hoist', '--gvn-hoist', '--lower-expect', '--elim-avail-extern', '--indvars', '--indvars', '--indvars', '--gvn', '--gvn', '--nary-reassociate', '--nary-reassociate', '--nary-reassociate', '--loop-instsimplify', '--early-cse', '--ipsccp', '--mem2reg', '--jump-threading', '--globalopt', '--elim-avail-extern', '--instcombine', '--simplifycfg', '--sroa', '--mem2reg', '--globaldce', '--gvn-hoist', '--sccp', '--early-cse', '--loop-unroll-and-jam', '--adce', '--slsr', '--loop-simplify', '--dse', '--scalarizer', '--adce', '--loop-simplify', '--dse', '--scalarizer', '--simplifycfg', '--mergereturn', '--lower-expect', '--elim-avail-extern', '--lower-constant-intrinsics', '--ipsccp', '--nary-reassociate', '--gvn', '--jump-threading', '--globalopt', '--slp-vectorizer', '--instcombine', '--slp-vectorizer', '--instcombine', '--simplifycfg', '--sroa', '--early-cse', '--lower-expect', '--sroa', '--sroa', '--aggressive-instcombine']",76,-3.5722821294032485,0.0,-0.7959674294750226,0.0,1,-3.5722821294032485,-0.7959674294750226,0.5008908414855473,-67.00507614213198,12.106006749440409,11.76470588235294,34
2208,"['--ipsccp', '--speculative-execution', '--sccp', '--early-cse', '--mem2reg', '--jump-threading', '--elim-avail-extern', '--instcombine', '--adce', '--loop-interchange', '--aggressive-instcombine', '--gvn', '--simplifycfg', '--instsimplify', '--inline', '--loop-unroll', '--mergefunc', '--gvn-hoist', '--gvn-hoist', '--instcombine', '--globalopt', '--elim-avail-extern', '--indvars', '--elim-avail-extern', '--indvars', '--nary-reassociate', '--gvn', '--ipsccp', '--gvn', '--nary-reassociate', '--loop-instsimplify', '--early-cse', '--mem2reg', '--jump-threading', '--globalopt', '--elim-avail-extern', '--instcombine', '--simplifycfg', '--sroa', '--gvn-hoist', '--sccp', '--early-cse', '--lower-constant-intrinsics', '--adce', '--slsr', '--newgvn', '--slsr', '--gvn-hoist', '--adce', '--loop-simplify', '--dse', '--scalarizer', '--adce', '--loop-simplify', '--dse', '--scalarizer', '--simplifycfg', '--mergereturn', '--lower-expect', '--elim-avail-extern', '--lower-constant-intrinsics', '--ipsccp', '--nary-reassociate', '--gvn', '--jump-threading', '--globalopt', '--slp-vectorizer', '--instcombine', '--slp-vectorizer', '--instcombine', '--simplifycfg', '--sroa', '--early-cse', '--lower-expect', '--sroa', '--sroa', '--aggressive-instcombine']",77,-3.5722821294032485,0.0,-0.7959674294750226,0.0,1,-3.5722821294032485,-0.7959674294750226,0.5008908414855473,-67.00507614213198,12.106006749440409,11.76470588235294,34
2209,"['--ipsccp', '--speculative-execution', '--sccp', '--early-cse', '--mem2reg', '--jump-threading', '--globalopt', '--elim-avail-extern', '--instcombine', '--loop-instsimplify', '--jump-threading', '--gvn', '--simplifycfg', '--instsimplify', '--inline', '--mergefunc', '--gvn-hoist', '--instcombine', '--globalopt', '--elim-avail-extern', '--indvars', '--indvars', '--gvn', '--gvn', '--gvn', '--ipsccp', '--gvn', '--nary-reassociate', '--adce', '--early-cse', '--jump-threading', '--globalopt', '--jump-threading', '--bdce', '--elim-avail-extern', '--instcombine', '--instcombine', '--simplifycfg', '--sroa', '--mem2reg', '--globaldce', '--loop-versioning-licm', '--gvn-hoist', '--early-cse', '--lower-constant-intrinsics', '--adce', '--slsr', '--gvn-hoist', '--adce', '--loop-simplify', '--dse', '--scalarizer', '--simplifycfg', '--lower-expect', '--simplifycfg', '--elim-avail-extern', '--lower-constant-intrinsics', '--ipsccp', '--nary-reassociate', '--gvn', '--ipsccp', '--nary-reassociate', '--gvn', '--jump-threading', '--globalopt', '--slp-vectorizer', '--instcombine', '--slp-vectorizer', '--instcombine', '--simplifycfg', '--sroa', '--early-cse', '--lower-expect', '--sroa', '--sroa', '--aggressive-instcombine']",76,-3.5722821294032485,0.0,-0.7959674294750226,0.0,1,-3.5722821294032485,-0.7959674294750226,0.5008908414855473,-67.00507614213198,12.106006749440409,11.76470588235294,34
2211,"['--ipsccp', '--speculative-execution', '--early-cse', '--mem2reg', '--jump-threading', '--globalopt', '--elim-avail-extern', '--instcombine', '--loop-instsimplify', '--jump-threading', '--gvn', '--simplifycfg', '--instsimplify', '--inline', '--mergefunc', '--gvn-hoist', '--instcombine', '--globalopt', '--elim-avail-extern', '--indvars', '--indvars', '--gvn', '--gvn', '--ipsccp', '--gvn', '--nary-reassociate', '--adce', '--early-cse', '--mem2reg', '--jump-threading', '--correlated-propagation', '--mem2reg', '--memcpyopt', '--globalopt', '--jump-threading', '--bdce', '--elim-avail-extern', '--instcombine', '--simplifycfg', '--sroa', '--loop-simplify', '--loop-simplify', '--adce', '--sccp', '--slsr', '--gvn-hoist', '--adce', '--loop-simplify', '--adce', '--simplifycfg', '--dse', '--scalarizer', '--scalarizer', '--simplifycfg', '--lower-expect', '--simplifycfg', '--elim-avail-extern', '--lower-constant-intrinsics', '--ipsccp', '--gvn', '--nary-reassociate', '--gvn', '--early-cse', '--loop-guard-widening', '--jump-threading', '--globalopt', '--tailcallelim', '--slp-vectorizer', '--instcombine', '--slp-vectorizer', '--instcombine', '--simplifycfg', '--sroa', '--early-cse', '--lower-expect', '--aggressive-instcombine']",76,-3.5722821294032485,0.0,-0.7959674294750226,0.0,1,-3.5722821294032485,-0.7959674294750226,0.5008908414855473,-67.00507614213198,12.106006749440409,11.76470588235294,34
2212,"['--ipsccp', '--speculative-execution', '--sccp', '--early-cse', '--mem2reg', '--jump-threading', '--globalopt', '--elim-avail-extern', '--instcombine', '--adce', '--jump-threading', '--gvn', '--simplifycfg', '--instsimplify', '--inline', '--mergefunc', '--instcombine', '--globalopt', '--elim-avail-extern', '--indvars', '--indvars', '--gvn', '--gvn', '--ipsccp', '--gvn', '--nary-reassociate', '--loop-instsimplify', '--early-cse', '--mem2reg', '--jump-threading', '--globalopt', '--elim-avail-extern', '--instcombine', '--globalopt', '--simplifycfg', '--simplifycfg', '--sroa', '--mem2reg', '--globaldce', '--gvn-hoist', '--sccp', '--early-cse', '--lower-constant-intrinsics', '--adce', '--slsr', '--gvn-hoist', '--gvn', '--adce', '--loop-simplify', '--dse', '--scalarizer', '--simplifycfg', '--lower-expect', '--simplifycfg', '--elim-avail-extern', '--lower-constant-intrinsics', '--gvn', '--nary-reassociate', '--elim-avail-extern', '--early-cse', '--mem2reg', '--jump-threading', '--globalopt', '--slp-vectorizer', '--instcombine', '--simplifycfg', '--early-cse-memssa', '--sroa', '--early-cse', '--lower-expect', '--sroa', '--sroa', '--lower-expect', '--aggressive-instcombine']",74,-3.5722821294032485,0.0,-0.7959674294750226,0.0,1,-3.5722821294032485,-0.7959674294750226,0.5008908414855473,-67.00507614213198,12.106006749440409,11.76470588235294,34
2233,"['--ipsccp', '--speculative-execution', '--early-cse', '--mem2reg', '--jump-threading', '--globalopt', '--elim-avail-extern', '--instcombine', '--loop-instsimplify', '--jump-threading', '--gvn', '--simplifycfg', '--instsimplify', '--inline', '--mergefunc', '--gvn-hoist', '--instcombine', '--globalopt', '--indvars', '--ipconstprop', '--elim-avail-extern', '--indvars', '--indvars', '--gvn', '--gvn', '--ipsccp', '--gvn', '--nary-reassociate', '--adce', '--early-cse', '--mem2reg', '--jump-threading', '--correlated-propagation', '--elim-avail-extern', '--instcombine', '--simplifycfg', '--sroa', '--mem2reg', '--globaldce', '--gvn-hoist', '--sccp', '--early-cse', '--lower-constant-intrinsics', '--adce', '--slsr', '--gvn-hoist', '--adce', '--loop-simplify', '--adce', '--loop-simplify', '--dse', '--scalarizer', '--simplifycfg', '--lower-expect', '--nary-reassociate', '--elim-avail-extern', '--lower-constant-intrinsics', '--gvn', '--nary-reassociate', '--gvn', '--early-cse', '--mem2reg', '--jump-threading', '--globalopt', '--slp-vectorizer', '--jump-threading', '--globalopt', '--slp-vectorizer', '--instcombine', '--slp-vectorizer', '--instcombine', '--simplifycfg', '--sroa', '--early-cse', '--lower-expect', '--sroa', '--aggressive-instcombine', '--aggressive-instcombine']",78,-3.5722821294032485,0.0,-0.7959674294750226,0.0,1,-3.5722821294032485,-0.7959674294750226,0.5008908414855473,-67.00507614213198,12.106006749440409,11.76470588235294,34
2086,"['--ipsccp', '--speculative-execution', '--sccp', '--early-cse', '--mem2reg', '--jump-threading', '--globalopt', '--elim-avail-extern', '--instcombine', '--loop-instsimplify', '--jump-threading', '--gvn', '--simplifycfg', '--instsimplify', '--inline', '--mergefunc', '--gvn-hoist', '--instcombine', '--globalopt', '--elim-avail-extern', '--indvars', '--indvars', '--gvn', '--gvn', '--ipsccp', '--gvn', '--nary-reassociate', '--adce', '--early-cse', '--mem2reg', '--jump-threading', '--globalopt', '--elim-avail-extern', '--instcombine', '--globalopt', '--loop-simplify', '--simplifycfg', '--sroa', '--mem2reg', '--globaldce', '--gvn-hoist', '--sccp', '--early-cse', '--lower-constant-intrinsics', '--adce', '--slsr', '--gvn-hoist', '--gvn', '--adce', '--loop-simplify', '--dse', '--scalarizer', '--simplifycfg', '--simplifycfg', '--simplifycfg', '--elim-avail-extern', '--lower-constant-intrinsics', '--gvn', '--nary-reassociate', '--elim-avail-extern', '--early-cse', '--mem2reg', '--jump-threading', '--globalopt', '--slp-vectorizer', '--instcombine', '--simplifycfg', '--sroa', '--early-cse', '--lower-expect', '--sroa', '--lower-expect', '--lower-expect', '--aggressive-instcombine']",74,-3.5722821294032485,0.0,-0.7959674294750226,0.0,1,-3.5722821294032485,-0.7959674294750226,0.5008908414855473,-67.00507614213198,12.106006749440409,11.76470588235294,34
2232,"['--ipsccp', '--speculative-execution', '--sccp', '--early-cse', '--mem2reg', '--jump-threading', '--globalopt', '--elim-avail-extern', '--instcombine', '--loop-instsimplify', '--jump-threading', '--gvn', '--simplifycfg', '--hotcoldsplit', '--inline', '--mergefunc', '--gvn-hoist', '--loop-vectorize', '--elim-avail-extern', '--globalopt', '--instcombine', '--indvars', '--indvars', '--gvn-hoist', '--gvn', '--gvn', '--mem2reg', '--ipsccp', '--gvn', '--nary-reassociate', '--loop-instsimplify', '--early-cse', '--gvn', '--memcpyopt', '--globalopt', '--jump-threading', '--bdce', '--elim-avail-extern', '--instcombine', '--simplifycfg', '--sroa', '--lower-constant-intrinsics', '--adce', '--slsr', '--gvn-hoist', '--adce', '--loop-simplify', '--adce', '--loop-simplify', '--dse', '--scalarizer', '--scalarizer', '--simplifycfg', '--lower-expect', '--simplifycfg', '--elim-avail-extern', '--lower-constant-intrinsics', '--ipsccp', '--gvn', '--nary-reassociate', '--gvn', '--early-cse', '--loop-guard-widening', '--jump-threading', '--globalopt', '--slp-vectorizer', '--instcombine', '--slp-vectorizer', '--instcombine', '--simplifycfg', '--sroa', '--early-cse', '--lower-expect', '--sroa', '--lower-expect', '--lower-expect', '--aggressive-instcombine', '--aggressive-instcombine']",78,-3.5722821294032485,0.0,-0.7959674294750226,0.0,1,-3.5722821294032485,-0.7959674294750226,0.5008908414855473,-67.00507614213198,12.106006749440409,11.76470588235294,34
2231,"['--ipsccp', '--speculative-execution', '--sccp', '--early-cse', '--mem2reg', '--jump-threading', '--globalopt', '--elim-avail-extern', '--instcombine', '--adce', '--jump-threading', '--gvn', '--simplifycfg', '--instsimplify', '--inline', '--mergefunc', '--loop-versioning-licm', '--gvn-hoist', '--instcombine', '--globalopt', '--elim-avail-extern', '--indvars', '--indvars', '--gvn', '--gvn', '--ipsccp', '--gvn', '--nary-reassociate', '--loop-instsimplify', '--early-cse', '--mem2reg', '--jump-threading', '--jump-threading', '--bdce', '--bdce', '--elim-avail-extern', '--instcombine', '--simplifycfg', '--sroa', '--mem2reg', '--globaldce', '--gvn-hoist', '--sccp', '--early-cse', '--lower-constant-intrinsics', '--adce', '--slsr', '--gvn-hoist', '--adce', '--loop-simplify', '--dse', '--scalarizer', '--simplifycfg', '--scalarizer', '--simplifycfg', '--lower-constant-intrinsics', '--gvn', '--nary-reassociate', '--gvn', '--gvn', '--nary-reassociate', '--gvn', '--early-cse', '--loop-guard-widening', '--jump-threading', '--globalopt', '--slp-vectorizer', '--instcombine', '--slp-vectorizer', '--instcombine', '--simplifycfg', '--sroa', '--early-cse', '--lower-expect', '--sroa', '--lower-expect', '--aggressive-instcombine']",77,-3.5722821294032485,0.0,-0.7959674294750226,0.0,1,-3.5722821294032485,-0.7959674294750226,0.5008908414855473,-67.00507614213198,12.106006749440409,11.76470588235294,34
2087,"['--ipsccp', '--speculative-execution', '--sccp', '--early-cse', '--mem2reg', '--jump-threading', '--globalopt', '--elim-avail-extern', '--instcombine', '--adce', '--jump-threading', '--gvn', '--simplifycfg', '--instsimplify', '--inline', '--mergefunc', '--gvn-hoist', '--instcombine', '--globalopt', '--elim-avail-extern', '--indvars', '--indvars', '--gvn', '--gvn', '--ipsccp', '--gvn', '--nary-reassociate', '--loop-instsimplify', '--early-cse', '--mem2reg', '--loop-unroll-and-jam', '--globalopt', '--jump-threading', '--bdce', '--elim-avail-extern', '--instcombine', '--simplifycfg', '--sroa', '--mem2reg', '--globaldce', '--gvn-hoist', '--sccp', '--early-cse', '--lower-constant-intrinsics', '--adce', '--slsr', '--gvn-hoist', '--adce', '--loop-simplify', '--dse', '--scalarizer', '--simplifycfg', '--lower-expect', '--simplifycfg', '--elim-avail-extern', '--lower-constant-intrinsics', '--ipsccp', '--gvn', '--nary-reassociate', '--gvn', '--early-cse', '--mem2reg', '--jump-threading', '--globalopt', '--slp-vectorizer', '--instcombine', '--simplifycfg', '--sroa', '--early-cse', '--lower-expect', '--sroa', '--sroa', '--lower-expect', '--aggressive-instcombine']",74,-3.5722821294032485,0.0,-0.7959674294750226,0.0,1,-3.5722821294032485,-0.7959674294750226,0.5008908414855473,-67.00507614213198,12.106006749440409,11.76470588235294,34
2230,"['--ipsccp', '--speculative-execution', '--sccp', '--early-cse', '--mem2reg', '--jump-threading', '--globalopt', '--elim-avail-extern', '--instcombine', '--adce', '--jump-threading', '--gvn', '--simplifycfg', '--loop-sink', '--inline', '--mergefunc', '--gvn-hoist', '--instcombine', '--globalopt', '--elim-avail-extern', '--indvars', '--indvars', '--gvn', '--gvn', '--ipsccp', '--gvn', '--nary-reassociate', '--adce', '--early-cse', '--mem2reg', '--jump-threading', '--correlated-propagation', '--elim-avail-extern', '--instcombine', '--simplifycfg', '--sroa', '--mem2reg', '--globaldce', '--gvn-hoist', '--sccp', '--early-cse', '--lower-constant-intrinsics', '--functionattrs', '--adce', '--slsr', '--gvn-hoist', '--adce', '--loop-simplify', '--adce', '--loop-simplify', '--dse', '--scalarizer', '--simplifycfg', '--elim-avail-extern', '--nary-reassociate', '--elim-avail-extern', '--lower-constant-intrinsics', '--ipsccp', '--loop-simplify', '--nary-reassociate', '--gvn', '--early-cse', '--mem2reg', '--jump-threading', '--globalopt', '--slp-vectorizer', '--instcombine', '--simplifycfg', '--sroa', '--early-cse', '--lower-expect', '--sroa', '--lower-expect', '--simplifycfg', '--aggressive-instcombine']",75,-3.5722821294032485,0.0,-0.7959674294750226,0.0,1,-3.5722821294032485,-0.7959674294750226,0.5008908414855473,-67.00507614213198,12.106006749440409,11.76470588235294,34
2088,"['--ipsccp', '--speculative-execution', '--sccp', '--early-cse', '--mem2reg', '--jump-threading', '--globalopt', '--elim-avail-extern', '--instcombine', '--adce', '--jump-threading', '--gvn', '--simplifycfg', '--instsimplify', '--inline', '--mergefunc', '--gvn-hoist', '--instcombine', '--globalopt', '--elim-avail-extern', '--indvars', '--indvars', '--gvn', '--gvn', '--ipsccp', '--gvn', '--nary-reassociate', '--nary-reassociate', '--loop-instsimplify', '--early-cse', '--mem2reg', '--jump-threading', '--mem2reg', '--globalopt', '--jump-threading', '--bdce', '--elim-avail-extern', '--instcombine', '--simplifycfg', '--sroa', '--tailcallelim', '--globaldce', '--globaldce', '--gvn-hoist', '--sccp', '--early-cse', '--lower-constant-intrinsics', '--adce', '--slsr', '--gvn-hoist', '--adce', '--loop-simplify', '--dse', '--scalarizer', '--simplifycfg', '--lower-expect', '--simplifycfg', '--elim-avail-extern', '--lower-constant-intrinsics', '--nary-reassociate', '--gvn', '--jump-threading', '--jump-threading', '--globalopt', '--slp-vectorizer', '--instcombine', '--simplifycfg', '--early-cse', '--sroa', '--sroa', '--instcombine', '--aggressive-instcombine']",72,-3.5722821294032485,0.0,-0.7959674294750226,0.0,1,-3.5722821294032485,-0.7959674294750226,0.5008908414855473,-67.00507614213198,12.106006749440409,11.76470588235294,34
2226,"['--simplifycfg', '--speculative-execution', '--sccp', '--early-cse', '--mem2reg', '--jump-threading', '--globalopt', '--elim-avail-extern', '--instcombine', '--loop-instsimplify', '--jump-threading', '--gvn', '--simplifycfg', '--instsimplify', '--inline', '--mergefunc', '--gvn-hoist', '--instcombine', '--loop-sink', '--globalopt', '--elim-avail-extern', '--indvars', '--indvars', '--gvn', '--gvn', '--ipsccp', '--gvn', '--nary-reassociate', '--adce', '--early-cse', '--mem2reg', '--jump-threading', '--globalopt', '--elim-avail-extern', '--instcombine', '--simplifycfg', '--sroa', '--mem2reg', '--globaldce', '--mem2reg', '--globaldce', '--gvn-hoist', '--sccp', '--early-cse', '--lower-constant-intrinsics', '--adce', '--slsr', '--gvn-hoist', '--adce', '--loop-simplify', '--dse', '--scalarizer', '--simplifycfg', '--lower-expect', '--ipsccp', '--elim-avail-extern', '--lower-constant-intrinsics', '--ipsccp', '--gvn', '--gvn', '--gvn', '--early-cse', '--mem2reg', '--jump-threading', '--correlated-propagation', '--slp-vectorizer', '--instcombine', '--simplifycfg', '--early-cse-memssa', '--sroa', '--early-cse', '--lower-expect', '--sroa', '--sroa', '--lower-expect', '--aggressive-instcombine']",76,-3.5722821294032485,0.0,-0.7959674294750226,0.0,1,-3.5722821294032485,-0.7959674294750226,0.5008908414855473,-67.00507614213198,12.106006749440409,11.76470588235294,34
2225,"['--ipsccp', '--speculative-execution', '--sccp', '--early-cse', '--mem2reg', '--jump-threading', '--elim-avail-extern', '--instcombine', '--adce', '--loop-interchange', '--aggressive-instcombine', '--gvn', '--simplifycfg', '--instsimplify', '--inline', '--mergefunc', '--gvn-hoist', '--reassociate', '--instcombine', '--globalopt', '--elim-avail-extern', '--indvars', '--elim-avail-extern', '--indvars', '--gvn', '--gvn', '--ipsccp', '--gvn', '--mem2reg', '--jump-threading', '--correlated-propagation', '--mem2reg', '--memcpyopt', '--globalopt', '--gvn', '--bdce', '--elim-avail-extern', '--instcombine', '--simplifycfg', '--sroa', '--loop-simplify', '--adce', '--slsr', '--gvn-hoist', '--adce', '--loop-simplify', '--adce', '--lower-constant-intrinsics', '--dse', '--scalarizer', '--scalarizer', '--simplifycfg', '--lower-expect', '--simplifycfg', '--elim-avail-extern', '--lower-constant-intrinsics', '--ipsccp', '--gvn', '--nary-reassociate', '--gvn', '--early-cse', '--loop-guard-widening', '--jump-threading', '--globalopt', '--slp-vectorizer', '--instcombine', '--early-cse', '--lower-expect', '--lower-constant-intrinsics', '--lower-expect', '--simplifycfg', '--aggressive-instcombine']",72,-3.5722821294032485,0.0,-0.7959674294750226,0.0,1,-3.5722821294032485,-0.7959674294750226,0.5008908414855473,-67.00507614213198,12.106006749440409,11.76470588235294,34
2224,"['--ipsccp', '--speculative-execution', '--sccp', '--early-cse', '--mem2reg', '--jump-threading', '--globalopt', '--elim-avail-extern', '--instcombine', '--loop-instsimplify', '--jump-threading', '--gvn', '--simplifycfg', '--hotcoldsplit', '--inline', '--mergefunc', '--gvn-hoist', '--loop-vectorize', '--elim-avail-extern', '--globalopt', '--instcombine', '--indvars', '--indvars', '--gvn-hoist', '--gvn', '--gvn', '--gvn', '--ipsccp', '--gvn', '--nary-reassociate', '--loop-instsimplify', '--early-cse', '--mem2reg', '--memcpyopt', '--globalopt', '--jump-threading', '--bdce', '--elim-avail-extern', '--instcombine', '--simplifycfg', '--sroa', '--lower-constant-intrinsics', '--adce', '--slsr', '--gvn-hoist', '--adce', '--loop-simplify', '--adce', '--loop-simplify', '--dse', '--adce', '--loop-simplify', '--loop-deletion', '--ipsccp', '--dse', '--scalarizer', '--simplifycfg', '--lower-expect', '--simplifycfg', '--elim-avail-extern', '--lower-constant-intrinsics', '--ipsccp', '--nary-reassociate', '--gvn', '--jump-threading', '--jump-threading', '--globalopt', '--slp-vectorizer', '--instcombine', '--simplifycfg', '--early-cse', '--sroa', '--sroa', '--instcombine', '--aggressive-instcombine']",75,-3.5722821294032485,0.0,-0.7959674294750226,0.0,1,-3.5722821294032485,-0.7959674294750226,0.5008908414855473,-67.00507614213198,12.106006749440409,11.76470588235294,34
2089,"['--ipsccp', '--speculative-execution', '--sccp', '--early-cse', '--mem2reg', '--jump-threading', '--elim-avail-extern', '--instcombine', '--loop-instsimplify', '--jump-threading', '--gvn', '--simplifycfg', '--instsimplify', '--inline', '--mergefunc', '--gvn-hoist', '--instcombine', '--globalopt', '--elim-avail-extern', '--indvars', '--indvars', '--gvn', '--gvn', '--ipsccp', '--gvn', '--nary-reassociate', '--adce', '--early-cse', '--mem2reg', '--jump-threading', '--globalopt', '--elim-avail-extern', '--instcombine', '--globalopt', '--simplifycfg', '--simplifycfg', '--sroa', '--mem2reg', '--globaldce', '--gvn-hoist', '--sccp', '--early-cse', '--lower-constant-intrinsics', '--adce', '--slsr', '--gvn-hoist', '--gvn', '--adce', '--simplifycfg', '--dse', '--scalarizer', '--simplifycfg', '--lower-expect', '--simplifycfg', '--elim-avail-extern', '--lower-constant-intrinsics', '--gvn', '--nary-reassociate', '--elim-avail-extern', '--early-cse', '--mem2reg', '--jump-threading', '--globalopt', '--slp-vectorizer', '--instcombine', '--simplifycfg', '--sroa', '--early-cse', '--lower-expect', '--sroa', '--instcombine', '--aggressive-instcombine']",72,-3.5722821294032485,0.0,-0.7959674294750226,0.0,1,-3.5722821294032485,-0.7959674294750226,0.5008908414855473,-67.00507614213198,12.106006749440409,11.76470588235294,34
2090,"['--ipsccp', '--speculative-execution', '--sccp', '--early-cse', '--mem2reg', '--mem2reg', '--jump-threading', '--globalopt', '--elim-avail-extern', '--instcombine', '--loop-instsimplify', '--jump-threading', '--gvn', '--simplifycfg', '--instsimplify', '--inline', '--mergefunc', '--gvn-hoist', '--instcombine', '--globalopt', '--elim-avail-extern', '--indvars', '--indvars', '--gvn', '--gvn', '--ipsccp', '--gvn', '--nary-reassociate', '--adce', '--early-cse', '--mem2reg', '--jump-threading', '--loop-guard-widening', '--globalopt', '--elim-avail-extern', '--instcombine', '--simplifycfg', '--sroa', '--mem2reg', '--globaldce', '--gvn-hoist', '--sccp', '--early-cse', '--lower-constant-intrinsics', '--adce', '--slsr', '--gvn-hoist', '--adce', '--loop-simplify', '--dse', '--scalarizer', '--adce', '--loop-simplify', '--dse', '--scalarizer', '--simplifycfg', '--mergereturn', '--lower-expect', '--elim-avail-extern', '--lower-constant-intrinsics', '--ipsccp', '--nary-reassociate', '--gvn', '--jump-threading', '--globalopt', '--slp-vectorizer', '--instcombine', '--slp-vectorizer', '--instcombine', '--simplifycfg', '--sroa', '--early-cse', '--lower-expect', '--sroa', '--sroa', '--aggressive-instcombine']",76,-3.5722821294032485,0.0,-0.7959674294750226,0.0,1,-3.5722821294032485,-0.7959674294750226,0.5008908414855473,-67.00507614213198,12.106006749440409,11.76470588235294,34
2091,"['--ipsccp', '--speculative-execution', '--sccp', '--early-cse', '--mem2reg', '--jump-threading', '--globalopt', '--elim-avail-extern', '--instcombine', '--loop-instsimplify', '--jump-threading', '--gvn', '--simplifycfg', '--instsimplify', '--inline', '--mergefunc', '--gvn-hoist', '--instcombine', '--globalopt', '--elim-avail-extern', '--indvars', '--indvars', '--gvn', '--gvn', '--ipsccp', '--gvn', '--nary-reassociate', '--adce', '--early-cse', '--mem2reg', '--jump-threading', '--globalopt', '--mem2reg', '--memcpyopt', '--globalopt', '--jump-threading', '--bdce', '--elim-avail-extern', '--instcombine', '--simplifycfg', '--sroa', '--lower-constant-intrinsics', '--adce', '--slsr', '--gvn-hoist', '--adce', '--loop-simplify', '--adce', '--loop-simplify', '--dse', '--scalarizer', '--scalarizer', '--simplifycfg', '--lower-expect', '--simplifycfg', '--elim-avail-extern', '--lower-constant-intrinsics', '--ipsccp', '--gvn', '--nary-reassociate', '--gvn', '--early-cse', '--loop-guard-widening', '--jump-threading', '--globalopt', '--slp-vectorizer', '--instcombine', '--slp-vectorizer', '--instcombine', '--simplifycfg', '--sroa', '--early-cse', '--lower-expect', '--sroa', '--lower-expect', '--aggressive-instcombine', '--aggressive-instcombine']",77,-3.5722821294032485,0.0,-0.7959674294750226,0.0,1,-3.5722821294032485,-0.7959674294750226,0.5008908414855473,-67.00507614213198,12.106006749440409,11.76470588235294,34
2092,"['--ipsccp', '--speculative-execution', '--sccp', '--early-cse', '--mem2reg', '--jump-threading', '--globalopt', '--elim-avail-extern', '--instcombine', '--loop-instsimplify', '--jump-threading', '--gvn', '--simplifycfg', '--instsimplify', '--inline', '--mergefunc', '--gvn-hoist', '--instcombine', '--globalopt', '--elim-avail-extern', '--indvars', '--indvars', '--gvn', '--gvn', '--loop-guard-widening', '--ipsccp', '--gvn', '--nary-reassociate', '--adce', '--early-cse', '--mem2reg', '--jump-threading', '--correlated-propagation', '--elim-avail-extern', '--instcombine', '--simplifycfg', '--sroa', '--mem2reg', '--globaldce', '--mem2reg', '--globaldce', '--gvn-hoist', '--sccp', '--early-cse', '--lower-constant-intrinsics', '--adce', '--slsr', '--gvn-hoist', '--adce', '--loop-simplify', '--dse', '--scalarizer', '--simplifycfg', '--lower-expect', '--simplifycfg', '--elim-avail-extern', '--lower-constant-intrinsics', '--ipsccp', '--gvn', '--lower-constant-intrinsics', '--gvn', '--early-cse', '--mem2reg', '--jump-threading', '--globalopt', '--slp-vectorizer', '--instcombine', '--simplifycfg', '--sroa', '--early-cse', '--lower-expect', '--sroa', '--lower-expect', '--simplifycfg', '--aggressive-instcombine']",75,-3.5722821294032485,0.0,-0.7959674294750226,0.0,1,-3.5722821294032485,-0.7959674294750226,0.5008908414855473,-67.00507614213198,12.106006749440409,11.76470588235294,34
2222,"['--ipsccp', '--speculative-execution', '--sccp', '--early-cse', '--mem2reg', '--jump-threading', '--elim-avail-extern', '--instcombine', '--adce', '--loop-interchange', '--aggressive-instcombine', '--gvn', '--simplifycfg', '--instsimplify', '--inline', '--mergefunc', '--gvn-hoist', '--gvn-hoist', '--instcombine', '--globalopt', '--elim-avail-extern', '--indvars', '--elim-avail-extern', '--indvars', '--gvn', '--gvn', '--ipsccp', '--gvn', '--nary-reassociate', '--sccp', '--early-cse', '--mem2reg', '--jump-threading', '--elim-avail-extern', '--instcombine', '--simplifycfg', '--sroa', '--mem2reg', '--globaldce', '--gvn-hoist', '--loop-instsimplify', '--early-cse', '--lower-constant-intrinsics', '--adce', '--slsr', '--gvn-hoist', '--adce', '--loop-simplify', '--dse', '--scalarizer', '--simplifycfg', '--lower-expect', '--simplifycfg', '--elim-avail-extern', '--lower-constant-intrinsics', '--ipsccp', '--gvn', '--nary-reassociate', '--gvn', '--early-cse', '--mem2reg', '--jump-threading', '--strip', '--slp-vectorizer', '--instcombine', '--simplifycfg', '--sroa', '--early-cse', '--lower-expect', '--sroa', '--lower-expect', '--aggressive-instcombine']",72,-3.5722821294032485,0.0,-0.7959674294750226,0.0,1,-3.5722821294032485,-0.7959674294750226,0.5008908414855473,-67.00507614213198,12.106006749440409,11.76470588235294,34
2093,"['--ipsccp', '--speculative-execution', '--sccp', '--early-cse', '--mem2reg', '--jump-threading', '--globalopt', '--elim-avail-extern', '--instcombine', '--loop-instsimplify', '--jump-threading', '--gvn', '--simplifycfg', '--instsimplify', '--inline', '--mergefunc', '--gvn-hoist', '--instcombine', '--globalopt', '--elim-avail-extern', '--indvars', '--indvars', '--gvn', '--gvn', '--ipsccp', '--gvn', '--nary-reassociate', '--adce', '--early-cse', '--mem2reg', '--jump-threading', '--simplifycfg', '--elim-avail-extern', '--instcombine', '--globalopt', '--loop-simplify', '--simplifycfg', '--sroa', '--simplifycfg', '--sroa', '--tailcallelim', '--globaldce', '--globaldce', '--gvn-hoist', '--sccp', '--early-cse', '--lower-constant-intrinsics', '--adce', '--slsr', '--gvn-hoist', '--adce', '--loop-simplify', '--dse', '--scalarizer', '--globalopt', '--lower-expect', '--simplifycfg', '--elim-avail-extern', '--lower-constant-intrinsics', '--ipsccp', '--nary-reassociate', '--gvn', '--jump-threading', '--jump-threading', '--globalopt', '--slp-vectorizer', '--instcombine', '--simplifycfg', '--early-cse', '--sroa', '--sroa', '--instcombine', '--aggressive-instcombine']",73,-3.5722821294032485,0.0,-0.7959674294750226,0.0,1,-3.5722821294032485,-0.7959674294750226,0.5008908414855473,-67.00507614213198,12.106006749440409,11.76470588235294,34
2221,"['--ipsccp', '--speculative-execution', '--sccp', '--early-cse', '--mem2reg', '--jump-threading', '--elim-avail-extern', '--instcombine', '--adce', '--loop-interchange', '--aggressive-instcombine', '--gvn', '--simplifycfg', '--instsimplify', '--inline', '--mergefunc', '--gvn-hoist', '--gvn-hoist', '--ipsccp', '--globalopt', '--elim-avail-extern', '--indvars', '--elim-avail-extern', '--indvars', '--nary-reassociate', '--gvn', '--nary-reassociate', '--adce', '--early-cse', '--mem2reg', '--jump-threading', '--globalopt', '--elim-avail-extern', '--instcombine', '--simplifycfg', '--sroa', '--mem2reg', '--globaldce', '--mem2reg', '--globaldce', '--gvn-hoist', '--sccp', '--early-cse', '--lower-constant-intrinsics', '--adce', '--slsr', '--gvn-hoist', '--adce', '--loop-simplify', '--dse', '--scalarizer', '--simplifycfg', '--lower-expect', '--ipsccp', '--elim-avail-extern', '--lower-constant-intrinsics', '--ipsccp', '--gvn', '--gvn', '--gvn', '--early-cse', '--mem2reg', '--jump-threading', '--correlated-propagation', '--slp-vectorizer', '--instcombine', '--simplifycfg', '--early-cse-memssa', '--sroa', '--early-cse', '--lower-expect', '--sroa', '--sroa', '--lower-expect', '--aggressive-instcombine']",75,-3.5722821294032485,0.0,-0.7959674294750226,0.0,1,-3.5722821294032485,-0.7959674294750226,0.5008908414855473,-67.00507614213198,12.106006749440409,11.76470588235294,34
2094,"['--ipsccp', '--speculative-execution', '--sccp', '--early-cse', '--mem2reg', '--jump-threading', '--globalopt', '--elim-avail-extern', '--instcombine', '--loop-instsimplify', '--jump-threading', '--gvn', '--simplifycfg', '--instsimplify', '--inline', '--mergefunc', '--gvn-hoist', '--instcombine', '--globalopt', '--elim-avail-extern', '--indvars', '--indvars', '--gvn', '--gvn', '--ipsccp', '--gvn', '--nary-reassociate', '--adce', '--early-cse', '--mem2reg', '--jump-threading', '--globalopt', '--elim-avail-extern', '--instcombine', '--simplifycfg', '--sroa', '--mem2reg', '--globaldce', '--gvn-hoist', '--sccp', '--early-cse', '--lower-constant-intrinsics', '--adce', '--slsr', '--gvn-hoist', '--adce', '--loop-simplify', '--adce', '--loop-simplify', '--dse', '--scalarizer', '--simplifycfg', '--elim-avail-extern', '--nary-reassociate', '--elim-avail-extern', '--lower-constant-intrinsics', '--ipsccp', '--loop-simplify', '--nary-reassociate', '--gvn', '--early-cse', '--mem2reg', '--jump-threading', '--globalopt', '--slp-vectorizer', '--instcombine', '--simplifycfg', '--nary-reassociate', '--sroa', '--early-cse', '--lower-expect', '--sroa', '--lower-expect', '--simplifycfg', '--aggressive-instcombine']",75,-3.5722821294032485,0.0,-0.7959674294750226,0.0,1,-3.5722821294032485,-0.7959674294750226,0.5008908414855473,-67.00507614213198,12.106006749440409,11.76470588235294,34
2219,"['--simplifycfg', '--speculative-execution', '--sccp', '--early-cse', '--mem2reg', '--jump-threading', '--globalopt', '--elim-avail-extern', '--instcombine', '--loop-instsimplify', '--jump-threading', '--gvn', '--simplifycfg', '--instsimplify', '--inline', '--mergefunc', '--gvn-hoist', '--instcombine', '--globalopt', '--elim-avail-extern', '--indvars', '--indvars', '--gvn', '--gvn', '--ipsccp', '--gvn', '--nary-reassociate', '--adce', '--early-cse', '--mem2reg', '--jump-threading', '--globalopt', '--elim-avail-extern', '--instcombine', '--simplifycfg', '--sroa', '--mem2reg', '--globaldce', '--mem2reg', '--globaldce', '--gvn-hoist', '--sccp', '--early-cse', '--lower-constant-intrinsics', '--adce', '--slsr', '--gvn-hoist', '--adce', '--loop-simplify', '--dse', '--scalarizer', '--simplifycfg', '--lower-expect', '--ipsccp', '--elim-avail-extern', '--lower-constant-intrinsics', '--ipsccp', '--gvn', '--gvn', '--gvn', '--early-cse', '--mem2reg', '--jump-threading', '--correlated-propagation', '--slp-vectorizer', '--instcombine', '--simplifycfg', '--slp-vectorizer', '--instcombine', '--simplifycfg', '--sroa', '--early-cse', '--lower-expect', '--aggressive-instcombine']",74,-3.5722821294032485,0.0,-0.7959674294750226,0.0,1,-3.5722821294032485,-0.7959674294750226,0.5008908414855473,-67.00507614213198,12.106006749440409,11.76470588235294,34
2096,"['--ipsccp', '--speculative-execution', '--sccp', '--early-cse', '--mem2reg', '--jump-threading', '--globalopt', '--elim-avail-extern', '--instcombine', '--loop-instsimplify', '--jump-threading', '--gvn', '--simplifycfg', '--hotcoldsplit', '--inline', '--mergefunc', '--gvn-hoist', '--loop-vectorize', '--elim-avail-extern', '--globalopt', '--instcombine', '--indvars', '--indvars', '--gvn-hoist', '--gvn', '--gvn', '--gvn', '--ipsccp', '--dce', '--nary-reassociate', '--loop-instsimplify', '--early-cse', '--mem2reg', '--memcpyopt', '--globalopt', '--jump-threading', '--bdce', '--elim-avail-extern', '--instcombine', '--simplifycfg', '--sroa', '--lower-constant-intrinsics', '--adce', '--slsr', '--gvn-hoist', '--adce', '--loop-simplify', '--adce', '--loop-simplify', '--dse', '--scalarizer', '--scalarizer', '--simplifycfg', '--lower-expect', '--simplifycfg', '--elim-avail-extern', '--lower-constant-intrinsics', '--ipsccp', '--gvn', '--nary-reassociate', '--gvn', '--early-cse', '--loop-guard-widening', '--jump-threading', '--globalopt', '--slp-vectorizer', '--instcombine', '--slp-vectorizer', '--instcombine', '--simplifycfg', '--sroa', '--early-cse', '--lower-expect', '--sroa', '--lower-expect', '--aggressive-instcombine', '--aggressive-instcombine']",77,-3.5722821294032485,0.0,-0.7959674294750226,0.0,1,-3.5722821294032485,-0.7959674294750226,0.5008908414855473,-67.00507614213198,12.106006749440409,11.76470588235294,34
2214,"['--ipsccp', '--speculative-execution', '--sccp', '--early-cse', '--mem2reg', '--jump-threading', '--elim-avail-extern', '--instcombine', '--adce', '--loop-interchange', '--aggressive-instcombine', '--gvn', '--simplifycfg', '--instsimplify', '--inline', '--mergefunc', '--gvn-hoist', '--gvn-hoist', '--instcombine', '--globalopt', '--elim-avail-extern', '--indvars', '--elim-avail-extern', '--indvars', '--gvn', '--gvn', '--ipsccp', '--gvn', '--nary-reassociate', '--loop-instsimplify', '--early-cse', '--mem2reg', '--jump-threading', '--globalopt', '--elim-avail-extern', '--instcombine', '--simplifycfg', '--sroa', '--mem2reg', '--globaldce', '--gvn-hoist', '--sccp', '--early-cse', '--lower-constant-intrinsics', '--adce', '--slsr', '--gvn-hoist', '--adce', '--loop-simplify', '--dse', '--scalarizer', '--adce', '--loop-simplify', '--dse', '--scalarizer', '--simplifycfg', '--mergereturn', '--lower-expect', '--elim-avail-extern', '--lower-constant-intrinsics', '--ipsccp', '--nary-reassociate', '--gvn', '--jump-threading', '--globalopt', '--slp-vectorizer', '--instcombine', '--slp-vectorizer', '--instcombine', '--simplifycfg', '--sroa', '--early-cse', '--lower-expect', '--sroa', '--sroa', '--aggressive-instcombine']",76,-3.5722821294032485,0.0,-0.7959674294750226,0.0,1,-3.5722821294032485,-0.7959674294750226,0.5008908414855473,-67.00507614213198,12.106006749440409,11.76470588235294,34
2175,"['--ipsccp', '--speculative-execution', '--sccp', '--early-cse', '--mem2reg', '--jump-threading', '--globalopt', '--elim-avail-extern', '--instcombine', '--adce', '--jump-threading', '--gvn', '--simplifycfg', '--instsimplify', '--inline', '--mergefunc', '--gvn-hoist', '--instcombine', '--globalopt', '--elim-avail-extern', '--indvars', '--mldst-motion', '--indvars', '--gvn', '--gvn', '--tailcallelim', '--gvn', '--nary-reassociate', '--loop-instsimplify', '--early-cse', '--mem2reg', '--jump-threading', '--globalopt', '--jump-threading', '--bdce', '--elim-avail-extern', '--instcombine', '--instcombine', '--simplifycfg', '--sroa', '--mem2reg', '--globaldce', '--gvn-hoist', '--sccp', '--early-cse', '--lower-constant-intrinsics', '--adce', '--slsr', '--gvn-hoist', '--adce', '--dse', '--scalarizer', '--simplifycfg', '--elim-avail-extern', '--nary-reassociate', '--elim-avail-extern', '--lower-constant-intrinsics', '--ipsccp', '--loop-simplify', '--nary-reassociate', '--gvn', '--early-cse', '--mem2reg', '--jump-threading', '--globalopt', '--slp-vectorizer', '--instcombine', '--simplifycfg', '--sroa', '--early-cse', '--lower-expect', '--sroa', '--lower-expect', '--simplifycfg', '--aggressive-instcombine']",75,-3.5722821294032485,0.0,-0.7959674294750226,0.0,1,-3.5722821294032485,-0.7959674294750226,0.5008908414855473,-67.00507614213198,12.106006749440409,11.76470588235294,34
2174,"['--ipsccp', '--speculative-execution', '--sccp', '--early-cse', '--mem2reg', '--jump-threading', '--globalopt', '--elim-avail-extern', '--instcombine', '--loop-instsimplify', '--jump-threading', '--gvn', '--simplifycfg', '--hotcoldsplit', '--inline', '--mergefunc', '--gvn-hoist', '--loop-vectorize', '--elim-avail-extern', '--globalopt', '--instcombine', '--indvars', '--indvars', '--gvn-hoist', '--gvn', '--gvn', '--gvn', '--ipsccp', '--gvn', '--nary-reassociate', '--loop-instsimplify', '--early-cse', '--mem2reg', '--memcpyopt', '--globalopt', '--jump-threading', '--bdce', '--elim-avail-extern', '--instcombine', '--simplifycfg', '--sroa', '--lower-constant-intrinsics', '--adce', '--slsr', '--gvn-hoist', '--adce', '--loop-simplify', '--adce', '--loop-simplify', '--dse', '--scalarizer', '--scalarizer', '--simplifycfg', '--lower-expect', '--lower-constant-intrinsics', '--ipsccp', '--gvn', '--nary-reassociate', '--gvn', '--early-cse', '--mem2reg', '--jump-threading', '--globalopt', '--slp-vectorizer', '--instcombine', '--simplifycfg', '--sroa', '--early-cse', '--lower-expect', '--sroa', '--sroa', '--lower-expect', '--aggressive-instcombine']",73,-3.5722821294032485,0.0,-0.7959674294750226,0.0,1,-3.5722821294032485,-0.7959674294750226,0.5008908414855473,-67.00507614213198,12.106006749440409,11.76470588235294,34
2103,"['--ipsccp', '--speculative-execution', '--sccp', '--early-cse', '--mem2reg', '--jump-threading', '--globalopt', '--elim-avail-extern', '--instcombine', '--loop-instsimplify', '--jump-threading', '--gvn', '--simplifycfg', '--hotcoldsplit', '--inline', '--mergefunc', '--gvn-hoist', '--loop-vectorize', '--elim-avail-extern', '--globalopt', '--instcombine', '--indvars', '--indvars', '--gvn-hoist', '--gvn', '--gvn', '--gvn', '--ipsccp', '--gvn', '--nary-reassociate', '--loop-instsimplify', '--early-cse', '--mem2reg', '--memcpyopt', '--globalopt', '--jump-threading', '--bdce', '--elim-avail-extern', '--instcombine', '--simplifycfg', '--sroa', '--lower-constant-intrinsics', '--adce', '--sccp', '--early-cse', '--lower-constant-intrinsics', '--adce', '--slsr', '--gvn-hoist', '--adce', '--loop-simplify', '--dse', '--scalarizer', '--simplifycfg', '--lower-expect', '--simplifycfg', '--elim-avail-extern', '--lower-constant-intrinsics', '--ipsccp', '--gvn', '--gvn', '--gvn', '--early-cse', '--mem2reg', '--jump-threading', '--globaldce', '--slp-vectorizer', '--instcombine', '--simplifycfg', '--early-cse-memssa', '--sroa', '--early-cse', '--lower-expect', '--sroa', '--sroa', '--lower-expect', '--aggressive-instcombine']",77,-3.5722821294032485,0.0,-0.7959674294750226,0.0,1,-3.5722821294032485,-0.7959674294750226,0.5008908414855473,-67.00507614213198,12.106006749440409,11.76470588235294,34
2141,"['--ipsccp', '--speculative-execution', '--sccp', '--early-cse', '--mem2reg', '--jump-threading', '--elim-avail-extern', '--instcombine', '--adce', '--loop-interchange', '--aggressive-instcombine', '--gvn', '--simplifycfg', '--instsimplify', '--inline', '--mergefunc', '--gvn-hoist', '--instcombine', '--globalopt', '--elim-avail-extern', '--indvars', '--indvars', '--gvn', '--gvn', '--ipsccp', '--gvn', '--nary-reassociate', '--loop-instsimplify', '--early-cse', '--mem2reg', '--jump-threading', '--correlated-propagation', '--mem2reg', '--memcpyopt', '--globalopt', '--jump-threading', '--bdce', '--elim-avail-extern', '--instcombine', '--simplifycfg', '--sroa', '--lower-constant-intrinsics', '--adce', '--slsr', '--gvn-hoist', '--adce', '--loop-simplify', '--adce', '--loop-simplify', '--dse', '--scalarizer', '--scalarizer', '--simplifycfg', '--lower-expect', '--simplifycfg', '--elim-avail-extern', '--lower-constant-intrinsics', '--lower-constant-intrinsics', '--ipsccp', '--nary-reassociate', '--gvn', '--early-cse', '--loop-guard-widening', '--jump-threading', '--slp-vectorizer', '--instcombine', '--slp-vectorizer', '--instcombine', '--simplifycfg', '--sroa', '--early-cse', '--lower-expect', '--sroa', '--lower-expect', '--aggressive-instcombine']",75,-3.5722821294032485,0.0,-0.7959674294750226,0.0,1,-3.5722821294032485,-0.7959674294750226,0.5008908414855473,-67.00507614213198,12.106006749440409,11.76470588235294,34
2139,"['--ipsccp', '--speculative-execution', '--sccp', '--early-cse', '--mem2reg', '--jump-threading', '--elim-avail-extern', '--instcombine', '--adce', '--loop-interchange', '--aggressive-instcombine', '--gvn', '--simplifycfg', '--instsimplify', '--inline', '--mergefunc', '--gvn-hoist', '--reassociate', '--instcombine', '--globalopt', '--elim-avail-extern', '--indvars', '--elim-avail-extern', '--indvars', '--gvn', '--gvn', '--ipsccp', '--gvn', '--nary-reassociate', '--loop-instsimplify', '--early-cse', '--mem2reg', '--jump-threading', '--mem2reg', '--globalopt', '--jump-threading', '--bdce', '--elim-avail-extern', '--instcombine', '--simplifycfg', '--sroa', '--mem2reg', '--globaldce', '--gvn-hoist', '--sccp', '--early-cse', '--lower-constant-intrinsics', '--lower-constant-intrinsics', '--globalopt', '--slsr', '--dse', '--scalarizer', '--simplifycfg', '--lower-expect', '--simplifycfg', '--elim-avail-extern', '--lower-constant-intrinsics', '--ipsccp', '--loop-simplify', '--nary-reassociate', '--gvn', '--early-cse', '--mem2reg', '--jump-threading', '--globalopt', '--slp-vectorizer', '--instcombine', '--sroa', '--sroa', '--early-cse', '--lower-expect', '--simplifycfg', '--sroa', '--lower-expect', '--simplifycfg', '--aggressive-instcombine']",76,-3.5722821294032485,0.0,-0.7959674294750226,0.0,1,-3.5722821294032485,-0.7959674294750226,0.5008908414855473,-67.00507614213198,12.106006749440409,11.76470588235294,34
2138,"['--ipsccp', '--speculative-execution', '--sccp', '--early-cse', '--mem2reg', '--mem2reg', '--jump-threading', '--globalopt', '--elim-avail-extern', '--instcombine', '--loop-instsimplify', '--jump-threading', '--gvn', '--simplifycfg', '--instsimplify', '--inline', '--mergefunc', '--gvn-hoist', '--instcombine', '--globalopt', '--elim-avail-extern', '--indvars', '--indvars', '--gvn', '--gvn', '--ipsccp', '--gvn', '--nary-reassociate', '--adce', '--early-cse', '--jump-threading', '--loop-guard-widening', '--globalopt', '--elim-avail-extern', '--instcombine', '--simplifycfg', '--sroa', '--mem2reg', '--globaldce', '--gvn-hoist', '--sccp', '--early-cse', '--lower-constant-intrinsics', '--adce', '--slsr', '--gvn-hoist', '--adce', '--loop-simplify', '--dse', '--scalarizer', '--adce', '--loop-simplify', '--dse', '--scalarizer', '--simplifycfg', '--ipsccp', '--loop-simplify', '--nary-reassociate', '--gvn', '--early-cse', '--mem2reg', '--jump-threading', '--globalopt', '--slp-vectorizer', '--instcombine', '--simplifycfg', '--nary-reassociate', '--sroa', '--early-cse', '--lower-expect', '--sroa', '--lower-expect', '--simplifycfg', '--aggressive-instcombine']",74,-3.5722821294032485,0.0,-0.7959674294750226,0.0,1,-3.5722821294032485,-0.7959674294750226,0.5008908414855473,-67.00507614213198,12.106006749440409,11.76470588235294,34
2108,"['--ipsccp', '--speculative-execution', '--sccp', '--early-cse', '--mem2reg', '--sroa', '--globalopt', '--elim-avail-extern', '--instcombine', '--loop-instsimplify', '--jump-threading', '--gvn', '--simplifycfg', '--instsimplify', '--inline', '--mldst-motion', '--mergefunc', '--gvn-hoist', '--mergefunc', '--gvn-hoist', '--gvn-hoist', '--lower-expect', '--elim-avail-extern', '--indvars', '--indvars', '--indvars', '--gvn', '--gvn', '--nary-reassociate', '--loop-instsimplify', '--early-cse', '--mem2reg', '--jump-threading', '--mem2reg', '--globalopt', '--jump-threading', '--bdce', '--elim-avail-extern', '--instcombine', '--simplifycfg', '--sroa', '--mem2reg', '--globaldce', '--gvn-hoist', '--sccp', '--early-cse', '--lower-constant-intrinsics', '--lower-constant-intrinsics', '--globalopt', '--slsr', '--dse', '--scalarizer', '--simplifycfg', '--lower-expect', '--simplifycfg', '--elim-avail-extern', '--lower-constant-intrinsics', '--ipsccp', '--loop-simplify', '--nary-reassociate', '--gvn', '--early-cse', '--mem2reg', '--jump-threading', '--globalopt', '--slp-vectorizer', '--instcombine', '--sroa', '--sroa', '--early-cse', '--lower-expect', '--simplifycfg', '--sroa', '--lower-expect', '--simplifycfg', '--aggressive-instcombine']",76,-3.5722821294032485,0.0,-0.7959674294750226,0.0,1,-3.5722821294032485,-0.7959674294750226,0.5008908414855473,-67.00507614213198,12.106006749440409,11.76470588235294,34
2135,"['--speculative-execution', '--sccp', '--early-cse', '--mem2reg', '--mem2reg', '--jump-threading', '--globalopt', '--elim-avail-extern', '--instcombine', '--loop-instsimplify', '--jump-threading', '--gvn', '--simplifycfg', '--instsimplify', '--inline', '--mergefunc', '--gvn-hoist', '--instcombine', '--globalopt', '--elim-avail-extern', '--indvars', '--indvars', '--gvn', '--gvn', '--ipsccp', '--gvn', '--nary-reassociate', '--adce', '--early-cse', '--mem2reg', '--jump-threading', '--loop-guard-widening', '--globalopt', '--elim-avail-extern', '--instcombine', '--simplifycfg', '--sroa', '--mem2reg', '--globaldce', '--gvn-hoist', '--sccp', '--early-cse', '--lower-constant-intrinsics', '--adce', '--slsr', '--gvn-hoist', '--adce', '--loop-simplify', '--dse', '--scalarizer', '--adce', '--loop-simplify', '--dse', '--scalarizer', '--simplifycfg', '--mergereturn', '--lower-expect', '--elim-avail-extern', '--lower-constant-intrinsics', '--ipsccp', '--nary-reassociate', '--gvn', '--jump-threading', '--globalopt', '--slp-vectorizer', '--instcombine', '--slp-vectorizer', '--instcombine', '--simplifycfg', '--sroa', '--early-cse', '--lower-expect', '--sroa', '--sroa', '--aggressive-instcombine']",75,-3.5722821294032485,0.0,-0.7959674294750226,0.0,1,-3.5722821294032485,-0.7959674294750226,0.5008908414855473,-67.00507614213198,12.106006749440409,11.76470588235294,34
2134,"['--ipsccp', '--speculative-execution', '--sccp', '--early-cse', '--mem2reg', '--jump-threading', '--globalopt', '--elim-avail-extern', '--instcombine', '--adce', '--jump-threading', '--gvn', '--simplifycfg', '--instsimplify', '--inline', '--mergefunc', '--gvn-hoist', '--gvn-hoist', '--instcombine', '--globalopt', '--elim-avail-extern', '--indvars', '--elim-avail-extern', '--indvars', '--gvn', '--gvn', '--ipsccp', '--gvn', '--adce', '--loop-instsimplify', '--early-cse', '--mem2reg', '--jump-threading', '--globalopt', '--elim-avail-extern', '--instcombine', '--simplifycfg', '--sroa', '--mem2reg', '--globaldce', '--gvn-hoist', '--sccp', '--early-cse', '--lower-constant-intrinsics', '--nary-reassociate', '--slsr', '--gvn-hoist', '--adce', '--correlated-propagation', '--loop-simplify', '--dse', '--scalarizer', '--simplifycfg', '--lower-expect', '--simplifycfg', '--elim-avail-extern', '--lower-expect', '--simplifycfg', '--elim-avail-extern', '--lower-constant-intrinsics', '--ipsccp', '--nary-reassociate', '--gvn', '--jump-threading', '--jump-threading', '--globalopt', '--slp-vectorizer', '--instcombine', '--simplifycfg', '--early-cse', '--sroa', '--sroa', '--instcombine', '--aggressive-instcombine']",74,-3.5722821294032485,0.0,-0.7959674294750226,0.0,1,-3.5722821294032485,-0.7959674294750226,0.5008908414855473,-67.00507614213198,12.106006749440409,11.76470588235294,34
2133,"['--ipsccp', '--speculative-execution', '--sccp', '--early-cse', '--mem2reg', '--jump-threading', '--elim-avail-extern', '--instcombine', '--adce', '--loop-interchange', '--aggressive-instcombine', '--gvn', '--simplifycfg', '--instsimplify', '--inline', '--mergefunc', '--gvn-hoist', '--gvn-hoist', '--ipsccp', '--globalopt', '--elim-avail-extern', '--indvars', '--elim-avail-extern', '--indvars', '--nary-reassociate', '--gvn', '--instcombine', '--gvn', '--nary-reassociate', '--early-cse', '--mem2reg', '--jump-threading', '--globalopt', '--elim-avail-extern', '--instcombine', '--simplifycfg', '--sroa', '--mem2reg', '--mem2reg', '--globaldce', '--gvn-hoist', '--sccp', '--early-cse', '--lower-constant-intrinsics', '--adce', '--slsr', '--gvn-hoist', '--adce', '--loop-simplify', '--dse', '--scalarizer', '--adce', '--loop-simplify', '--dse', '--scalarizer', '--simplifycfg', '--mergereturn', '--lower-expect', '--elim-avail-extern', '--lower-constant-intrinsics', '--ipsccp', '--nary-reassociate', '--gvn', '--jump-threading', '--globalopt', '--slp-vectorizer', '--instcombine', '--slp-vectorizer', '--instcombine', '--simplifycfg', '--sroa', '--early-cse', '--lower-expect', '--sroa', '--sroa', '--aggressive-instcombine']",76,-3.5722821294032485,0.0,-0.7959674294750226,0.0,1,-3.5722821294032485,-0.7959674294750226,0.5008908414855473,-67.00507614213198,12.106006749440409,11.76470588235294,34
2131,"['--ipsccp', '--speculative-execution', '--early-cse', '--mem2reg', '--jump-threading', '--globalopt', '--elim-avail-extern', '--instcombine', '--loop-instsimplify', '--jump-threading', '--gvn', '--simplifycfg', '--instsimplify', '--inline', '--mergefunc', '--gvn-hoist', '--instcombine', '--globalopt', '--elim-avail-extern', '--indvars', '--indvars', '--gvn', '--gvn', '--ipsccp', '--gvn', '--nary-reassociate', '--adce', '--early-cse', '--mem2reg', '--jump-threading', '--correlated-propagation', '--mem2reg', '--memcpyopt', '--globalopt', '--jump-threading', '--bdce', '--elim-avail-extern', '--instcombine', '--simplifycfg', '--sroa', '--loop-simplify', '--adce', '--slsr', '--gvn-hoist', '--adce', '--loop-simplify', '--adce', '--lower-constant-intrinsics', '--dse', '--scalarizer', '--scalarizer', '--simplifycfg', '--lower-expect', '--simplifycfg', '--elim-avail-extern', '--lower-constant-intrinsics', '--ipsccp', '--gvn', '--nary-reassociate', '--gvn', '--early-cse', '--loop-guard-widening', '--jump-threading', '--globalopt', '--slp-vectorizer', '--instcombine', '--early-cse', '--lower-expect', '--lower-constant-intrinsics', '--lower-expect', '--simplifycfg', '--aggressive-instcombine']",72,-3.5722821294032485,0.0,-0.7959674294750226,0.0,1,-3.5722821294032485,-0.7959674294750226,0.5008908414855473,-67.00507614213198,12.106006749440409,11.76470588235294,34
2129,"['--ipsccp', '--speculative-execution', '--sccp', '--early-cse', '--mem2reg', '--jump-threading', '--globalopt', '--elim-avail-extern', '--jump-threading', '--adce', '--instcombine', '--gvn', '--simplifycfg', '--instsimplify', '--inline', '--mergefunc', '--gvn-hoist', '--instcombine', '--globalopt', '--elim-avail-extern', '--indvars', '--indvars', '--gvn', '--gvn', '--ipsccp', '--gvn', '--gvn', '--nary-reassociate', '--adce', '--early-cse', '--mem2reg', '--jump-threading', '--globalopt', '--elim-avail-extern', '--instcombine', '--simplifycfg', '--sroa', '--mem2reg', '--globaldce', '--gvn-hoist', '--sccp', '--early-cse', '--lower-constant-intrinsics', '--adce', '--slsr', '--gvn-hoist', '--adce', '--loop-simplify', '--dse', '--scalarizer', '--adce', '--loop-simplify', '--dse', '--scalarizer', '--simplifycfg', '--mergereturn', '--lower-expect', '--elim-avail-extern', '--lower-constant-intrinsics', '--ipsccp', '--nary-reassociate', '--gvn', '--jump-threading', '--globalopt', '--slp-vectorizer', '--instcombine', '--slp-vectorizer', '--instcombine', '--simplifycfg', '--sroa', '--early-cse', '--lower-expect', '--sroa', '--sroa', '--aggressive-instcombine']",75,-3.5722821294032485,0.0,-0.7959674294750226,0.0,1,-3.5722821294032485,-0.7959674294750226,0.5008908414855473,-67.00507614213198,12.106006749440409,11.76470588235294,34
2128,"['--ipsccp', '--speculative-execution', '--sccp', '--early-cse', '--mem2reg', '--sroa', '--globalopt', '--elim-avail-extern', '--instcombine', '--loop-instsimplify', '--jump-threading', '--gvn', '--simplifycfg', '--instsimplify', '--inline', '--mergefunc', '--gvn-hoist', '--mergefunc', '--gvn-hoist', '--gvn-hoist', '--lower-expect', '--elim-avail-extern', '--indvars', '--indvars', '--indvars', '--gvn', '--gvn', '--nary-reassociate', '--nary-reassociate', '--nary-reassociate', '--loop-instsimplify', '--early-cse', '--ipsccp', '--mem2reg', '--jump-threading', '--globalopt', '--elim-avail-extern', '--instcombine', '--simplifycfg', '--sroa', '--mem2reg', '--globaldce', '--gvn-hoist', '--sccp', '--early-cse', '--lower-constant-intrinsics', '--adce', '--slsr', '--gvn-hoist', '--adce', '--loop-simplify', '--dse', '--scalarizer', '--simplifycfg', '--lower-expect', '--simplifycfg', '--elim-avail-extern', '--lower-constant-intrinsics', '--ipsccp', '--nary-reassociate', '--gvn', '--early-cse', '--loop-guard-widening', '--jump-threading', '--globalopt', '--slp-vectorizer', '--instcombine', '--slp-vectorizer', '--instcombine', '--simplifycfg', '--sroa', '--early-cse', '--lower-expect', '--sroa', '--lower-expect', '--aggressive-instcombine']",76,-3.5722821294032485,0.0,-0.7959674294750226,0.0,1,-3.5722821294032485,-0.7959674294750226,0.5008908414855473,-67.00507614213198,12.106006749440409,11.76470588235294,34
2109,"['--ipsccp', '--speculative-execution', '--early-cse', '--mem2reg', '--jump-threading', '--globalopt', '--elim-avail-extern', '--instcombine', '--loop-instsimplify', '--jump-threading', '--gvn', '--simplifycfg', '--instsimplify', '--inline', '--mergefunc', '--gvn-hoist', '--instcombine', '--globalopt', '--elim-avail-extern', '--indvars', '--indvars', '--gvn', '--gvn', '--ipsccp', '--gvn', '--nary-reassociate', '--adce', '--early-cse', '--mem2reg', '--jump-threading', '--correlated-propagation', '--mem2reg', '--memcpyopt', '--globalopt', '--jump-threading', '--bdce', '--elim-avail-extern', '--instcombine', '--simplifycfg', '--sroa', '--loop-simplify', '--adce', '--slsr', '--gvn-hoist', '--adce', '--loop-simplify', '--adce', '--lower-constant-intrinsics', '--dse', '--scalarizer', '--scalarizer', '--simplifycfg', '--lower-expect', '--simplifycfg', '--elim-avail-extern', '--lower-constant-intrinsics', '--ipsccp', '--gvn', '--nary-reassociate', '--gvn', '--early-cse', '--loop-guard-widening', '--jump-threading', '--globalopt', '--slp-vectorizer', '--instcombine', '--early-cse', '--lower-expect', '--sroa', '--lower-expect', '--simplifycfg', '--aggressive-instcombine']",72,-3.5722821294032485,0.0,-0.7959674294750226,0.0,1,-3.5722821294032485,-0.7959674294750226,0.5008908414855473,-67.00507614213198,12.106006749440409,11.76470588235294,34
2110,"['--ipsccp', '--speculative-execution', '--sccp', '--early-cse', '--mem2reg', '--jump-threading', '--globalopt', '--elim-avail-extern', '--instcombine', '--adce', '--jump-threading', '--gvn', '--simplifycfg', '--instsimplify', '--inline', '--mergefunc', '--gvn-hoist', '--instcombine', '--globalopt', '--elim-avail-extern', '--indvars', '--indvars', '--gvn', '--gvn', '--tailcallelim', '--gvn', '--nary-reassociate', '--loop-instsimplify', '--early-cse', '--mem2reg', '--jump-threading', '--globalopt', '--jump-threading', '--bdce', '--elim-avail-extern', '--instcombine', '--instcombine', '--simplifycfg', '--sroa', '--mem2reg', '--globaldce', '--gvn-hoist', '--sccp', '--early-cse', '--lower-constant-intrinsics', '--adce', '--slsr', '--gvn-hoist', '--adce', '--loop-simplify', '--dse', '--scalarizer', '--simplifycfg', '--lower-expect', '--simplifycfg', '--elim-avail-extern', '--elim-avail-extern', '--lower-constant-intrinsics', '--ipsccp', '--ipsccp', '--loop-reroll', '--gvn', '--early-cse', '--lowerinvoke', '--mem2reg', '--jump-threading', '--globalopt', '--slp-vectorizer', '--instcombine', '--simplifycfg', '--sroa', '--early-cse', '--lower-expect', '--sroa', '--sroa', '--lower-expect', '--aggressive-instcombine']",77,-3.5722821294032485,0.0,-0.7959674294750226,0.0,1,-3.5722821294032485,-0.7959674294750226,0.5008908414855473,-67.00507614213198,12.106006749440409,11.76470588235294,34
2126,"['--ipsccp', '--speculative-execution', '--sccp', '--early-cse', '--mem2reg', '--jump-threading', '--globalopt', '--elim-avail-extern', '--instcombine', '--loop-instsimplify', '--jump-threading', '--gvn', '--simplifycfg', '--instsimplify', '--inline', '--mergefunc', '--gvn-hoist', '--tailcallelim', '--globalopt', '--elim-avail-extern', '--indvars', '--indvars', '--gvn', '--gvn', '--gvn', '--gvn', '--ipsccp', '--gvn', '--loop-instsimplify', '--early-cse', '--mem2reg', '--jump-threading', '--mem2reg', '--globalopt', '--jump-threading', '--bdce', '--elim-avail-extern', '--instcombine', '--simplifycfg', '--sroa', '--tailcallelim', '--globaldce', '--globaldce', '--gvn-hoist', '--sccp', '--early-cse', '--lower-constant-intrinsics', '--adce', '--slsr', '--gvn-hoist', '--adce', '--loop-simplify', '--dse', '--scalarizer', '--lower-expect', '--simplifycfg', '--elim-avail-extern', '--lower-constant-intrinsics', '--ipsccp', '--nary-reassociate', '--gvn', '--jump-threading', '--jump-threading', '--globalopt', '--slp-vectorizer', '--instcombine', '--simplifycfg', '--early-cse', '--sroa', '--sroa', '--lower-expect', '--simplifycfg', '--aggressive-instcombine']",73,-3.5722821294032485,0.0,-0.7959674294750226,0.0,1,-3.5722821294032485,-0.7959674294750226,0.5008908414855473,-67.00507614213198,12.106006749440409,11.76470588235294,34
2123,"['--ipsccp', '--speculative-execution', '--sccp', '--early-cse', '--mem2reg', '--sroa', '--globalopt', '--elim-avail-extern', '--instcombine', '--loop-instsimplify', '--jump-threading', '--gvn', '--simplifycfg', '--instsimplify', '--inline', '--mergefunc', '--gvn-hoist', '--instcombine', '--globalopt', '--elim-avail-extern', '--indvars', '--indvars', '--gvn', '--gvn', '--ipsccp', '--gvn', '--nary-reassociate', '--adce', '--early-cse', '--mem2reg', '--jump-threading', '--correlated-propagation', '--elim-avail-extern', '--instcombine', '--simplifycfg', '--sroa', '--mem2reg', '--globaldce', '--gvn-hoist', '--sccp', '--early-cse', '--lower-constant-intrinsics', '--adce', '--slsr', '--gvn-hoist', '--adce', '--loop-simplify', '--adce', '--loop-simplify', '--dse', '--scalarizer', '--simplifycfg', '--nary-reassociate', '--elim-avail-extern', '--lower-constant-intrinsics', '--gvn', '--nary-reassociate', '--gvn', '--gvn', '--nary-reassociate', '--gvn', '--early-cse', '--loop-guard-widening', '--jump-threading', '--globalopt', '--slp-vectorizer', '--instcombine', '--slp-vectorizer', '--instcombine', '--simplifycfg', '--sroa', '--early-cse', '--lower-expect', '--sroa', '--lower-expect', '--aggressive-instcombine']",76,-3.5722821294032485,0.0,-0.7959674294750226,0.0,1,-3.5722821294032485,-0.7959674294750226,0.5008908414855473,-67.00507614213198,12.106006749440409,11.76470588235294,34
2122,"['--ipsccp', '--speculative-execution', '--sccp', '--early-cse', '--mem2reg', '--jump-threading', '--globalopt', '--elim-avail-extern', '--instcombine', '--adce', '--loop-instsimplify', '--jump-threading', '--gvn', '--simplifycfg', '--instsimplify', '--inline', '--mergefunc', '--gvn-hoist', '--instcombine', '--globalopt', '--elim-avail-extern', '--indvars', '--indvars', '--gvn', '--gvn', '--gvn', '--ipsccp', '--gvn', '--nary-reassociate', '--simple-loop-unswitch', '--early-cse', '--mem2reg', '--jump-threading', '--globalopt', '--jump-threading', '--bdce', '--elim-avail-extern', '--instcombine', '--simplifycfg', '--sroa', '--tailcallelim', '--globaldce', '--globaldce', '--gvn-hoist', '--sccp', '--early-cse', '--lower-constant-intrinsics', '--adce', '--slsr', '--gvn-hoist', '--adce', '--loop-simplify', '--ipsccp', '--dse', '--scalarizer', '--simplifycfg', '--lower-expect', '--simplifycfg', '--elim-avail-extern', '--lower-constant-intrinsics', '--ipsccp', '--nary-reassociate', '--gvn', '--jump-threading', '--jump-threading', '--globalopt', '--slp-vectorizer', '--instcombine', '--simplifycfg', '--early-cse', '--sroa', '--sroa', '--instcombine', '--aggressive-instcombine']",74,-3.5722821294032485,0.0,-0.7959674294750226,0.0,1,-3.5722821294032485,-0.7959674294750226,0.5008908414855473,-67.00507614213198,12.106006749440409,11.76470588235294,34
2121,"['--ipsccp', '--speculative-execution', '--sccp', '--lower-constant-intrinsics', '--early-cse', '--mem2reg', '--jump-threading', '--globalopt', '--elim-avail-extern', '--instcombine', '--loop-instsimplify', '--jump-threading', '--gvn', '--simplifycfg', '--instsimplify', '--inline', '--mergefunc', '--gvn-hoist', '--instcombine', '--globalopt', '--elim-avail-extern', '--indvars', '--indvars', '--gvn', '--gvn', '--ipsccp', '--gvn', '--nary-reassociate', '--adce', '--loop-instsimplify', '--early-cse', '--mem2reg', '--jump-threading', '--globalopt', '--elim-avail-extern', '--instcombine', '--simplifycfg', '--sroa', '--mem2reg', '--globaldce', '--gvn-hoist', '--sccp', '--early-cse', '--loop-sink', '--lower-constant-intrinsics', '--adce', '--slsr', '--gvn-hoist', '--adce', '--loop-simplify', '--dse', '--scalarizer', '--simplifycfg', '--lower-expect', '--simplifycfg', '--elim-avail-extern', '--lower-constant-intrinsics', '--ipsccp', '--gvn', '--gvn', '--gvn', '--early-cse', '--mem2reg', '--jump-threading', '--correlated-propagation', '--slp-vectorizer', '--instcombine', '--simplifycfg', '--early-cse-memssa', '--sroa', '--early-cse', '--lower-expect', '--sroa', '--sroa', '--lower-expect', '--aggressive-instcombine']",76,-3.5722821294032485,0.0,-0.7959674294750226,0.0,1,-3.5722821294032485,-0.7959674294750226,0.5008908414855473,-67.00507614213198,12.106006749440409,11.76470588235294,34
2118,"['--ipsccp', '--speculative-execution', '--sccp', '--early-cse', '--mem2reg', '--jump-threading', '--elim-avail-extern', '--instcombine', '--loop-instsimplify', '--jump-threading', '--gvn', '--gvn', '--simplifycfg', '--instsimplify', '--inline', '--mergefunc', '--gvn-hoist', '--instcombine', '--globalopt', '--elim-avail-extern', '--indvars', '--indvars', '--gvn', '--gvn', '--ipsccp', '--gvn', '--nary-reassociate', '--adce', '--early-cse', '--mem2reg', '--jump-threading', '--correlated-propagation', '--mem2reg', '--memcpyopt', '--globalopt', '--jump-threading', '--bdce', '--elim-avail-extern', '--instcombine', '--simplifycfg', '--sroa', '--lower-constant-intrinsics', '--adce', '--slsr', '--gvn-hoist', '--adce', '--loop-simplify', '--adce', '--loop-simplify', '--dse', '--scalarizer', '--scalarizer', '--simplifycfg', '--lower-expect', '--simplifycfg', '--elim-avail-extern', '--lower-constant-intrinsics', '--ipsccp', '--gvn', '--nary-reassociate', '--gvn', '--early-cse', '--loop-guard-widening', '--jump-threading', '--globalopt', '--slp-vectorizer', '--instcombine', '--slp-vectorizer', '--instcombine', '--simplifycfg', '--sroa', '--early-cse', '--lower-expect', '--sroa', '--lower-expect', '--aggressive-instcombine']",76,-3.5722821294032485,0.0,-0.7959674294750226,0.0,1,-3.5722821294032485,-0.7959674294750226,0.5008908414855473,-67.00507614213198,12.106006749440409,11.76470588235294,34
2117,"['--ipsccp', '--speculative-execution', '--sccp', '--early-cse', '--mem2reg', '--jump-threading', '--elim-avail-extern', '--instcombine', '--adce', '--loop-interchange', '--aggressive-instcombine', '--gvn', '--simplifycfg', '--instsimplify', '--inline', '--mergefunc', '--gvn-hoist', '--instcombine', '--globalopt', '--elim-avail-extern', '--indvars', '--indvars', '--gvn', '--gvn', '--ipsccp', '--gvn', '--nary-reassociate', '--loop-instsimplify', '--early-cse', '--mem2reg', '--jump-threading', '--correlated-propagation', '--mem2reg', '--memcpyopt', '--globalopt', '--jump-threading', '--bdce', '--elim-avail-extern', '--instcombine', '--simplifycfg', '--sroa', '--lower-constant-intrinsics', '--adce', '--slsr', '--gvn-hoist', '--adce', '--loop-simplify', '--adce', '--loop-simplify', '--dse', '--scalarizer', '--scalarizer', '--simplifycfg', '--lower-expect', '--simplifycfg', '--elim-avail-extern', '--lower-constant-intrinsics', '--slp-vectorizer', '--ipsccp', '--gvn', '--nary-reassociate', '--gvn', '--early-cse', '--loop-guard-widening', '--jump-threading', '--globalopt', '--slp-vectorizer', '--instcombine', '--slp-vectorizer', '--instcombine', '--simplifycfg', '--sroa', '--early-cse', '--lower-expect', '--sroa', '--lower-expect', '--aggressive-instcombine']",77,-3.5722821294032485,0.0,-0.7959674294750226,0.0,1,-3.5722821294032485,-0.7959674294750226,0.5008908414855473,-67.00507614213198,12.106006749440409,11.76470588235294,34
2116,"['--ipsccp', '--speculative-execution', '--sccp', '--early-cse', '--mem2reg', '--jump-threading', '--globalopt', '--elim-avail-extern', '--instcombine', '--adce', '--jump-threading', '--gvn', '--simplifycfg', '--instsimplify', '--inline', '--mergefunc', '--gvn-hoist', '--gvn-hoist', '--instcombine', '--globalopt', '--elim-avail-extern', '--indvars', '--elim-avail-extern', '--indvars', '--gvn', '--gvn', '--ipsccp', '--gvn', '--adce', '--loop-instsimplify', '--early-cse', '--mem2reg', '--jump-threading', '--globalopt', '--elim-avail-extern', '--instcombine', '--simplifycfg', '--sroa', '--mem2reg', '--globaldce', '--gvn-hoist', '--sccp', '--early-cse', '--lower-constant-intrinsics', '--nary-reassociate', '--slsr', '--gvn-hoist', '--adce', '--loop-simplify', '--dse', '--scalarizer', '--simplifycfg', '--lower-expect', '--simplifycfg', '--elim-avail-extern', '--lower-constant-intrinsics', '--ipsccp', '--gvn', '--nary-reassociate', '--gvn', '--early-cse', '--mem2reg', '--jump-threading', '--globalopt', '--slp-vectorizer', '--instcombine', '--simplifycfg', '--sroa', '--early-cse', '--lower-expect', '--sroa', '--sroa', '--lower-expect', '--aggressive-instcombine']",74,-3.5722821294032485,0.0,-0.7959674294750226,0.0,1,-3.5722821294032485,-0.7959674294750226,0.5008908414855473,-67.00507614213198,12.106006749440409,11.76470588235294,34
2115,"['--ipsccp', '--speculative-execution', '--sccp', '--early-cse', '--mem2reg', '--jump-threading', '--elim-avail-extern', '--instcombine', '--adce', '--loop-interchange', '--aggressive-instcombine', '--gvn', '--simplifycfg', '--instsimplify', '--inline', '--mergefunc', '--gvn-hoist', '--gvn-hoist', '--instcombine', '--globalopt', '--elim-avail-extern', '--indvars', '--elim-avail-extern', '--indvars', '--gvn', '--gvn', '--ipsccp', '--gvn', '--nary-reassociate', '--sccp', '--early-cse', '--mem2reg', '--jump-threading', '--elim-avail-extern', '--instcombine', '--simplifycfg', '--sroa', '--mem2reg', '--globaldce', '--gvn-hoist', '--loop-instsimplify', '--early-cse', '--lower-constant-intrinsics', '--adce', '--slsr', '--gvn-hoist', '--adce', '--loop-simplify', '--dse', '--scalarizer', '--simplifycfg', '--lower-expect', '--simplifycfg', '--elim-avail-extern', '--lower-constant-intrinsics', '--ipsccp', '--gvn', '--nary-reassociate', '--gvn', '--early-cse', '--mem2reg', '--jump-threading', '--globalopt', '--slp-vectorizer', '--instcombine', '--simplifycfg', '--sroa', '--early-cse', '--lower-expect', '--sroa', '--sroa', '--lower-expect', '--aggressive-instcombine']",73,-3.5722821294032485,0.0,-0.7959674294750226,0.0,1,-3.5722821294032485,-0.7959674294750226,0.5008908414855473,-67.00507614213198,12.106006749440409,11.76470588235294,34
2114,"['--ipsccp', '--speculative-execution', '--sccp', '--early-cse', '--mem2reg', '--jump-threading', '--elim-avail-extern', '--instcombine', '--adce', '--loop-interchange', '--aggressive-instcombine', '--gvn', '--simplifycfg', '--instsimplify', '--inline', '--mergefunc', '--gvn-hoist', '--gvn-hoist', '--ipsccp', '--globalopt', '--elim-avail-extern', '--indvars', '--elim-avail-extern', '--indvars', '--nary-reassociate', '--gvn', '--instcombine', '--gvn', '--nary-reassociate', '--early-cse', '--mem2reg', '--jump-threading', '--globalopt', '--elim-avail-extern', '--instcombine', '--simplifycfg', '--sroa', '--mem2reg', '--globaldce', '--gvn-hoist', '--sccp', '--early-cse', '--lower-constant-intrinsics', '--adce', '--slsr', '--gvn-hoist', '--adce', '--loop-simplify', '--dse', '--scalarizer', '--adce', '--loop-simplify', '--dse', '--scalarizer', '--simplifycfg', '--mergereturn', '--lower-expect', '--elim-avail-extern', '--lower-constant-intrinsics', '--ipsccp', '--nary-reassociate', '--gvn', '--jump-threading', '--globalopt', '--slp-vectorizer', '--instcombine', '--slp-vectorizer', '--instcombine', '--simplifycfg', '--sroa', '--early-cse', '--lower-expect', '--sroa', '--sroa', '--aggressive-instcombine']",75,-3.5722821294032485,0.0,-0.7959674294750226,0.0,1,-3.5722821294032485,-0.7959674294750226,0.5008908414855473,-67.00507614213198,12.106006749440409,11.76470588235294,34
2113,"['--ipsccp', '--speculative-execution', '--sccp', '--early-cse', '--mem2reg', '--sroa', '--globalopt', '--elim-avail-extern', '--instcombine', '--loop-instsimplify', '--jump-threading', '--gvn', '--simplifycfg', '--instsimplify', '--inline', '--mergefunc', '--gvn-hoist', '--instcombine', '--globalopt', '--elim-avail-extern', '--indvars', '--indvars', '--gvn', '--gvn', '--ipsccp', '--gvn', '--nary-reassociate', '--adce', '--early-cse', '--mem2reg', '--jump-threading', '--globalopt', '--elim-avail-extern', '--instcombine', '--globalopt', '--simplifycfg', '--simplifycfg', '--sroa', '--mem2reg', '--globaldce', '--gvn-hoist', '--sccp', '--early-cse', '--lower-constant-intrinsics', '--adce', '--slsr', '--gvn-hoist', '--gvn', '--adce', '--loop-simplify', '--dse', '--scalarizer', '--simplifycfg', '--lower-expect', '--simplifycfg', '--elim-avail-extern', '--lower-constant-intrinsics', '--gvn', '--nary-reassociate', '--elim-avail-extern', '--early-cse', '--mem2reg', '--jump-threading', '--globalopt', '--slp-vectorizer', '--instcombine', '--simplifycfg', '--slp-vectorizer', '--instcombine', '--simplifycfg', '--sroa', '--early-cse', '--lower-expect', '--aggressive-instcombine']",74,-3.5722821294032485,0.0,-0.7959674294750226,0.0,1,-3.5722821294032485,-0.7959674294750226,0.5008908414855473,-67.00507614213198,12.106006749440409,11.76470588235294,34
2140,"['--ipsccp', '--speculative-execution', '--sccp', '--early-cse', '--mem2reg', '--jump-threading', '--globalopt', '--elim-avail-extern', '--instcombine', '--adce', '--loop-instsimplify', '--jump-threading', '--gvn', '--simplifycfg', '--instsimplify', '--inline', '--mergefunc', '--globalopt', '--elim-avail-extern', '--globalopt', '--indvars', '--indvars', '--gvn', '--gvn', '--ipsccp', '--gvn', '--nary-reassociate', '--adce', '--early-cse', '--mem2reg', '--jump-threading', '--globalopt', '--elim-avail-extern', '--loop-interchange', '--instcombine', '--simplifycfg', '--instcombine', '--simplifycfg', '--sroa', '--inferattrs', '--mem2reg', '--globaldce', '--gvn-hoist', '--sccp', '--early-cse', '--lower-constant-intrinsics', '--adce', '--slsr', '--gvn-hoist', '--adce', '--loop-simplify', '--dse', '--scalarizer', '--simplifycfg', '--lower-expect', '--simplifycfg', '--elim-avail-extern', '--lower-constant-intrinsics', '--ipsccp', '--nary-reassociate', '--gvn', '--jump-threading', '--loop-reroll', '--globalopt', '--slp-vectorizer', '--instcombine', '--simplifycfg', '--slp-vectorizer', '--instcombine', '--simplifycfg', '--sroa', '--early-cse', '--lower-expect', '--sroa', '--lower-expect', '--aggressive-instcombine']",76,-3.5722821294032485,0.0,-0.7959674294750226,0.0,1,-3.5722821294032485,-0.7959674294750226,0.5008908414855473,-67.00507614213198,12.106006749440409,11.76470588235294,34
2142,"['--ipsccp', '--speculative-execution', '--sccp', '--early-cse', '--mem2reg', '--sroa', '--globalopt', '--elim-avail-extern', '--instcombine', '--loop-instsimplify', '--jump-threading', '--gvn', '--simplifycfg', '--instsimplify', '--inline', '--mergefunc', '--gvn-hoist', '--instcombine', '--globalopt', '--elim-avail-extern', '--indvars', '--indvars', '--gvn', '--gvn', '--ipsccp', '--gvn', '--nary-reassociate', '--adce', '--early-cse', '--mem2reg', '--jump-threading', '--globalopt', '--mem2reg', '--memcpyopt', '--globalopt', '--jump-threading', '--bdce', '--elim-avail-extern', '--instcombine', '--simplifycfg', '--sroa', '--loop-simplify', '--adce', '--gvn-hoist', '--slsr', '--gvn-hoist', '--adce', '--loop-simplify', '--adce', '--lower-constant-intrinsics', '--dse', '--scalarizer', '--scalarizer', '--simplifycfg', '--lower-expect', '--simplifycfg', '--elim-avail-extern', '--lower-constant-intrinsics', '--ipsccp', '--gvn', '--nary-reassociate', '--gvn', '--early-cse', '--loop-guard-widening', '--jump-threading', '--globalopt', '--slp-vectorizer', '--instcombine', '--slp-vectorizer', '--instcombine', '--simplifycfg', '--sroa', '--early-cse', '--lower-expect', '--strip', '--aggressive-instcombine']",76,-3.5722821294032485,0.0,-0.7959674294750226,0.0,1,-3.5722821294032485,-0.7959674294750226,0.5008908414855473,-67.00507614213198,12.106006749440409,11.76470588235294,34
2105,"['--ipsccp', '--speculative-execution', '--sccp', '--early-cse', '--mem2reg', '--jump-threading', '--elim-avail-extern', '--instcombine', '--adce', '--loop-interchange', '--aggressive-instcombine', '--gvn', '--simplifycfg', '--instsimplify', '--inline', '--mergefunc', '--gvn-hoist', '--gvn-hoist', '--instcombine', '--globalopt', '--elim-avail-extern', '--indvars', '--elim-avail-extern', '--indvars', '--gvn', '--gvn', '--ipsccp', '--gvn', '--nary-reassociate', '--loop-instsimplify', '--early-cse', '--mem2reg', '--jump-threading', '--globalopt', '--elim-avail-extern', '--instcombine', '--simplifycfg', '--sroa', '--instcombine', '--simplifycfg', '--sroa', '--lower-constant-intrinsics', '--adce', '--slsr', '--functionattrs', '--gvn-hoist', '--adce', '--loop-simplify', '--adce', '--loop-simplify', '--dse', '--scalarizer', '--scalarizer', '--simplifycfg', '--lower-expect', '--simplifycfg', '--elim-avail-extern', '--lower-constant-intrinsics', '--ipsccp', '--gvn', '--gvn', '--gvn', '--gvn', '--mem2reg', '--jump-threading', '--correlated-propagation', '--slp-vectorizer', '--instcombine', '--simplifycfg', '--early-cse-memssa', '--sroa', '--early-cse', '--aggressive-instcombine']",73,-3.5722821294032485,0.0,-0.7959674294750226,0.0,1,-3.5722821294032485,-0.7959674294750226,0.5008908414855473,-67.00507614213198,12.106006749440409,11.76470588235294,34
2029,"['--ipsccp', '--speculative-execution', '--sccp', '--early-cse', '--mem2reg', '--sroa', '--globalopt', '--elim-avail-extern', '--instcombine', '--loop-instsimplify', '--jump-threading', '--gvn', '--simplifycfg', '--instsimplify', '--inline', '--mergefunc', '--gvn-hoist', '--instcombine', '--globalopt', '--elim-avail-extern', '--indvars', '--indvars', '--gvn', '--gvn', '--ipsccp', '--gvn', '--nary-reassociate', '--adce', '--early-cse', '--mem2reg', '--jump-threading', '--globalopt', '--elim-avail-extern', '--instcombine', '--globalopt', '--simplifycfg', '--simplifycfg', '--sroa', '--mem2reg', '--globaldce', '--gvn-hoist', '--sccp', '--early-cse', '--lower-constant-intrinsics', '--adce', '--slsr', '--gvn-hoist', '--gvn', '--adce', '--loop-simplify', '--dse', '--scalarizer', '--simplifycfg', '--lower-expect', '--simplifycfg', '--elim-avail-extern', '--lower-constant-intrinsics', '--gvn', '--nary-reassociate', '--elim-avail-extern', '--early-cse', '--mem2reg', '--jump-threading', '--globalopt', '--slp-vectorizer', '--instcombine', '--simplifycfg', '--early-cse', '--lower-expect', '--sroa', '--lower-expect', '--simplifycfg', '--aggressive-instcombine']",73,-3.5722821294032485,0.0,-0.7959674294750226,0.0,1,-3.5722821294032485,-0.7959674294750226,0.5008908414855473,-67.00507614213198,12.106006749440409,11.76470588235294,34
2170,"['--ipsccp', '--speculative-execution', '--sccp', '--early-cse', '--mem2reg', '--jump-threading', '--globalopt', '--elim-avail-extern', '--instcombine', '--loop-instsimplify', '--jump-threading', '--gvn', '--simplifycfg', '--instsimplify', '--inline', '--mergefunc', '--gvn-hoist', '--instcombine', '--globalopt', '--elim-avail-extern', '--indvars', '--indvars', '--gvn', '--gvn', '--gvn', '--ipsccp', '--gvn', '--nary-reassociate', '--adce', '--early-cse', '--jump-threading', '--globalopt', '--jump-threading', '--bdce', '--elim-avail-extern', '--instcombine', '--instcombine', '--simplifycfg', '--sroa', '--mem2reg', '--globaldce', '--loop-versioning-licm', '--gvn-hoist', '--early-cse', '--lower-constant-intrinsics', '--adce', '--slsr', '--gvn-hoist', '--adce', '--loop-simplify', '--dse', '--scalarizer', '--lower-expect', '--simplifycfg', '--elim-avail-extern', '--lower-constant-intrinsics', '--ipsccp', '--nary-reassociate', '--gvn', '--mem2reg', '--jump-threading', '--globalopt', '--slp-vectorizer', '--instcombine', '--simplifycfg', '--sroa', '--early-cse', '--lower-expect', '--sroa', '--lower-expect', '--aggressive-instcombine']",71,-3.5722821294032485,0.0,-0.7959674294750226,0.0,1,-3.5722821294032485,-0.7959674294750226,0.5008908414855473,-67.00507614213198,12.106006749440409,11.76470588235294,34
2169,"['--ipsccp', '--speculative-execution', '--sccp', '--early-cse', '--mem2reg', '--sroa', '--globalopt', '--elim-avail-extern', '--instcombine', '--loop-instsimplify', '--jump-threading', '--gvn', '--simplifycfg', '--instsimplify', '--inline', '--mergefunc', '--gvn-hoist', '--mergefunc', '--gvn-hoist', '--gvn-hoist', '--lower-expect', '--elim-avail-extern', '--indvars', '--indvars', '--indvars', '--gvn', '--gvn', '--nary-reassociate', '--loop-instsimplify', '--early-cse', '--mem2reg', '--jump-threading', '--mem2reg', '--globalopt', '--jump-threading', '--bdce', '--elim-avail-extern', '--instcombine', '--simplifycfg', '--sroa', '--tailcallelim', '--globaldce', '--globaldce', '--gvn-hoist', '--sccp', '--instcombine', '--lower-constant-intrinsics', '--adce', '--slsr', '--gvn-hoist', '--adce', '--loop-simplify', '--dse', '--scalarizer', '--lower-expect', '--simplifycfg', '--elim-avail-extern', '--lower-constant-intrinsics', '--ipsccp', '--nary-reassociate', '--gvn', '--jump-threading', '--jump-threading', '--globalopt', '--slp-vectorizer', '--instcombine', '--simplifycfg', '--early-cse', '--sroa', '--sroa', '--lower-expect', '--simplifycfg', '--aggressive-instcombine']",73,-3.5722821294032485,0.0,-0.7959674294750226,0.0,1,-3.5722821294032485,-0.7959674294750226,0.5008908414855473,-67.00507614213198,12.106006749440409,11.76470588235294,34
2167,"['--ipsccp', '--speculative-execution', '--sccp', '--early-cse', '--mem2reg', '--jump-threading', '--elim-avail-extern', '--instcombine', '--loop-instsimplify', '--jump-threading', '--gvn', '--simplifycfg', '--instsimplify', '--inline', '--mergefunc', '--gvn-hoist', '--instcombine', '--globalopt', '--elim-avail-extern', '--indvars', '--indvars', '--gvn', '--gvn', '--ipsccp', '--gvn', '--nary-reassociate', '--adce', '--early-cse', '--mem2reg', '--jump-threading', '--globalopt', '--elim-avail-extern', '--instcombine', '--globalopt', '--jump-threading', '--bdce', '--elim-avail-extern', '--instcombine', '--simplifycfg', '--sroa', '--tailcallelim', '--globaldce', '--globaldce', '--gvn-hoist', '--sccp', '--early-cse', '--lower-constant-intrinsics', '--adce', '--slsr', '--gvn-hoist', '--adce', '--loop-simplify', '--ipsccp', '--dse', '--scalarizer', '--simplifycfg', '--lower-expect', '--simplifycfg', '--elim-avail-extern', '--lower-constant-intrinsics', '--ipsccp', '--nary-reassociate', '--gvn', '--jump-threading', '--jump-threading', '--globalopt', '--slp-vectorizer', '--instcombine', '--simplifycfg', '--early-cse', '--sroa', '--sroa', '--instcombine', '--aggressive-instcombine']",74,-3.5722821294032485,0.0,-0.7959674294750226,0.0,1,-3.5722821294032485,-0.7959674294750226,0.5008908414855473,-67.00507614213198,12.106006749440409,11.76470588235294,34
2166,"['--ipsccp', '--speculative-execution', '--sccp', '--early-cse', '--mem2reg', '--jump-threading', '--globalopt', '--elim-avail-extern', '--instcombine', '--adce', '--jump-threading', '--gvn', '--simplifycfg', '--instsimplify', '--inline', '--mergefunc', '--gvn-hoist', '--instcombine', '--globalopt', '--elim-avail-extern', '--indvars', '--indvars', '--gvn', '--gvn', '--ipsccp', '--gvn', '--nary-reassociate', '--loop-instsimplify', '--early-cse', '--mem2reg', '--jump-threading', '--globalopt', '--elim-avail-extern', '--instcombine', '--globalopt', '--simplifycfg', '--simplifycfg', '--sroa', '--mem2reg', '--globaldce', '--gvn-hoist', '--sccp', '--early-cse', '--lower-constant-intrinsics', '--adce', '--slsr', '--gvn-hoist', '--gvn', '--adce', '--loop-simplify', '--dse', '--scalarizer', '--simplifycfg', '--lower-expect', '--simplifycfg', '--elim-avail-extern', '--lower-constant-intrinsics', '--gvn', '--nary-reassociate', '--elim-avail-extern', '--early-cse', '--mem2reg', '--jump-threading', '--globalopt', '--slp-vectorizer', '--instcombine', '--simplifycfg', '--slp-vectorizer', '--instcombine', '--simplifycfg', '--sroa', '--early-cse', '--lower-expect', '--aggressive-instcombine']",74,-3.5722821294032485,0.0,-0.7959674294750226,0.0,1,-3.5722821294032485,-0.7959674294750226,0.5008908414855473,-67.00507614213198,12.106006749440409,11.76470588235294,34
2164,"['--ipsccp', '--speculative-execution', '--simplifycfg', '--early-cse', '--mem2reg', '--jump-threading', '--elim-avail-extern', '--instcombine', '--adce', '--loop-interchange', '--aggressive-instcombine', '--gvn', '--simplifycfg', '--instsimplify', '--inline', '--mergefunc', '--gvn-hoist', '--gvn-hoist', '--instcombine', '--globalopt', '--elim-avail-extern', '--indvars', '--elim-avail-extern', '--indvars', '--nary-reassociate', '--gvn', '--ipsccp', '--gvn', '--nary-reassociate', '--loop-instsimplify', '--early-cse', '--mem2reg', '--jump-threading', '--globalopt', '--elim-avail-extern', '--instcombine', '--simplifycfg', '--sroa', '--mem2reg', '--globaldce', '--gvn-hoist', '--sccp', '--early-cse', '--lower-constant-intrinsics', '--adce', '--slsr', '--gvn-hoist', '--adce', '--loop-simplify', '--dse', '--scalarizer', '--simplifycfg', '--lower-expect', '--sccp', '--elim-avail-extern', '--lower-constant-intrinsics', '--ipsccp', '--gvn', '--gvn', '--gvn', '--early-cse', '--mem2reg', '--jump-threading', '--correlated-propagation', '--slp-vectorizer', '--instcombine', '--simplifycfg', '--early-cse-memssa', '--sroa', '--early-cse', '--lower-expect', '--sroa', '--sroa', '--lower-expect', '--aggressive-instcombine']",75,-3.5722821294032485,0.0,-0.7959674294750226,0.0,1,-3.5722821294032485,-0.7959674294750226,0.5008908414855473,-67.00507614213198,12.106006749440409,11.76470588235294,34
2162,"['--ipsccp', '--speculative-execution', '--sccp', '--early-cse', '--mem2reg', '--jump-threading', '--globalopt', '--elim-avail-extern', '--instcombine', '--loop-instsimplify', '--jump-threading', '--gvn', '--simplifycfg', '--instsimplify', '--inline', '--mergefunc', '--gvn-hoist', '--instcombine', '--globalopt', '--elim-avail-extern', '--indvars', '--indvars', '--gvn', '--gvn', '--ipsccp', '--gvn', '--nary-reassociate', '--adce', '--early-cse', '--mem2reg', '--jump-threading', '--globalopt', '--elim-avail-extern', '--instcombine', '--simplifycfg', '--sroa', '--mem2reg', '--globaldce', '--gvn-hoist', '--sccp', '--early-cse', '--lower-constant-intrinsics', '--adce', '--slsr', '--gvn-hoist', '--adce', '--loop-simplify', '--adce', '--loop-simplify', '--loop-simplify', '--dse', '--scalarizer', '--simplifycfg', '--lower-expect', '--simplifycfg', '--elim-avail-extern', '--elim-avail-extern', '--lower-constant-intrinsics', '--ipsccp', '--ipsccp', '--loop-reroll', '--gvn', '--early-cse', '--lowerinvoke', '--jump-threading', '--globalopt', '--slp-vectorizer', '--instcombine', '--simplifycfg', '--sroa', '--early-cse', '--lower-expect', '--sroa', '--sroa', '--lower-expect', '--aggressive-instcombine']",76,-3.5722821294032485,0.0,-0.7959674294750226,0.0,1,-3.5722821294032485,-0.7959674294750226,0.5008908414855473,-67.00507614213198,12.106006749440409,11.76470588235294,34
2161,"['--ipsccp', '--speculative-execution', '--sccp', '--lower-constant-intrinsics', '--early-cse', '--mem2reg', '--jump-threading', '--globalopt', '--elim-avail-extern', '--instcombine', '--loop-instsimplify', '--jump-threading', '--gvn', '--simplifycfg', '--instsimplify', '--inline', '--mergefunc', '--gvn-hoist', '--instcombine', '--globalopt', '--elim-avail-extern', '--indvars', '--indvars', '--gvn', '--gvn', '--ipsccp', '--gvn', '--nary-reassociate', '--adce', '--early-cse', '--mem2reg', '--jump-threading', '--globalopt', '--elim-avail-extern', '--instcombine', '--simplifycfg', '--sroa', '--mem2reg', '--globaldce', '--gvn-hoist', '--sccp', '--early-cse', '--lower-constant-intrinsics', '--adce', '--slsr', '--gvn-hoist', '--adce', '--loop-simplify', '--dse', '--scalarizer', '--adce', '--loop-simplify', '--dse', '--scalarizer', '--simplifycfg', '--mergereturn', '--lower-expect', '--elim-avail-extern', '--lower-constant-intrinsics', '--ipsccp', '--nary-reassociate', '--gvn', '--jump-threading', '--globalopt', '--slp-vectorizer', '--instcombine', '--slp-vectorizer', '--instcombine', '--simplifycfg', '--sroa', '--early-cse', '--lower-expect', '--sroa', '--sroa', '--aggressive-instcombine', '--strip']",76,-3.5722821294032485,0.0,-0.7959674294750226,0.0,1,-3.5722821294032485,-0.7959674294750226,0.5008908414855473,-67.00507614213198,12.106006749440409,11.76470588235294,34
2160,"['--ipsccp', '--speculative-execution', '--sccp', '--early-cse', '--mem2reg', '--sroa', '--globalopt', '--elim-avail-extern', '--instcombine', '--loop-instsimplify', '--jump-threading', '--gvn', '--simplifycfg', '--instsimplify', '--inline', '--mergefunc', '--gvn-hoist', '--instcombine', '--globalopt', '--elim-avail-extern', '--indvars', '--indvars', '--gvn', '--gvn', '--ipsccp', '--gvn', '--nary-reassociate', '--adce', '--early-cse', '--mem2reg', '--jump-threading', '--globalopt', '--jump-threading', '--bdce', '--elim-avail-extern', '--instcombine', '--simplifycfg', '--sroa', '--mem2reg', '--globaldce', '--gvn-hoist', '--sccp', '--early-cse', '--lower-constant-intrinsics', '--adce', '--slsr', '--gvn-hoist', '--adce', '--loop-simplify', '--dse', '--scalarizer', '--simplifycfg', '--lower-expect', '--simplifycfg', '--elim-avail-extern', '--lower-constant-intrinsics', '--ipsccp', '--gvn', '--nary-reassociate', '--gvn', '--early-cse', '--mem2reg', '--jump-threading', '--globalopt', '--slp-vectorizer', '--instcombine', '--sroa', '--early-cse', '--lower-expect', '--sroa', '--sroa', '--lower-expect', '--aggressive-instcombine']",73,-3.5722821294032485,0.0,-0.7959674294750226,0.0,1,-3.5722821294032485,-0.7959674294750226,0.5008908414855473,-67.00507614213198,12.106006749440409,11.76470588235294,34
2158,"['--ipsccp', '--speculative-execution', '--sccp', '--early-cse', '--mem2reg', '--sroa', '--globalopt', '--elim-avail-extern', '--instcombine', '--loop-instsimplify', '--jump-threading', '--gvn', '--simplifycfg', '--instsimplify', '--inline', '--mergefunc', '--gvn-hoist', '--mergefunc', '--gvn-hoist', '--gvn-hoist', '--lower-expect', '--elim-avail-extern', '--indvars', '--indvars', '--dse', '--gvn', '--gvn', '--nary-reassociate', '--loop-instsimplify', '--early-cse', '--mem2reg', '--jump-threading', '--mem2reg', '--globalopt', '--jump-threading', '--bdce', '--elim-avail-extern', '--instcombine', '--simplifycfg', '--sroa', '--tailcallelim', '--globaldce', '--globaldce', '--gvn-hoist', '--sccp', '--early-cse', '--lower-constant-intrinsics', '--adce', '--slsr', '--gvn-hoist', '--adce', '--loop-simplify', '--indvars', '--scalarizer', '--lower-expect', '--simplifycfg', '--elim-avail-extern', '--lower-constant-intrinsics', '--ipsccp', '--nary-reassociate', '--gvn', '--jump-threading', '--jump-threading', '--globalopt', '--slp-vectorizer', '--instcombine', '--simplifycfg', '--early-cse', '--sroa', '--sroa', '--lower-expect', '--simplifycfg', '--aggressive-instcombine']",73,-3.5722821294032485,0.0,-0.7959674294750226,0.0,1,-3.5722821294032485,-0.7959674294750226,0.5008908414855473,-67.00507614213198,12.106006749440409,11.76470588235294,34
2157,"['--ipsccp', '--speculative-execution', '--sccp', '--early-cse', '--mem2reg', '--jump-threading', '--globalopt', '--elim-avail-extern', '--instcombine', '--adce', '--jump-threading', '--gvn', '--simplifycfg', '--instsimplify', '--inline', '--mergefunc', '--gvn-hoist', '--instcombine', '--globalopt', '--elim-avail-extern', '--indvars', '--indvars', '--gvn', '--gvn', '--ipsccp', '--gvn', '--nary-reassociate', '--loop-instsimplify', '--early-cse', '--mem2reg', '--jump-threading', '--jump-threading', '--bdce', '--bdce', '--elim-avail-extern', '--instcombine', '--simplifycfg', '--sroa', '--mem2reg', '--globaldce', '--gvn-hoist', '--sccp', '--early-cse', '--lower-constant-intrinsics', '--adce', '--slsr', '--gvn-hoist', '--adce', '--loop-simplify', '--dse', '--scalarizer', '--simplifycfg', '--lower-expect', '--simplifycfg', '--elim-avail-extern', '--lower-constant-intrinsics', '--ipsccp', '--gvn', '--elim-avail-extern', '--gvn', '--early-cse', '--mem2reg', '--jump-threading', '--globalopt', '--slp-vectorizer', '--instcombine', '--simplifycfg', '--sroa', '--early-cse', '--lower-expect', '--sroa', '--sroa', '--lower-expect', '--aggressive-instcombine']",74,-3.5722821294032485,0.0,-0.7959674294750226,0.0,1,-3.5722821294032485,-0.7959674294750226,0.5008908414855473,-67.00507614213198,12.106006749440409,11.76470588235294,34
2156,"['--ipsccp', '--speculative-execution', '--sccp', '--early-cse', '--mem2reg', '--sroa', '--globalopt', '--elim-avail-extern', '--instcombine', '--loop-instsimplify', '--jump-threading', '--gvn', '--simplifycfg', '--instsimplify', '--inline', '--mldst-motion', '--mergefunc', '--gvn-hoist', '--mergefunc', '--gvn-hoist', '--gvn-hoist', '--lower-expect', '--elim-avail-extern', '--indvars', '--indvars', '--indvars', '--gvn', '--gvn', '--nary-reassociate', '--loop-instsimplify', '--early-cse', '--mem2reg', '--jump-threading', '--globalopt', '--elim-avail-extern', '--instcombine', '--simplifycfg', '--sroa', '--mem2reg', '--globaldce', '--gvn-hoist', '--sccp', '--early-cse', '--lower-constant-intrinsics', '--adce', '--slsr', '--gvn-hoist', '--adce', '--loop-simplify', '--dse', '--scalarizer', '--simplifycfg', '--lower-expect', '--simplifycfg', '--elim-avail-extern', '--lower-constant-intrinsics', '--ipsccp', '--gvn', '--lower-constant-intrinsics', '--gvn', '--early-cse', '--mem2reg', '--jump-threading', '--simplifycfg', '--slp-vectorizer', '--instcombine', '--globalopt', '--sroa', '--early-cse', '--lower-expect', '--sroa', '--sroa', '--lower-expect', '--aggressive-instcombine']",74,-3.5722821294032485,0.0,-0.7959674294750226,0.0,1,-3.5722821294032485,-0.7959674294750226,0.5008908414855473,-67.00507614213198,12.106006749440409,11.76470588235294,34
2155,"['--ipsccp', '--speculative-execution', '--sccp', '--early-cse', '--mem2reg', '--jump-threading', '--elim-avail-extern', '--instcombine', '--adce', '--loop-interchange', '--jump-threading', '--gvn', '--simplifycfg', '--instsimplify', '--inline', '--mergefunc', '--tailcallelim', '--globalopt', '--elim-avail-extern', '--globalopt', '--indvars', '--indvars', '--gvn', '--gvn', '--ipsccp', '--gvn', '--nary-reassociate', '--adce', '--early-cse', '--instcombine', '--jump-threading', '--globalopt', '--elim-avail-extern', '--loop-interchange', '--instcombine', '--simplifycfg', '--instcombine', '--simplifycfg', '--sroa', '--inferattrs', '--mem2reg', '--globaldce', '--gvn-hoist', '--sccp', '--early-cse', '--lower-constant-intrinsics', '--adce', '--slsr', '--gvn-hoist', '--adce', '--loop-simplify', '--dse', '--scalarizer', '--simplifycfg', '--lower-constant-intrinsics', '--gvn', '--nary-reassociate', '--gvn', '--gvn', '--nary-reassociate', '--gvn', '--early-cse', '--loop-guard-widening', '--jump-threading', '--globalopt', '--slp-vectorizer', '--instcombine', '--slp-vectorizer', '--instcombine', '--simplifycfg', '--sroa', '--early-cse', '--lower-expect', '--sroa', '--lower-expect', '--aggressive-instcombine']",76,-3.5722821294032485,0.0,-0.7959674294750226,0.0,1,-3.5722821294032485,-0.7959674294750226,0.5008908414855473,-67.00507614213198,12.106006749440409,11.76470588235294,34
2154,"['--ipsccp', '--speculative-execution', '--sccp', '--early-cse', '--mem2reg', '--jump-threading', '--elim-avail-extern', '--instcombine', '--adce', '--loop-interchange', '--aggressive-instcombine', '--gvn', '--simplifycfg', '--instsimplify', '--inline', '--mergefunc', '--gvn-hoist', '--gvn-hoist', '--instcombine', '--globalopt', '--elim-avail-extern', '--indvars', '--elim-avail-extern', '--indvars', '--nary-reassociate', '--gvn', '--ipsccp', '--gvn', '--nary-reassociate', '--loop-instsimplify', '--early-cse', '--mem2reg', '--jump-threading', '--globalopt', '--elim-avail-extern', '--instcombine', '--simplifycfg', '--sroa', '--gvn-hoist', '--sccp', '--early-cse', '--lower-constant-intrinsics', '--adce', '--slsr', '--newgvn', '--adce', '--loop-simplify', '--adce', '--loop-simplify', '--dse', '--scalarizer', '--simplifycfg', '--elim-avail-extern', '--nary-reassociate', '--elim-avail-extern', '--lower-constant-intrinsics', '--ipsccp', '--loop-simplify', '--nary-reassociate', '--gvn', '--early-cse', '--mem2reg', '--jump-threading', '--globalopt', '--slp-vectorizer', '--instcombine', '--simplifycfg', '--nary-reassociate', '--sroa', '--early-cse', '--lower-expect', '--sroa', '--lower-expect', '--simplifycfg', '--aggressive-instcombine']",75,-3.5722821294032485,0.0,-0.7959674294750226,0.0,1,-3.5722821294032485,-0.7959674294750226,0.5008908414855473,-67.00507614213198,12.106006749440409,11.76470588235294,34
2152,"['--ipsccp', '--speculative-execution', '--early-cse', '--mem2reg', '--jump-threading', '--globalopt', '--elim-avail-extern', '--instcombine', '--loop-instsimplify', '--jump-threading', '--gvn', '--simplifycfg', '--instsimplify', '--inline', '--mergefunc', '--gvn-hoist', '--instcombine', '--globalopt', '--indvars', '--elim-avail-extern', '--indvars', '--indvars', '--gvn', '--gvn', '--ipsccp', '--gvn', '--nary-reassociate', '--adce', '--early-cse', '--mem2reg', '--jump-threading', '--correlated-propagation', '--elim-avail-extern', '--instcombine', '--simplifycfg', '--sroa', '--mem2reg', '--globaldce', '--gvn-hoist', '--sccp', '--early-cse', '--lower-constant-intrinsics', '--adce', '--slsr', '--gvn-hoist', '--adce', '--loop-simplify', '--adce', '--loop-simplify', '--dse', '--scalarizer', '--simplifycfg', '--lower-expect', '--nary-reassociate', '--elim-avail-extern', '--lower-constant-intrinsics', '--gvn', '--nary-reassociate', '--gvn', '--early-cse', '--mem2reg', '--jump-threading', '--globalopt', '--slp-vectorizer', '--jump-threading', '--globalopt', '--slp-vectorizer', '--instcombine', '--slp-vectorizer', '--instcombine', '--simplifycfg', '--sroa', '--early-cse', '--lower-expect', '--sroa', '--lower-expect', '--aggressive-instcombine', '--aggressive-instcombine']",78,-3.5722821294032485,0.0,-0.7959674294750226,0.0,1,-3.5722821294032485,-0.7959674294750226,0.5008908414855473,-67.00507614213198,12.106006749440409,11.76470588235294,34
2151,"['--ipsccp', '--speculative-execution', '--sccp', '--early-cse', '--mem2reg', '--jump-threading', '--globalopt', '--elim-avail-extern', '--instcombine', '--loop-instsimplify', '--jump-threading', '--simple-loop-unswitch', '--gvn', '--simplifycfg', '--instsimplify', '--inline', '--mergefunc', '--gvn-hoist', '--tailcallelim', '--globalopt', '--elim-avail-extern', '--indvars', '--indvars', '--gvn', '--gvn', '--gvn', '--gvn', '--ipsccp', '--gvn', '--nary-reassociate', '--nary-reassociate', '--loop-instsimplify', '--early-cse', '--ipsccp', '--mem2reg', '--jump-threading', '--globalopt', '--elim-avail-extern', '--instcombine', '--simplifycfg', '--sroa', '--mem2reg', '--globaldce', '--gvn-hoist', '--sccp', '--early-cse', '--lower-constant-intrinsics', '--adce', '--slsr', '--gvn-hoist', '--adce', '--loop-simplify', '--dse', '--scalarizer', '--simplifycfg', '--lower-expect', '--simplifycfg', '--elim-avail-extern', '--slp-vectorizer', '--ipsccp', '--gvn', '--nary-reassociate', '--gvn', '--early-cse', '--loop-guard-widening', '--jump-threading', '--globalopt', '--slp-vectorizer', '--instcombine', '--slp-vectorizer', '--instcombine', '--simplifycfg', '--sroa', '--early-cse', '--lower-expect', '--sroa', '--lower-expect', '--aggressive-instcombine']",78,-3.5722821294032485,0.0,-0.7959674294750226,0.0,1,-3.5722821294032485,-0.7959674294750226,0.5008908414855473,-67.00507614213198,12.106006749440409,11.76470588235294,34
2149,"['--ipsccp', '--speculative-execution', '--sccp', '--early-cse', '--mem2reg', '--sroa', '--globalopt', '--elim-avail-extern', '--instcombine', '--loop-instsimplify', '--jump-threading', '--gvn', '--simplifycfg', '--instsimplify', '--inline', '--mergefunc', '--gvn-hoist', '--instcombine', '--globalopt', '--elim-avail-extern', '--indvars', '--indvars', '--gvn', '--gvn', '--ipsccp', '--gvn', '--nary-reassociate', '--adce', '--early-cse', '--mem2reg', '--jump-threading', '--correlated-propagation', '--elim-avail-extern', '--instcombine', '--simplifycfg', '--sroa', '--mem2reg', '--globaldce', '--gvn-hoist', '--sccp', '--early-cse', '--lower-constant-intrinsics', '--adce', '--slsr', '--gvn-hoist', '--adce', '--loop-simplify', '--adce', '--loop-simplify', '--dse', '--scalarizer', '--simplifycfg', '--nary-reassociate', '--elim-avail-extern', '--lower-expect', '--simplifycfg', '--elim-avail-extern', '--lower-constant-intrinsics', '--ipsccp', '--nary-reassociate', '--gvn', '--jump-threading', '--loop-reroll', '--globalopt', '--slp-vectorizer', '--instcombine', '--simplifycfg', '--slp-vectorizer', '--instcombine', '--sroa', '--early-cse', '--lower-expect', '--sroa', '--lower-expect', '--aggressive-instcombine']",75,-3.5722821294032485,0.0,-0.7959674294750226,0.0,1,-3.5722821294032485,-0.7959674294750226,0.5008908414855473,-67.00507614213198,12.106006749440409,11.76470588235294,34
2148,"['--ipsccp', '--speculative-execution', '--sccp', '--early-cse', '--mem2reg', '--jump-threading', '--globalopt', '--elim-avail-extern', '--instcombine', '--loop-instsimplify', '--jump-threading', '--gvn', '--simplifycfg', '--instsimplify', '--inline', '--mergefunc', '--gvn-hoist', '--instcombine', '--globalopt', '--elim-avail-extern', '--indvars', '--indvars', '--gvn', '--gvn', '--ipsccp', '--gvn', '--nary-reassociate', '--adce', '--early-cse', '--mem2reg', '--jump-threading', '--correlated-propagation', '--elim-avail-extern', '--instcombine', '--simplifycfg', '--sroa', '--mem2reg', '--globaldce', '--gvn-hoist', '--sccp', '--early-cse', '--lower-constant-intrinsics', '--functionattrs', '--adce', '--slsr', '--gvn-hoist', '--adce', '--loop-simplify', '--adce', '--loop-simplify', '--dse', '--scalarizer', '--simplifycfg', '--elim-avail-extern', '--nary-reassociate', '--elim-avail-extern', '--lower-constant-intrinsics', '--ipsccp', '--loop-simplify', '--nary-reassociate', '--gvn', '--early-cse', '--mem2reg', '--jump-threading', '--globalopt', '--slp-vectorizer', '--instcombine', '--simplifycfg', '--sroa', '--early-cse', '--lower-expect', '--sroa', '--lower-expect', '--simplifycfg', '--aggressive-instcombine']",75,-3.5722821294032485,0.0,-0.7959674294750226,0.0,1,-3.5722821294032485,-0.7959674294750226,0.5008908414855473,-67.00507614213198,12.106006749440409,11.76470588235294,34
2146,"['--ipsccp', '--speculative-execution', '--sccp', '--early-cse', '--mem2reg', '--jump-threading', '--elim-avail-extern', '--instcombine', '--adce', '--loop-interchange', '--jump-threading', '--gvn', '--simplifycfg', '--instsimplify', '--inline', '--mergefunc', '--tailcallelim', '--gvn-hoist', '--instcombine', '--globalopt', '--elim-avail-extern', '--indvars', '--indvars', '--gvn', '--gvn', '--gvn', '--ipsccp', '--gvn', '--loop-deletion', '--nary-reassociate', '--simple-loop-unswitch', '--early-cse', '--mem2reg', '--jump-threading', '--globalopt', '--jump-threading', '--bdce', '--elim-avail-extern', '--instcombine', '--simplifycfg', '--sroa', '--tailcallelim', '--globaldce', '--globaldce', '--gvn-hoist', '--sccp', '--early-cse', '--lower-constant-intrinsics', '--adce', '--slsr', '--gvn-hoist', '--adce', '--loop-simplify', '--ipsccp', '--dse', '--scalarizer', '--simplifycfg', '--lower-expect', '--simplifycfg', '--elim-avail-extern', '--lower-constant-intrinsics', '--ipsccp', '--nary-reassociate', '--gvn', '--jump-threading', '--jump-threading', '--globalopt', '--slp-vectorizer', '--instcombine', '--simplifycfg', '--early-cse', '--sroa', '--sroa', '--instcombine', '--aggressive-instcombine']",75,-3.5722821294032485,0.0,-0.7959674294750226,0.0,1,-3.5722821294032485,-0.7959674294750226,0.5008908414855473,-67.00507614213198,12.106006749440409,11.76470588235294,34
2145,"['--ipsccp', '--speculative-execution', '--sccp', '--early-cse', '--mem2reg', '--jump-threading', '--globalopt', '--elim-avail-extern', '--instcombine', '--adce', '--jump-threading', '--gvn', '--simplifycfg', '--hotcoldsplit', '--inline', '--mergefunc', '--gvn-hoist', '--instcombine', '--globalopt', '--elim-avail-extern', '--indvars', '--indvars', '--gvn-hoist', '--gvn', '--gvn', '--ipsccp', '--gvn', '--nary-reassociate', '--loop-instsimplify', '--early-cse', '--mem2reg', '--jump-threading', '--globalopt', '--jump-threading', '--ipsccp', '--elim-avail-extern', '--instcombine', '--simplifycfg', '--sroa', '--lower-constant-intrinsics', '--sroa', '--loop-simplify', '--adce', '--sccp', '--slsr', '--gvn-hoist', '--adce', '--loop-simplify', '--adce', '--simplifycfg', '--dse', '--scalarizer', '--scalarizer', '--simplifycfg', '--lower-expect', '--simplifycfg', '--elim-avail-extern', '--lower-constant-intrinsics', '--ipsccp', '--gvn', '--nary-reassociate', '--gvn', '--early-cse', '--loop-guard-widening', '--jump-threading', '--globalopt', '--slp-vectorizer', '--instcombine', '--slp-vectorizer', '--instcombine', '--simplifycfg', '--sroa', '--early-cse', '--lower-expect', '--aggressive-instcombine']",75,-3.5722821294032485,0.0,-0.7959674294750226,0.0,1,-3.5722821294032485,-0.7959674294750226,0.5008908414855473,-67.00507614213198,12.106006749440409,11.76470588235294,34
2144,"['--simplifycfg', '--speculative-execution', '--sccp', '--early-cse', '--mem2reg', '--jump-threading', '--globalopt', '--elim-avail-extern', '--instcombine', '--loop-instsimplify', '--jump-threading', '--gvn', '--simplifycfg', '--instsimplify', '--inline', '--mergefunc', '--gvn-hoist', '--instcombine', '--globalopt', '--elim-avail-extern', '--indvars', '--indvars', '--gvn', '--gvn', '--ipsccp', '--gvn', '--nary-reassociate', '--adce', '--early-cse', '--mem2reg', '--jump-threading', '--globalopt', '--elim-avail-extern', '--instcombine', '--simplifycfg', '--sroa', '--mem2reg', '--globaldce', '--mem2reg', '--globaldce', '--gvn-hoist', '--sccp', '--early-cse', '--lower-constant-intrinsics', '--adce', '--slsr', '--gvn-hoist', '--adce', '--loop-simplify', '--dse', '--scalarizer', '--simplifycfg', '--lower-expect', '--ipsccp', '--elim-avail-extern', '--lower-constant-intrinsics', '--ipsccp', '--gvn', '--gvn', '--gvn', '--early-cse', '--mem2reg', '--jump-threading', '--correlated-propagation', '--slp-vectorizer', '--instcombine', '--simplifycfg', '--early-cse-memssa', '--sroa', '--early-cse', '--lower-expect', '--sroa', '--sroa', '--lower-expect', '--aggressive-instcombine']",75,-3.5722821294032485,0.0,-0.7959674294750226,0.0,1,-3.5722821294032485,-0.7959674294750226,0.5008908414855473,-67.00507614213198,12.106006749440409,11.76470588235294,34
2143,"['--ipsccp', '--speculative-execution', '--sccp', '--early-cse', '--mem2reg', '--jump-threading', '--elim-avail-extern', '--instcombine', '--adce', '--loop-interchange', '--aggressive-instcombine', '--gvn', '--simplifycfg', '--instsimplify', '--inline', '--mergefunc', '--gvn-hoist', '--gvn-hoist', '--instcombine', '--globalopt', '--elim-avail-extern', '--indvars', '--elim-avail-extern', '--indvars', '--gvn', '--gvn', '--ipsccp', '--gvn', '--nary-reassociate', '--sccp', '--early-cse', '--mem2reg', '--jump-threading', '--elim-avail-extern', '--instcombine', '--simplifycfg', '--sroa', '--mem2reg', '--globaldce', '--gvn-hoist', '--loop-instsimplify', '--early-cse', '--lower-constant-intrinsics', '--adce', '--slsr', '--gvn-hoist', '--adce', '--loop-simplify', '--dse', '--scalarizer', '--simplifycfg', '--lower-expect', '--simplifycfg', '--elim-avail-extern', '--lower-constant-intrinsics', '--ipsccp', '--gvn', '--nary-reassociate', '--gvn', '--early-cse', '--mem2reg', '--jump-threading', '--strip', '--slp-vectorizer', '--instcombine', '--simplifycfg', '--sroa', '--early-cse', '--lower-expect', '--sroa', '--sroa', '--lower-expect', '--aggressive-instcombine']",73,-3.5722821294032485,0.0,-0.7959674294750226,0.0,1,-3.5722821294032485,-0.7959674294750226,0.5008908414855473,-67.00507614213198,12.106006749440409,11.76470588235294,34
2240,"['--ipsccp', '--speculative-execution', '--sccp', '--early-cse', '--mem2reg', '--sroa', '--globalopt', '--elim-avail-extern', '--instcombine', '--loop-instsimplify', '--jump-threading', '--gvn', '--simplifycfg', '--instsimplify', '--inline', '--mldst-motion', '--mergefunc', '--gvn-hoist', '--mergefunc', '--gvn-hoist', '--gvn-hoist', '--lower-expect', '--elim-avail-extern', '--indvars', '--indvars', '--indvars', '--gvn', '--gvn', '--nary-reassociate', '--loop-instsimplify', '--early-cse', '--mem2reg', '--jump-threading', '--globalopt', '--elim-avail-extern', '--instcombine', '--simplifycfg', '--sroa', '--mem2reg', '--globaldce', '--gvn-hoist', '--sccp', '--nary-reassociate', '--lower-constant-intrinsics', '--adce', '--slsr', '--gvn-hoist', '--adce', '--loop-simplify', '--loop-simplify', '--dse', '--scalarizer', '--lower-expect', '--simplifycfg', '--elim-avail-extern', '--lower-constant-intrinsics', '--ipsccp', '--nary-reassociate', '--gvn', '--mem2reg', '--jump-threading', '--globalopt', '--slp-vectorizer', '--instcombine', '--simplifycfg', '--sroa', '--early-cse', '--lower-expect', '--sroa', '--lower-expect', '--aggressive-instcombine']",71,-3.5722821294032485,0.0,-0.7959674294750226,0.0,1,-3.5722821294032485,-0.7959674294750226,0.5008908414855473,-67.00507614213198,12.106006749440409,11.76470588235294,34
2112,"['--ipsccp', '--speculative-execution', '--sccp', '--early-cse', '--mem2reg', '--jump-threading', '--globalopt', '--elim-avail-extern', '--instcombine', '--adce', '--jump-threading', '--gvn', '--simplifycfg', '--hotcoldsplit', '--inline', '--mergefunc', '--gvn-hoist', '--instcombine', '--globalopt', '--elim-avail-extern', '--indvars', '--indvars', '--gvn-hoist', '--gvn', '--gvn', '--ipsccp', '--gvn', '--nary-reassociate', '--loop-instsimplify', '--early-cse', '--mem2reg', '--jump-threading', '--globalopt', '--jump-threading', '--ipsccp', '--elim-avail-extern', '--instcombine', '--simplifycfg', '--sroa', '--simplifycfg', '--sroa', '--loop-simplify', '--adce', '--sccp', '--slsr', '--gvn-hoist', '--adce', '--loop-simplify', '--adce', '--lower-constant-intrinsics', '--dse', '--scalarizer', '--scalarizer', '--simplifycfg', '--lower-expect', '--simplifycfg', '--elim-avail-extern', '--lower-constant-intrinsics', '--ipsccp', '--gvn', '--nary-reassociate', '--gvn', '--early-cse', '--loop-guard-widening', '--jump-threading', '--globalopt', '--slp-vectorizer', '--instcombine', '--slp-vectorizer', '--instcombine', '--simplifycfg', '--sroa', '--early-cse', '--lower-expect', '--aggressive-instcombine']",75,-3.5722821294032485,0.0,-0.7959674294750226,0.0,1,-3.5722821294032485,-0.7959674294750226,0.5008908414855473,-67.00507614213198,12.106006749440409,11.76470588235294,34
2045,"['--ipsccp', '--speculative-execution', '--sccp', '--early-cse', '--mem2reg', '--jump-threading', '--globalopt', '--elim-avail-extern', '--instcombine', '--loop-instsimplify', '--jump-threading', '--gvn', '--simplifycfg', '--instsimplify', '--inline', '--mergefunc', '--gvn-hoist', '--instcombine', '--globalopt', '--elim-avail-extern', '--indvars', '--indvars', '--gvn', '--gvn', '--ipsccp', '--gvn', '--nary-reassociate', '--adce', '--early-cse', '--mem2reg', '--jump-threading', '--globalopt', '--elim-avail-extern', '--instcombine', '--simplifycfg', '--bdce', '--elim-avail-extern', '--instcombine', '--simplifycfg', '--sroa', '--tailcallelim', '--globaldce', '--gvn-hoist', '--sccp', '--early-cse', '--lower-constant-intrinsics', '--adce', '--nary-reassociate', '--slsr', '--gvn-hoist', '--adce', '--loop-simplify', '--dse', '--scalarizer', '--elim-avail-extern', '--lower-expect', '--simplifycfg', '--loop-interchange', '--elim-avail-extern', '--jump-threading', '--lower-constant-intrinsics', '--ipsccp', '--gvn', '--nary-reassociate', '--gvn', '--early-cse', '--jump-threading', '--globalopt', '--slp-vectorizer', '--instcombine', '--simplifycfg', '--sroa', '--early-cse', '--lower-expect', '--sroa', '--sroa', '--lower-expect', '--aggressive-instcombine']",78,-3.5722821294032485,0.0,-0.7959674294750226,0.0,1,-3.5722821294032485,-0.7959674294750226,0.5008908414855473,-67.00507614213198,12.106006749440409,11.76470588235294,34
2069,"['--ipsccp', '--speculative-execution', '--sccp', '--early-cse', '--mem2reg', '--jump-threading', '--elim-avail-extern', '--instcombine', '--loop-instsimplify', '--jump-threading', '--gvn', '--loop-unroll', '--simplifycfg', '--instsimplify', '--inline', '--slsr', '--mergefunc', '--gvn-hoist', '--instcombine', '--globalopt', '--globalopt', '--elim-avail-extern', '--indvars', '--indvars', '--gvn-hoist', '--gvn', '--ipsccp', '--gvn', '--nary-reassociate', '--adce', '--early-cse', '--mem2reg', '--jump-threading', '--globalopt', '--elim-avail-extern', '--instcombine', '--simplifycfg', '--sroa', '--ipsccp', '--sroa', '--inferattrs', '--mem2reg', '--globaldce', '--gvn-hoist', '--sccp', '--early-cse', '--lower-constant-intrinsics', '--lower-constant-intrinsics', '--adce', '--slsr', '--gvn-hoist', '--adce', '--loop-simplify', '--dse', '--scalarizer', '--simplifycfg', '--lower-expect', '--elim-avail-extern', '--lower-constant-intrinsics', '--ipsccp', '--nary-reassociate', '--gvn', '--jump-threading', '--globalopt', '--slp-vectorizer', '--instcombine', '--slp-vectorizer', '--instcombine', '--simplifycfg', '--sroa', '--early-cse', '--lower-expect', '--sroa', '--sroa', '--aggressive-instcombine']",75,-3.5722821294032485,0.0,-0.7959674294750226,0.0,1,-3.5722821294032485,-0.7959674294750226,0.5008908414855473,-67.00507614213198,12.106006749440409,11.76470588235294,34
2063,"['--bdce', '--speculative-execution', '--sccp', '--early-cse', '--mem2reg', '--jump-threading', '--globalopt', '--elim-avail-extern', '--instcombine', '--adce', '--jump-threading', '--gvn', '--simplifycfg', '--hotcoldsplit', '--inline', '--mergefunc', '--gvn-hoist', '--instcombine', '--globalopt', '--elim-avail-extern', '--indvars', '--indvars', '--gvn-hoist', '--gvn', '--gvn', '--ipsccp', '--gvn', '--nary-reassociate', '--loop-instsimplify', '--early-cse', '--mem2reg', '--jump-threading', '--globalopt', '--jump-threading', '--ipsccp', '--elim-avail-extern', '--instcombine', '--sroa', '--mem2reg', '--globaldce', '--loop-versioning-licm', '--gvn-hoist', '--early-cse', '--lower-constant-intrinsics', '--adce', '--slsr', '--gvn-hoist', '--adce', '--loop-simplify', '--dse', '--scalarizer', '--simplifycfg', '--lower-expect', '--simplifycfg', '--elim-avail-extern', '--lower-constant-intrinsics', '--ipsccp', '--nary-reassociate', '--gvn', '--mem2reg', '--jump-threading', '--globalopt', '--slp-vectorizer', '--instcombine', '--simplifycfg', '--sroa', '--early-cse', '--lower-expect', '--sroa', '--sroa', '--lower-expect', '--lower-expect', '--sroa', '--sroa', '--lower-expect', '--aggressive-instcombine']",76,-3.5722821294032485,0.0,-0.7959674294750226,0.0,1,-3.5722821294032485,-0.7959674294750226,0.5008908414855473,-67.00507614213198,12.106006749440409,11.76470588235294,34
2077,"['--ipsccp', '--speculative-execution', '--sccp', '--early-cse', '--mem2reg', '--sroa', '--globalopt', '--elim-avail-extern', '--instcombine', '--loop-instsimplify', '--jump-threading', '--gvn', '--simplifycfg', '--instsimplify', '--inline', '--mergefunc', '--gvn-hoist', '--mergefunc', '--gvn-hoist', '--gvn-hoist', '--lower-expect', '--elim-avail-extern', '--indvars', '--indvars', '--indvars', '--gvn', '--gvn', '--nary-reassociate', '--loop-instsimplify', '--early-cse', '--mem2reg', '--jump-threading', '--mem2reg', '--globalopt', '--jump-threading', '--bdce', '--elim-avail-extern', '--instcombine', '--simplifycfg', '--sroa', '--tailcallelim', '--globaldce', '--globaldce', '--gvn-hoist', '--sccp', '--early-cse', '--lower-constant-intrinsics', '--adce', '--slsr', '--gvn-hoist', '--adce', '--loop-simplify', '--dse', '--scalarizer', '--lower-expect', '--simplifycfg', '--elim-avail-extern', '--lower-constant-intrinsics', '--ipsccp', '--nary-reassociate', '--gvn', '--jump-threading', '--jump-threading', '--globalopt', '--slp-vectorizer', '--instcombine', '--simplifycfg', '--early-cse', '--sroa', '--sroa', '--lower-expect', '--simplifycfg', '--aggressive-instcombine']",73,-3.5722821294032485,0.0,-0.7959674294750226,0.0,1,-3.5722821294032485,-0.7959674294750226,0.5008908414855473,-67.00507614213198,12.106006749440409,11.76470588235294,34
2076,"['--ipsccp', '--speculative-execution', '--sccp', '--early-cse', '--mem2reg', '--jump-threading', '--elim-avail-extern', '--instcombine', '--instsimplify', '--adce', '--loop-interchange', '--aggressive-instcombine', '--gvn', '--instsimplify', '--simplifycfg', '--inline', '--globaldce', '--mergefunc', '--gvn-hoist', '--gvn-hoist', '--lower-expect', '--elim-avail-extern', '--indvars', '--indvars', '--indvars', '--gvn', '--gvn', '--loop-instsimplify', '--early-cse', '--mem2reg', '--jump-threading', '--globalopt', '--jump-threading', '--bdce', '--elim-avail-extern', '--instcombine', '--simplifycfg', '--sroa', '--mem2reg', '--globaldce', '--gvn-hoist', '--sccp', '--early-cse', '--lower-constant-intrinsics', '--adce', '--slsr', '--gvn-hoist', '--lower-constant-intrinsics', '--adce', '--loop-simplify', '--dse', '--scalarizer', '--simplifycfg', '--lower-expect', '--simplifycfg', '--elim-avail-extern', '--lower-constant-intrinsics', '--ipsccp', '--gvn', '--nary-reassociate', '--gvn', '--early-cse', '--mem2reg', '--jump-threading', '--globalopt', '--slp-vectorizer', '--instcombine', '--simplifycfg', '--sroa', '--early-cse', '--lower-expect', '--sroa', '--sroa', '--lower-expect', '--aggressive-instcombine']",75,-3.5722821294032485,0.0,-0.7959674294750226,0.0,1,-3.5722821294032485,-0.7959674294750226,0.5008908414855473,-67.00507614213198,12.106006749440409,11.76470588235294,34
2075,"['--ipsccp', '--speculative-execution', '--sccp', '--early-cse', '--mem2reg', '--sroa', '--globalopt', '--elim-avail-extern', '--instcombine', '--loop-instsimplify', '--jump-threading', '--gvn', '--simplifycfg', '--instsimplify', '--inline', '--mergefunc', '--gvn-hoist', '--instcombine', '--globalopt', '--elim-avail-extern', '--indvars', '--indvars', '--gvn', '--gvn', '--ipsccp', '--gvn', '--nary-reassociate', '--adce', '--early-cse', '--mem2reg', '--jump-threading', '--globalopt', '--elim-avail-extern', '--instcombine', '--simplifycfg', '--sroa', '--mem2reg', '--globaldce', '--gvn-hoist', '--sccp', '--early-cse', '--lower-constant-intrinsics', '--adce', '--slsr', '--gvn-hoist', '--adce', '--loop-simplify', '--adce', '--loop-simplify', '--dse', '--scalarizer', '--simplifycfg', '--elim-avail-extern', '--nary-reassociate', '--elim-avail-extern', '--lower-constant-intrinsics', '--ipsccp', '--loop-simplify', '--nary-reassociate', '--gvn', '--early-cse', '--mem2reg', '--jump-threading', '--globalopt', '--slp-vectorizer', '--instcombine', '--simplifycfg', '--sroa', '--early-cse', '--lower-expect', '--sroa', '--lower-expect', '--simplifycfg', '--aggressive-instcombine']",74,-3.5722821294032485,0.0,-0.7959674294750226,0.0,1,-3.5722821294032485,-0.7959674294750226,0.5008908414855473,-67.00507614213198,12.106006749440409,11.76470588235294,34
2048,"['--ipsccp', '--speculative-execution', '--sccp', '--early-cse', '--mem2reg', '--jump-threading', '--elim-avail-extern', '--instcombine', '--loop-simplify', '--loop-interchange', '--aggressive-instcombine', '--gvn', '--simplifycfg', '--instsimplify', '--inline', '--mergefunc', '--gvn-hoist', '--gvn-hoist', '--instcombine', '--globalopt', '--elim-avail-extern', '--indvars', '--elim-avail-extern', '--indvars', '--gvn', '--gvn', '--ipsccp', '--gvn', '--nary-reassociate', '--loop-instsimplify', '--early-cse', '--mem2reg', '--jump-threading', '--globalopt', '--elim-avail-extern', '--instcombine', '--simplifycfg', '--sroa', '--gvn-hoist', '--sccp', '--early-cse', '--lower-constant-intrinsics', '--adce', '--slsr', '--gvn-hoist', '--adce', '--adce', '--adce', '--loop-simplify', '--dse', '--scalarizer', '--lower-expect', '--nary-reassociate', '--elim-avail-extern', '--lower-constant-intrinsics', '--gvn', '--nary-reassociate', '--gvn', '--early-cse', '--mem2reg', '--jump-threading', '--globalopt', '--slp-vectorizer', '--instcombine', '--slp-vectorizer', '--instcombine', '--simplifycfg', '--sroa', '--early-cse', '--lower-expect', '--sroa', '--sroa', '--aggressive-instcombine']",73,-3.5722821294032485,0.0,-0.7959674294750226,0.0,1,-3.5722821294032485,-0.7959674294750226,0.5008908414855473,-67.00507614213198,12.106006749440409,11.76470588235294,34
2282,"['--ipsccp', '--speculative-execution', '--sccp', '--early-cse', '--mem2reg', '--jump-threading', '--globalopt', '--elim-avail-extern', '--instcombine', '--loop-instsimplify', '--jump-threading', '--simple-loop-unswitch', '--gvn', '--simplifycfg', '--instsimplify', '--inline', '--mergefunc', '--gvn-hoist', '--tailcallelim', '--globalopt', '--elim-avail-extern', '--indvars', '--indvars', '--gvn', '--gvn', '--gvn', '--gvn', '--ipsccp', '--gvn', '--nary-reassociate', '--loop-instsimplify', '--early-cse', '--mem2reg', '--memcpyopt', '--globalopt', '--instsimplify', '--jump-threading', '--bdce', '--elim-avail-extern', '--instcombine', '--simplifycfg', '--sroa', '--lower-constant-intrinsics', '--adce', '--slsr', '--gvn-hoist', '--adce', '--loop-simplify', '--adce', '--loop-simplify', '--dse', '--adce', '--loop-simplify', '--loop-deletion', '--ipsccp', '--dse', '--scalarizer', '--simplifycfg', '--lower-expect', '--simplifycfg', '--elim-avail-extern', '--lower-constant-intrinsics', '--ipsccp', '--nary-reassociate', '--gvn', '--jump-threading', '--jump-threading', '--globalopt', '--slp-vectorizer', '--instcombine', '--simplifycfg', '--early-cse', '--sroa', '--sroa', '--instcombine', '--aggressive-instcombine']",76,-3.5722821294032485,0.0,-0.7959674294750226,0.0,1,-3.5722821294032485,-0.7959674294750226,0.5008908414855473,-67.00507614213198,12.106006749440409,11.76470588235294,34
2050,"['--ipsccp', '--speculative-execution', '--sccp', '--early-cse', '--mem2reg', '--jump-threading', '--globalopt', '--elim-avail-extern', '--instcombine', '--loop-instsimplify', '--jump-threading', '--gvn', '--simplifycfg', '--hotcoldsplit', '--inline', '--mergefunc', '--gvn-hoist', '--loop-vectorize', '--elim-avail-extern', '--globalopt', '--instcombine', '--indvars', '--indvars', '--gvn-hoist', '--gvn', '--gvn', '--gvn', '--ipsccp', '--gvn', '--nary-reassociate', '--loop-instsimplify', '--early-cse', '--mem2reg', '--memcpyopt', '--globalopt', '--jump-threading', '--bdce', '--elim-avail-extern', '--instcombine', '--simplifycfg', '--sroa', '--lower-constant-intrinsics', '--adce', '--slsr', '--gvn-hoist', '--adce', '--loop-simplify', '--adce', '--loop-simplify', '--dse', '--scalarizer', '--scalarizer', '--simplifycfg', '--lower-expect', '--simplifycfg', '--elim-avail-extern', '--lower-constant-intrinsics', '--ipsccp', '--gvn', '--nary-reassociate', '--gvn', '--early-cse', '--loop-guard-widening', '--jump-threading', '--globalopt', '--slp-vectorizer', '--instcombine', '--slp-vectorizer', '--instcombine', '--simplifycfg', '--sroa', '--early-cse', '--lower-expect', '--sroa', '--lower-expect', '--aggressive-instcombine', '--aggressive-instcombine']",77,-3.5722821294032485,0.0,-0.7959674294750226,0.0,1,-3.5722821294032485,-0.7959674294750226,0.5008908414855473,-67.00507614213198,12.106006749440409,11.76470588235294,34
2051,"['--ipsccp', '--speculative-execution', '--sccp', '--early-cse', '--mem2reg', '--jump-threading', '--elim-avail-extern', '--instcombine', '--adce', '--loop-interchange', '--aggressive-instcombine', '--gvn', '--simplifycfg', '--instsimplify', '--inline', '--mergefunc', '--gvn-hoist', '--gvn-hoist', '--instcombine', '--globalopt', '--elim-avail-extern', '--indvars', '--elim-avail-extern', '--indvars', '--gvn', '--gvn', '--ipsccp', '--gvn', '--nary-reassociate', '--loop-instsimplify', '--early-cse', '--mem2reg', '--jump-threading', '--globalopt', '--elim-avail-extern', '--instcombine', '--simplifycfg', '--sroa', '--instcombine', '--simplifycfg', '--sroa', '--lower-constant-intrinsics', '--adce', '--slsr', '--gvn-hoist', '--adce', '--loop-simplify', '--adce', '--loop-simplify', '--dse', '--scalarizer', '--scalarizer', '--simplifycfg', '--lower-expect', '--simplifycfg', '--elim-avail-extern', '--lower-constant-intrinsics', '--ipsccp', '--gvn', '--nary-reassociate', '--gvn', '--early-cse', '--loop-guard-widening', '--jump-threading', '--globalopt', '--slp-vectorizer', '--instcombine', '--slp-vectorizer', '--instcombine', '--simplifycfg', '--sroa', '--early-cse', '--lower-expect', '--sroa', '--lower-expect', '--aggressive-instcombine']",76,-3.5722821294032485,0.0,-0.7959674294750226,0.0,1,-3.5722821294032485,-0.7959674294750226,0.5008908414855473,-67.00507614213198,12.106006749440409,11.76470588235294,34
2283,"['--ipsccp', '--speculative-execution', '--sccp', '--early-cse', '--mem2reg', '--jump-threading', '--globalopt', '--elim-avail-extern', '--instcombine', '--loop-instsimplify', '--jump-threading', '--gvn', '--simplifycfg', '--instsimplify', '--inline', '--mergefunc', '--gvn-hoist', '--instcombine', '--globalopt', '--elim-avail-extern', '--indvars', '--indvars', '--gvn', '--gvn', '--ipsccp', '--gvn', '--nary-reassociate', '--adce', '--early-cse', '--mem2reg', '--jump-threading', '--globalopt', '--elim-avail-extern', '--instcombine', '--simplifycfg', '--loop-simplifycfg', '--mem2reg', '--instcombine', '--simplifycfg', '--sroa', '--tailcallelim', '--globaldce', '--globaldce', '--gvn-hoist', '--sccp', '--early-cse', '--lower-constant-intrinsics', '--adce', '--slsr', '--gvn-hoist', '--adce', '--loop-simplify', '--dse', '--scalarizer', '--lower-expect', '--simplifycfg', '--elim-avail-extern', '--lower-constant-intrinsics', '--ipsccp', '--nary-reassociate', '--gvn', '--jump-threading', '--jump-threading', '--globalopt', '--slp-vectorizer', '--instcombine', '--simplifycfg', '--early-cse', '--sroa', '--sroa', '--lower-expect', '--simplifycfg', '--aggressive-instcombine']",73,-3.5722821294032485,0.0,-0.7959674294750226,0.0,1,-3.5722821294032485,-0.7959674294750226,0.5008908414855473,-67.00507614213198,12.106006749440409,11.76470588235294,34
2070,"['--ipsccp', '--speculative-execution', '--sccp', '--early-cse', '--mem2reg', '--jump-threading', '--globalopt', '--elim-avail-extern', '--instcombine', '--loop-instsimplify', '--jump-threading', '--gvn', '--simplifycfg', '--instsimplify', '--inline', '--mergefunc', '--gvn-hoist', '--tailcallelim', '--globalopt', '--elim-avail-extern', '--indvars', '--indvars', '--gvn', '--gvn', '--gvn', '--gvn', '--ipsccp', '--gvn', '--nary-reassociate', '--nary-reassociate', '--loop-instsimplify', '--early-cse', '--ipsccp', '--mem2reg', '--jump-threading', '--globalopt', '--elim-avail-extern', '--instcombine', '--simplifycfg', '--sroa', '--mem2reg', '--globaldce', '--gvn-hoist', '--sccp', '--early-cse', '--lower-constant-intrinsics', '--adce', '--slsr', '--gvn-hoist', '--adce', '--loop-simplify', '--dse', '--scalarizer', '--simplifycfg', '--lower-expect', '--simplifycfg', '--elim-avail-extern', '--lower-constant-intrinsics', '--ipsccp', '--gvn', '--gvn', '--gvn', '--mem2reg', '--jump-threading', '--correlated-propagation', '--slp-vectorizer', '--instcombine', '--simplifycfg', '--early-cse-memssa', '--sroa', '--early-cse', '--aggressive-instcombine']",72,-3.5722821294032485,0.0,-0.7959674294750226,0.0,1,-3.5722821294032485,-0.7959674294750226,0.5008908414855473,-67.00507614213198,12.106006749440409,11.76470588235294,34
2408,"['--ipsccp', '--speculative-execution', '--sccp', '--early-cse', '--mem2reg', '--jump-threading', '--globalopt', '--elim-avail-extern', '--instcombine', '--adce', '--jump-threading', '--gvn', '--simplifycfg', '--instsimplify', '--inline', '--mergefunc', '--gvn-hoist', '--gvn-hoist', '--instcombine', '--globalopt', '--elim-avail-extern', '--indvars', '--indvars', '--gvn', '--gvn', '--ipsccp', '--gvn', '--nary-reassociate', '--adce', '--strip', '--mem2reg', '--jump-threading', '--globalopt', '--elim-avail-extern', '--instcombine', '--simplifycfg', '--sroa', '--mem2reg', '--globaldce', '--gvn-hoist', '--sccp', '--early-cse', '--lower-constant-intrinsics', '--adce', '--slsr', '--gvn-hoist', '--adce', '--loop-simplify', '--loop-simplify', '--dse', '--scalarizer', '--dse', '--scalarizer', '--simplifycfg', '--mergereturn', '--lower-expect', '--elim-avail-extern', '--lower-constant-intrinsics', '--ipsccp', '--nary-reassociate', '--gvn', '--jump-threading', '--globalopt', '--slp-vectorizer', '--instcombine', '--slp-vectorizer', '--instcombine', '--simplifycfg', '--sroa', '--early-cse', '--lower-expect', '--sroa', '--sroa', '--aggressive-instcombine']",74,-3.5722821294032485,0.0,-0.7959674294750226,0.0,1,-3.5722821294032485,-0.7959674294750226,0.5008908414855473,-67.00507614213198,12.106006749440409,11.76470588235294,34
2055,"['--ipsccp', '--speculative-execution', '--sccp', '--early-cse', '--mem2reg', '--jump-threading', '--globalopt', '--elim-avail-extern', '--instcombine', '--loop-instsimplify', '--gvn', '--simplifycfg', '--instsimplify', '--inline', '--mergefunc', '--gvn-hoist', '--instcombine', '--globalopt', '--elim-avail-extern', '--indvars', '--indvars', '--gvn', '--gvn', '--ipsccp', '--gvn', '--nary-reassociate', '--adce', '--early-cse', '--mem2reg', '--jump-threading', '--globalopt', '--jump-threading', '--bdce', '--elim-avail-extern', '--instcombine', '--simplifycfg', '--sroa', '--mem2reg', '--globaldce', '--gvn-hoist', '--sccp', '--early-cse', '--lower-constant-intrinsics', '--adce', '--slsr', '--gvn-hoist', '--adce', '--loop-simplify', '--dse', '--scalarizer', '--simplifycfg', '--lower-expect', '--simplifycfg', '--elim-avail-extern', '--lower-constant-intrinsics', '--ipsccp', '--gvn', '--nary-reassociate', '--gvn', '--early-cse', '--mem2reg', '--jump-threading', '--globalopt', '--slp-vectorizer', '--instcombine', '--simplifycfg', '--sroa', '--early-cse', '--lower-expect', '--sroa', '--sroa', '--lower-expect', '--aggressive-instcombine']",73,-3.5722821294032485,0.0,-0.7959674294750226,0.0,1,-3.5722821294032485,-0.7959674294750226,0.5008908414855473,-67.00507614213198,12.106006749440409,11.76470588235294,34
2056,"['--ipsccp', '--speculative-execution', '--sccp', '--early-cse', '--mem2reg', '--jump-threading', '--globalopt', '--elim-avail-extern', '--instcombine', '--adce', '--loop-instsimplify', '--jump-threading', '--gvn', '--simplifycfg', '--instsimplify', '--inline', '--mergefunc', '--gvn-hoist', '--instcombine', '--globalopt', '--elim-avail-extern', '--indvars', '--indvars', '--gvn', '--gvn', '--gvn', '--ipsccp', '--gvn', '--nary-reassociate', '--simple-loop-unswitch', '--early-cse', '--mem2reg', '--jump-threading', '--globalopt', '--jump-threading', '--bdce', '--elim-avail-extern', '--instcombine', '--simplifycfg', '--sroa', '--mem2reg', '--globaldce', '--gvn-hoist', '--sccp', '--early-cse', '--lower-constant-intrinsics', '--lower-constant-intrinsics', '--globalopt', '--slsr', '--dse', '--scalarizer', '--simplifycfg', '--lower-expect', '--simplifycfg', '--elim-avail-extern', '--lower-constant-intrinsics', '--ipsccp', '--loop-simplify', '--nary-reassociate', '--gvn', '--early-cse', '--mem2reg', '--jump-threading', '--globalopt', '--slp-vectorizer', '--instcombine', '--sroa', '--sroa', '--early-cse', '--lower-expect', '--simplifycfg', '--sroa', '--lower-expect', '--simplifycfg', '--aggressive-instcombine']",75,-3.5722821294032485,0.0,-0.7959674294750226,0.0,1,-3.5722821294032485,-0.7959674294750226,0.5008908414855473,-67.00507614213198,12.106006749440409,11.76470588235294,34
2058,"['--ipsccp', '--speculative-execution', '--sccp', '--early-cse', '--mem2reg', '--jump-threading', '--globalopt', '--elim-avail-extern', '--instcombine', '--loop-instsimplify', '--jump-threading', '--gvn', '--simplifycfg', '--instsimplify', '--inline', '--mergefunc', '--gvn-hoist', '--instcombine', '--globalopt', '--elim-avail-extern', '--indvars', '--indvars', '--gvn', '--gvn', '--ipsccp', '--gvn', '--nary-reassociate', '--adce', '--early-cse', '--mem2reg', '--jump-threading', '--globalopt', '--elim-avail-extern', '--instcombine', '--simplifycfg', '--sroa', '--mem2reg', '--globaldce', '--gvn-hoist', '--sccp', '--early-cse', '--lower-constant-intrinsics', '--adce', '--slsr', '--gvn-hoist', '--adce', '--loop-simplify', '--adce', '--loop-simplify', '--dse', '--scalarizer', '--simplifycfg', '--elim-avail-extern', '--nary-reassociate', '--elim-avail-extern', '--lower-constant-intrinsics', '--ipsccp', '--loop-simplify', '--nary-reassociate', '--gvn', '--early-cse', '--mem2reg', '--jump-threading', '--globalopt', '--slp-vectorizer', '--instcombine', '--simplifycfg', '--sroa', '--early-cse', '--lower-expect', '--sroa', '--lower-expect', '--simplifycfg', '--aggressive-instcombine']",74,-3.5722821294032485,0.0,-0.7959674294750226,0.0,1,-3.5722821294032485,-0.7959674294750226,0.5008908414855473,-67.00507614213198,12.106006749440409,11.76470588235294,34
2059,"['--ipsccp', '--speculative-execution', '--sccp', '--early-cse', '--mem2reg', '--jump-threading', '--elim-avail-extern', '--instcombine', '--adce', '--loop-interchange', '--aggressive-instcombine', '--gvn', '--simplifycfg', '--instsimplify', '--inline', '--mergefunc', '--gvn-hoist', '--gvn-hoist', '--instcombine', '--globalopt', '--elim-avail-extern', '--indvars', '--elim-avail-extern', '--indvars', '--gvn', '--gvn', '--ipsccp', '--gvn', '--nary-reassociate', '--loop-instsimplify', '--early-cse', '--mem2reg', '--jump-threading', '--globalopt', '--elim-avail-extern', '--instcombine', '--simplifycfg', '--sroa', '--mem2reg', '--globaldce', '--gvn-hoist', '--sccp', '--early-cse', '--lower-constant-intrinsics', '--adce', '--slsr', '--gvn-hoist', '--adce', '--loop-simplify', '--dse', '--scalarizer', '--simplifycfg', '--lower-expect', '--simplifycfg', '--elim-avail-extern', '--lower-constant-intrinsics', '--ipsccp', '--gvn', '--lower-constant-intrinsics', '--gvn', '--early-cse', '--mem2reg', '--jump-threading', '--simplifycfg', '--slp-vectorizer', '--instcombine', '--globalopt', '--sroa', '--early-cse', '--lower-expect', '--sroa', '--sroa', '--lower-expect', '--aggressive-instcombine']",74,-3.5722821294032485,0.0,-0.7959674294750226,0.0,1,-3.5722821294032485,-0.7959674294750226,0.5008908414855473,-67.00507614213198,12.106006749440409,11.76470588235294,34
2277,"['--ipsccp', '--speculative-execution', '--sccp', '--adce', '--early-cse', '--mem2reg', '--jump-threading', '--globalopt', '--elim-avail-extern', '--instcombine', '--loop-instsimplify', '--jump-threading', '--gvn', '--simplifycfg', '--instsimplify', '--inline', '--mergefunc', '--speculative-execution', '--instcombine', '--gvn-hoist', '--lower-expect', '--elim-avail-extern', '--indvars', '--indvars', '--indvars', '--gvn', '--gvn', '--nary-reassociate', '--nary-reassociate', '--nary-reassociate', '--loop-instsimplify', '--early-cse', '--ipsccp', '--mem2reg', '--jump-threading', '--globalopt', '--elim-avail-extern', '--instcombine', '--simplifycfg', '--sroa', '--mem2reg', '--globaldce', '--gvn-hoist', '--sccp', '--early-cse', '--loop-unroll-and-jam', '--adce', '--slsr', '--loop-simplify', '--dse', '--scalarizer', '--adce', '--loop-simplify', '--dse', '--scalarizer', '--simplifycfg', '--mergereturn', '--lower-expect', '--elim-avail-extern', '--lower-constant-intrinsics', '--ipsccp', '--nary-reassociate', '--gvn', '--jump-threading', '--globalopt', '--slp-vectorizer', '--instcombine', '--slp-vectorizer', '--instcombine', '--simplifycfg', '--sroa', '--early-cse', '--lower-expect', '--sroa', '--sroa', '--aggressive-instcombine']",76,-3.5722821294032485,0.0,-0.7959674294750226,0.0,1,-3.5722821294032485,-0.7959674294750226,0.5008908414855473,-67.00507614213198,12.106006749440409,11.76470588235294,34
2338,"['--ipsccp', '--speculative-execution', '--loop-unroll-and-jam', '--sccp', '--early-cse', '--mem2reg', '--jump-threading', '--globalopt', '--elim-avail-extern', '--instcombine', '--loop-instsimplify', '--jump-threading', '--gvn', '--simplifycfg', '--instsimplify', '--inline', '--mergefunc', '--gvn-hoist', '--instcombine', '--globalopt', '--elim-avail-extern', '--indvars', '--indvars', '--gvn', '--gvn', '--ipsccp', '--gvn', '--nary-reassociate', '--adce', '--early-cse', '--mem2reg', '--jump-threading', '--globalopt', '--elim-avail-extern', '--instcombine', '--simplifycfg', '--loop-simplifycfg', '--mem2reg', '--instcombine', '--simplifycfg', '--sroa', '--tailcallelim', '--globaldce', '--globaldce', '--gvn-hoist', '--sccp', '--early-cse', '--lower-constant-intrinsics', '--adce', '--slsr', '--gvn-hoist', '--adce', '--loop-simplify', '--dse', '--scalarizer', '--lower-expect', '--simplifycfg', '--elim-avail-extern', '--lower-constant-intrinsics', '--ipsccp', '--nary-reassociate', '--gvn', '--jump-threading', '--jump-threading', '--globalopt', '--slp-vectorizer', '--instcombine', '--simplifycfg', '--early-cse', '--sroa', '--sroa', '--lower-expect', '--simplifycfg', '--aggressive-instcombine']",74,-3.5722821294032485,0.0,-0.7959674294750226,0.0,1,-3.5722821294032485,-0.7959674294750226,0.5008908414855473,-67.00507614213198,12.106006749440409,11.76470588235294,34
2288,"['--simplifycfg', '--speculative-execution', '--sccp', '--early-cse', '--mem2reg', '--jump-threading', '--globalopt', '--elim-avail-extern', '--instcombine', '--loop-instsimplify', '--jump-threading', '--gvn', '--simplifycfg', '--instsimplify', '--inline', '--mergefunc', '--gvn-hoist', '--instcombine', '--globalopt', '--elim-avail-extern', '--indvars', '--indvars', '--gvn', '--gvn', '--lowerinvoke', '--ipsccp', '--gvn', '--nary-reassociate', '--loop-instsimplify', '--early-cse', '--mem2reg', '--jump-threading', '--jump-threading', '--bdce', '--bdce', '--elim-avail-extern', '--instcombine', '--simplifycfg', '--sroa', '--mem2reg', '--globaldce', '--gvn-hoist', '--sccp', '--early-cse', '--lower-constant-intrinsics', '--adce', '--slsr', '--gvn-hoist', '--adce', '--loop-simplify', '--lower-constant-intrinsics', '--dse', '--scalarizer', '--scalarizer', '--simplifycfg', '--lower-expect', '--simplifycfg', '--elim-avail-extern', '--lower-constant-intrinsics', '--ipsccp', '--gvn', '--nary-reassociate', '--gvn', '--early-cse', '--loop-guard-widening', '--jump-threading', '--globalopt', '--slp-vectorizer', '--instcombine', '--slp-vectorizer', '--instcombine', '--simplifycfg', '--sroa', '--early-cse', '--lower-expect', '--aggressive-instcombine']",76,-3.5722821294032485,0.0,-0.7959674294750226,0.0,1,-3.5722821294032485,-0.7959674294750226,0.5008908414855473,-67.00507614213198,12.106006749440409,11.76470588235294,34
2060,"['--ipsccp', '--speculative-execution', '--sccp', '--early-cse', '--mem2reg', '--jump-threading', '--elim-avail-extern', '--instcombine', '--adce', '--loop-interchange', '--aggressive-instcombine', '--gvn', '--simplifycfg', '--instsimplify', '--inline', '--mergefunc', '--gvn-hoist', '--gvn-hoist', '--instcombine', '--elim-avail-extern', '--indvars', '--indvars', '--gvn', '--gvn', '--ipsccp', '--loop-idiom', '--gvn', '--nary-reassociate', '--loop-instsimplify', '--early-cse', '--mem2reg', '--jump-threading', '--globalopt', '--jump-threading', '--bdce', '--elim-avail-extern', '--instcombine', '--simplifycfg', '--sroa', '--mem2reg', '--sroa', '--inferattrs', '--mem2reg', '--globaldce', '--gvn-hoist', '--sccp', '--early-cse', '--lower-constant-intrinsics', '--adce', '--slsr', '--lower-expect', '--gvn-hoist', '--adce', '--loop-simplify', '--dse', '--scalarizer', '--simplifycfg', '--lower-expect', '--elim-avail-extern', '--lower-constant-intrinsics', '--ipsccp', '--nary-reassociate', '--gvn', '--jump-threading', '--jump-threading', '--globalopt', '--slp-vectorizer', '--instcombine', '--simplifycfg', '--early-cse', '--sroa', '--sroa', '--lower-expect', '--aggressive-instcombine']",74,-3.5722821294032485,0.0,-0.7959674294750226,0.0,1,-3.5722821294032485,-0.7959674294750226,0.5008908414855473,-67.00507614213198,12.106006749440409,11.76470588235294,34
2291,"['--ipsccp', '--speculative-execution', '--sccp', '--early-cse', '--mem2reg', '--jump-threading', '--globalopt', '--elim-avail-extern', '--instcombine', '--loop-instsimplify', '--jump-threading', '--gvn', '--simplifycfg', '--hotcoldsplit', '--inline', '--mergefunc', '--gvn-hoist', '--loop-vectorize', '--elim-avail-extern', '--globalopt', '--instcombine', '--indvars', '--indvars', '--gvn-hoist', '--gvn', '--gvn', '--gvn', '--ipsccp', '--gvn', '--nary-reassociate', '--nary-reassociate', '--loop-instsimplify', '--early-cse', '--ipsccp', '--mem2reg', '--jump-threading', '--globalopt', '--elim-avail-extern', '--instcombine', '--simplifycfg', '--sroa', '--mem2reg', '--globaldce', '--gvn-hoist', '--sccp', '--early-cse', '--lower-constant-intrinsics', '--adce', '--slsr', '--gvn-hoist', '--adce', '--loop-simplify', '--dse', '--elim-avail-extern', '--simplifycfg', '--lower-expect', '--simplifycfg', '--scalarizer', '--slp-vectorizer', '--ipsccp', '--gvn', '--nary-reassociate', '--gvn', '--early-cse', '--loop-guard-widening', '--jump-threading', '--globalopt', '--slp-vectorizer', '--instcombine', '--slp-vectorizer', '--instcombine', '--simplifycfg', '--sroa', '--early-cse', '--lower-expect', '--sroa', '--lower-expect', '--aggressive-instcombine']",78,-3.5722821294032485,0.0,-0.7959674294750226,0.0,1,-3.5722821294032485,-0.7959674294750226,0.5008908414855473,-67.00507614213198,12.106006749440409,11.76470588235294,34
2297,"['--ipsccp', '--speculative-execution', '--sccp', '--lower-constant-intrinsics', '--early-cse', '--mem2reg', '--jump-threading', '--globalopt', '--elim-avail-extern', '--instcombine', '--loop-instsimplify', '--jump-threading', '--gvn', '--simplifycfg', '--loop-versioning-licm', '--instsimplify', '--inline', '--mergefunc', '--gvn-hoist', '--instcombine', '--globalopt', '--elim-avail-extern', '--bdce', '--indvars', '--indvars', '--gvn', '--gvn', '--ipsccp', '--gvn', '--nary-reassociate', '--mem2reg', '--jump-threading', '--correlated-propagation', '--mem2reg', '--memcpyopt', '--globalopt', '--jump-threading', '--bdce', '--elim-avail-extern', '--instcombine', '--simplifycfg', '--sroa', '--lower-constant-intrinsics', '--adce', '--slsr', '--gvn-hoist', '--adce', '--loop-simplify', '--adce', '--loop-simplify', '--dse', '--scalarizer', '--scalarizer', '--simplifycfg', '--lower-expect', '--simplifycfg', '--elim-avail-extern', '--lower-constant-intrinsics', '--lower-constant-intrinsics', '--ipsccp', '--nary-reassociate', '--adce', '--early-cse', '--loop-guard-widening', '--jump-threading', '--slp-vectorizer', '--instcombine', '--slp-vectorizer', '--instcombine', '--simplifycfg', '--sroa', '--early-cse', '--lower-expect', '--sroa', '--lower-expect', '--aggressive-instcombine']",76,-3.5722821294032485,0.0,-0.7959674294750226,0.0,1,-3.5722821294032485,-0.7959674294750226,0.5008908414855473,-67.00507614213198,12.106006749440409,11.76470588235294,34
2337,"['--simplifycfg', '--speculative-execution', '--sccp', '--early-cse', '--mem2reg', '--jump-threading', '--globalopt', '--elim-avail-extern', '--instcombine', '--loop-instsimplify', '--jump-threading', '--gvn', '--simplifycfg', '--instsimplify', '--inline', '--mergefunc', '--gvn-hoist', '--instcombine', '--globalopt', '--elim-avail-extern', '--indvars', '--indvars', '--gvn', '--gvn', '--ipsccp', '--gvn', '--ipsccp', '--gvn', '--nary-reassociate', '--adce', '--early-cse', '--mem2reg', '--jump-threading', '--globalopt', '--elim-avail-extern', '--instcombine', '--simplifycfg', '--sroa', '--mem2reg', '--globaldce', '--gvn-hoist', '--sccp', '--early-cse', '--lower-constant-intrinsics', '--adce', '--slsr', '--nary-reassociate', '--adce', '--loop-simplify', '--dse', '--scalarizer', '--adce', '--loop-simplify', '--dse', '--scalarizer', '--simplifycfg', '--mergereturn', '--lower-expect', '--elim-avail-extern', '--lower-constant-intrinsics', '--ipsccp', '--gvn-hoist', '--gvn', '--jump-threading', '--globalopt', '--slp-vectorizer', '--instcombine', '--slp-vectorizer', '--instcombine', '--simplifycfg', '--flattencfg', '--sroa', '--early-cse', '--early-cse', '--lower-expect', '--aggressive-instcombine']",76,-3.5722821294032485,0.0,-0.7959674294750226,0.0,1,-3.5722821294032485,-0.7959674294750226,0.5008908414855473,-67.00507614213198,12.106006749440409,11.76470588235294,34
2067,"['--ipsccp', '--speculative-execution', '--sccp', '--early-cse', '--mem2reg', '--jump-threading', '--globalopt', '--elim-avail-extern', '--instcombine', '--adce', '--jump-threading', '--gvn', '--simplifycfg', '--instsimplify', '--inline', '--mergefunc', '--gvn-hoist', '--instcombine', '--globalopt', '--elim-avail-extern', '--indvars', '--indvars', '--gvn', '--gvn', '--ipsccp', '--gvn', '--nary-reassociate', '--loop-instsimplify', '--early-cse', '--mem2reg', '--jump-threading', '--correlated-propagation', '--mem2reg', '--memcpyopt', '--globalopt', '--jump-threading', '--bdce', '--elim-avail-extern', '--instcombine', '--simplifycfg', '--sroa', '--lower-constant-intrinsics', '--adce', '--slsr', '--gvn-hoist', '--adce', '--loop-simplify', '--adce', '--loop-simplify', '--dse', '--scalarizer', '--scalarizer', '--simplifycfg', '--lower-expect', '--simplifycfg', '--elim-avail-extern', '--lower-constant-intrinsics', '--ipsccp', '--gvn', '--nary-reassociate', '--gvn', '--early-cse', '--loop-guard-widening', '--jump-threading', '--globalopt', '--slp-vectorizer', '--instcombine', '--slp-vectorizer', '--instcombine', '--simplifycfg', '--sroa', '--early-cse', '--lower-expect', '--sroa', '--lower-expect', '--aggressive-instcombine']",76,-3.5722821294032485,0.0,-0.7959674294750226,0.0,1,-3.5722821294032485,-0.7959674294750226,0.5008908414855473,-67.00507614213198,12.106006749440409,11.76470588235294,34
2061,"['--ipsccp', '--speculative-execution', '--sccp', '--early-cse', '--mem2reg', '--jump-threading', '--elim-avail-extern', '--instcombine', '--adce', '--loop-interchange', '--aggressive-instcombine', '--gvn', '--simplifycfg', '--instsimplify', '--inline', '--mergefunc', '--gvn-hoist', '--instcombine', '--globalopt', '--elim-avail-extern', '--indvars', '--indvars', '--loop-unroll-and-jam', '--elim-avail-extern', '--indvars', '--gvn', '--gvn', '--nary-reassociate', '--loop-instsimplify', '--early-cse', '--mem2reg', '--jump-threading', '--mem2reg', '--instcombine', '--jump-threading', '--bdce', '--elim-avail-extern', '--globalopt', '--simplifycfg', '--sroa', '--tailcallelim', '--globaldce', '--gvn-hoist', '--sccp', '--early-cse', '--lower-constant-intrinsics', '--adce', '--nary-reassociate', '--slsr', '--gvn-hoist', '--adce', '--loop-simplify', '--dse', '--scalarizer', '--elim-avail-extern', '--lower-expect', '--simplifycfg', '--elim-avail-extern', '--jump-threading', '--lower-constant-intrinsics', '--ipsccp', '--gvn', '--nary-reassociate', '--gvn', '--early-cse', '--mem2reg', '--jump-threading', '--globalopt', '--slp-vectorizer', '--instcombine', '--simplifycfg', '--sroa', '--early-cse', '--lower-expect', '--sroa', '--simplifycfg', '--lower-expect', '--aggressive-instcombine']",78,-3.5722821294032485,0.0,-0.7959674294750226,0.0,1,-3.5722821294032485,-0.7959674294750226,0.5008908414855473,-67.00507614213198,12.106006749440409,11.76470588235294,34
2298,"['--ipsccp', '--speculative-execution', '--sccp', '--early-cse', '--mem2reg', '--jump-threading', '--globalopt', '--elim-avail-extern', '--instcombine', '--adce', '--jump-threading', '--gvn', '--simplifycfg', '--instsimplify', '--inline', '--mergefunc', '--gvn-hoist', '--instcombine', '--globalopt', '--elim-avail-extern', '--indvars', '--indvars', '--gvn', '--gvn', '--lowerinvoke', '--ipsccp', '--gvn', '--nary-reassociate', '--loop-instsimplify', '--early-cse', '--mem2reg', '--jump-threading', '--jump-threading', '--bdce', '--bdce', '--elim-avail-extern', '--instcombine', '--simplifycfg', '--sroa', '--mem2reg', '--globaldce', '--gvn-hoist', '--sccp', '--early-cse', '--lower-constant-intrinsics', '--adce', '--slsr', '--gvn-hoist', '--adce', '--dse', '--scalarizer', '--adce', '--loop-simplify', '--dse', '--scalarizer', '--simplifycfg', '--mergereturn', '--lower-expect', '--elim-avail-extern', '--lower-constant-intrinsics', '--ipsccp', '--nary-reassociate', '--gvn', '--jump-threading', '--globalopt', '--slp-vectorizer', '--instcombine', '--slp-vectorizer', '--instcombine', '--simplifycfg', '--sroa', '--early-cse', '--lower-expect', '--sroa', '--sroa', '--aggressive-instcombine']",76,-3.5722821294032485,0.0,-0.7959674294750226,0.0,1,-3.5722821294032485,-0.7959674294750226,0.5008908414855473,-67.00507614213198,12.106006749440409,11.76470588235294,34
2066,"['--ipsccp', '--speculative-execution', '--sccp', '--early-cse', '--mem2reg', '--jump-threading', '--elim-avail-extern', '--instcombine', '--adce', '--loop-interchange', '--aggressive-instcombine', '--gvn', '--simplifycfg', '--instsimplify', '--inline', '--mergefunc', '--gvn-hoist', '--gvn-hoist', '--instcombine', '--globalopt', '--elim-avail-extern', '--indvars', '--elim-avail-extern', '--indvars', '--gvn', '--gvn', '--ipsccp', '--gvn', '--nary-reassociate', '--loop-instsimplify', '--early-cse', '--mem2reg', '--jump-threading', '--globalopt', '--elim-avail-extern', '--instcombine', '--simplifycfg', '--sroa', '--mem2reg', '--globaldce', '--gvn-hoist', '--sccp', '--early-cse', '--lower-constant-intrinsics', '--adce', '--slsr', '--gvn-hoist', '--adce', '--loop-simplify', '--dse', '--scalarizer', '--simplifycfg', '--lower-expect', '--simplifycfg', '--elim-avail-extern', '--instsimplify', '--lower-constant-intrinsics', '--ipsccp', '--gvn', '--lower-constant-intrinsics', '--gvn', '--early-cse', '--mem2reg', '--jump-threading', '--globalopt', '--slp-vectorizer', '--instcombine', '--simplifycfg', '--sroa', '--early-cse', '--lower-expect', '--sroa', '--sroa', '--lower-expect', '--aggressive-instcombine']",75,-3.5722821294032485,0.0,-0.7959674294750226,0.0,1,-3.5722821294032485,-0.7959674294750226,0.5008908414855473,-67.00507614213198,12.106006749440409,11.76470588235294,34
2246,"['--ipsccp', '--speculative-execution', '--sccp', '--early-cse', '--mem2reg', '--jump-threading', '--globalopt', '--elim-avail-extern', '--instcombine', '--loop-instsimplify', '--jump-threading', '--gvn', '--simplifycfg', '--instsimplify', '--inline', '--mergefunc', '--gvn-hoist', '--instcombine', '--globalopt', '--elim-avail-extern', '--indvars', '--indvars', '--indvars', '--gvn', '--gvn', '--ipsccp', '--gvn', '--nary-reassociate', '--adce', '--early-cse', '--mem2reg', '--jump-threading', '--globalopt', '--elim-avail-extern', '--instcombine', '--simplifycfg', '--sroa', '--mem2reg', '--globaldce', '--mem2reg', '--globaldce', '--gvn-hoist', '--sccp', '--early-cse', '--lower-constant-intrinsics', '--adce', '--slsr', '--gvn-hoist', '--adce', '--loop-simplify', '--dse', '--scalarizer', '--simplifycfg', '--lower-expect', '--ipsccp', '--elim-avail-extern', '--lower-constant-intrinsics', '--ipsccp', '--gvn', '--gvn', '--gvn', '--early-cse', '--mem2reg', '--jump-threading', '--correlated-propagation', '--slp-vectorizer', '--instcombine', '--simplifycfg', '--early-cse-memssa', '--sroa', '--early-cse', '--lower-expect', '--sroa', '--sroa', '--lower-expect', '--aggressive-instcombine']",76,-3.5722821294032485,0.0,-0.7959674294750226,0.0,1,-3.5722821294032485,-0.7959674294750226,0.5008908414855473,-67.00507614213198,12.106006749440409,11.76470588235294,34
2325,"['--ipsccp', '--speculative-execution', '--sccp', '--adce', '--early-cse', '--mem2reg', '--jump-threading', '--globalopt', '--elim-avail-extern', '--instcombine', '--loop-instsimplify', '--jump-threading', '--gvn', '--simplifycfg', '--instsimplify', '--inline', '--mergefunc', '--speculative-execution', '--instcombine', '--gvn-hoist', '--lower-expect', '--elim-avail-extern', '--indvars', '--indvars', '--indvars', '--gvn', '--gvn', '--nary-reassociate', '--nary-reassociate', '--nary-reassociate', '--loop-instsimplify', '--early-cse', '--ipsccp', '--mem2reg', '--jump-threading', '--globalopt', '--elim-avail-extern', '--instcombine', '--sroa', '--mem2reg', '--globaldce', '--gvn-hoist', '--sccp', '--early-cse', '--loop-unroll-and-jam', '--adce', '--slsr', '--loop-simplify', '--dse', '--scalarizer', '--adce', '--loop-simplify', '--dse', '--scalarizer', '--simplifycfg', '--mergereturn', '--lower-expect', '--elim-avail-extern', '--lower-constant-intrinsics', '--ipsccp', '--nary-reassociate', '--gvn', '--jump-threading', '--globalopt', '--slp-vectorizer', '--instcombine', '--slp-vectorizer', '--simplifycfg', '--sroa', '--early-cse', '--lower-expect', '--sroa', '--lower-expect', '--aggressive-instcombine']",74,-3.5722821294032485,0.0,-0.7959674294750226,0.0,1,-3.5722821294032485,-0.7959674294750226,0.5008908414855473,-67.00507614213198,12.106006749440409,11.76470588235294,34
2310,"['--ipsccp', '--speculative-execution', '--sccp', '--lower-constant-intrinsics', '--early-cse', '--mem2reg', '--jump-threading', '--globalopt', '--elim-avail-extern', '--instcombine', '--loop-instsimplify', '--jump-threading', '--gvn', '--simplifycfg', '--instsimplify', '--inline', '--mergefunc', '--instcombine', '--loop-sink', '--globalopt', '--elim-avail-extern', '--indvars', '--indvars', '--gvn', '--gvn', '--ipsccp', '--gvn', '--nary-reassociate', '--adce', '--early-cse', '--mem2reg', '--jump-threading', '--globalopt', '--elim-avail-extern', '--elim-avail-extern', '--instcombine', '--simplifycfg', '--sroa', '--mem2reg', '--globaldce', '--simplifycfg', '--sccp', '--early-cse', '--lower-constant-intrinsics', '--adce', '--slsr', '--gvn-hoist', '--adce', '--loop-simplify', '--dse', '--scalarizer', '--simplifycfg', '--lower-expect', '--gvn-hoist', '--simplifycfg', '--lower-expect', '--simplifycfg', '--elim-avail-extern', '--lower-constant-intrinsics', '--ipsccp', '--gvn', '--nary-reassociate', '--gvn', '--early-cse', '--loop-guard-widening', '--jump-threading', '--globalopt', '--slp-vectorizer', '--instcombine', '--slp-vectorizer', '--instcombine', '--simplifycfg', '--sroa', '--early-cse', '--lower-expect', '--aggressive-instcombine']",76,-3.5722821294032485,0.0,-0.7959674294750226,0.0,1,-3.5722821294032485,-0.7959674294750226,0.5008908414855473,-67.00507614213198,12.106006749440409,11.76470588235294,34
2306,"['--ipsccp', '--speculative-execution', '--sccp', '--early-cse', '--mem2reg', '--jump-threading', '--globalopt', '--elim-avail-extern', '--instcombine', '--loop-instsimplify', '--jump-threading', '--simple-loop-unswitch', '--gvn', '--simplifycfg', '--instsimplify', '--inline', '--mergefunc', '--gvn-hoist', '--tailcallelim', '--globalopt', '--elim-avail-extern', '--indvars', '--indvars', '--gvn', '--gvn', '--gvn', '--gvn', '--ipsccp', '--gvn', '--nary-reassociate', '--strip', '--mem2reg', '--jump-threading', '--globalopt', '--elim-avail-extern', '--instcombine', '--simplifycfg', '--sroa', '--mem2reg', '--globaldce', '--gvn-hoist', '--sccp', '--early-cse', '--lower-constant-intrinsics', '--adce', '--slsr', '--gvn-hoist', '--adce', '--loop-simplify', '--dse', '--scalarizer', '--adce', '--loop-simplify', '--scalarizer', '--simplifycfg', '--mergereturn', '--lower-expect', '--elim-avail-extern', '--lower-constant-intrinsics', '--ipsccp', '--nary-reassociate', '--gvn', '--jump-threading', '--globalopt', '--slp-vectorizer', '--instcombine', '--slp-vectorizer', '--instcombine', '--simplifycfg', '--sroa', '--early-cse', '--early-cse', '--lower-expect', '--aggressive-instcombine']",74,-3.5722821294032485,0.0,-0.7959674294750226,0.0,1,-3.5722821294032485,-0.7959674294750226,0.5008908414855473,-67.00507614213198,12.106006749440409,11.76470588235294,34
2042,"['--bdce', '--speculative-execution', '--sccp', '--early-cse', '--mem2reg', '--jump-threading', '--globalopt', '--elim-avail-extern', '--instcombine', '--loop-instsimplify', '--jump-threading', '--gvn', '--simplifycfg', '--instsimplify', '--inline', '--mergefunc', '--gvn-hoist', '--tailcallelim', '--globalopt', '--elim-avail-extern', '--globalopt', '--indvars', '--indvars', '--gvn', '--gvn', '--ipsccp', '--gvn', '--nary-reassociate', '--loop-sink', '--adce', '--early-cse', '--mem2reg', '--jump-threading', '--globalopt', '--elim-avail-extern', '--loop-interchange', '--instcombine', '--simplifycfg', '--instcombine', '--simplifycfg', '--sroa', '--inferattrs', '--mem2reg', '--gvn-hoist', '--sccp', '--early-cse', '--lower-constant-intrinsics', '--adce', '--nary-reassociate', '--slsr', '--gvn-hoist', '--adce', '--loop-simplify', '--dse', '--scalarizer', '--elim-avail-extern', '--lower-expect', '--simplifycfg', '--elim-avail-extern', '--jump-threading', '--lower-constant-intrinsics', '--ipsccp', '--gvn', '--nary-reassociate', '--gvn', '--early-cse', '--jump-threading', '--globalopt', '--slp-vectorizer', '--instcombine', '--simplifycfg', '--sroa', '--early-cse', '--lower-expect', '--sroa', '--sroa', '--lower-expect', '--aggressive-instcombine']",78,-3.5722821294032485,0.0,-0.7959674294750226,0.0,1,-3.5722821294032485,-0.7959674294750226,0.5008908414855473,-67.00507614213198,12.106006749440409,11.76470588235294,34
2062,"['--ipsccp', '--speculative-execution', '--sccp', '--early-cse', '--mem2reg', '--sroa', '--globalopt', '--elim-avail-extern', '--instcombine', '--loop-instsimplify', '--jump-threading', '--gvn', '--simplifycfg', '--instsimplify', '--inline', '--mergefunc', '--gvn-hoist', '--mergefunc', '--gvn-hoist', '--gvn-hoist', '--lower-expect', '--elim-avail-extern', '--indvars', '--indvars', '--indvars', '--gvn', '--gvn', '--nary-reassociate', '--loop-instsimplify', '--early-cse', '--mem2reg', '--jump-threading', '--mem2reg', '--globalopt', '--jump-threading', '--bdce', '--elim-avail-extern', '--instcombine', '--simplifycfg', '--sroa', '--tailcallelim', '--globaldce', '--globaldce', '--gvn-hoist', '--sccp', '--early-cse', '--lower-constant-intrinsics', '--adce', '--slsr', '--gvn-hoist', '--adce', '--loop-simplify', '--dse', '--scalarizer', '--simplifycfg', '--lower-expect', '--simplifycfg', '--elim-avail-extern', '--lower-constant-intrinsics', '--ipsccp', '--nary-reassociate', '--gvn', '--jump-threading', '--jump-threading', '--globalopt', '--slp-vectorizer', '--instcombine', '--simplifycfg', '--early-cse', '--sroa', '--sroa', '--instcombine', '--aggressive-instcombine']",73,-3.5722821294032485,0.0,-0.7959674294750226,0.0,1,-3.5722821294032485,-0.7959674294750226,0.5008908414855473,-67.00507614213198,12.106006749440409,11.76470588235294,34
2041,"['--ipsccp', '--speculative-execution', '--sccp', '--early-cse', '--mem2reg', '--jump-threading', '--globalopt', '--elim-avail-extern', '--instcombine', '--loop-instsimplify', '--jump-threading', '--gvn', '--simplifycfg', '--instsimplify', '--inline', '--mergefunc', '--gvn-hoist', '--tailcallelim', '--globalopt', '--elim-avail-extern', '--indvars', '--indvars', '--gvn', '--gvn', '--gvn', '--gvn', '--ipsccp', '--gvn', '--nary-reassociate', '--nary-reassociate', '--loop-instsimplify', '--early-cse', '--ipsccp', '--mem2reg', '--jump-threading', '--globalopt', '--elim-avail-extern', '--instcombine', '--simplifycfg', '--sroa', '--mem2reg', '--correlated-propagation', '--gvn-hoist', '--sccp', '--early-cse', '--lower-constant-intrinsics', '--adce', '--slsr', '--gvn-hoist', '--adce', '--loop-simplify', '--dse', '--scalarizer', '--simplifycfg', '--lower-expect', '--simplifycfg', '--elim-avail-extern', '--lower-constant-intrinsics', '--ipsccp', '--gvn', '--gvn', '--gvn', '--early-cse', '--mem2reg', '--jump-threading', '--globaldce', '--slp-vectorizer', '--instcombine', '--simplifycfg', '--early-cse-memssa', '--sroa', '--early-cse', '--lower-expect', '--sroa', '--sroa', '--lower-expect', '--aggressive-instcombine']",77,-3.5722821294032485,0.0,-0.7959674294750226,0.0,1,-3.5722821294032485,-0.7959674294750226,0.5008908414855473,-67.00507614213198,12.106006749440409,11.76470588235294,34
2032,"['--ipsccp', '--speculative-execution', '--sccp', '--early-cse', '--mem2reg', '--jump-threading', '--elim-avail-extern', '--instcombine', '--adce', '--loop-interchange', '--aggressive-instcombine', '--gvn', '--simplifycfg', '--instsimplify', '--inline', '--mergefunc', '--gvn-hoist', '--gvn-hoist', '--instcombine', '--globalopt', '--elim-avail-extern', '--indvars', '--elim-avail-extern', '--indvars', '--gvn', '--gvn', '--ipsccp', '--gvn', '--nary-reassociate', '--loop-instsimplify', '--early-cse', '--mem2reg', '--jump-threading', '--elim-avail-extern', '--instcombine', '--simplifycfg', '--sroa', '--mem2reg', '--globaldce', '--gvn-hoist', '--sccp', '--early-cse', '--lower-constant-intrinsics', '--adce', '--slsr', '--gvn-hoist', '--adce', '--loop-simplify', '--dse', '--scalarizer', '--simplifycfg', '--lower-expect', '--simplifycfg', '--elim-avail-extern', '--lower-constant-intrinsics', '--ipsccp', '--gvn', '--nary-reassociate', '--gvn', '--early-cse', '--mem2reg', '--jump-threading', '--globalopt', '--slp-vectorizer', '--instcombine', '--simplifycfg', '--sroa', '--early-cse', '--lower-expect', '--sroa', '--sroa', '--lower-expect', '--aggressive-instcombine']",73,-3.5722821294032485,0.0,-0.7959674294750226,0.0,1,-3.5722821294032485,-0.7959674294750226,0.5008908414855473,-67.00507614213198,12.106006749440409,11.76470588235294,34
2259,"['--ipsccp', '--speculative-execution', '--sccp', '--early-cse', '--mem2reg', '--jump-threading', '--elim-avail-extern', '--instcombine', '--adce', '--loop-interchange', '--aggressive-instcombine', '--gvn', '--simplifycfg', '--instsimplify', '--inline', '--mergefunc', '--gvn-hoist', '--gvn-hoist', '--instcombine', '--globalopt', '--elim-avail-extern', '--indvars', '--elim-avail-extern', '--indvars', '--gvn', '--gvn', '--ipsccp', '--gvn', '--nary-reassociate', '--mem2reg', '--jump-threading', '--correlated-propagation', '--mem2reg', '--memcpyopt', '--globalopt', '--jump-threading', '--bdce', '--elim-avail-extern', '--instcombine', '--simplifycfg', '--sroa', '--lower-constant-intrinsics', '--adce', '--slsr', '--gvn-hoist', '--adce', '--loop-simplify', '--adce', '--loop-simplify', '--dse', '--scalarizer', '--scalarizer', '--simplifycfg', '--lower-expect', '--simplifycfg', '--elim-avail-extern', '--lower-constant-intrinsics', '--lower-constant-intrinsics', '--ipsccp', '--nary-reassociate', '--adce', '--early-cse', '--loop-guard-widening', '--jump-threading', '--slp-vectorizer', '--instcombine', '--slp-vectorizer', '--instcombine', '--simplifycfg', '--sroa', '--early-cse', '--lower-expect', '--sroa', '--lower-expect', '--aggressive-instcombine']",75,-3.5722821294032485,0.0,-0.7959674294750226,0.0,1,-3.5722821294032485,-0.7959674294750226,0.5008908414855473,-67.00507614213198,12.106006749440409,11.76470588235294,34
2081,"['--ipsccp', '--speculative-execution', '--sccp', '--early-cse', '--mem2reg', '--jump-threading', '--globalopt', '--elim-avail-extern', '--instcombine', '--loop-instsimplify', '--jump-threading', '--gvn', '--simplifycfg', '--instsimplify', '--inline', '--mergefunc', '--gvn-hoist', '--instcombine', '--globalopt', '--elim-avail-extern', '--elim-avail-extern', '--indvars', '--indvars', '--gvn', '--gvn', '--ipsccp', '--gvn', '--nary-reassociate', '--adce', '--early-cse', '--mem2reg', '--jump-threading', '--globalopt', '--elim-avail-extern', '--instcombine', '--simplifycfg', '--simplifycfg', '--sroa', '--mem2reg', '--globaldce', '--gvn-hoist', '--sccp', '--early-cse', '--lower-constant-intrinsics', '--adce', '--slsr', '--gvn-hoist', '--gvn', '--adce', '--simplifycfg', '--dse', '--scalarizer', '--simplifycfg', '--lower-expect', '--simplifycfg', '--elim-avail-extern', '--lower-constant-intrinsics', '--gvn', '--nary-reassociate', '--elim-avail-extern', '--early-cse', '--mem2reg', '--jump-threading', '--globalopt', '--slp-vectorizer', '--instcombine', '--simplifycfg', '--sroa', '--early-cse', '--lower-expect', '--sroa', '--lower-expect', '--simplifycfg', '--aggressive-instcombine']",74,-3.5722821294032485,0.0,-0.7959674294750226,0.0,1,-3.5722821294032485,-0.7959674294750226,0.5008908414855473,-67.00507614213198,12.106006749440409,11.76470588235294,34
2261,"['--ipsccp', '--speculative-execution', '--sccp', '--early-cse', '--mem2reg', '--jump-threading', '--globalopt', '--elim-avail-extern', '--instcombine', '--adce', '--jump-threading', '--gvn', '--simplifycfg', '--instsimplify', '--inline', '--mergefunc', '--gvn-hoist', '--instcombine', '--globalopt', '--elim-avail-extern', '--indvars', '--indvars', '--gvn', '--gvn', '--lowerinvoke', '--ipsccp', '--gvn', '--nary-reassociate', '--loop-instsimplify', '--early-cse', '--mem2reg', '--jump-threading', '--jump-threading', '--bdce', '--bdce', '--elim-avail-extern', '--instcombine', '--simplifycfg', '--sroa', '--mem2reg', '--globaldce', '--gvn-hoist', '--sccp', '--early-cse', '--lower-constant-intrinsics', '--adce', '--slsr', '--gvn-hoist', '--adce', '--loop-simplify', '--lower-constant-intrinsics', '--dse', '--scalarizer', '--loop-simplifycfg', '--elim-avail-extern', '--lower-constant-intrinsics', '--ipsccp', '--gvn', '--nary-reassociate', '--gvn', '--early-cse', '--mem2reg', '--jump-threading', '--globalopt', '--slp-vectorizer', '--instcombine', '--simplifycfg', '--sroa', '--early-cse', '--lower-expect', '--sroa', '--sroa', '--lower-expect', '--aggressive-instcombine']",74,-3.5722821294032485,0.0,-0.7959674294750226,0.0,1,-3.5722821294032485,-0.7959674294750226,0.5008908414855473,-67.00507614213198,12.106006749440409,11.76470588235294,34
2033,"['--ipsccp', '--speculative-execution', '--sccp', '--early-cse', '--mem2reg', '--jump-threading', '--globalopt', '--elim-avail-extern', '--instcombine', '--adce', '--jump-threading', '--gvn', '--simplifycfg', '--instsimplify', '--inline', '--mergefunc', '--gvn-hoist', '--instcombine', '--globalopt', '--elim-avail-extern', '--indvars', '--indvars', '--gvn', '--gvn', '--ipsccp', '--gvn', '--nary-reassociate', '--loop-instsimplify', '--early-cse', '--mem2reg', '--jump-threading', '--globalopt', '--jump-threading', '--bdce', '--elim-avail-extern', '--instcombine', '--instcombine', '--simplifycfg', '--sroa', '--mem2reg', '--globaldce', '--gvn-hoist', '--sccp', '--early-cse', '--lower-constant-intrinsics', '--adce', '--slsr', '--gvn-hoist', '--adce', '--loop-simplify', '--dse', '--scalarizer', '--simplifycfg', '--lower-expect', '--simplifycfg', '--elim-avail-extern', '--elim-avail-extern', '--lower-constant-intrinsics', '--ipsccp', '--ipsccp', '--loop-reroll', '--gvn', '--early-cse', '--lowerinvoke', '--mem2reg', '--jump-threading', '--globalopt', '--slp-vectorizer', '--instcombine', '--simplifycfg', '--sroa', '--early-cse', '--lower-expect', '--sroa', '--sroa', '--lower-expect', '--aggressive-instcombine']",77,-3.5722821294032485,0.0,-0.7959674294750226,0.0,1,-3.5722821294032485,-0.7959674294750226,0.5008908414855473,-67.00507614213198,12.106006749440409,11.76470588235294,34
2034,"['--ipsccp', '--speculative-execution', '--sccp', '--early-cse', '--mem2reg', '--jump-threading', '--globalopt', '--elim-avail-extern', '--instcombine', '--loop-instsimplify', '--jump-threading', '--gvn', '--simplifycfg', '--instsimplify', '--inline', '--mergefunc', '--gvn-hoist', '--instcombine', '--globalopt', '--elim-avail-extern', '--indvars', '--indvars', '--gvn', '--gvn', '--ipsccp', '--gvn', '--nary-reassociate', '--adce', '--early-cse', '--mem2reg', '--jump-threading', '--globalopt', '--elim-avail-extern', '--instcombine', '--globalopt', '--loop-simplify', '--simplifycfg', '--sroa', '--mem2reg', '--globaldce', '--gvn-hoist', '--sccp', '--early-cse', '--lower-constant-intrinsics', '--adce', '--slsr', '--gvn-hoist', '--gvn', '--adce', '--loop-simplify', '--dse', '--scalarizer', '--simplifycfg', '--lower-expect', '--simplifycfg', '--elim-avail-extern', '--lower-constant-intrinsics', '--gvn', '--nary-reassociate', '--elim-avail-extern', '--early-cse', '--mem2reg', '--jump-threading', '--globalopt', '--slp-vectorizer', '--instcombine', '--simplifycfg', '--sroa', '--early-cse', '--lower-expect', '--sroa', '--lower-expect', '--simplifycfg', '--aggressive-instcombine']",74,-3.5722821294032485,0.0,-0.7959674294750226,0.0,1,-3.5722821294032485,-0.7959674294750226,0.5008908414855473,-67.00507614213198,12.106006749440409,11.76470588235294,34
2262,"['--ipsccp', '--speculative-execution', '--sccp', '--early-cse', '--mem2reg', '--jump-threading', '--globalopt', '--elim-avail-extern', '--instcombine', '--adce', '--jump-threading', '--gvn', '--simplifycfg', '--instsimplify', '--inline', '--mergefunc', '--gvn-hoist', '--instcombine', '--globalopt', '--elim-avail-extern', '--indvars', '--indvars', '--gvn', '--gvn', '--lowerinvoke', '--ipsccp', '--gvn', '--nary-reassociate', '--loop-instsimplify', '--early-cse', '--mem2reg', '--jump-threading', '--jump-threading', '--bdce', '--bdce', '--elim-avail-extern', '--instcombine', '--simplifycfg', '--sroa', '--mem2reg', '--globaldce', '--gvn-hoist', '--sccp', '--early-cse', '--lower-constant-intrinsics', '--adce', '--slsr', '--gvn-hoist', '--adce', '--loop-simplify', '--dse', '--scalarizer', '--simplifycfg', '--elim-avail-extern', '--nary-reassociate', '--elim-avail-extern', '--lower-constant-intrinsics', '--ipsccp', '--loop-simplify', '--nary-reassociate', '--gvn', '--early-cse', '--mem2reg', '--jump-threading', '--globalopt', '--slp-vectorizer', '--instcombine', '--simplifycfg', '--nary-reassociate', '--sroa', '--early-cse', '--lower-expect', '--sroa', '--lower-expect', '--simplifycfg', '--aggressive-instcombine', '--dce']",77,-3.5722821294032485,0.0,-0.7959674294750226,0.0,1,-3.5722821294032485,-0.7959674294750226,0.5008908414855473,-67.00507614213198,12.106006749440409,11.76470588235294,34
2078,"['--ipsccp', '--speculative-execution', '--sccp', '--early-cse', '--mem2reg', '--jump-threading', '--globalopt', '--elim-avail-extern', '--instcombine', '--loop-instsimplify', '--jump-threading', '--gvn', '--simplifycfg', '--instsimplify', '--inline', '--mergefunc', '--gvn-hoist', '--instcombine', '--globalopt', '--elim-avail-extern', '--indvars', '--indvars', '--gvn', '--gvn', '--ipsccp', '--gvn', '--nary-reassociate', '--adce', '--early-cse', '--mem2reg', '--jump-threading', '--globalopt', '--elim-avail-extern', '--instcombine', '--globalopt', '--sroa', '--ipsccp', '--sroa', '--inferattrs', '--mem2reg', '--gvn-hoist', '--sccp', '--early-cse', '--lower-constant-intrinsics', '--lower-constant-intrinsics', '--adce', '--slsr', '--gvn-hoist', '--adce', '--loop-simplify', '--dse', '--scalarizer', '--simplifycfg', '--lower-expect', '--elim-avail-extern', '--lower-constant-intrinsics', '--ipsccp', '--nary-reassociate', '--gvn', '--jump-threading', '--globalopt', '--slp-vectorizer', '--instcombine', '--simplifycfg', '--sroa', '--early-cse', '--lower-expect', '--sroa', '--lower-expect', '--simplifycfg', '--aggressive-instcombine']",71,-3.5722821294032485,0.0,-0.7959674294750226,0.0,1,-3.5722821294032485,-0.7959674294750226,0.5008908414855473,-67.00507614213198,12.106006749440409,11.76470588235294,34
2080,"['--ipsccp', '--speculative-execution', '--early-cse', '--mem2reg', '--jump-threading', '--globalopt', '--elim-avail-extern', '--instcombine', '--loop-instsimplify', '--jump-threading', '--gvn', '--simplifycfg', '--instsimplify', '--inline', '--mergefunc', '--gvn-hoist', '--instcombine', '--globalopt', '--elim-avail-extern', '--indvars', '--indvars', '--gvn', '--gvn', '--ipsccp', '--gvn', '--nary-reassociate', '--adce', '--early-cse', '--mem2reg', '--jump-threading', '--correlated-propagation', '--elim-avail-extern', '--instcombine', '--simplifycfg', '--sroa', '--mem2reg', '--globaldce', '--gvn-hoist', '--sccp', '--early-cse', '--lower-constant-intrinsics', '--adce', '--slsr', '--gvn-hoist', '--adce', '--loop-simplify', '--adce', '--loop-simplify', '--dse', '--scalarizer', '--simplifycfg', '--lower-expect', '--nary-reassociate', '--elim-avail-extern', '--lower-constant-intrinsics', '--gvn', '--nary-reassociate', '--gvn', '--early-cse', '--mem2reg', '--jump-threading', '--globalopt', '--slp-vectorizer', '--instcombine', '--simplifycfg', '--sroa', '--early-cse', '--lower-expect', '--sroa', '--lower-expect', '--simplifycfg', '--aggressive-instcombine']",72,-3.5722821294032485,0.0,-0.7959674294750226,0.0,1,-3.5722821294032485,-0.7959674294750226,0.5008908414855473,-67.00507614213198,12.106006749440409,11.76470588235294,34
2263,"['--ipsccp', '--speculative-execution', '--sccp', '--lower-constant-intrinsics', '--early-cse', '--mem2reg', '--jump-threading', '--elim-avail-extern', '--instcombine', '--loop-instsimplify', '--jump-threading', '--gvn', '--simplifycfg', '--instsimplify', '--inline', '--mergefunc', '--instcombine', '--globalopt', '--elim-avail-extern', '--indvars', '--indvars', '--gvn', '--gvn', '--lowerinvoke', '--ipsccp', '--gvn', '--nary-reassociate', '--loop-instsimplify', '--early-cse', '--mem2reg', '--jump-threading', '--jump-threading', '--bdce', '--bdce', '--elim-avail-extern', '--instcombine', '--simplifycfg', '--sroa', '--mem2reg', '--globaldce', '--gvn-hoist', '--sccp', '--early-cse', '--lower-constant-intrinsics', '--adce', '--slsr', '--gvn-hoist', '--adce', '--loop-simplify', '--lower-constant-intrinsics', '--dse', '--scalarizer', '--scalarizer', '--simplifycfg', '--lower-expect', '--simplifycfg', '--elim-avail-extern', '--lower-constant-intrinsics', '--ipsccp', '--gvn', '--nary-reassociate', '--gvn', '--early-cse', '--loop-guard-widening', '--jump-threading', '--globalopt', '--slp-vectorizer', '--instcombine', '--slp-vectorizer', '--instcombine', '--simplifycfg', '--sroa', '--early-cse', '--lower-expect', '--aggressive-instcombine']",75,-3.5722821294032485,0.0,-0.7959674294750226,0.0,1,-3.5722821294032485,-0.7959674294750226,0.5008908414855473,-67.00507614213198,12.106006749440409,11.76470588235294,34
2079,"['--ipsccp', '--speculative-execution', '--adce', '--early-cse', '--mem2reg', '--jump-threading', '--elim-avail-extern', '--instcombine', '--instsimplify', '--adce', '--loop-interchange', '--aggressive-instcombine', '--gvn', '--instsimplify', '--simplifycfg', '--inline', '--globaldce', '--mergefunc', '--gvn-hoist', '--gvn-hoist', '--lower-expect', '--elim-avail-extern', '--indvars', '--indvars', '--indvars', '--gvn', '--gvn', '--nary-reassociate', '--loop-instsimplify', '--early-cse', '--mem2reg', '--jump-threading', '--mem2reg', '--globalopt', '--jump-threading', '--bdce', '--elim-avail-extern', '--instcombine', '--simplifycfg', '--sroa', '--tailcallelim', '--globaldce', '--globaldce', '--gvn-hoist', '--sccp', '--early-cse', '--lower-constant-intrinsics', '--sccp', '--slsr', '--gvn-hoist', '--adce', '--loop-simplify', '--dse', '--scalarizer', '--simplifycfg', '--lower-expect', '--simplifycfg', '--elim-avail-extern', '--lower-constant-intrinsics', '--ipsccp', '--nary-reassociate', '--gvn', '--jump-threading', '--jump-threading', '--globalopt', '--slp-vectorizer', '--instcombine', '--simplifycfg', '--early-cse', '--sroa', '--sroa', '--instcombine', '--aggressive-instcombine']",73,-3.5722821294032485,0.0,-0.7959674294750226,0.0,1,-3.5722821294032485,-0.7959674294750226,0.5008908414855473,-67.00507614213198,12.106006749440409,11.76470588235294,34
2035,"['--ipsccp', '--speculative-execution', '--sccp', '--early-cse', '--mem2reg', '--jump-threading', '--globalopt', '--elim-avail-extern', '--instcombine', '--adce', '--jump-threading', '--gvn', '--simplifycfg', '--hotcoldsplit', '--inline', '--mergefunc', '--gvn-hoist', '--instcombine', '--globalopt', '--elim-avail-extern', '--indvars', '--indvars', '--gvn-hoist', '--gvn', '--gvn', '--ipsccp', '--gvn', '--nary-reassociate', '--loop-instsimplify', '--early-cse', '--mem2reg', '--jump-threading', '--globalopt', '--jump-threading', '--ipsccp', '--elim-avail-extern', '--instcombine', '--simplifycfg', '--sroa', '--mem2reg', '--globaldce', '--loop-versioning-licm', '--gvn-hoist', '--early-cse', '--lower-constant-intrinsics', '--adce', '--slsr', '--gvn-hoist', '--adce', '--loop-simplify', '--dse', '--scalarizer', '--simplifycfg', '--lower-expect', '--simplifycfg', '--elim-avail-extern', '--lower-constant-intrinsics', '--ipsccp', '--nary-reassociate', '--gvn', '--mem2reg', '--jump-threading', '--globalopt', '--slp-vectorizer', '--instcombine', '--simplifycfg', '--sroa', '--early-cse', '--lower-expect', '--sroa', '--sroa', '--lower-expect', '--aggressive-instcombine']",73,-3.5722821294032485,0.0,-0.7959674294750226,0.0,1,-3.5722821294032485,-0.7959674294750226,0.5008908414855473,-67.00507614213198,12.106006749440409,11.76470588235294,34
2256,"['--ipsccp', '--speculative-execution', '--sccp', '--early-cse', '--mem2reg', '--sroa', '--globalopt', '--elim-avail-extern', '--instcombine', '--loop-instsimplify', '--jump-threading', '--gvn', '--simplifycfg', '--instsimplify', '--inline', '--mldst-motion', '--mergefunc', '--gvn-hoist', '--mergefunc', '--gvn-hoist', '--gvn-hoist', '--lower-expect', '--elim-avail-extern', '--indvars', '--indvars', '--indvars', '--gvn', '--gvn', '--nary-reassociate', '--loop-instsimplify', '--early-cse', '--mem2reg', '--jump-threading', '--globalopt', '--elim-avail-extern', '--instcombine', '--simplifycfg', '--sroa', '--mem2reg', '--globaldce', '--gvn-hoist', '--sccp', '--nary-reassociate', '--lower-constant-intrinsics', '--adce', '--slsr', '--gvn-hoist', '--adce', '--loop-simplify', '--loop-simplify', '--dse', '--scalarizer', '--simplifycfg', '--lower-expect', '--simplifycfg', '--elim-avail-extern', '--lower-constant-intrinsics', '--ipsccp', '--nary-reassociate', '--gvn', '--mem2reg', '--early-cse', '--loop-guard-widening', '--jump-threading', '--globalopt', '--slp-vectorizer', '--instcombine', '--instcombine', '--simplifycfg', '--sroa', '--early-cse', '--lower-expect', '--sroa', '--lower-expect', '--aggressive-instcombine']",75,-3.5722821294032485,0.0,-0.7959674294750226,0.0,1,-3.5722821294032485,-0.7959674294750226,0.5008908414855473,-67.00507614213198,12.106006749440409,11.76470588235294,34
2265,"['--ipsccp', '--speculative-execution', '--simplifycfg', '--early-cse', '--mem2reg', '--jump-threading', '--elim-avail-extern', '--instcombine', '--adce', '--loop-interchange', '--aggressive-instcombine', '--gvn', '--simplifycfg', '--instsimplify', '--inline', '--mergefunc', '--gvn-hoist', '--instcombine', '--globalopt', '--globalopt', '--elim-avail-extern', '--indvars', '--indvars', '--gvn', '--gvn', '--gvn', '--gvn', '--ipsccp', '--gvn', '--nary-reassociate', '--nary-reassociate', '--loop-instsimplify', '--early-cse', '--ipsccp', '--mem2reg', '--jump-threading', '--globalopt', '--elim-avail-extern', '--instcombine', '--simplifycfg', '--sroa', '--mem2reg', '--globaldce', '--gvn-hoist', '--sccp', '--early-cse', '--lower-constant-intrinsics', '--adce', '--slsr', '--adce', '--loop-simplify', '--dse', '--scalarizer', '--simplifycfg', '--lower-expect', '--simplifycfg', '--elim-avail-extern', '--slp-vectorizer', '--ipsccp', '--gvn', '--nary-reassociate', '--gvn', '--early-cse', '--loop-guard-widening', '--jump-threading', '--globalopt', '--slp-vectorizer', '--instcombine', '--slp-vectorizer', '--instcombine', '--simplifycfg', '--sroa', '--early-cse', '--lower-expect', '--sroa', '--lower-expect', '--aggressive-instcombine']",77,-3.5722821294032485,0.0,-0.7959674294750226,0.0,1,-3.5722821294032485,-0.7959674294750226,0.5008908414855473,-67.00507614213198,12.106006749440409,11.76470588235294,34
2253,"['--simplifycfg', '--speculative-execution', '--sccp', '--early-cse', '--mem2reg', '--jump-threading', '--globalopt', '--elim-avail-extern', '--instcombine', '--loop-instsimplify', '--jump-threading', '--gvn', '--simplifycfg', '--instsimplify', '--inline', '--mergefunc', '--gvn-hoist', '--instcombine', '--globalopt', '--elim-avail-extern', '--indvars', '--indvars', '--gvn', '--gvn', '--ipsccp', '--gvn', '--nary-reassociate', '--adce', '--early-cse', '--mem2reg', '--jump-threading', '--globalopt', '--elim-avail-extern', '--instcombine', '--simplifycfg', '--sroa', '--mem2reg', '--globaldce', '--mem2reg', '--globaldce', '--gvn-hoist', '--loop-simplify', '--sccp', '--early-cse', '--lower-constant-intrinsics', '--adce', '--slsr', '--gvn-hoist', '--adce', '--loop-simplify', '--dse', '--scalarizer', '--simplifycfg', '--lower-expect', '--ipsccp', '--elim-avail-extern', '--lower-constant-intrinsics', '--ipsccp', '--gvn', '--gvn', '--gvn', '--early-cse', '--mem2reg', '--jump-threading', '--correlated-propagation', '--slp-vectorizer', '--instcombine', '--simplifycfg', '--slp-vectorizer', '--instcombine', '--simplifycfg', '--sroa', '--early-cse', '--lower-expect', '--aggressive-instcombine']",75,-3.5722821294032485,0.0,-0.7959674294750226,0.0,1,-3.5722821294032485,-0.7959674294750226,0.5008908414855473,-67.00507614213198,12.106006749440409,11.76470588235294,34
2030,"['--ipsccp', '--speculative-execution', '--sccp', '--early-cse', '--mem2reg', '--jump-threading', '--globalopt', '--elim-avail-extern', '--instcombine', '--loop-instsimplify', '--aggressive-instcombine', '--gvn', '--simplifycfg', '--instsimplify', '--inline', '--mergefunc', '--gvn-hoist', '--gvn-hoist', '--instcombine', '--globalopt', '--indvars', '--elim-avail-extern', '--indvars', '--gvn', '--gvn', '--ipsccp', '--gvn', '--nary-reassociate', '--loop-instsimplify', '--early-cse', '--mem2reg', '--jump-threading', '--globalopt', '--elim-avail-extern', '--instcombine', '--simplifycfg', '--partially-inline-libcalls', '--simplifycfg', '--sroa', '--mem2reg', '--globaldce', '--gvn-hoist', '--sccp', '--early-cse', '--lower-constant-intrinsics', '--adce', '--slsr', '--gvn-hoist', '--adce', '--loop-simplify', '--dse', '--scalarizer', '--simplifycfg', '--lower-expect', '--simplifycfg', '--elim-avail-extern', '--lower-constant-intrinsics', '--ipsccp', '--gvn', '--nary-reassociate', '--gvn', '--early-cse', '--mem2reg', '--jump-threading', '--globalopt', '--slp-vectorizer', '--instcombine', '--simplifycfg', '--early-cse', '--lower-expect', '--sroa', '--sroa', '--lower-expect', '--aggressive-instcombine']",74,-3.5722821294032485,0.0,-0.7959674294750226,0.0,1,-3.5722821294032485,-0.7959674294750226,0.5008908414855473,-67.00507614213198,12.106006749440409,11.76470588235294,34
2083,"['--ipsccp', '--speculative-execution', '--sccp', '--early-cse', '--mem2reg', '--jump-threading', '--globalopt', '--elim-avail-extern', '--instcombine', '--adce', '--jump-threading', '--gvn', '--simplifycfg', '--instsimplify', '--inline', '--mergefunc', '--gvn-hoist', '--instcombine', '--globalopt', '--elim-avail-extern', '--indvars', '--indvars', '--gvn', '--gvn', '--ipsccp', '--gvn', '--nary-reassociate', '--loop-instsimplify', '--early-cse', '--mem2reg', '--jump-threading', '--jump-threading', '--bdce', '--elim-avail-extern', '--instcombine', '--instcombine', '--simplifycfg', '--sroa', '--mem2reg', '--globaldce', '--gvn-hoist', '--sccp', '--early-cse', '--lower-constant-intrinsics', '--adce', '--slsr', '--gvn-hoist', '--adce', '--loop-simplify', '--dse', '--scalarizer', '--simplifycfg', '--lower-expect', '--simplifycfg', '--elim-avail-extern', '--elim-avail-extern', '--lower-constant-intrinsics', '--ipsccp', '--ipsccp', '--loop-reroll', '--gvn', '--early-cse', '--lowerinvoke', '--mem2reg', '--jump-threading', '--globalopt', '--slp-vectorizer', '--instcombine', '--simplifycfg', '--sroa', '--early-cse', '--lower-expect', '--sroa', '--sroa', '--lower-expect', '--aggressive-instcombine']",76,-3.5722821294032485,0.0,-0.7959674294750226,0.0,1,-3.5722821294032485,-0.7959674294750226,0.5008908414855473,-67.00507614213198,12.106006749440409,11.76470588235294,34
2084,"['--ipsccp', '--speculative-execution', '--sccp', '--early-cse', '--mem2reg', '--jump-threading', '--globalopt', '--elim-avail-extern', '--instcombine', '--prune-eh', '--jump-threading', '--gvn', '--simplifycfg', '--instsimplify', '--inline', '--mergefunc', '--gvn-hoist', '--instcombine', '--globalopt', '--elim-avail-extern', '--indvars', '--indvars', '--gvn', '--gvn', '--ipsccp', '--gvn', '--nary-reassociate', '--adce', '--early-cse', '--mem2reg', '--jump-threading', '--globalopt', '--elim-avail-extern', '--instcombine', '--simplifycfg', '--sroa', '--mem2reg', '--globaldce', '--gvn-hoist', '--sccp', '--early-cse', '--lower-constant-intrinsics', '--adce', '--slsr', '--gvn-hoist', '--adce', '--loop-simplify', '--adce', '--loop-simplify', '--dse', '--scalarizer', '--simplifycfg', '--elim-avail-extern', '--nary-reassociate', '--elim-avail-extern', '--lower-constant-intrinsics', '--ipsccp', '--loop-simplify', '--nary-reassociate', '--gvn', '--early-cse', '--mem2reg', '--jump-threading', '--globalopt', '--slp-vectorizer', '--instcombine', '--simplifycfg', '--sroa', '--early-cse', '--lower-expect', '--sroa', '--sroa', '--lower-expect', '--aggressive-instcombine']",74,-3.5722821294032485,0.0,-0.7959674294750226,0.0,1,-3.5722821294032485,-0.7959674294750226,0.5008908414855473,-67.00507614213198,12.106006749440409,11.76470588235294,34
2085,"['--ipsccp', '--speculative-execution', '--sccp', '--early-cse', '--mem2reg', '--jump-threading', '--elim-avail-extern', '--instcombine', '--adce', '--loop-interchange', '--aggressive-instcombine', '--gvn', '--simplifycfg', '--instsimplify', '--inline', '--mergefunc', '--gvn-hoist', '--gvn-hoist', '--instcombine', '--globalopt', '--elim-avail-extern', '--indvars', '--elim-avail-extern', '--indvars', '--gvn', '--gvn', '--ipsccp', '--gvn', '--nary-reassociate', '--loop-instsimplify', '--early-cse', '--mem2reg', '--jump-threading', '--globalopt', '--elim-avail-extern', '--instcombine', '--simplifycfg', '--sroa', '--mem2reg', '--globaldce', '--gvn-hoist', '--sccp', '--early-cse', '--lower-constant-intrinsics', '--adce', '--slsr', '--gvn-hoist', '--adce', '--loop-simplify', '--dse', '--scalarizer', '--simplifycfg', '--lower-expect', '--simplifycfg', '--elim-avail-extern', '--instsimplify', '--lower-constant-intrinsics', '--ipsccp', '--lower-constant-intrinsics', '--gvn', '--early-cse', '--mem2reg', '--jump-threading', '--globalopt', '--slp-vectorizer', '--instcombine', '--simplifycfg', '--sroa', '--early-cse', '--lower-expect', '--sroa', '--sroa', '--lower-expect', '--aggressive-instcombine']",74,-3.5722821294032485,0.0,-0.7959674294750226,0.0,1,-3.5722821294032485,-0.7959674294750226,0.5008908414855473,-67.00507614213198,12.106006749440409,11.76470588235294,34
2039,"['--ipsccp', '--speculative-execution', '--sccp', '--early-cse', '--mem2reg', '--jump-threading', '--globalopt', '--elim-avail-extern', '--instcombine', '--loop-instsimplify', '--jump-threading', '--gvn', '--simplifycfg', '--instsimplify', '--inline', '--mergefunc', '--gvn-hoist', '--tailcallelim', '--globalopt', '--elim-avail-extern', '--globalopt', '--indvars', '--indvars', '--gvn', '--gvn', '--ipsccp', '--gvn', '--nary-reassociate', '--adce', '--early-cse', '--mem2reg', '--jump-threading', '--globalopt', '--elim-avail-extern', '--loop-interchange', '--instcombine', '--simplifycfg', '--instcombine', '--simplifycfg', '--sroa', '--inferattrs', '--mem2reg', '--globaldce', '--gvn-hoist', '--sccp', '--early-cse', '--lower-constant-intrinsics', '--adce', '--slsr', '--gvn-hoist', '--adce', '--loop-simplify', '--dse', '--scalarizer', '--simplifycfg', '--lower-expect', '--simplifycfg', '--elim-avail-extern', '--lower-constant-intrinsics', '--ipsccp', '--loop-deletion', '--gvn', '--jump-threading', '--globalopt', '--slp-vectorizer', '--instcombine', '--slp-vectorizer', '--dce', '--instcombine', '--simplifycfg', '--sroa', '--early-cse', '--lower-expect', '--sroa', '--sroa', '--lower-expect', '--aggressive-instcombine']",77,-3.5722821294032485,0.0,-0.7959674294750226,0.0,1,-3.5722821294032485,-0.7959674294750226,0.5008908414855473,-67.00507614213198,12.106006749440409,11.76470588235294,34
2266,"['--ipsccp', '--speculative-execution', '--sccp', '--early-cse', '--mem2reg', '--jump-threading', '--globalopt', '--elim-avail-extern', '--instcombine', '--loop-instsimplify', '--jump-threading', '--simple-loop-unswitch', '--gvn', '--simplifycfg', '--instsimplify', '--inline', '--mergefunc', '--gvn-hoist', '--tailcallelim', '--elim-avail-extern', '--indvars', '--indvars', '--gvn', '--gvn', '--ipsccp', '--gvn', '--nary-reassociate', '--adce', '--early-cse', '--mem2reg', '--jump-threading', '--correlated-propagation', '--elim-avail-extern', '--instcombine', '--simplifycfg', '--sroa', '--mem2reg', '--globaldce', '--gvn-hoist', '--sccp', '--early-cse', '--lower-constant-intrinsics', '--adce', '--slsr', '--gvn-hoist', '--adce', '--loop-simplify', '--adce', '--loop-simplify', '--dse', '--scalarizer', '--simplifycfg', '--nary-reassociate', '--elim-avail-extern', '--lower-expect', '--simplifycfg', '--elim-avail-extern', '--ipsccp', '--nary-reassociate', '--gvn', '--jump-threading', '--loop-reroll', '--globalopt', '--slp-vectorizer', '--instcombine', '--simplifycfg', '--slp-vectorizer', '--instcombine', '--sroa', '--early-cse', '--lower-expect', '--sroa', '--lower-expect', '--aggressive-instcombine']",74,-3.5722821294032485,0.0,-0.7959674294750226,0.0,1,-3.5722821294032485,-0.7959674294750226,0.5008908414855473,-67.00507614213198,12.106006749440409,11.76470588235294,34
2040,"['--ipsccp', '--speculative-execution', '--sccp', '--early-cse', '--mem2reg', '--jump-threading', '--globalopt', '--elim-avail-extern', '--instcombine', '--loop-instsimplify', '--jump-threading', '--gvn', '--simplifycfg', '--instsimplify', '--inline', '--mergefunc', '--gvn-hoist', '--instcombine', '--globalopt', '--elim-avail-extern', '--indvars', '--indvars', '--gvn', '--gvn', '--gvn', '--ipsccp', '--gvn', '--nary-reassociate', '--adce', '--early-cse', '--jump-threading', '--globalopt', '--jump-threading', '--bdce', '--elim-avail-extern', '--instcombine', '--instcombine', '--simplifycfg', '--sroa', '--mem2reg', '--globaldce', '--loop-versioning-licm', '--gvn-hoist', '--early-cse', '--lower-constant-intrinsics', '--adce', '--slsr', '--gvn-hoist', '--adce', '--loop-simplify', '--dse', '--scalarizer', '--simplifycfg', '--lower-expect', '--simplifycfg', '--elim-avail-extern', '--lower-constant-intrinsics', '--ipsccp', '--nary-reassociate', '--gvn', '--mem2reg', '--jump-threading', '--globalopt', '--slp-vectorizer', '--instcombine', '--simplifycfg', '--sroa', '--early-cse', '--lower-expect', '--sroa', '--lower-expect', '--aggressive-instcombine']",72,-3.5722821294032485,0.0,-0.7959674294750226,0.0,1,-3.5722821294032485,-0.7959674294750226,0.5008908414855473,-67.00507614213198,12.106006749440409,11.76470588235294,34
2604,"['--ipsccp', '--speculative-execution', '--sccp', '--lower-constant-intrinsics', '--early-cse', '--mem2reg', '--jump-threading', '--instcombine', '--elim-avail-extern', '--instcombine', '--loop-instsimplify', '--jump-threading', '--gvn', '--simplifycfg', '--instsimplify', '--inline', '--mergefunc', '--gvn-hoist', '--instcombine', '--globalopt', '--elim-avail-extern', '--indvars', '--indvars', '--gvn', '--gvn', '--ipsccp', '--gvn', '--nary-reassociate', '--mem2reg', '--jump-threading', '--correlated-propagation', '--mem2reg', '--memcpyopt', '--globalopt', '--elim-avail-extern', '--instcombine', '--simplifycfg', '--sroa', '--mem2reg', '--globaldce', '--gvn-hoist', '--sccp', '--loop-vectorize', '--early-cse', '--lower-constant-intrinsics', '--adce', '--slsr', '--gvn-hoist', '--adce', '--loop-simplify', '--dse', '--mergereturn', '--adce', '--loop-simplify', '--dse', '--scalarizer', '--simplifycfg', '--mergereturn', '--lower-expect', '--elim-avail-extern', '--lower-constant-intrinsics', '--ipsccp', '--nary-reassociate', '--gvn', '--jump-threading', '--globalopt', '--slp-vectorizer', '--instcombine', '--slp-vectorizer', '--instcombine', '--simplifycfg', '--sroa', '--early-cse', '--lower-expect', '--sroa', '--sroa', '--aggressive-instcombine']",77,-3.5722821294032485,0.0,-0.7959674294750226,0.0,1,-3.5722821294032485,-0.7959674294750226,0.5008908414855473,-67.00507614213198,12.106006749440409,11.76470588235294,34
2120,"['--ipsccp', '--speculative-execution', '--sccp', '--early-cse', '--mem2reg', '--jump-threading', '--globalopt', '--elim-avail-extern', '--instcombine', '--loop-instsimplify', '--jump-threading', '--loop-unroll', '--simplifycfg', '--instsimplify', '--inline', '--slsr', '--mergefunc', '--gvn-hoist', '--instcombine', '--globalopt', '--globalopt', '--elim-avail-extern', '--indvars', '--indvars', '--gvn-hoist', '--gvn', '--ipsccp', '--gvn', '--nary-reassociate', '--adce', '--early-cse', '--mem2reg', '--jump-threading', '--globalopt', '--elim-avail-extern', '--instcombine', '--simplifycfg', '--sroa', '--ipsccp', '--sroa', '--inferattrs', '--mem2reg', '--globaldce', '--gvn-hoist', '--sccp', '--early-cse', '--lower-constant-intrinsics', '--lower-constant-intrinsics', '--adce', '--slsr', '--gvn-hoist', '--adce', '--loop-simplify', '--dse', '--scalarizer', '--simplifycfg', '--correlated-propagation', '--elim-avail-extern', '--lower-constant-intrinsics', '--ipsccp', '--nary-reassociate', '--gvn', '--jump-threading', '--globalopt', '--slp-vectorizer', '--instcombine', '--slp-vectorizer', '--instcombine', '--simplifycfg', '--sroa', '--early-cse', '--lower-expect', '--sroa', '--sroa', '--aggressive-instcombine']",75,-3.575221068201559,0.0,-0.7876161790328399,0.0,1,-3.575221068201559,-0.7876161790328399,0.5008908414855473,-67.51269035532995,12.198030515739882,11.76470588235294,34
1767,"['--ipsccp', '--speculative-execution', '--sccp', '--early-cse', '--mem2reg', '--jump-threading', '--globalopt', '--elim-avail-extern', '--instcombine', '--loop-instsimplify', '--jump-threading', '--globalopt', '--simplifycfg', '--instsimplify', '--inline', '--mergefunc', '--gvn-hoist', '--instcombine', '--globalopt', '--elim-avail-extern', '--indvars', '--indvars', '--gvn', '--ipsccp', '--gvn', '--nary-reassociate', '--adce', '--early-cse', '--mem2reg', '--jump-threading', '--gvn', '--elim-avail-extern', '--instcombine', '--simplifycfg', '--sroa', '--simplifycfg', '--sroa', '--mem2reg', '--globaldce', '--gvn-hoist', '--sccp', '--early-cse', '--lower-constant-intrinsics', '--adce', '--slsr', '--gvn-hoist', '--adce', '--loop-simplify', '--dse', '--scalarizer', '--simplifycfg', '--lower-expect', '--simplifycfg', '--gvn-hoist', '--elim-avail-extern', '--lower-constant-intrinsics', '--gvn', '--ipsccp', '--gvn', '--nary-reassociate', '--gvn', '--mem2reg', '--jump-threading', '--globalopt', '--slp-vectorizer', '--instcombine', '--simplifycfg', '--sroa', '--early-cse', '--lower-expect', '--sroa', '--lower-expect', '--aggressive-instcombine']",73,-3.575221068201559,0.0,-0.7876161790328399,0.0,1,-3.575221068201559,-0.7876161790328399,0.5008908414855473,-67.51269035532995,12.198030515739882,11.76470588235294,34
1599,"['--ipsccp', '--speculative-execution', '--sccp', '--early-cse', '--mem2reg', '--jump-threading', '--globalopt', '--elim-avail-extern', '--instcombine', '--adce', '--jump-threading', '--simplifycfg', '--instsimplify', '--inline', '--mergefunc', '--gvn-hoist', '--instcombine', '--globalopt', '--elim-avail-extern', '--indvars', '--indvars', '--gvn', '--gvn', '--ipsccp', '--gvn', '--ipsccp', '--gvn', '--nary-reassociate', '--loop-instsimplify', '--early-cse', '--mem2reg', '--jump-threading', '--globalopt', '--elim-avail-extern', '--instcombine', '--simplifycfg', '--sroa', '--mem2reg', '--globaldce', '--gvn-hoist', '--sccp', '--early-cse', '--lower-constant-intrinsics', '--adce', '--slsr', '--gvn-hoist', '--adce', '--loop-simplify', '--dse', '--scalarizer', '--simplifycfg', '--lower-expect', '--simplifycfg', '--elim-avail-extern', '--lower-constant-intrinsics', '--ipsccp', '--gvn', '--nary-reassociate', '--gvn', '--early-cse', '--mem2reg', '--jump-threading', '--globalopt', '--slp-vectorizer', '--instcombine', '--simplifycfg', '--sroa', '--early-cse', '--sroa', '--lower-expect', '--sroa', '--lower-expect', '--aggressive-instcombine']",73,-3.575221068201559,0.0,-0.7876161790328399,0.0,1,-3.575221068201559,-0.7876161790328399,0.5008908414855473,-67.51269035532995,12.198030515739882,11.76470588235294,34
1907,"['--ipsccp', '--speculative-execution', '--ipsccp', '--early-cse', '--mem2reg', '--jump-threading', '--globalopt', '--elim-avail-extern', '--instcombine', '--loop-instsimplify', '--jump-threading', '--simplifycfg', '--instsimplify', '--inline', '--mergefunc', '--gvn-hoist', '--instcombine', '--globalopt', '--elim-avail-extern', '--indvars', '--indvars', '--gvn', '--gvn', '--sccp', '--gvn', '--ipsccp', '--gvn', '--gvn', '--nary-reassociate', '--loop-instsimplify', '--early-cse', '--loop-fusion', '--jump-threading', '--globalopt', '--elim-avail-extern', '--instcombine', '--simplifycfg', '--sroa', '--mem2reg', '--globaldce', '--gvn-hoist', '--sccp', '--early-cse', '--lower-constant-intrinsics', '--adce', '--slsr', '--gvn-hoist', '--adce', '--loop-simplify', '--dse', '--scalarizer', '--simplifycfg', '--lower-expect', '--simplifycfg', '--elim-avail-extern', '--lower-constant-intrinsics', '--ipsccp', '--gvn', '--nary-reassociate', '--gvn', '--early-cse', '--mem2reg', '--jump-threading', '--globalopt', '--slp-vectorizer', '--instcombine', '--simplifycfg', '--sroa', '--early-cse', '--lower-expect', '--sroa', '--sroa', '--lower-expect', '--aggressive-instcombine']",74,-3.575221068201559,0.0,-0.7876161790328399,0.0,1,-3.575221068201559,-0.7876161790328399,0.5008908414855473,-67.51269035532995,12.198030515739882,11.76470588235294,34
1913,"['--ipsccp', '--speculative-execution', '--sccp', '--early-cse', '--mem2reg', '--jump-threading', '--globalopt', '--elim-avail-extern', '--instcombine', '--loop-instsimplify', '--jump-threading', '--simplifycfg', '--instsimplify', '--inline', '--mergefunc', '--gvn-hoist', '--tailcallelim', '--globalopt', '--elim-avail-extern', '--globalopt', '--indvars', '--indvars', '--gvn', '--gvn', '--ipsccp', '--gvn', '--gvn', '--gvn', '--nary-reassociate', '--loop-instsimplify', '--early-cse', '--loop-fusion', '--jump-threading', '--globalopt', '--elim-avail-extern', '--instcombine', '--simplifycfg', '--sroa', '--mem2reg', '--globaldce', '--gvn-hoist', '--sccp', '--early-cse', '--lower-constant-intrinsics', '--adce', '--slsr', '--gvn-hoist', '--sroa', '--loop-simplify', '--dse', '--scalarizer', '--simplifycfg', '--lower-expect', '--simplifycfg', '--elim-avail-extern', '--lower-constant-intrinsics', '--ipsccp', '--gvn', '--gvn', '--early-cse', '--mem2reg', '--jump-threading', '--globalopt', '--slp-vectorizer', '--instcombine', '--simplifycfg', '--adce', '--early-cse', '--lower-expect', '--sroa', '--lower-expect', '--aggressive-instcombine']",72,-3.575221068201559,0.0,-0.7876161790328399,0.0,1,-3.575221068201559,-0.7876161790328399,0.5008908414855473,-67.51269035532995,12.198030515739882,11.76470588235294,34
1644,"['--ipsccp', '--speculative-execution', '--sccp', '--early-cse', '--mem2reg', '--jump-threading', '--globalopt', '--elim-avail-extern', '--instcombine', '--loop-instsimplify', '--loop-instsimplify', '--jump-threading', '--ipsccp', '--simplifycfg', '--instsimplify', '--inline', '--mergefunc', '--gvn-hoist', '--instcombine', '--globalopt', '--elim-avail-extern', '--indvars', '--indvars', '--gvn', '--gvn', '--gvn', '--gvn', '--nary-reassociate', '--adce', '--early-cse', '--mem2reg', '--jump-threading', '--globalopt', '--elim-avail-extern', '--instcombine', '--simplifycfg', '--sroa', '--mem2reg', '--globaldce', '--gvn-hoist', '--sccp', '--early-cse', '--lower-constant-intrinsics', '--adce', '--slsr', '--gvn-hoist', '--adce', '--loop-simplify', '--dse', '--scalarizer', '--simplifycfg', '--lower-expect', '--simplifycfg', '--gvn-hoist', '--elim-avail-extern', '--ipsccp', '--gvn', '--nary-reassociate', '--gvn', '--early-cse', '--mem2reg', '--jump-threading', '--globalopt', '--slp-vectorizer', '--instcombine', '--simplifycfg', '--sroa', '--early-cse', '--lower-expect', '--sroa', '--sroa', '--lower-expect', '--aggressive-instcombine']",73,-3.575221068201559,0.0,-0.7876161790328399,0.0,1,-3.575221068201559,-0.7876161790328399,0.5008908414855473,-67.51269035532995,12.198030515739882,11.76470588235294,34
2098,"['--ipsccp', '--speculative-execution', '--sccp', '--early-cse', '--mem2reg', '--jump-threading', '--globalopt', '--elim-avail-extern', '--instcombine', '--loop-instsimplify', '--jump-threading', '--simplifycfg', '--instsimplify', '--inline', '--mergefunc', '--gvn-hoist', '--tailcallelim', '--globalopt', '--elim-avail-extern', '--indvars', '--indvars', '--gvn', '--gvn', '--gvn', '--gvn', '--ipsccp', '--gvn', '--nary-reassociate', '--nary-reassociate', '--loop-instsimplify', '--early-cse', '--ipsccp', '--mem2reg', '--jump-threading', '--globalopt', '--elim-avail-extern', '--instcombine', '--simplifycfg', '--sroa', '--mem2reg', '--correlated-propagation', '--gvn-hoist', '--sccp', '--early-cse', '--lower-constant-intrinsics', '--adce', '--slsr', '--gvn-hoist', '--adce', '--loop-simplify', '--dse', '--scalarizer', '--simplifycfg', '--lower-expect', '--simplifycfg', '--elim-avail-extern', '--lower-constant-intrinsics', '--ipsccp', '--gvn', '--gvn', '--gvn', '--early-cse', '--mem2reg', '--jump-threading', '--globaldce', '--slp-vectorizer', '--instcombine', '--simplifycfg', '--early-cse-memssa', '--sroa', '--early-cse', '--lower-expect', '--sroa', '--sroa', '--lower-expect', '--aggressive-instcombine']",76,-3.575221068201559,0.0,-0.7876161790328399,0.0,1,-3.575221068201559,-0.7876161790328399,0.5008908414855473,-67.51269035532995,12.198030515739882,11.76470588235294,34
1741,"['--ipsccp', '--speculative-execution', '--sccp', '--early-cse', '--mem2reg', '--jump-threading', '--elim-avail-extern', '--instcombine', '--adce', '--loop-interchange', '--aggressive-instcombine', '--simplifycfg', '--instsimplify', '--inline', '--globaldce', '--mergefunc', '--gvn-hoist', '--gvn-hoist', '--instcombine', '--elim-avail-extern', '--indvars', '--indvars', '--gvn', '--ipsccp', '--gvn', '--nary-reassociate', '--adce', '--early-cse', '--mem2reg', '--jump-threading', '--globalopt', '--elim-avail-extern', '--loop-interchange', '--instcombine', '--simplifycfg', '--sroa', '--mem2reg', '--globaldce', '--gvn-hoist', '--sccp', '--sink', '--early-cse', '--lower-constant-intrinsics', '--adce', '--slsr', '--gvn-hoist', '--adce', '--loop-simplify', '--dse', '--scalarizer', '--simplifycfg', '--lower-expect', '--simplifycfg', '--gvn-hoist', '--elim-avail-extern', '--lower-constant-intrinsics', '--gvn', '--ipsccp', '--gvn', '--nary-reassociate', '--gvn', '--early-cse', '--mem2reg', '--jump-threading', '--globalopt', '--slp-vectorizer', '--instcombine', '--simplifycfg', '--sroa', '--early-cse', '--lower-expect', '--sroa', '--sroa', '--lower-expect', '--aggressive-instcombine']",75,-3.575221068201559,0.0,-0.7876161790328399,0.0,1,-3.575221068201559,-0.7876161790328399,0.5008908414855473,-67.51269035532995,12.198030515739882,11.76470588235294,34
2528,"['--ipsccp', '--speculative-execution', '--sccp', '--lower-constant-intrinsics', '--early-cse', '--mem2reg', '--jump-threading', '--globalopt', '--elim-avail-extern', '--instcombine', '--loop-instsimplify', '--jump-threading', '--gvn', '--simplifycfg', '--instsimplify', '--inline', '--mergefunc', '--gvn-hoist', '--instcombine', '--globalopt', '--elim-avail-extern', '--loweratomic', '--indvars', '--indvars', '--gvn', '--loop-simplifycfg', '--ipsccp', '--gvn', '--nary-reassociate', '--adce', '--early-cse', '--mem2reg', '--jump-threading', '--globalopt', '--elim-avail-extern', '--instcombine', '--simplifycfg', '--sroa', '--mem2reg', '--globaldce', '--gvn-hoist', '--sccp', '--early-cse', '--lower-constant-intrinsics', '--adce', '--slsr', '--gvn-hoist', '--adce', '--loop-simplify', '--dse', '--scalarizer', '--bdce', '--adce', '--loop-simplify', '--scalarizer', '--simplifycfg', '--mergereturn', '--lower-expect', '--ipsccp', '--gvn', '--nary-reassociate', '--gvn', '--early-cse', '--nary-reassociate', '--gvn', '--early-cse', '--correlated-propagation', '--jump-threading', '--globalopt', '--slp-vectorizer', '--instcombine', '--slp-vectorizer', '--instcombine', '--simplifycfg', '--sroa', '--early-cse', '--lower-expect', '--aggressive-instcombine']",78,-3.576295304825058,0.0,-0.8047490169763332,0.0,1,-3.576295304825058,-0.8047490169763332,0.5620873773639496,-67.00507614213198,12.080276597398672,11.76470588235294,34
2476,"['--ipsccp', '--speculative-execution', '--sccp', '--lower-constant-intrinsics', '--early-cse', '--mem2reg', '--jump-threading', '--globalopt', '--elim-avail-extern', '--instcombine', '--loop-instsimplify', '--jump-threading', '--gvn', '--simplifycfg', '--instsimplify', '--inline', '--mergefunc', '--gvn-hoist', '--instcombine', '--globalopt', '--elim-avail-extern', '--loweratomic', '--indvars', '--indvars', '--gvn', '--gvn', '--ipsccp', '--gvn', '--nary-reassociate', '--adce', '--early-cse', '--mem2reg', '--jump-threading', '--globalopt', '--elim-avail-extern', '--instcombine', '--simplifycfg', '--sroa', '--loop-reroll', '--globaldce', '--gvn-hoist', '--sccp', '--early-cse', '--lower-constant-intrinsics', '--adce', '--adce', '--slsr', '--gvn-hoist', '--adce', '--loop-simplify', '--dse', '--scalarizer', '--simplifycfg', '--lower-expect', '--ipsccp', '--elim-avail-extern', '--lower-constant-intrinsics', '--ipsccp', '--gvn', '--gvn', '--gvn', '--early-cse', '--early-cse', '--loop-guard-widening', '--jump-threading', '--globalopt', '--slp-vectorizer', '--instcombine', '--slp-vectorizer', '--instcombine', '--hotcoldsplit', '--simplifycfg', '--sroa', '--early-cse', '--lower-expect', '--aggressive-instcombine']",76,-3.576295304825058,0.0,-0.8047490169763332,0.0,1,-3.576295304825058,-0.8047490169763332,0.5620873773639496,-67.00507614213198,12.080276597398672,11.76470588235294,34
2409,"['--ipsccp', '--speculative-execution', '--sccp', '--lower-constant-intrinsics', '--early-cse', '--mem2reg', '--jump-threading', '--globalopt', '--elim-avail-extern', '--instcombine', '--loop-instsimplify', '--jump-threading', '--gvn', '--simplifycfg', '--instsimplify', '--inline', '--mergefunc', '--gvn-hoist', '--instcombine', '--globalopt', '--elim-avail-extern', '--loweratomic', '--early-cse', '--indvars', '--gvn', '--gvn', '--ipsccp', '--gvn', '--nary-reassociate', '--adce', '--early-cse', '--mem2reg', '--jump-threading', '--globalopt', '--elim-avail-extern', '--instcombine', '--simplifycfg', '--sroa', '--mem2reg', '--globaldce', '--gvn-hoist', '--sccp', '--indvars', '--lower-constant-intrinsics', '--adce', '--slsr', '--gvn-hoist', '--adce', '--gvn-hoist', '--adce', '--loop-simplify', '--dse', '--scalarizer', '--simplifycfg', '--lower-expect', '--simplifycfg', '--elim-avail-extern', '--lower-constant-intrinsics', '--ipsccp', '--nary-reassociate', '--gvn', '--early-cse', '--loop-guard-widening', '--jump-threading', '--globalopt', '--slp-vectorizer', '--instcombine', '--slp-vectorizer', '--instcombine', '--simplifycfg', '--sroa', '--early-cse', '--lower-expect', '--sroa', '--lower-expect', '--aggressive-instcombine']",76,-3.5767953633028764,0.0,-0.7908437833391342,0.0,1,-3.5767953633028764,-0.7908437833391342,0.5620873773639496,-67.51269035532995,12.189566434455847,11.76470588235294,34
2558,"['--ipsccp', '--speculative-execution', '--sccp', '--lower-constant-intrinsics', '--early-cse', '--mem2reg', '--jump-threading', '--globalopt', '--elim-avail-extern', '--instcombine', '--loop-instsimplify', '--gvn', '--simplifycfg', '--instsimplify', '--inline', '--mergefunc', '--gvn-hoist', '--instcombine', '--globalopt', '--dse', '--loweratomic', '--indvars', '--indvars', '--gvn', '--gvn', '--ipsccp', '--gvn', '--adce', '--early-cse', '--mem2reg', '--jump-threading', '--globalopt', '--globalopt', '--elim-avail-extern', '--lower-expect', '--simplifycfg', '--sroa', '--mem2reg', '--globaldce', '--gvn-hoist', '--sccp', '--early-cse', '--lower-constant-intrinsics', '--adce', '--slsr', '--gvn-hoist', '--adce', '--ipsccp', '--dse', '--scalarizer', '--adce', '--loop-simplify', '--dse', '--scalarizer', '--simplifycfg', '--mergereturn', '--lower-expect', '--elim-avail-extern', '--lower-constant-intrinsics', '--loop-simplify', '--nary-reassociate', '--gvn', '--jump-threading', '--globalopt', '--slp-vectorizer', '--instcombine', '--slp-vectorizer', '--instcombine', '--simplifycfg', '--sroa', '--early-cse', '--instcombine', '--sroa', '--sroa', '--aggressive-instcombine']",75,-3.5767953633028764,0.0,-0.7908437833391342,0.0,1,-3.5767953633028764,-0.7908437833391342,0.5620873773639496,-67.51269035532995,12.189566434455847,11.76470588235294,34
2693,"['--ipsccp', '--speculative-execution', '--sccp', '--lower-constant-intrinsics', '--early-cse', '--mem2reg', '--jump-threading', '--globalopt', '--elim-avail-extern', '--dce', '--instcombine', '--loop-instsimplify', '--jump-threading', '--gvn', '--simplifycfg', '--instsimplify', '--inline', '--mergefunc', '--gvn-hoist', '--instcombine', '--globalopt', '--elim-avail-extern', '--loweratomic', '--indvars', '--slsr', '--gvn', '--ipsccp', '--gvn', '--nary-reassociate', '--adce', '--early-cse', '--mem2reg', '--jump-threading', '--globalopt', '--elim-avail-extern', '--instcombine', '--simplifycfg', '--sroa', '--mem2reg', '--globaldce', '--gvn-hoist', '--sccp', '--early-cse', '--lower-constant-intrinsics', '--adce', '--indvars', '--gvn-hoist', '--adce', '--loop-simplify', '--dse', '--scalarizer', '--adce', '--loop-simplify', '--dse', '--scalarizer', '--simplifycfg', '--simplifycfg', '--elim-avail-extern', '--lower-constant-intrinsics', '--ipsccp', '--nary-reassociate', '--gvn', '--early-cse', '--loop-guard-widening', '--jump-threading', '--globalopt', '--slp-vectorizer', '--instcombine', '--slp-vectorizer', '--instcombine', '--simplifycfg', '--sroa', '--early-cse', '--lower-expect', '--sroa', '--lower-expect', '--aggressive-instcombine']",77,-3.5767953633028764,0.0,-0.7908437833391342,0.0,1,-3.5767953633028764,-0.7908437833391342,0.5620873773639496,-67.51269035532995,12.189566434455847,11.76470588235294,34
2517,"['--ipsccp', '--speculative-execution', '--sccp', '--lower-constant-intrinsics', '--early-cse', '--mem2reg', '--jump-threading', '--globalopt', '--elim-avail-extern', '--instcombine', '--loop-instsimplify', '--gvn', '--simplifycfg', '--instsimplify', '--inline', '--inline', '--mergefunc', '--gvn-hoist', '--instcombine', '--globalopt', '--elim-avail-extern', '--loweratomic', '--indvars', '--indvars', '--gvn', '--gvn', '--ipsccp', '--gvn', '--nary-reassociate', '--adce', '--early-cse', '--mem2reg', '--jump-threading', '--globalopt', '--elim-avail-extern', '--simplifycfg', '--sroa', '--mem2reg', '--globaldce', '--gvn-hoist', '--sccp', '--early-cse', '--lower-constant-intrinsics', '--adce', '--adce', '--slsr', '--gvn-hoist', '--adce', '--loop-simplify', '--dse', '--scalarizer', '--lower-expect', '--ipsccp', '--elim-avail-extern', '--lower-constant-intrinsics', '--ipsccp', '--gvn', '--gvn', '--gvn', '--early-cse', '--mem2reg', '--jump-threading', '--correlated-propagation', '--slp-vectorizer', '--instcombine', '--simplifycfg', '--slp-vectorizer', '--instcombine', '--simplifycfg', '--sroa', '--early-cse', '--lower-expect', '--aggressive-instcombine']",73,-3.5767953633028764,0.0,-0.7908437833391342,0.0,1,-3.5767953633028764,-0.7908437833391342,0.5620873773639496,-67.51269035532995,12.189566434455847,11.76470588235294,34
2400,"['--ipsccp', '--speculative-execution', '--sccp', '--lower-constant-intrinsics', '--early-cse', '--mem2reg', '--mergefunc', '--jump-threading', '--globalopt', '--elim-avail-extern', '--instcombine', '--loop-instsimplify', '--jump-threading', '--gvn', '--simplifycfg', '--instsimplify', '--inline', '--mergefunc', '--gvn-hoist', '--instcombine', '--globalopt', '--elim-avail-extern', '--loweratomic', '--indvars', '--indvars', '--gvn', '--gvn', '--ipsccp', '--gvn', '--nary-reassociate', '--adce', '--early-cse', '--mem2reg', '--jump-threading', '--globalopt', '--simplifycfg', '--sroa', '--mem2reg', '--globaldce', '--simplifycfg', '--sccp', '--early-cse', '--lower-constant-intrinsics', '--adce', '--slsr', '--gvn-hoist', '--adce', '--loop-simplify', '--dse', '--scalarizer', '--simplifycfg', '--lower-expect', '--gvn-hoist', '--simplifycfg', '--lower-expect', '--simplifycfg', '--elim-avail-extern', '--lower-constant-intrinsics', '--ipsccp', '--gvn', '--nary-reassociate', '--gvn', '--early-cse', '--loop-guard-widening', '--jump-threading', '--globalopt', '--slp-vectorizer', '--instcombine', '--slp-vectorizer', '--instcombine', '--simplifycfg', '--sroa', '--early-cse', '--lower-expect', '--aggressive-instcombine']",75,-3.5767953633028764,0.0,-0.7908437833391342,0.0,1,-3.5767953633028764,-0.7908437833391342,0.5620873773639496,-67.51269035532995,12.189566434455847,11.76470588235294,34
2245,"['--ipsccp', '--speculative-execution', '--sccp', '--lower-constant-intrinsics', '--early-cse', '--mem2reg', '--jump-threading', '--globalopt', '--elim-avail-extern', '--instcombine', '--loop-instsimplify', '--jump-threading', '--gvn', '--simplifycfg', '--instsimplify', '--inline', '--mergefunc', '--gvn-hoist', '--instcombine', '--loop-reroll', '--globalopt', '--elim-avail-extern', '--loweratomic', '--indvars', '--indvars', '--gvn', '--gvn', '--ipsccp', '--gvn', '--nary-reassociate', '--mem2reg', '--jump-threading', '--correlated-propagation', '--mem2reg', '--memcpyopt', '--globalopt', '--jump-threading', '--simplifycfg', '--sroa', '--mem2reg', '--globaldce', '--gvn-hoist', '--sccp', '--early-cse', '--lower-constant-intrinsics', '--lower-constant-intrinsics', '--slsr', '--gvn-hoist', '--adce', '--loop-simplify', '--dse', '--scalarizer', '--adce', '--loop-simplify', '--dse', '--scalarizer', '--simplifycfg', '--mergereturn', '--lower-expect', '--elim-avail-extern', '--lower-constant-intrinsics', '--ipsccp', '--nary-reassociate', '--gvn', '--jump-threading', '--globalopt', '--slp-vectorizer', '--instcombine', '--slp-vectorizer', '--instcombine', '--simplifycfg', '--sroa', '--early-cse', '--lower-expect', '--sroa', '--sroa', '--aggressive-instcombine']",77,-3.5767953633028764,0.0,-0.7908437833391342,0.0,1,-3.5767953633028764,-0.7908437833391342,0.5620873773639496,-67.51269035532995,12.189566434455847,11.76470588235294,34
1811,"['--ipsccp', '--speculative-execution', '--sccp', '--early-cse', '--mem2reg', '--jump-threading', '--elim-avail-extern', '--instcombine', '--adce', '--loop-interchange', '--aggressive-instcombine', '--gvn', '--simplifycfg', '--instsimplify', '--inline', '--globaldce', '--mergefunc', '--gvn-hoist', '--gvn-hoist', '--instcombine', '--elim-avail-extern', '--indvars', '--instcombine', '--gvn', '--gvn', '--ipsccp', '--gvn', '--nary-reassociate', '--adce', '--early-cse', '--mem2reg', '--jump-threading', '--globalopt', '--elim-avail-extern', '--indvars', '--simplifycfg', '--simplifycfg', '--sroa', '--mem2reg', '--globaldce', '--gvn-hoist', '--sccp', '--early-cse', '--lower-constant-intrinsics', '--adce', '--slsr', '--gvn-hoist', '--elim-avail-extern', '--adce', '--loop-simplify', '--dse', '--scalarizer', '--simplifycfg', '--lower-expect', '--simplifycfg', '--elim-avail-extern', '--lower-constant-intrinsics', '--gvn', '--nary-reassociate', '--gvn', '--early-cse', '--mem2reg', '--jump-threading', '--globalopt', '--slp-vectorizer', '--instcombine', '--simplifycfg', '--sroa', '--early-cse', '--lower-expect', '--sroa', '--sroa', '--lower-expect', '--simplifycfg', '--aggressive-instcombine']",75,-3.5777889216998626,0.0,-0.8037277895557304,0.0,1,-3.5777889216998626,-0.8037277895557304,0.5008908414855473,-67.00507614213198,12.102871971801237,11.76470588235294,34
2176,"['--bdce', '--speculative-execution', '--sccp', '--early-cse', '--mem2reg', '--jump-threading', '--globalopt', '--elim-avail-extern', '--instcombine', '--adce', '--jump-threading', '--gvn', '--simplifycfg', '--hotcoldsplit', '--inline', '--mergefunc', '--gvn-hoist', '--instcombine', '--globalopt', '--elim-avail-extern', '--indvars', '--indvars', '--gvn-hoist', '--gvn', '--aggressive-instcombine', '--ipsccp', '--gvn', '--nary-reassociate', '--loop-instsimplify', '--early-cse', '--mem2reg', '--jump-threading', '--globalopt', '--jump-threading', '--ipsccp', '--elim-avail-extern', '--instcombine', '--sroa', '--mem2reg', '--globaldce', '--loop-versioning-licm', '--gvn-hoist', '--early-cse', '--lower-constant-intrinsics', '--adce', '--slsr', '--gvn-hoist', '--adce', '--loop-simplify', '--dse', '--scalarizer', '--simplifycfg', '--lower-expect', '--simplifycfg', '--elim-avail-extern', '--lower-constant-intrinsics', '--ipsccp', '--nary-reassociate', '--gvn', '--mem2reg', '--jump-threading', '--globalopt', '--slp-vectorizer', '--instcombine', '--simplifycfg', '--sroa', '--early-cse', '--lower-expect', '--sroa', '--sroa', '--lower-expect', '--lower-expect', '--sroa', '--sroa', '--lower-expect', '--gvn']",76,-3.5785447693099597,0.0,-0.8055791172874024,0.0,1,-3.5785447693099597,-0.8055791172874024,0.5008908414855473,-67.00507614213198,12.096545489914668,11.76470588235294,34
2426,"['--mem2reg', '--speculative-execution', '--sccp', '--lower-constant-intrinsics', '--early-cse', '--mem2reg', '--jump-threading', '--globalopt', '--elim-avail-extern', '--instcombine', '--loop-instsimplify', '--jump-threading', '--gvn', '--simplifycfg', '--instsimplify', '--inline', '--mergefunc', '--gvn-hoist', '--instcombine', '--globalopt', '--elim-avail-extern', '--loweratomic', '--indvars', '--indvars', '--gvn', '--gvn', '--ipsccp', '--gvn', '--nary-reassociate', '--adce', '--early-cse', '--loweratomic', '--ipsccp', '--jump-threading', '--globalopt', '--elim-avail-extern', '--instcombine', '--simplifycfg', '--sroa', '--mem2reg', '--globaldce', '--simplifycfg', '--sccp', '--early-cse', '--lower-constant-intrinsics', '--adce', '--slsr', '--gvn-hoist', '--adce', '--loop-simplify', '--dse', '--scalarizer', '--loop-simplify', '--dse', '--scalarizer', '--simplifycfg', '--mergereturn', '--lower-expect', '--elim-avail-extern', '--lower-constant-intrinsics', '--correlated-propagation', '--ipsccp', '--nary-reassociate', '--jump-threading', '--globalopt', '--slp-vectorizer', '--instcombine', '--slp-vectorizer', '--instcombine', '--simplifycfg', '--sroa', '--early-cse', '--early-cse', '--lower-expect', '--aggressive-instcombine']",75,-3.5795592719344382,0.0,-0.8069553938620248,0.0,1,-3.5795592719344382,-0.8069553938620248,0.5620873773639496,-67.00507614213198,12.096368441849785,11.76470588235294,34
2579,"['--ipsccp', '--mem2reg', '--speculative-execution', '--sccp', '--lower-constant-intrinsics', '--early-cse', '--mem2reg', '--jump-threading', '--globalopt', '--elim-avail-extern', '--instcombine', '--loop-instsimplify', '--jump-threading', '--gvn', '--simplifycfg', '--instsimplify', '--inline', '--mergefunc', '--gvn-hoist', '--instcombine', '--globalopt', '--elim-avail-extern', '--loweratomic', '--indvars', '--indvars', '--gvn', '--gvn', '--ipsccp', '--gvn', '--nary-reassociate', '--adce', '--early-cse', '--mem2reg', '--jump-threading', '--elim-avail-extern', '--instcombine', '--simplifycfg', '--sroa', '--mem2reg', '--globaldce', '--gvn-hoist', '--sccp', '--early-cse', '--lower-constant-intrinsics', '--adce', '--slsr', '--gvn-hoist', '--adce', '--gvn-hoist', '--adce', '--loop-simplify', '--dse', '--scalarizer', '--simplifycfg', '--lower-expect', '--simplifycfg', '--elim-avail-extern', '--lower-constant-intrinsics', '--ipsccp', '--nary-reassociate', '--gvn', '--early-cse', '--loop-guard-widening', '--jump-threading', '--globalopt', '--slp-vectorizer', '--instcombine', '--slp-vectorizer', '--simplifycfg', '--sroa', '--early-cse', '--lower-expect', '--sroa', '--sroa', '--lower-expect', '--aggressive-instcombine']",76,-3.5795592719344382,0.0,-0.8069553938620248,0.0,1,-3.5795592719344382,-0.8069553938620248,0.5620873773639496,-67.00507614213198,12.096368441849785,11.76470588235294,34
1543,"['--ipsccp', '--speculative-execution', '--sccp', '--early-cse', '--mem2reg', '--jump-threading', '--globalopt', '--elim-avail-extern', '--instcombine', '--adce', '--jump-threading', '--gvn', '--simplifycfg', '--instsimplify', '--inline', '--mergefunc', '--gvn-hoist', '--instcombine', '--globalopt', '--elim-avail-extern', '--indvars', '--indvars', '--gvn', '--gvn', '--ipsccp', '--gvn', '--nary-reassociate', '--loop-instsimplify', '--early-cse', '--mem2reg', '--jump-threading', '--globalopt', '--elim-avail-extern', '--tailcallelim', '--simplifycfg', '--sroa', '--mem2reg', '--gvn', '--gvn-hoist', '--sccp', '--early-cse', '--lower-constant-intrinsics', '--adce', '--adce', '--reassociate', '--loop-simplify', '--dse', '--scalarizer', '--ipconstprop', '--simplifycfg', '--simplifycfg', '--gvn-hoist', '--elim-avail-extern', '--lower-constant-intrinsics', '--gvn', '--ipsccp', '--gvn', '--nary-reassociate', '--gvn', '--early-cse', '--mem2reg', '--jump-threading', '--globalopt', '--slp-vectorizer', '--instcombine', '--simplifycfg', '--sroa', '--early-cse', '--lower-expect', '--tailcallelim', '--sroa', '--lower-expect', '--correlated-propagation', '--simplifycfg', '--aggressive-instcombine']",75,-3.5810357716478496,0.0,-0.8080461829476643,0.0,1,-3.5810357716478496,-0.8080461829476643,0.5008908414855473,-67.00507614213198,12.102952520841606,11.76470588235294,34
1552,"['--ipsccp', '--speculative-execution', '--sccp', '--early-cse', '--mem2reg', '--jump-threading', '--globalopt', '--elim-avail-extern', '--instcombine', '--adce', '--jump-threading', '--gvn', '--simplifycfg', '--instsimplify', '--inline', '--mergefunc', '--gvn-hoist', '--instcombine', '--globalopt', '--elim-avail-extern', '--indvars', '--indvars', '--gvn', '--gvn', '--ipsccp', '--gvn', '--nary-reassociate', '--loop-instsimplify', '--early-cse', '--mem2reg', '--jump-threading', '--globalopt', '--elim-avail-extern', '--instcombine', '--simplifycfg', '--sroa', '--mldst-motion', '--gvn', '--gvn-hoist', '--sccp', '--early-cse', '--lower-constant-intrinsics', '--adce', '--gvn-hoist', '--adce', '--loop-simplify', '--dse', '--scalarizer', '--simplifycfg', '--lower-expect', '--simplifycfg', '--gvn-hoist', '--elim-avail-extern', '--lower-constant-intrinsics', '--gvn', '--lower-constant-intrinsics', '--gvn', '--ipsccp', '--gvn', '--nary-reassociate', '--gvn', '--early-cse', '--mem2reg', '--jump-threading', '--globalopt', '--slp-vectorizer', '--instcombine', '--simplifycfg', '--sroa', '--early-cse', '--lower-expect', '--sroa', '--lower-expect', '--aggressive-instcombine']",74,-3.5810357716478496,0.0,-0.8080461829476643,0.0,1,-3.5810357716478496,-0.8080461829476643,0.5008908414855473,-67.00507614213198,12.102952520841606,11.76470588235294,34
1550,"['--ipsccp', '--speculative-execution', '--sccp', '--early-cse', '--mem2reg', '--jump-threading', '--globalopt', '--elim-avail-extern', '--instcombine', '--adce', '--jump-threading', '--gvn', '--simplifycfg', '--instsimplify', '--inline', '--mergefunc', '--gvn-hoist', '--gvn-hoist', '--globalopt', '--elim-avail-extern', '--indvars', '--indvars', '--gvn', '--loop-idiom', '--gvn', '--gvn', '--nary-reassociate', '--loop-instsimplify', '--early-cse', '--mem2reg', '--jump-threading', '--globalopt', '--elim-avail-extern', '--instcombine', '--simplifycfg', '--sroa', '--mem2reg', '--gvn', '--gvn-hoist', '--sccp', '--early-cse', '--lower-constant-intrinsics', '--adce', '--gvn-hoist', '--adce', '--loop-simplify', '--dse', '--scalarizer', '--simplifycfg', '--lower-expect', '--simplifycfg', '--simplifycfg', '--gvn-hoist', '--elim-avail-extern', '--lower-constant-intrinsics', '--gvn', '--ipsccp', '--gvn', '--nary-reassociate', '--gvn', '--early-cse', '--mem2reg', '--jump-threading', '--globalopt', '--slp-vectorizer', '--instcombine', '--simplifycfg', '--sroa', '--early-cse', '--lower-expect', '--sroa', '--sroa', '--lower-expect', '--aggressive-instcombine']",74,-3.5810357716478496,0.0,-0.8080461829476643,0.0,1,-3.5810357716478496,-0.8080461829476643,0.5008908414855473,-67.00507614213198,12.102952520841606,11.76470588235294,34
1549,"['--ipsccp', '--speculative-execution', '--sccp', '--early-cse', '--mem2reg', '--jump-threading', '--globalopt', '--elim-avail-extern', '--instcombine', '--loop-instsimplify', '--jump-threading', '--gvn', '--simplifycfg', '--instsimplify', '--inline', '--mergefunc', '--gvn-hoist', '--instcombine', '--globalopt', '--elim-avail-extern', '--indvars', '--indvars', '--gvn', '--gvn', '--ipsccp', '--gvn', '--nary-reassociate', '--loop-instsimplify', '--early-cse', '--mem2reg', '--jump-threading', '--globalopt', '--elim-avail-extern', '--instcombine', '--simplifycfg', '--sroa', '--mem2reg', '--gvn', '--gvn-hoist', '--sccp', '--early-cse', '--lower-constant-intrinsics', '--adce', '--adce', '--loop-simplify', '--dse', '--scalarizer', '--ipconstprop', '--simplifycfg', '--lower-expect', '--simplifycfg', '--gvn-hoist', '--elim-avail-extern', '--lower-constant-intrinsics', '--gvn', '--ipsccp', '--gvn', '--nary-reassociate', '--gvn', '--early-cse', '--mem2reg', '--jump-threading', '--globalopt', '--slp-vectorizer', '--instcombine', '--instcombine', '--simplifycfg', '--sroa', '--early-cse', '--lower-expect', '--sroa', '--lower-expect', '--aggressive-instcombine']",73,-3.5810357716478496,0.0,-0.8080461829476643,0.0,1,-3.5810357716478496,-0.8080461829476643,0.5008908414855473,-67.00507614213198,12.102952520841606,11.76470588235294,34
1548,"['--ipsccp', '--speculative-execution', '--sccp', '--early-cse', '--mem2reg', '--jump-threading', '--globalopt', '--elim-avail-extern', '--instcombine', '--adce', '--jump-threading', '--gvn', '--simplifycfg', '--instsimplify', '--inline', '--mergefunc', '--gvn-hoist', '--instcombine', '--globalopt', '--elim-avail-extern', '--indvars', '--indvars', '--gvn', '--gvn', '--ipsccp', '--gvn', '--nary-reassociate', '--loop-instsimplify', '--early-cse', '--mem2reg', '--jump-threading', '--globalopt', '--elim-avail-extern', '--instcombine', '--simplifycfg', '--sroa', '--mem2reg', '--gvn', '--gvn-hoist', '--sccp', '--early-cse', '--lower-constant-intrinsics', '--adce', '--adce', '--loop-simplify', '--dse', '--scalarizer', '--ipconstprop', '--simplifycfg', '--lower-expect', '--simplifycfg', '--gvn-hoist', '--elim-avail-extern', '--lower-constant-intrinsics', '--gvn', '--ipsccp', '--gvn', '--nary-reassociate', '--gvn', '--early-cse', '--mem2reg', '--jump-threading', '--globalopt', '--slp-vectorizer', '--instcombine', '--instcombine', '--simplifycfg', '--sroa', '--early-cse', '--lower-expect', '--sroa', '--lower-expect', '--aggressive-instcombine', '--lower-constant-intrinsics']",74,-3.5810357716478496,0.0,-0.8080461829476643,0.0,1,-3.5810357716478496,-0.8080461829476643,0.5008908414855473,-67.00507614213198,12.102952520841606,11.76470588235294,34
1545,"['--ipsccp', '--speculative-execution', '--sccp', '--early-cse', '--mem2reg', '--jump-threading', '--globalopt', '--elim-avail-extern', '--instcombine', '--adce', '--jump-threading', '--gvn', '--simplifycfg', '--instsimplify', '--inline', '--mergefunc', '--gvn-hoist', '--instcombine', '--globalopt', '--hotcoldsplit', '--indvars', '--indvars', '--gvn', '--gvn', '--ipsccp', '--gvn', '--nary-reassociate', '--loop-instsimplify', '--early-cse', '--mem2reg', '--jump-threading', '--globalopt', '--elim-avail-extern', '--instcombine', '--simplifycfg', '--sroa', '--mem2reg', '--gvn', '--gvn-hoist', '--sccp', '--early-cse', '--lower-constant-intrinsics', '--adce', '--adce', '--loop-simplify', '--dse', '--scalarizer', '--ipconstprop', '--scalarizer', '--simplifycfg', '--adce', '--lower-expect', '--simplifycfg', '--gvn-hoist', '--elim-avail-extern', '--lower-constant-intrinsics', '--gvn', '--ipsccp', '--gvn', '--nary-reassociate', '--gvn', '--early-cse', '--mem2reg', '--jump-threading', '--globalopt', '--slp-vectorizer', '--instcombine', '--simplifycfg', '--sroa', '--early-cse', '--lower-expect', '--sroa', '--lower-expect', '--aggressive-instcombine']",74,-3.5810357716478496,0.0,-0.8080461829476643,0.0,1,-3.5810357716478496,-0.8080461829476643,0.5008908414855473,-67.00507614213198,12.102952520841606,11.76470588235294,34
1392,"['--ipsccp', '--speculative-execution', '--sccp', '--early-cse', '--mem2reg', '--jump-threading', '--globalopt', '--elim-avail-extern', '--instcombine', '--adce', '--jump-threading', '--gvn', '--simplifycfg', '--instsimplify', '--inline', '--mergefunc', '--gvn-hoist', '--instcombine', '--globalopt', '--elim-avail-extern', '--indvars', '--indvars', '--gvn', '--gvn', '--gvn', '--nary-reassociate', '--loop-instsimplify', '--early-cse', '--mem2reg', '--jump-threading', '--globalopt', '--elim-avail-extern', '--instcombine', '--simplifycfg', '--sroa', '--mem2reg', '--gvn', '--gvn-hoist', '--sccp', '--early-cse', '--lower-constant-intrinsics', '--adce', '--gvn-hoist', '--adce', '--loop-simplify', '--dse', '--scalarizer', '--simplifycfg', '--lower-expect', '--simplifycfg', '--gvn-hoist', '--elim-avail-extern', '--lower-constant-intrinsics', '--gvn', '--ipsccp', '--gvn', '--nary-reassociate', '--gvn', '--early-cse', '--mem2reg', '--jump-threading', '--globalopt', '--slp-vectorizer', '--instcombine', '--simplifycfg', '--sroa', '--early-cse', '--lower-expect', '--sroa', '--sroa', '--lower-expect', '--aggressive-instcombine']",72,-3.5810357716478496,0.0,-0.8080461829476643,0.0,1,-3.5810357716478496,-0.8080461829476643,0.5008908414855473,-67.00507614213198,12.102952520841606,11.76470588235294,34
1664,"['--ipsccp', '--speculative-execution', '--sccp', '--sccp', '--early-cse', '--mem2reg', '--jump-threading', '--elim-avail-extern', '--instcombine', '--adce', '--loop-interchange', '--aggressive-instcombine', '--gvn', '--simplifycfg', '--instsimplify', '--inline', '--mergefunc', '--gvn-hoist', '--gvn-hoist', '--instcombine', '--globalopt', '--elim-avail-extern', '--indvars', '--elim-avail-extern', '--indvars', '--gvn', '--gvn', '--ipsccp', '--gvn', '--nary-reassociate', '--loop-instsimplify', '--early-cse', '--mem2reg', '--jump-threading', '--globalopt', '--elim-avail-extern', '--instcombine', '--simplifycfg', '--sroa', '--inferattrs', '--mem2reg', '--globaldce', '--gvn-hoist', '--sccp', '--early-cse', '--lower-constant-intrinsics', '--gvn-hoist', '--adce', '--loop-fusion', '--loop-simplify', '--dse', '--scalarizer', '--simplifycfg', '--lower-expect', '--simplifycfg', '--elim-avail-extern', '--lower-constant-intrinsics', '--ipsccp', '--gvn', '--nary-reassociate', '--gvn', '--early-cse', '--mem2reg', '--jump-threading', '--globalopt', '--slp-vectorizer', '--instcombine', '--simplifycfg', '--sroa', '--early-cse', '--lower-expect', '--sroa', '--sroa', '--lower-expect', '--aggressive-instcombine']",75,-3.5810357716478496,0.0,-0.8080461829476643,0.0,1,-3.5810357716478496,-0.8080461829476643,0.5008908414855473,-67.00507614213198,12.102952520841606,11.76470588235294,34
1524,"['--ipsccp', '--speculative-execution', '--sccp', '--early-cse', '--mem2reg', '--jump-threading', '--globalopt', '--elim-avail-extern', '--instcombine', '--adce', '--jump-threading', '--gvn', '--simplifycfg', '--instsimplify', '--inline', '--mergefunc', '--gvn-hoist', '--instcombine', '--globalopt', '--elim-avail-extern', '--indvars', '--indvars', '--gvn', '--gvn', '--ipsccp', '--gvn', '--nary-reassociate', '--loop-instsimplify', '--early-cse', '--mem2reg', '--jump-threading', '--globalopt', '--elim-avail-extern', '--instcombine', '--simplifycfg', '--sroa', '--mem2reg', '--gvn', '--gvn-hoist', '--sccp', '--early-cse', '--lower-constant-intrinsics', '--adce', '--adce', '--reassociate', '--loop-simplify', '--dse', '--scalarizer', '--ipconstprop', '--simplifycfg', '--simplifycfg', '--gvn-hoist', '--elim-avail-extern', '--lower-constant-intrinsics', '--gvn', '--ipsccp', '--gvn', '--nary-reassociate', '--gvn', '--early-cse', '--mem2reg', '--jump-threading', '--globalopt', '--slp-vectorizer', '--instcombine', '--simplifycfg', '--sroa', '--early-cse', '--lower-expect', '--tailcallelim', '--sroa', '--lower-expect', '--correlated-propagation', '--simplifycfg', '--aggressive-instcombine']",75,-3.5810357716478496,0.0,-0.8080461829476643,0.0,1,-3.5810357716478496,-0.8080461829476643,0.5008908414855473,-67.00507614213198,12.102952520841606,11.76470588235294,34
1329,"['--ipsccp', '--speculative-execution', '--sccp', '--early-cse', '--mem2reg', '--jump-threading', '--globalopt', '--elim-avail-extern', '--instcombine', '--adce', '--jump-threading', '--gvn', '--simplifycfg', '--instsimplify', '--inline', '--mergefunc', '--gvn-hoist', '--instcombine', '--globalopt', '--elim-avail-extern', '--indvars', '--indvars', '--gvn', '--gvn', '--ipsccp', '--gvn', '--nary-reassociate', '--loop-instsimplify', '--early-cse', '--mem2reg', '--jump-threading', '--globalopt', '--elim-avail-extern', '--instcombine', '--simplifycfg', '--sroa', '--mem2reg', '--gvn', '--gvn-hoist', '--sccp', '--early-cse', '--lower-constant-intrinsics', '--adce', '--adce', '--loop-simplify', '--dse', '--scalarizer', '--ipconstprop', '--simplifycfg', '--lower-expect', '--simplifycfg', '--gvn-hoist', '--elim-avail-extern', '--lower-constant-intrinsics', '--gvn', '--ipsccp', '--gvn', '--nary-reassociate', '--gvn', '--early-cse', '--mem2reg', '--jump-threading', '--globalopt', '--slp-vectorizer', '--instcombine', '--simplifycfg', '--sroa', '--early-cse', '--lower-expect', '--sroa', '--sroa', '--lower-expect', '--simplifycfg', '--aggressive-instcombine']",74,-3.5810357716478496,0.0,-0.8080461829476643,0.0,1,-3.5810357716478496,-0.8080461829476643,0.5008908414855473,-67.00507614213198,12.102952520841606,11.76470588235294,34
1415,"['--speculative-execution', '--speculative-execution', '--sccp', '--ipconstprop', '--early-cse', '--mem2reg', '--jump-threading', '--globalopt', '--elim-avail-extern', '--instcombine', '--adce', '--jump-threading', '--gvn', '--simplifycfg', '--instsimplify', '--inline', '--mergefunc', '--gvn-hoist', '--globalopt', '--elim-avail-extern', '--indvars', '--indvars', '--gvn', '--gvn', '--elim-avail-extern', '--ipsccp', '--gvn', '--nary-reassociate', '--loop-instsimplify', '--early-cse', '--mem2reg', '--jump-threading', '--globalopt', '--elim-avail-extern', '--instcombine', '--simplifycfg', '--sroa', '--mem2reg', '--gvn', '--gvn-hoist', '--sccp', '--early-cse', '--lower-constant-intrinsics', '--adce', '--gvn-hoist', '--adce', '--loop-simplify', '--dse', '--scalarizer', '--simplifycfg', '--lower-expect', '--simplifycfg', '--gvn-hoist', '--elim-avail-extern', '--lower-constant-intrinsics', '--gvn', '--ipsccp', '--gvn', '--nary-reassociate', '--gvn', '--early-cse', '--mem2reg', '--jump-threading', '--globalopt', '--slp-vectorizer', '--instcombine', '--simplifycfg', '--sroa', '--early-cse', '--lower-expect', '--sroa', '--sroa', '--gvn', '--lower-expect', '--aggressive-instcombine']",75,-3.5810357716478496,0.0,-0.8080461829476643,0.0,1,-3.5810357716478496,-0.8080461829476643,0.5008908414855473,-67.00507614213198,12.102952520841606,11.76470588235294,34
1429,"['--ipsccp', '--speculative-execution', '--sccp', '--early-cse', '--mem2reg', '--jump-threading', '--globalopt', '--elim-avail-extern', '--instcombine', '--adce', '--jump-threading', '--gvn', '--simplifycfg', '--instsimplify', '--inline', '--mergefunc', '--gvn-hoist', '--instcombine', '--globalopt', '--elim-avail-extern', '--indvars', '--indvars', '--gvn', '--gvn', '--gvn', '--nary-reassociate', '--loop-instsimplify', '--early-cse', '--mem2reg', '--jump-threading', '--globalopt', '--elim-avail-extern', '--instcombine', '--simplifycfg', '--sroa', '--mem2reg', '--gvn', '--gvn-hoist', '--sccp', '--early-cse', '--lower-constant-intrinsics', '--adce', '--gvn-hoist', '--adce', '--loop-simplify', '--dse', '--scalarizer', '--simplifycfg', '--lower-expect', '--simplifycfg', '--simplifycfg', '--gvn-hoist', '--elim-avail-extern', '--lower-constant-intrinsics', '--gvn', '--ipsccp', '--gvn', '--nary-reassociate', '--gvn', '--early-cse', '--mem2reg', '--jump-threading', '--globalopt', '--slp-vectorizer', '--instcombine', '--simplifycfg', '--sroa', '--early-cse', '--lower-expect', '--sroa', '--sroa', '--lower-expect', '--simplifycfg', '--aggressive-instcombine']",74,-3.5810357716478496,0.0,-0.8080461829476643,0.0,1,-3.5810357716478496,-0.8080461829476643,0.5008908414855473,-67.00507614213198,12.102952520841606,11.76470588235294,34
1438,"['--ipsccp', '--speculative-execution', '--sccp', '--early-cse', '--mem2reg', '--jump-threading', '--globalopt', '--elim-avail-extern', '--instcombine', '--adce', '--jump-threading', '--gvn', '--simplifycfg', '--instsimplify', '--inline', '--elim-avail-extern', '--gvn-hoist', '--instcombine', '--globalopt', '--mergefunc', '--indvars', '--indvars', '--gvn', '--gvn', '--gvn', '--nary-reassociate', '--loop-instsimplify', '--early-cse', '--mem2reg', '--jump-threading', '--globalopt', '--elim-avail-extern', '--instcombine', '--simplifycfg', '--sroa', '--mem2reg', '--gvn', '--gvn-hoist', '--sccp', '--early-cse', '--lower-constant-intrinsics', '--adce', '--gvn-hoist', '--adce', '--loop-simplify', '--dse', '--scalarizer', '--simplifycfg', '--lower-expect', '--simplifycfg', '--gvn-hoist', '--elim-avail-extern', '--lower-constant-intrinsics', '--gvn', '--ipsccp', '--gvn', '--nary-reassociate', '--gvn', '--early-cse', '--mem2reg', '--jump-threading', '--mem2reg', '--jump-threading', '--globalopt', '--slp-vectorizer', '--instcombine', '--simplifycfg', '--sroa', '--early-cse', '--lower-expect', '--sroa', '--sroa', '--lower-expect', '--aggressive-instcombine']",74,-3.5810357716478496,0.0,-0.8080461829476643,0.0,1,-3.5810357716478496,-0.8080461829476643,0.5008908414855473,-67.00507614213198,12.102952520841606,11.76470588235294,34
1439,"['--ipsccp', '--speculative-execution', '--sccp', '--early-cse', '--mem2reg', '--jump-threading', '--globalopt', '--elim-avail-extern', '--instcombine', '--adce', '--jump-threading', '--gvn', '--simplifycfg', '--instsimplify', '--inline', '--mergefunc', '--gvn-hoist', '--instcombine', '--globalopt', '--hotcoldsplit', '--indvars', '--indvars', '--gvn', '--gvn', '--ipsccp', '--gvn', '--nary-reassociate', '--loop-instsimplify', '--early-cse', '--mem2reg', '--jump-threading', '--globalopt', '--elim-avail-extern', '--instcombine', '--simplifycfg', '--sroa', '--mem2reg', '--gvn', '--gvn-hoist', '--sccp', '--early-cse', '--lower-constant-intrinsics', '--adce', '--adce', '--loop-simplify', '--dse', '--scalarizer', '--ipconstprop', '--scalarizer', '--simplifycfg', '--lower-expect', '--simplifycfg', '--gvn-hoist', '--elim-avail-extern', '--lower-constant-intrinsics', '--gvn', '--ipsccp', '--gvn', '--nary-reassociate', '--gvn', '--early-cse', '--mem2reg', '--jump-threading', '--globalopt', '--slp-vectorizer', '--instcombine', '--simplifycfg', '--sroa', '--early-cse', '--lower-expect', '--sroa', '--lower-expect', '--aggressive-instcombine']",73,-3.5810357716478496,0.0,-0.8080461829476643,0.0,1,-3.5810357716478496,-0.8080461829476643,0.5008908414855473,-67.00507614213198,12.102952520841606,11.76470588235294,34
1441,"['--ipsccp', '--speculative-execution', '--sccp', '--early-cse', '--mem2reg', '--jump-threading', '--globalopt', '--elim-avail-extern', '--instcombine', '--adce', '--jump-threading', '--gvn', '--simplifycfg', '--instsimplify', '--inline', '--mergefunc', '--gvn-hoist', '--instcombine', '--globalopt', '--elim-avail-extern', '--indvars', '--indvars', '--gvn', '--gvn', '--ipsccp', '--gvn', '--nary-reassociate', '--loop-instsimplify', '--early-cse', '--mem2reg', '--jump-threading', '--globalopt', '--elim-avail-extern', '--instcombine', '--simplifycfg', '--sroa', '--mem2reg', '--gvn', '--gvn-hoist', '--sccp', '--early-cse', '--lower-constant-intrinsics', '--adce', '--adce', '--loop-simplify', '--dse', '--scalarizer', '--ipconstprop', '--simplifycfg', '--lower-expect', '--simplifycfg', '--gvn-hoist', '--elim-avail-extern', '--lower-constant-intrinsics', '--gvn', '--ipsccp', '--gvn', '--nary-reassociate', '--gvn', '--early-cse', '--mem2reg', '--jump-threading', '--globalopt', '--slp-vectorizer', '--instcombine', '--simplifycfg', '--sroa', '--early-cse', '--lower-expect', '--tailcallelim', '--sroa', '--lower-expect', '--simplifycfg', '--aggressive-instcombine']",74,-3.5810357716478496,0.0,-0.8080461829476643,0.0,1,-3.5810357716478496,-0.8080461829476643,0.5008908414855473,-67.00507614213198,12.102952520841606,11.76470588235294,34
1678,"['--ipsccp', '--speculative-execution', '--sccp', '--sccp', '--early-cse', '--mem2reg', '--jump-threading', '--elim-avail-extern', '--instcombine', '--adce', '--loop-interchange', '--aggressive-instcombine', '--gvn', '--simplifycfg', '--instsimplify', '--inline', '--mergefunc', '--gvn-hoist', '--gvn-hoist', '--instcombine', '--globalopt', '--elim-avail-extern', '--indvars', '--elim-avail-extern', '--indvars', '--gvn', '--gvn', '--ipsccp', '--gvn', '--nary-reassociate', '--loop-instsimplify', '--early-cse', '--mem2reg', '--jump-threading', '--globalopt', '--elim-avail-extern', '--instcombine', '--simplifycfg', '--sroa', '--loop-simplify', '--mem2reg', '--globaldce', '--gvn-hoist', '--sccp', '--early-cse', '--lower-constant-intrinsics', '--adce', '--adce', '--inferattrs', '--dse', '--scalarizer', '--simplifycfg', '--lower-expect', '--simplifycfg', '--elim-avail-extern', '--lower-constant-intrinsics', '--ipsccp', '--gvn', '--nary-reassociate', '--gvn', '--early-cse', '--mem2reg', '--jump-threading', '--globalopt', '--slp-vectorizer', '--instcombine', '--simplifycfg', '--sroa', '--aggressive-instcombine', '--early-cse', '--lower-expect', '--sroa', '--sroa', '--lower-expect', '--aggressive-instcombine']",75,-3.5810357716478496,0.0,-0.8080461829476643,0.0,1,-3.5810357716478496,-0.8080461829476643,0.5008908414855473,-67.00507614213198,12.102952520841606,11.76470588235294,34
1675,"['--ipsccp', '--speculative-execution', '--sccp', '--early-cse', '--mem2reg', '--jump-threading', '--globalopt', '--elim-avail-extern', '--instcombine', '--adce', '--jump-threading', '--gvn', '--simplifycfg', '--instsimplify', '--inline', '--mergefunc', '--simplifycfg', '--instcombine', '--globalopt', '--elim-avail-extern', '--indvars', '--indvars', '--gvn', '--gvn', '--gvn', '--gvn', '--ipsccp', '--gvn', '--nary-reassociate', '--loop-instsimplify', '--early-cse', '--mem2reg', '--jump-threading', '--globalopt', '--elim-avail-extern', '--instcombine', '--simplifycfg', '--sroa', '--mem2reg', '--globaldce', '--gvn-hoist', '--sccp', '--ipconstprop', '--early-cse', '--lower-constant-intrinsics', '--adce', '--adce', '--loop-simplify', '--dse', '--scalarizer', '--simplifycfg', '--lower-expect', '--gvn-hoist', '--elim-avail-extern', '--lower-constant-intrinsics', '--ipsccp', '--gvn', '--nary-reassociate', '--gvn', '--early-cse', '--mem2reg', '--jump-threading', '--globalopt', '--slp-vectorizer', '--instcombine', '--simplifycfg', '--sroa', '--early-cse', '--lower-expect', '--sroa', '--sroa', '--aggressive-instcombine']",72,-3.5810357716478496,0.0,-0.8080461829476643,0.0,1,-3.5810357716478496,-0.8080461829476643,0.5008908414855473,-67.00507614213198,12.102952520841606,11.76470588235294,34
1345,"['--ipsccp', '--speculative-execution', '--sccp', '--early-cse', '--mem2reg', '--jump-threading', '--globalopt', '--elim-avail-extern', '--instcombine', '--adce', '--jump-threading', '--gvn', '--simplifycfg', '--instsimplify', '--inline', '--mergefunc', '--gvn-hoist', '--instcombine', '--globalopt', '--elim-avail-extern', '--indvars', '--indvars', '--gvn', '--gvn', '--ipsccp', '--gvn', '--nary-reassociate', '--loop-instsimplify', '--early-cse', '--mem2reg', '--jump-threading', '--globalopt', '--elim-avail-extern', '--instcombine', '--simplifycfg', '--sroa', '--mem2reg', '--gvn', '--gvn-hoist', '--sccp', '--early-cse', '--lower-constant-intrinsics', '--adce', '--gvn-hoist', '--adce', '--loop-simplify', '--dse', '--scalarizer', '--simplifycfg', '--lower-expect', '--simplifycfg', '--gvn-hoist', '--elim-avail-extern', '--lower-constant-intrinsics', '--gvn', '--ipsccp', '--gvn', '--nary-reassociate', '--gvn', '--early-cse', '--mem2reg', '--jump-threading', '--globalopt', '--slp-vectorizer', '--instcombine', '--simplifycfg', '--sroa', '--early-cse', '--lower-expect', '--sroa', '--sroa', '--gvn', '--lower-expect', '--aggressive-instcombine']",74,-3.5810357716478496,0.0,-0.8080461829476643,0.0,1,-3.5810357716478496,-0.8080461829476643,0.5008908414855473,-67.00507614213198,12.102952520841606,11.76470588235294,34
2052,"['--ipsccp', '--speculative-execution', '--sccp', '--early-cse', '--mem2reg', '--jump-threading', '--globalopt', '--elim-avail-extern', '--instcombine', '--loop-instsimplify', '--jump-threading', '--gvn', '--simplifycfg', '--instsimplify', '--inline', '--mergefunc', '--gvn-hoist', '--instcombine', '--globalopt', '--elim-avail-extern', '--indvars', '--indvars', '--gvn', '--gvn', '--ipsccp', '--gvn', '--nary-reassociate', '--adce', '--early-cse', '--mem2reg', '--jump-threading', '--globalopt', '--elim-avail-extern', '--instcombine', '--globalopt', '--simplifycfg', '--simplifycfg', '--sroa', '--mem2reg', '--globaldce', '--gvn-hoist', '--sccp', '--early-cse', '--lower-constant-intrinsics', '--gvn-hoist', '--adce', '--adce', '--adce', '--loop-simplify', '--dse', '--scalarizer', '--simplifycfg', '--lower-expect', '--nary-reassociate', '--elim-avail-extern', '--lower-constant-intrinsics', '--gvn', '--nary-reassociate', '--gvn', '--early-cse', '--mem2reg', '--jump-threading', '--globalopt', '--slp-vectorizer', '--instcombine', '--simplifycfg', '--sroa', '--early-cse', '--lower-expect', '--sroa', '--lower-expect', '--simplifycfg', '--aggressive-instcombine']",73,-3.5810357716478496,0.0,-0.8080461829476643,0.0,1,-3.5810357716478496,-0.8080461829476643,0.5008908414855473,-67.00507614213198,12.102952520841606,11.76470588235294,34
2284,"['--bdce', '--speculative-execution', '--sccp', '--early-cse', '--mem2reg', '--jump-threading', '--globalopt', '--elim-avail-extern', '--instcombine', '--adce', '--jump-threading', '--gvn', '--simplifycfg', '--hotcoldsplit', '--inline', '--mergefunc', '--gvn-hoist', '--instcombine', '--globalopt', '--elim-avail-extern', '--indvars', '--indvars', '--gvn-hoist', '--gvn', '--gvn', '--ipsccp', '--gvn', '--nary-reassociate', '--loop-instsimplify', '--early-cse', '--mem2reg', '--jump-threading', '--globalopt', '--jump-threading', '--ipsccp', '--elim-avail-extern', '--instcombine', '--sroa', '--mem2reg', '--globaldce', '--loop-versioning-licm', '--gvn-hoist', '--early-cse', '--lower-constant-intrinsics', '--adce', '--loop-simplify', '--adce', '--lower-constant-intrinsics', '--dse', '--scalarizer', '--scalarizer', '--simplifycfg', '--lower-expect', '--simplifycfg', '--elim-avail-extern', '--lower-constant-intrinsics', '--ipsccp', '--gvn', '--nary-reassociate', '--gvn', '--early-cse', '--loop-guard-widening', '--globalopt', '--slp-vectorizer', '--instcombine', '--early-cse', '--lower-expect', '--lower-constant-intrinsics', '--lower-expect', '--simplifycfg', '--aggressive-instcombine']",71,-3.5810357716478496,0.0,-0.8080461829476643,0.0,1,-3.5810357716478496,-0.8080461829476643,0.5008908414855473,-67.00507614213198,12.102952520841606,11.76470588235294,34
1586,"['--ipsccp', '--speculative-execution', '--sccp', '--early-cse', '--mem2reg', '--jump-threading', '--globalopt', '--elim-avail-extern', '--instcombine', '--adce', '--jump-threading', '--gvn', '--simplifycfg', '--instsimplify', '--inline', '--mergefunc', '--gvn-hoist', '--instcombine', '--globalopt', '--elim-avail-extern', '--indvars', '--indvars', '--gvn', '--ipsccp', '--gvn', '--nary-reassociate', '--loop-instsimplify', '--early-cse', '--mem2reg', '--jump-threading', '--globalopt', '--elim-avail-extern', '--instcombine', '--simplifycfg', '--sroa', '--mem2reg', '--gvn', '--gvn-hoist', '--simple-loop-unswitch', '--early-cse', '--lower-constant-intrinsics', '--adce', '--adce', '--loop-simplify', '--dse', '--scalarizer', '--ipconstprop', '--simplifycfg', '--lower-expect', '--simplifycfg', '--gvn-hoist', '--elim-avail-extern', '--lower-constant-intrinsics', '--lower-expect', '--simplifycfg', '--elim-avail-extern', '--lower-constant-intrinsics', '--ipsccp', '--gvn', '--nary-reassociate', '--gvn', '--early-cse', '--mem2reg', '--jump-threading', '--globalopt', '--slp-vectorizer', '--instcombine', '--simplifycfg', '--sroa', '--early-cse', '--lower-expect', '--sroa', '--sroa', '--lower-expect', '--aggressive-instcombine']",75,-3.5810357716478496,0.0,-0.8080461829476643,0.0,1,-3.5810357716478496,-0.8080461829476643,0.5008908414855473,-67.00507614213198,12.102952520841606,11.76470588235294,34
2250,"['--ipsccp', '--speculative-execution', '--sccp', '--lower-constant-intrinsics', '--early-cse', '--mem2reg', '--jump-threading', '--globalopt', '--elim-avail-extern', '--instcombine', '--loop-instsimplify', '--jump-threading', '--gvn', '--simplifycfg', '--instsimplify', '--inline', '--mergefunc', '--instcombine', '--loop-sink', '--globalopt', '--elim-avail-extern', '--indvars', '--indvars', '--gvn', '--gvn', '--ipsccp', '--gvn', '--nary-reassociate', '--adce', '--early-cse', '--mem2reg', '--jump-threading', '--globalopt', '--elim-avail-extern', '--instcombine', '--simplifycfg', '--sroa', '--mem2reg', '--globaldce', '--mem2reg', '--globaldce', '--gvn-hoist', '--sccp', '--early-cse', '--lower-constant-intrinsics', '--adce', '--slsr', '--gvn-hoist', '--adce', '--loop-simplify', '--dse', '--scalarizer', '--simplifycfg', '--lower-expect', '--ipsccp', '--elim-avail-extern', '--lower-constant-intrinsics', '--ipsccp', '--gvn', '--gvn', '--gvn', '--early-cse', '--mem2reg', '--jump-threading', '--correlated-propagation', '--slp-vectorizer', '--instcombine', '--simplifycfg', '--early-cse-memssa', '--sroa', '--early-cse', '--lower-expect', '--sroa', '--sroa', '--lower-expect', '--aggressive-instcombine']",76,-3.5810357716478496,0.0,-0.8080461829476643,0.0,1,-3.5810357716478496,-0.8080461829476643,0.5008908414855473,-67.00507614213198,12.102952520841606,11.76470588235294,34
1604,"['--ipsccp', '--speculative-execution', '--sccp', '--early-cse', '--mem2reg', '--jump-threading', '--globalopt', '--elim-avail-extern', '--instcombine', '--adce', '--jump-threading', '--gvn', '--simplifycfg', '--instsimplify', '--inline', '--mergefunc', '--gvn-hoist', '--instcombine', '--globalopt', '--elim-avail-extern', '--indvars', '--indvars', '--gvn', '--ipsccp', '--gvn', '--nary-reassociate', '--loop-instsimplify', '--early-cse', '--mem2reg', '--jump-threading', '--globalopt', '--elim-avail-extern', '--instcombine', '--simplifycfg', '--sroa', '--mem2reg', '--gvn', '--gvn-hoist', '--sccp', '--early-cse', '--lower-constant-intrinsics', '--adce', '--adce', '--loop-simplify', '--dse', '--scalarizer', '--slp-vectorizer', '--simplifycfg', '--lower-expect', '--simplifycfg', '--gvn-hoist', '--elim-avail-extern', '--lower-constant-intrinsics', '--gvn', '--ipsccp', '--gvn', '--nary-reassociate', '--gvn', '--early-cse', '--mem2reg', '--jump-threading', '--globalopt', '--slp-vectorizer', '--instcombine', '--simplifycfg', '--sroa', '--early-cse', '--lower-expect', '--sroa', '--sroa', '--lower-expect', '--simplifycfg', '--aggressive-instcombine']",73,-3.5810357716478496,0.0,-0.8080461829476643,0.0,1,-3.5810357716478496,-0.8080461829476643,0.5008908414855473,-67.00507614213198,12.102952520841606,11.76470588235294,34
1952,"['--ipsccp', '--speculative-execution', '--sccp', '--early-cse', '--mem2reg', '--jump-threading', '--globalopt', '--elim-avail-extern', '--instcombine', '--loop-instsimplify', '--jump-threading', '--gvn', '--simplifycfg', '--instsimplify', '--inline', '--mergefunc', '--gvn-hoist', '--instcombine', '--globalopt', '--elim-avail-extern', '--indvars', '--indvars', '--gvn', '--gvn', '--ipsccp', '--gvn', '--nary-reassociate', '--adce', '--early-cse', '--mem2reg', '--jump-threading', '--memcpyopt', '--elim-avail-extern', '--loop-interchange', '--instcombine', '--simplifycfg', '--instcombine', '--simplifycfg', '--sroa', '--inferattrs', '--mem2reg', '--globaldce', '--gvn-hoist', '--sccp', '--early-cse', '--lower-constant-intrinsics', '--adce', '--gvn-hoist', '--adce', '--loop-simplify', '--dse', '--scalarizer', '--simplifycfg', '--elim-avail-extern', '--lower-constant-intrinsics', '--ipsccp', '--gvn', '--nary-reassociate', '--gvn', '--early-cse', '--mem2reg', '--jump-threading', '--globalopt', '--slp-vectorizer', '--instcombine', '--simplifycfg', '--sroa', '--early-cse', '--lower-expect', '--sroa', '--sroa', '--lower-expect', '--aggressive-instcombine']",73,-3.5810357716478496,0.0,-0.8080461829476643,0.0,1,-3.5810357716478496,-0.8080461829476643,0.5008908414855473,-67.00507614213198,12.102952520841606,11.76470588235294,34
2125,"['--ipsccp', '--speculative-execution', '--adce', '--early-cse', '--mem2reg', '--jump-threading', '--elim-avail-extern', '--instcombine', '--instsimplify', '--adce', '--loop-interchange', '--aggressive-instcombine', '--gvn', '--instsimplify', '--simplifycfg', '--inline', '--globaldce', '--mergefunc', '--gvn-hoist', '--gvn-hoist', '--lower-expect', '--elim-avail-extern', '--indvars', '--indvars', '--indvars', '--gvn', '--gvn', '--nary-reassociate', '--loop-instsimplify', '--early-cse', '--mem2reg', '--jump-threading', '--mem2reg', '--globalopt', '--jump-threading', '--bdce', '--elim-avail-extern', '--instcombine', '--simplifycfg', '--sroa', '--tailcallelim', '--globaldce', '--globaldce', '--gvn-hoist', '--sccp', '--early-cse', '--lower-constant-intrinsics', '--sccp', '--gvn-hoist', '--adce', '--loop-simplify', '--dse', '--scalarizer', '--simplifycfg', '--lower-constant-intrinsics', '--ipsccp', '--gvn', '--nary-reassociate', '--gvn', '--early-cse', '--mem2reg', '--jump-threading', '--globalopt', '--slp-vectorizer', '--instcombine', '--simplifycfg', '--sroa', '--early-cse', '--lower-expect', '--sroa', '--sroa', '--lower-expect', '--aggressive-instcombine']",73,-3.5810357716478496,0.0,-0.8080461829476643,0.0,1,-3.5810357716478496,-0.8080461829476643,0.5008908414855473,-67.00507614213198,12.102952520841606,11.76470588235294,34
1594,"['--ipsccp', '--speculative-execution', '--sccp', '--early-cse', '--mem2reg', '--jump-threading', '--globalopt', '--elim-avail-extern', '--instcombine', '--adce', '--jump-threading', '--gvn', '--simplifycfg', '--instsimplify', '--inline', '--mergefunc', '--gvn-hoist', '--instcombine', '--globalopt', '--elim-avail-extern', '--indvars', '--indvars', '--gvn', '--gvn', '--ipsccp', '--gvn', '--nary-reassociate', '--early-cse', '--mem2reg', '--jump-threading', '--globalopt', '--elim-avail-extern', '--instcombine', '--simplifycfg', '--sroa', '--gvn', '--gvn-hoist', '--sccp', '--early-cse', '--lower-constant-intrinsics', '--adce', '--gvn-hoist', '--adce', '--loop-simplify', '--dse', '--scalarizer', '--simplifycfg', '--lower-expect', '--simplifycfg', '--gvn-hoist', '--elim-avail-extern', '--lower-constant-intrinsics', '--ipsccp', '--gvn', '--nary-reassociate', '--gvn', '--early-cse', '--mem2reg', '--jump-threading', '--mem2reg', '--jump-threading', '--globalopt', '--slp-vectorizer', '--instcombine', '--simplifycfg', '--sroa', '--early-cse', '--lower-expect', '--sroa', '--sroa', '--lower-expect', '--aggressive-instcombine']",72,-3.5810357716478496,0.0,-0.8080461829476643,0.0,1,-3.5810357716478496,-0.8080461829476643,0.5008908414855473,-67.00507614213198,12.102952520841606,11.76470588235294,34
1627,"['--ipsccp', '--speculative-execution', '--sccp', '--early-cse', '--mem2reg', '--jump-threading', '--globalopt', '--elim-avail-extern', '--instcombine', '--adce', '--jump-threading', '--gvn', '--simplifycfg', '--loop-unroll-and-jam', '--instsimplify', '--inline', '--gvn-hoist', '--mergefunc', '--gvn-hoist', '--globalopt', '--elim-avail-extern', '--indvars', '--elim-avail-extern', '--indvars', '--gvn', '--gvn', '--ipsccp', '--gvn', '--nary-reassociate', '--loop-instsimplify', '--early-cse', '--mem2reg', '--jump-threading', '--globalopt', '--elim-avail-extern', '--instcombine', '--simplifycfg', '--sroa', '--mem2reg', '--globaldce', '--gvn-hoist', '--sccp', '--early-cse', '--lower-constant-intrinsics', '--adce', '--gvn-hoist', '--adce', '--loop-simplify', '--dse', '--scalarizer', '--simplifycfg', '--lower-expect', '--simplifycfg', '--elim-avail-extern', '--lower-constant-intrinsics', '--ipsccp', '--gvn', '--nary-reassociate', '--gvn', '--early-cse', '--mem2reg', '--jump-threading', '--globalopt', '--slp-vectorizer', '--instcombine', '--simplifycfg', '--sroa', '--early-cse', '--lower-expect', '--sroa', '--sroa', '--lower-expect', '--aggressive-instcombine']",73,-3.5810357716478496,0.0,-0.8080461829476643,0.0,1,-3.5810357716478496,-0.8080461829476643,0.5008908414855473,-67.00507614213198,12.102952520841606,11.76470588235294,34
1582,"['--ipsccp', '--speculative-execution', '--sccp', '--early-cse', '--mem2reg', '--jump-threading', '--elim-avail-extern', '--instcombine', '--adce', '--loop-interchange', '--aggressive-instcombine', '--gvn', '--simplifycfg', '--instsimplify', '--inline', '--mergefunc', '--gvn-hoist', '--gvn-hoist', '--instcombine', '--globalopt', '--elim-avail-extern', '--indvars', '--elim-avail-extern', '--indvars', '--gvn', '--gvn', '--ipsccp', '--gvn', '--nary-reassociate', '--loop-instsimplify', '--early-cse', '--mem2reg', '--jump-threading', '--globalopt', '--elim-avail-extern', '--instcombine', '--simplifycfg', '--sroa', '--mem2reg', '--gvn', '--gvn-hoist', '--sccp', '--early-cse', '--lower-constant-intrinsics', '--adce', '--gvn-hoist', '--adce', '--loop-simplify', '--dse', '--scalarizer', '--simplifycfg', '--lower-expect', '--simplifycfg', '--gvn-hoist', '--lower-constant-intrinsics', '--gvn', '--ipsccp', '--gvn', '--nary-reassociate', '--gvn', '--early-cse', '--mem2reg', '--jump-threading', '--globalopt', '--slp-vectorizer', '--instcombine', '--simplifycfg', '--sroa', '--ipsccp', '--lower-expect', '--sroa', '--sroa', '--gvn', '--lower-expect', '--aggressive-instcombine']",75,-3.5810357716478496,0.0,-0.8080461829476643,0.0,1,-3.5810357716478496,-0.8080461829476643,0.5008908414855473,-67.00507614213198,12.102952520841606,11.76470588235294,34
1455,"['--ipsccp', '--speculative-execution', '--sccp', '--early-cse', '--mem2reg', '--jump-threading', '--globalopt', '--elim-avail-extern', '--instcombine', '--loop-instsimplify', '--jump-threading', '--gvn', '--simplifycfg', '--instsimplify', '--inline', '--mergefunc', '--gvn-hoist', '--instcombine', '--globalopt', '--elim-avail-extern', '--indvars', '--indvars', '--gvn', '--gvn', '--ipsccp', '--gvn', '--nary-reassociate', '--adce', '--early-cse', '--mem2reg', '--jump-threading', '--globalopt', '--elim-avail-extern', '--instcombine', '--simplifycfg', '--sroa', '--mem2reg', '--gvn', '--gvn-hoist', '--sccp', '--early-cse', '--lower-constant-intrinsics', '--adce', '--gvn-hoist', '--adce', '--loop-simplify', '--dse', '--scalarizer', '--simplifycfg', '--lower-expect', '--simplifycfg', '--gvn-hoist', '--elim-avail-extern', '--lower-constant-intrinsics', '--gvn', '--gvn', '--ipsccp', '--gvn', '--nary-reassociate', '--gvn', '--early-cse', '--mem2reg', '--jump-threading', '--globalopt', '--slp-vectorizer', '--instcombine', '--simplifycfg', '--sroa', '--early-cse', '--lower-expect', '--sroa', '--sroa', '--lower-expect', '--aggressive-instcombine']",74,-3.5810357716478496,0.0,-0.8080461829476643,0.0,1,-3.5810357716478496,-0.8080461829476643,0.5008908414855473,-67.00507614213198,12.102952520841606,11.76470588235294,34
1580,"['--ipsccp', '--speculative-execution', '--sccp', '--early-cse', '--mem2reg', '--jump-threading', '--globalopt', '--elim-avail-extern', '--instcombine', '--adce', '--jump-threading', '--gvn', '--simplifycfg', '--instsimplify', '--inline', '--simplifycfg', '--gvn-hoist', '--instcombine', '--globalopt', '--elim-avail-extern', '--indvars', '--indvars', '--gvn', '--gvn', '--ipsccp', '--gvn', '--nary-reassociate', '--loop-instsimplify', '--early-cse', '--mem2reg', '--jump-threading', '--globalopt', '--elim-avail-extern', '--separate-const-offset-from-gep', '--instcombine', '--mergefunc', '--sroa', '--mem2reg', '--gvn', '--gvn-hoist', '--sccp', '--early-cse', '--lower-constant-intrinsics', '--adce', '--gvn-hoist', '--adce', '--loop-simplify', '--dse', '--scalarizer', '--simplifycfg', '--lower-expect', '--simplifycfg', '--gvn-hoist', '--elim-avail-extern', '--lower-constant-intrinsics', '--gvn', '--ipsccp', '--gvn', '--nary-reassociate', '--gvn', '--early-cse', '--mem2reg', '--jump-threading', '--globalopt', '--slp-vectorizer', '--instcombine', '--simplifycfg', '--sroa', '--gvn', '--lower-expect', '--sroa', '--sroa', '--lower-expect', '--aggressive-instcombine']",74,-3.5810357716478496,0.0,-0.8080461829476643,0.0,1,-3.5810357716478496,-0.8080461829476643,0.5008908414855473,-67.00507614213198,12.102952520841606,11.76470588235294,34
1576,"['--ipsccp', '--speculative-execution', '--sccp', '--early-cse', '--mem2reg', '--jump-threading', '--globalopt', '--elim-avail-extern', '--instcombine', '--adce', '--jump-threading', '--gvn', '--loop-sink', '--simplifycfg', '--instsimplify', '--inline', '--mergefunc', '--gvn-hoist', '--instcombine', '--globalopt', '--elim-avail-extern', '--indvars', '--indvars', '--gvn', '--gvn', '--ipsccp', '--gvn', '--nary-reassociate', '--loop-instsimplify', '--early-cse', '--mem2reg', '--jump-threading', '--globalopt', '--elim-avail-extern', '--instcombine', '--scalarizer', '--sroa', '--mem2reg', '--gvn', '--gvn-hoist', '--sccp', '--early-cse', '--lower-constant-intrinsics', '--adce', '--gvn-hoist', '--adce', '--loop-simplify', '--dse', '--simplifycfg', '--simplifycfg', '--lower-expect', '--simplifycfg', '--gvn-hoist', '--elim-avail-extern', '--lower-constant-intrinsics', '--gvn', '--ipsccp', '--gvn', '--nary-reassociate', '--gvn', '--early-cse', '--mem2reg', '--jump-threading', '--globalopt', '--slp-vectorizer', '--instcombine', '--simplifycfg', '--sroa', '--early-cse', '--lower-expect', '--sroa', '--sroa', '--gvn', '--lower-expect', '--aggressive-instcombine']",75,-3.5810357716478496,0.0,-0.8080461829476643,0.0,1,-3.5810357716478496,-0.8080461829476643,0.5008908414855473,-67.00507614213198,12.102952520841606,11.76470588235294,34
1956,"['--ipsccp', '--speculative-execution', '--sccp', '--early-cse', '--mem2reg', '--jump-threading', '--globalopt', '--elim-avail-extern', '--instcombine', '--loop-instsimplify', '--jump-threading', '--gvn', '--simplifycfg', '--instsimplify', '--inline', '--mergefunc', '--gvn-hoist', '--tailcallelim', '--globalopt', '--elim-avail-extern', '--globalopt', '--indvars', '--indvars', '--gvn', '--gvn', '--ipsccp', '--gvn', '--nary-reassociate', '--adce', '--early-cse', '--jump-threading', '--globalopt', '--jump-threading', '--bdce', '--elim-avail-extern', '--instcombine', '--simplifycfg', '--sroa', '--mem2reg', '--globaldce', '--gvn-hoist', '--sccp', '--early-cse', '--lower-constant-intrinsics', '--gvn-hoist', '--adce', '--loop-simplify', '--adce', '--loop-simplify', '--dse', '--scalarizer', '--simplifycfg', '--lower-expect', '--nary-reassociate', '--elim-avail-extern', '--elim-avail-extern', '--lower-constant-intrinsics', '--gvn', '--ipsccp', '--gvn', '--nary-reassociate', '--gvn', '--early-cse', '--mem2reg', '--jump-threading', '--globalopt', '--slp-vectorizer', '--instcombine', '--simplifycfg', '--sroa', '--early-cse', '--lower-expect', '--sroa', '--lower-expect', '--aggressive-instcombine']",75,-3.5810357716478496,0.0,-0.8080461829476643,0.0,1,-3.5810357716478496,-0.8080461829476643,0.5008908414855473,-67.00507614213198,12.102952520841606,11.76470588235294,34
1566,"['--ipsccp', '--speculative-execution', '--sccp', '--early-cse', '--mem2reg', '--jump-threading', '--globalopt', '--elim-avail-extern', '--instcombine', '--adce', '--jump-threading', '--gvn', '--simplifycfg', '--instsimplify', '--inline', '--mergefunc', '--gvn-hoist', '--instcombine', '--globalopt', '--elim-avail-extern', '--indvars', '--indvars', '--gvn', '--ipsccp', '--gvn', '--nary-reassociate', '--loop-instsimplify', '--early-cse', '--mem2reg', '--jump-threading', '--globalopt', '--elim-avail-extern', '--instcombine', '--simplifycfg', '--sroa', '--mem2reg', '--gvn', '--gvn-hoist', '--sccp', '--early-cse', '--lower-constant-intrinsics', '--adce', '--adce', '--loop-simplify', '--dse', '--scalarizer', '--ipconstprop', '--simplifycfg', '--lower-expect', '--simplifycfg', '--gvn-hoist', '--elim-avail-extern', '--lower-constant-intrinsics', '--gvn', '--ipsccp', '--gvn', '--nary-reassociate', '--gvn', '--early-cse', '--mem2reg', '--jump-threading', '--globalopt', '--slp-vectorizer', '--instcombine', '--simplifycfg', '--sroa', '--early-cse', '--lower-expect', '--sroa', '--sroa', '--lower-expect', '--simplifycfg', '--aggressive-instcombine']",73,-3.5810357716478496,0.0,-0.8080461829476643,0.0,1,-3.5810357716478496,-0.8080461829476643,0.5008908414855473,-67.00507614213198,12.102952520841606,11.76470588235294,34
1292,"['--ipsccp', '--speculative-execution', '--sccp', '--early-cse', '--mem2reg', '--jump-threading', '--globalopt', '--elim-avail-extern', '--instcombine', '--adce', '--jump-threading', '--gvn', '--simplifycfg', '--instsimplify', '--inline', '--mergefunc', '--gvn-hoist', '--instcombine', '--globalopt', '--elim-avail-extern', '--indvars', '--indvars', '--gvn', '--gvn', '--ipsccp', '--gvn', '--nary-reassociate', '--loop-instsimplify', '--early-cse', '--mem2reg', '--jump-threading', '--globalopt', '--elim-avail-extern', '--instcombine', '--simplifycfg', '--sroa', '--mem2reg', '--gvn', '--gvn-hoist', '--sccp', '--early-cse', '--lower-constant-intrinsics', '--adce', '--gvn-hoist', '--adce', '--loop-simplify', '--dse', '--scalarizer', '--simplifycfg', '--lower-expect', '--simplifycfg', '--gvn-hoist', '--elim-avail-extern', '--lower-constant-intrinsics', '--gvn', '--ipsccp', '--gvn', '--nary-reassociate', '--gvn', '--early-cse', '--mem2reg', '--jump-threading', '--globalopt', '--slp-vectorizer', '--instcombine', '--simplifycfg', '--sroa', '--early-cse', '--lower-expect', '--sroa', '--sroa', '--lower-expect', '--aggressive-instcombine']",73,-3.5810357716478496,0.0,-0.8080461829476643,0.0,1,-3.5810357716478496,-0.8080461829476643,0.5008908414855473,-67.00507614213198,12.102952520841606,11.76470588235294,34
1559,"['--ipsccp', '--speculative-execution', '--sccp', '--early-cse', '--mem2reg', '--jump-threading', '--globalopt', '--elim-avail-extern', '--instcombine', '--adce', '--jump-threading', '--gvn', '--simplifycfg', '--instsimplify', '--inline', '--simplifycfg', '--gvn-hoist', '--instcombine', '--globalopt', '--elim-avail-extern', '--indvars', '--indvars', '--gvn', '--gvn', '--ipsccp', '--gvn', '--nary-reassociate', '--loop-instsimplify', '--early-cse', '--mem2reg', '--jump-threading', '--globalopt', '--elim-avail-extern', '--instcombine', '--mergefunc', '--sroa', '--mem2reg', '--gvn', '--gvn-hoist', '--sccp', '--early-cse', '--lower-constant-intrinsics', '--adce', '--gvn-hoist', '--adce', '--loop-simplify', '--dse', '--scalarizer', '--simplifycfg', '--lower-expect', '--simplifycfg', '--gvn-hoist', '--elim-avail-extern', '--lower-constant-intrinsics', '--gvn', '--ipsccp', '--gvn', '--nary-reassociate', '--gvn', '--early-cse', '--mem2reg', '--jump-threading', '--globalopt', '--slp-vectorizer', '--instcombine', '--simplifycfg', '--sroa', '--gvn', '--lower-expect', '--sroa', '--sroa', '--lower-expect', '--lower-expect', '--aggressive-instcombine']",74,-3.5810357716478496,0.0,-0.8080461829476643,0.0,1,-3.5810357716478496,-0.8080461829476643,0.5008908414855473,-67.00507614213198,12.102952520841606,11.76470588235294,34
1453,"['--ipsccp', '--speculative-execution', '--sccp', '--ipconstprop', '--early-cse', '--mem2reg', '--jump-threading', '--globalopt', '--elim-avail-extern', '--instcombine', '--adce', '--jump-threading', '--gvn', '--simplifycfg', '--instsimplify', '--inline', '--mergefunc', '--gvn-hoist', '--globalopt', '--elim-avail-extern', '--indvars', '--indvars', '--gvn', '--gvn', '--elim-avail-extern', '--ipsccp', '--gvn', '--nary-reassociate', '--loop-instsimplify', '--early-cse', '--mem2reg', '--jump-threading', '--globalopt', '--elim-avail-extern', '--instcombine', '--simplifycfg', '--sroa', '--mem2reg', '--gvn', '--gvn-hoist', '--sccp', '--early-cse', '--lower-constant-intrinsics', '--adce', '--gvn-hoist', '--adce', '--loop-simplify', '--dse', '--scalarizer', '--simplifycfg', '--lower-expect', '--simplifycfg', '--gvn-hoist', '--elim-avail-extern', '--lower-constant-intrinsics', '--gvn', '--ipsccp', '--gvn', '--nary-reassociate', '--gvn', '--early-cse', '--mem2reg', '--jump-threading', '--globalopt', '--slp-vectorizer', '--instcombine', '--simplifycfg', '--sroa', '--early-cse', '--lower-expect', '--sroa', '--sroa', '--gvn', '--lower-expect', '--aggressive-instcombine']",75,-3.5810357716478496,0.0,-0.8080461829476643,0.0,1,-3.5810357716478496,-0.8080461829476643,0.5008908414855473,-67.00507614213198,12.102952520841606,11.76470588235294,34
1410,"['--ipsccp', '--speculative-execution', '--sccp', '--early-cse', '--mem2reg', '--jump-threading', '--globalopt', '--elim-avail-extern', '--instcombine', '--loop-instsimplify', '--jump-threading', '--gvn', '--simplifycfg', '--instsimplify', '--inline', '--mergefunc', '--gvn-hoist', '--instcombine', '--globalopt', '--elim-avail-extern', '--indvars', '--indvars', '--gvn', '--gvn', '--ipsccp', '--gvn', '--nary-reassociate', '--adce', '--early-cse', '--mem2reg', '--jump-threading', '--globalopt', '--elim-avail-extern', '--instcombine', '--simplifycfg', '--sroa', '--mem2reg', '--gvn', '--gvn-hoist', '--sccp', '--early-cse', '--lower-constant-intrinsics', '--adce', '--gvn-hoist', '--adce', '--loop-simplify', '--dse', '--scalarizer', '--simplifycfg', '--lower-expect', '--simplifycfg', '--gvn-hoist', '--elim-avail-extern', '--lower-constant-intrinsics', '--gvn', '--ipsccp', '--gvn', '--nary-reassociate', '--gvn', '--early-cse', '--mem2reg', '--jump-threading', '--globalopt', '--slp-vectorizer', '--instcombine', '--simplifycfg', '--sroa', '--early-cse', '--lower-expect', '--sroa', '--sroa', '--lower-expect', '--aggressive-instcombine']",73,-3.5810357716478496,0.0,-0.8080461829476643,0.0,1,-3.5810357716478496,-0.8080461829476643,0.5008908414855473,-67.00507614213198,12.102952520841606,11.76470588235294,34
1541,"['--ipsccp', '--speculative-execution', '--sccp', '--early-cse', '--mem2reg', '--jump-threading', '--globalopt', '--elim-avail-extern', '--instcombine', '--adce', '--jump-threading', '--gvn', '--loop-sink', '--simplifycfg', '--instsimplify', '--inline', '--mergefunc', '--gvn-hoist', '--instcombine', '--globalopt', '--elim-avail-extern', '--indvars', '--indvars', '--gvn', '--gvn', '--ipsccp', '--gvn', '--nary-reassociate', '--loop-instsimplify', '--early-cse', '--mem2reg', '--mem2reg', '--jump-threading', '--globalopt', '--elim-avail-extern', '--instcombine', '--simplifycfg', '--sroa', '--mem2reg', '--gvn', '--gvn-hoist', '--sccp', '--early-cse', '--lower-constant-intrinsics', '--adce', '--gvn-hoist', '--adce', '--loop-simplify', '--dse', '--scalarizer', '--simplifycfg', '--lower-expect', '--simplifycfg', '--gvn-hoist', '--elim-avail-extern', '--lower-constant-intrinsics', '--gvn', '--ipsccp', '--gvn', '--nary-reassociate', '--gvn', '--early-cse', '--globalopt', '--slp-vectorizer', '--instcombine', '--simplifycfg', '--sroa', '--early-cse', '--lower-expect', '--sroa', '--sroa', '--lower-expect', '--aggressive-instcombine']",73,-3.5810357716478496,0.0,-0.8080461829476643,0.0,1,-3.5810357716478496,-0.8080461829476643,0.5008908414855473,-67.00507614213198,12.102952520841606,11.76470588235294,34
1530,"['--ipsccp', '--speculative-execution', '--sccp', '--early-cse', '--mem2reg', '--jump-threading', '--globalopt', '--elim-avail-extern', '--instcombine', '--adce', '--jump-threading', '--gvn', '--loop-sink', '--simplifycfg', '--instsimplify', '--inline', '--mergefunc', '--gvn-hoist', '--instcombine', '--globalopt', '--elim-avail-extern', '--indvars', '--indvars', '--gvn', '--gvn', '--ipsccp', '--gvn', '--nary-reassociate', '--loop-instsimplify', '--early-cse', '--mem2reg', '--mem2reg', '--jump-threading', '--globalopt', '--elim-avail-extern', '--instcombine', '--scalarizer', '--sroa', '--mem2reg', '--gvn', '--gvn-hoist', '--sccp', '--early-cse', '--lower-constant-intrinsics', '--adce', '--gvn-hoist', '--adce', '--loop-simplify', '--dse', '--simplifycfg', '--simplifycfg', '--lower-expect', '--simplifycfg', '--gvn-hoist', '--elim-avail-extern', '--lower-constant-intrinsics', '--gvn', '--ipsccp', '--gvn', '--nary-reassociate', '--gvn', '--early-cse', '--mem2reg', '--jump-threading', '--globalopt', '--slp-vectorizer', '--instcombine', '--simplifycfg', '--sroa', '--early-cse', '--lower-expect', '--sroa', '--sroa', '--gvn', '--lower-expect', '--aggressive-instcombine']",76,-3.5810357716478496,0.0,-0.8080461829476643,0.0,1,-3.5810357716478496,-0.8080461829476643,0.5008908414855473,-67.00507614213198,12.102952520841606,11.76470588235294,34
1492,"['--ipsccp', '--speculative-execution', '--sccp', '--early-cse', '--mem2reg', '--jump-threading', '--globalopt', '--elim-avail-extern', '--instcombine', '--adce', '--jump-threading', '--gvn', '--simplifycfg', '--instsimplify', '--inline', '--mergefunc', '--gvn-hoist', '--instcombine', '--globalopt', '--elim-avail-extern', '--indvars', '--indvars', '--gvn', '--gvn', '--gvn', '--nary-reassociate', '--loop-instsimplify', '--early-cse', '--mem2reg', '--jump-threading', '--globalopt', '--elim-avail-extern', '--instcombine', '--simplifycfg', '--sroa', '--mem2reg', '--gvn', '--gvn-hoist', '--sccp', '--early-cse', '--lower-constant-intrinsics', '--adce', '--gvn-hoist', '--adce', '--loop-simplify', '--dse', '--scalarizer', '--simplifycfg', '--lower-expect', '--simplifycfg', '--simplifycfg', '--gvn-hoist', '--elim-avail-extern', '--lower-constant-intrinsics', '--gvn', '--ipsccp', '--gvn', '--nary-reassociate', '--gvn', '--early-cse', '--mem2reg', '--jump-threading', '--globalopt', '--slp-vectorizer', '--instcombine', '--simplifycfg', '--sroa', '--early-cse', '--sroa', '--sroa', '--lower-expect', '--simplifycfg', '--aggressive-instcombine']",73,-3.5810357716478496,0.0,-0.8080461829476643,0.0,1,-3.5810357716478496,-0.8080461829476643,0.5008908414855473,-67.00507614213198,12.102952520841606,11.76470588235294,34
1493,"['--ipsccp', '--speculative-execution', '--sccp', '--early-cse', '--mem2reg', '--jump-threading', '--globalopt', '--elim-avail-extern', '--instcombine', '--adce', '--jump-threading', '--gvn', '--simplifycfg', '--instsimplify', '--inline', '--mergefunc', '--gvn-hoist', '--instcombine', '--globalopt', '--elim-avail-extern', '--indvars', '--indvars', '--gvn', '--gvn', '--ipsccp', '--gvn', '--nary-reassociate', '--loop-instsimplify', '--early-cse', '--mem2reg', '--jump-threading', '--globalopt', '--elim-avail-extern', '--instcombine', '--simplifycfg', '--sroa', '--mem2reg', '--gvn', '--gvn-hoist', '--sccp', '--early-cse', '--lower-constant-intrinsics', '--adce', '--gvn-hoist', '--adce', '--loop-simplify', '--dse', '--scalarizer', '--simplifycfg', '--lower-expect', '--loop-guard-widening', '--gvn-hoist', '--elim-avail-extern', '--lower-constant-intrinsics', '--gvn', '--ipsccp', '--gvn', '--nary-reassociate', '--gvn', '--mem2reg', '--jump-threading', '--globalopt', '--slp-vectorizer', '--instcombine', '--simplifycfg', '--sroa', '--early-cse', '--lower-expect', '--sroa', '--sroa', '--lower-expect', '--simplifycfg', '--aggressive-instcombine']",73,-3.5810357716478496,0.0,-0.8080461829476643,0.0,1,-3.5810357716478496,-0.8080461829476643,0.5008908414855473,-67.00507614213198,12.102952520841606,11.76470588235294,34
1494,"['--ipsccp', '--speculative-execution', '--sccp', '--early-cse', '--mem2reg', '--jump-threading', '--globalopt', '--elim-avail-extern', '--instcombine', '--adce', '--jump-threading', '--gvn', '--simplifycfg', '--instsimplify', '--inline', '--mergefunc', '--gvn-hoist', '--instcombine', '--globalopt', '--elim-avail-extern', '--indvars', '--indvars', '--early-cse', '--gvn', '--ipsccp', '--gvn', '--nary-reassociate', '--loop-instsimplify', '--early-cse', '--mem2reg', '--jump-threading', '--globalopt', '--elim-avail-extern', '--instcombine', '--simplifycfg', '--sroa', '--mem2reg', '--gvn', '--gvn-hoist', '--sccp', '--early-cse', '--lower-constant-intrinsics', '--adce', '--gvn-hoist', '--adce', '--loop-simplify', '--dse', '--scalarizer', '--simplifycfg', '--dce', '--lower-expect', '--simplifycfg', '--gvn-hoist', '--elim-avail-extern', '--lower-constant-intrinsics', '--gvn', '--ipsccp', '--gvn', '--nary-reassociate', '--gvn', '--early-cse', '--mem2reg', '--jump-threading', '--globalopt', '--slp-vectorizer', '--instcombine', '--simplifycfg', '--sroa', '--early-cse', '--lower-expect', '--sroa', '--sroa', '--gvn', '--lower-expect', '--aggressive-instcombine']",75,-3.5810357716478496,0.0,-0.8080461829476643,0.0,1,-3.5810357716478496,-0.8080461829476643,0.5008908414855473,-67.00507614213198,12.102952520841606,11.76470588235294,34
1495,"['--ipsccp', '--speculative-execution', '--sccp', '--early-cse', '--mem2reg', '--jump-threading', '--globalopt', '--elim-avail-extern', '--instcombine', '--adce', '--jump-threading', '--gvn', '--simplifycfg', '--instsimplify', '--inline', '--mergefunc', '--gvn-hoist', '--instcombine', '--globalopt', '--elim-avail-extern', '--indvars', '--indvars', '--gvn', '--gvn', '--ipsccp', '--gvn', '--nary-reassociate', '--loop-instsimplify', '--early-cse', '--mem2reg', '--jump-threading', '--globalopt', '--elim-avail-extern', '--instcombine', '--simplifycfg', '--sroa', '--gvn', '--gvn-hoist', '--sccp', '--early-cse', '--lower-constant-intrinsics', '--adce', '--gvn-hoist', '--adce', '--loop-simplify', '--dse', '--scalarizer', '--simplifycfg', '--lower-expect', '--simplifycfg', '--gvn-hoist', '--elim-avail-extern', '--lower-constant-intrinsics', '--gvn', '--ipsccp', '--gvn', '--nary-reassociate', '--gvn', '--early-cse', '--mem2reg', '--jump-threading', '--mem2reg', '--jump-threading', '--globalopt', '--slp-vectorizer', '--instcombine', '--simplifycfg', '--sroa', '--early-cse', '--lower-expect', '--sroa', '--sroa', '--lower-expect', '--aggressive-instcombine']",74,-3.5810357716478496,0.0,-0.8080461829476643,0.0,1,-3.5810357716478496,-0.8080461829476643,0.5008908414855473,-67.00507614213198,12.102952520841606,11.76470588235294,34
1497,"['--ipsccp', '--speculative-execution', '--sccp', '--early-cse', '--mem2reg', '--jump-threading', '--globalopt', '--elim-avail-extern', '--instcombine', '--adce', '--jump-threading', '--gvn', '--loop-sink', '--simplifycfg', '--instsimplify', '--inline', '--mergefunc', '--gvn-hoist', '--instcombine', '--globalopt', '--elim-avail-extern', '--indvars', '--indvars', '--gvn', '--gvn', '--ipsccp', '--gvn', '--nary-reassociate', '--loop-instsimplify', '--early-cse', '--mem2reg', '--mem2reg', '--jump-threading', '--globalopt', '--elim-avail-extern', '--instcombine', '--simplifycfg', '--sroa', '--mem2reg', '--gvn', '--gvn-hoist', '--lower-constant-intrinsics', '--adce', '--gvn-hoist', '--adce', '--loop-simplify', '--dse', '--scalarizer', '--simplifycfg', '--lower-expect', '--simplifycfg', '--gvn-hoist', '--elim-avail-extern', '--lower-constant-intrinsics', '--gvn', '--ipsccp', '--gvn', '--nary-reassociate', '--gvn', '--early-cse', '--mem2reg', '--jump-threading', '--globalopt', '--slp-vectorizer', '--instcombine', '--simplifycfg', '--sroa', '--early-cse', '--lower-expect', '--sroa', '--sroa', '--lower-expect', '--aggressive-instcombine']",73,-3.5810357716478496,0.0,-0.8080461829476643,0.0,1,-3.5810357716478496,-0.8080461829476643,0.5008908414855473,-67.00507614213198,12.102952520841606,11.76470588235294,34
1456,"['--ipsccp', '--speculative-execution', '--sccp', '--early-cse', '--mem2reg', '--jump-threading', '--globalopt', '--elim-avail-extern', '--instcombine', '--adce', '--jump-threading', '--gvn', '--loop-sink', '--simplifycfg', '--instsimplify', '--inline', '--mergefunc', '--gvn-hoist', '--instcombine', '--globalopt', '--elim-avail-extern', '--indvars', '--indvars', '--gvn', '--gvn', '--ipsccp', '--gvn', '--nary-reassociate', '--loop-instsimplify', '--early-cse', '--mem2reg', '--mem2reg', '--jump-threading', '--globalopt', '--elim-avail-extern', '--instcombine', '--simplifycfg', '--sroa', '--mem2reg', '--gvn', '--gvn-hoist', '--sccp', '--early-cse', '--lower-constant-intrinsics', '--adce', '--gvn-hoist', '--adce', '--loop-simplify', '--dse', '--scalarizer', '--simplifycfg', '--lower-expect', '--simplifycfg', '--gvn-hoist', '--elim-avail-extern', '--lower-constant-intrinsics', '--gvn', '--ipsccp', '--gvn', '--nary-reassociate', '--gvn', '--early-cse', '--mem2reg', '--jump-threading', '--globalopt', '--slp-vectorizer', '--instcombine', '--simplifycfg', '--sroa', '--early-cse', '--lower-expect', '--sroa', '--sroa', '--gvn', '--lower-expect', '--aggressive-instcombine']",76,-3.5810357716478496,0.0,-0.8080461829476643,0.0,1,-3.5810357716478496,-0.8080461829476643,0.5008908414855473,-67.00507614213198,12.102952520841606,11.76470588235294,34
1532,"['--ipsccp', '--speculative-execution', '--sccp', '--early-cse', '--mem2reg', '--jump-threading', '--globalopt', '--elim-avail-extern', '--instcombine', '--adce', '--jump-threading', '--gvn', '--simplifycfg', '--instsimplify', '--inline', '--mergefunc', '--gvn-hoist', '--instcombine', '--globalopt', '--elim-avail-extern', '--indvars', '--indvars', '--gvn', '--gvn', '--ipsccp', '--gvn', '--nary-reassociate', '--loop-instsimplify', '--early-cse', '--mem2reg', '--jump-threading', '--globalopt', '--elim-avail-extern', '--instcombine', '--simplifycfg', '--sroa', '--mem2reg', '--gvn', '--gvn-hoist', '--sccp', '--loop-simplify', '--lower-constant-intrinsics', '--adce', '--adce', '--early-cse', '--dse', '--scalarizer', '--ipconstprop', '--simplifycfg', '--lower-expect', '--simplifycfg', '--gvn-hoist', '--elim-avail-extern', '--lower-constant-intrinsics', '--gvn', '--ipsccp', '--gvn', '--nary-reassociate', '--gvn', '--early-cse', '--mem2reg', '--jump-threading', '--globalopt', '--slp-vectorizer', '--instcombine', '--simplifycfg', '--sroa', '--early-cse', '--lower-expect', '--tailcallelim', '--sroa', '--lower-expect', '--simplifycfg', '--aggressive-instcombine']",74,-3.5810357716478496,0.0,-0.8080461829476643,0.0,1,-3.5810357716478496,-0.8080461829476643,0.5008908414855473,-67.00507614213198,12.102952520841606,11.76470588235294,34
1504,"['--ipsccp', '--speculative-execution', '--sccp', '--early-cse', '--mem2reg', '--jump-threading', '--globalopt', '--elim-avail-extern', '--instcombine', '--adce', '--jump-threading', '--gvn', '--simplifycfg', '--instsimplify', '--inline', '--elim-avail-extern', '--gvn-hoist', '--instcombine', '--globalopt', '--mergefunc', '--indvars', '--indvars', '--gvn', '--gvn', '--gvn', '--nary-reassociate', '--loop-instsimplify', '--early-cse', '--mem2reg', '--jump-threading', '--globalopt', '--elim-avail-extern', '--instcombine', '--simplifycfg', '--sroa', '--mem2reg', '--mem2reg', '--gvn', '--gvn-hoist', '--sccp', '--early-cse', '--lower-constant-intrinsics', '--adce', '--adce', '--loop-simplify', '--dse', '--scalarizer', '--ipconstprop', '--simplifycfg', '--lower-expect', '--simplifycfg', '--gvn-hoist', '--elim-avail-extern', '--lower-constant-intrinsics', '--gvn', '--ipsccp', '--gvn', '--nary-reassociate', '--gvn', '--early-cse', '--mem2reg', '--jump-threading', '--globalopt', '--slp-vectorizer', '--instcombine', '--instcombine', '--simplifycfg', '--sroa', '--early-cse', '--lower-expect', '--sroa', '--lower-expect', '--aggressive-instcombine']",73,-3.5810357716478496,0.0,-0.8080461829476643,0.0,1,-3.5810357716478496,-0.8080461829476643,0.5008908414855473,-67.00507614213198,12.102952520841606,11.76470588235294,34
1490,"['--early-cse', '--speculative-execution', '--sccp', '--early-cse', '--mem2reg', '--jump-threading', '--globalopt', '--elim-avail-extern', '--instcombine', '--adce', '--jump-threading', '--gvn', '--simplifycfg', '--instsimplify', '--inline', '--elim-avail-extern', '--gvn-hoist', '--instcombine', '--globalopt', '--mergefunc', '--indvars', '--indvars', '--gvn', '--gvn', '--gvn', '--nary-reassociate', '--loop-instsimplify', '--ipsccp', '--mem2reg', '--jump-threading', '--globalopt', '--elim-avail-extern', '--instcombine', '--simplifycfg', '--sroa', '--mem2reg', '--gvn', '--gvn-hoist', '--sccp', '--early-cse', '--lower-constant-intrinsics', '--adce', '--gvn-hoist', '--adce', '--loop-simplify', '--dse', '--scalarizer', '--simplifycfg', '--lower-expect', '--simplifycfg', '--gvn-hoist', '--elim-avail-extern', '--lower-constant-intrinsics', '--gvn', '--ipsccp', '--gvn', '--nary-reassociate', '--gvn', '--early-cse', '--mem2reg', '--jump-threading', '--mem2reg', '--jump-threading', '--globalopt', '--slp-vectorizer', '--instcombine', '--simplifycfg', '--sroa', '--early-cse', '--lower-expect', '--sroa', '--sroa', '--lower-expect', '--aggressive-instcombine']",74,-3.5810357716478496,0.0,-0.8080461829476643,0.0,1,-3.5810357716478496,-0.8080461829476643,0.5008908414855473,-67.00507614213198,12.102952520841606,11.76470588235294,34
1505,"['--ipsccp', '--speculative-execution', '--sccp', '--ipconstprop', '--early-cse', '--mem2reg', '--jump-threading', '--globalopt', '--elim-avail-extern', '--instcombine', '--adce', '--jump-threading', '--gvn', '--simplifycfg', '--instsimplify', '--inline', '--mergefunc', '--gvn-hoist', '--globalopt', '--elim-avail-extern', '--indvars', '--indvars', '--gvn', '--gvn', '--elim-avail-extern', '--ipsccp', '--gvn', '--nary-reassociate', '--loop-instsimplify', '--early-cse', '--mem2reg', '--jump-threading', '--globalopt', '--elim-avail-extern', '--instcombine', '--simplifycfg', '--sroa', '--mem2reg', '--gvn', '--gvn-hoist', '--sccp', '--early-cse', '--lower-constant-intrinsics', '--adce', '--gvn-hoist', '--adce', '--loop-simplify', '--dse', '--scalarizer', '--simplifycfg', '--lower-expect', '--simplifycfg', '--gvn-hoist', '--elim-avail-extern', '--lower-constant-intrinsics', '--gvn', '--ipsccp', '--gvn', '--nary-reassociate', '--gvn', '--early-cse', '--mem2reg', '--jump-threading', '--globalopt', '--slp-vectorizer', '--instcombine', '--simplifycfg', '--sroa', '--early-cse', '--lower-expect', '--sroa', '--sroa', '--gvn', '--instcombine', '--lower-expect', '--aggressive-instcombine']",76,-3.5810357716478496,0.0,-0.8080461829476643,0.0,1,-3.5810357716478496,-0.8080461829476643,0.5008908414855473,-67.00507614213198,12.102952520841606,11.76470588235294,34
1528,"['--ipsccp', '--speculative-execution', '--sccp', '--early-cse', '--mem2reg', '--jump-threading', '--loop-simplify', '--elim-avail-extern', '--instcombine', '--loop-instsimplify', '--jump-threading', '--gvn', '--simplifycfg', '--instsimplify', '--inline', '--mergefunc', '--gvn-hoist', '--instcombine', '--globalopt', '--elim-avail-extern', '--indvars', '--indvars', '--gvn', '--gvn', '--ipsccp', '--gvn', '--nary-reassociate', '--loop-instsimplify', '--early-cse', '--mem2reg', '--jump-threading', '--globalopt', '--elim-avail-extern', '--instcombine', '--simplifycfg', '--sroa', '--mem2reg', '--gvn', '--gvn-hoist', '--sccp', '--early-cse', '--lower-constant-intrinsics', '--adce', '--gvn-hoist', '--adce', '--globalopt', '--dse', '--scalarizer', '--simplifycfg', '--lower-expect', '--simplifycfg', '--gvn-hoist', '--elim-avail-extern', '--lower-constant-intrinsics', '--gvn', '--ipsccp', '--gvn', '--nary-reassociate', '--gvn', '--early-cse', '--mem2reg', '--jump-threading', '--globalopt', '--slp-vectorizer', '--instcombine', '--simplifycfg', '--sroa', '--early-cse', '--lower-expect', '--sroa', '--sroa', '--gvn', '--lower-expect', '--aggressive-instcombine']",74,-3.5810357716478496,0.0,-0.8080461829476643,0.0,1,-3.5810357716478496,-0.8080461829476643,0.5008908414855473,-67.00507614213198,12.102952520841606,11.76470588235294,34
1511,"['--ipsccp', '--speculative-execution', '--sccp', '--early-cse', '--mem2reg', '--jump-threading', '--globalopt', '--elim-avail-extern', '--instcombine', '--adce', '--jump-threading', '--gvn', '--simplifycfg', '--instsimplify', '--inline', '--elim-avail-extern', '--gvn-hoist', '--instcombine', '--globalopt', '--mergefunc', '--indvars', '--indvars', '--gvn', '--gvn', '--gvn', '--nary-reassociate', '--loop-instsimplify', '--early-cse', '--mem2reg', '--jump-threading', '--globalopt', '--elim-avail-extern', '--instcombine', '--simplifycfg', '--sroa', '--mem2reg', '--gvn', '--gvn-hoist', '--sccp', '--early-cse', '--lower-constant-intrinsics', '--adce', '--gvn-hoist', '--adce', '--loop-simplify', '--dse', '--scalarizer', '--simplifycfg', '--lower-expect', '--simplifycfg', '--gvn-hoist', '--elim-avail-extern', '--lower-constant-intrinsics', '--gvn', '--ipsccp', '--gvn', '--nary-reassociate', '--gvn', '--gvn', '--nary-reassociate', '--gvn', '--early-cse', '--mem2reg', '--jump-threading', '--globalopt', '--slp-vectorizer', '--instcombine', '--simplifycfg', '--sroa', '--early-cse', '--lower-expect', '--sroa', '--sroa', '--gvn', '--lower-expect', '--aggressive-instcombine']",76,-3.5810357716478496,0.0,-0.8080461829476643,0.0,1,-3.5810357716478496,-0.8080461829476643,0.5008908414855473,-67.00507614213198,12.102952520841606,11.76470588235294,34
1512,"['--speculative-execution', '--speculative-execution', '--sccp', '--ipconstprop', '--early-cse', '--mem2reg', '--jump-threading', '--globalopt', '--elim-avail-extern', '--instcombine', '--adce', '--jump-threading', '--gvn', '--simplifycfg', '--instsimplify', '--inline', '--mergefunc', '--gvn-hoist', '--globalopt', '--elim-avail-extern', '--indvars', '--indvars', '--gvn', '--gvn', '--elim-avail-extern', '--ipsccp', '--gvn', '--nary-reassociate', '--loop-instsimplify', '--early-cse', '--mem2reg', '--jump-threading', '--globalopt', '--elim-avail-extern', '--instcombine', '--simplifycfg', '--sroa', '--mem2reg', '--gvn', '--gvn-hoist', '--sccp', '--sccp', '--early-cse', '--lower-constant-intrinsics', '--adce', '--gvn-hoist', '--adce', '--loop-simplify', '--dse', '--scalarizer', '--simplifycfg', '--lower-expect', '--simplifycfg', '--gvn-hoist', '--elim-avail-extern', '--lower-constant-intrinsics', '--gvn', '--ipsccp', '--gvn', '--nary-reassociate', '--gvn', '--early-cse', '--mem2reg', '--jump-threading', '--globalopt', '--slp-vectorizer', '--instcombine', '--simplifycfg', '--sroa', '--early-cse', '--lower-expect', '--sroa', '--sroa', '--gvn', '--lower-expect', '--aggressive-instcombine']",76,-3.5810357716478496,0.0,-0.8080461829476643,0.0,1,-3.5810357716478496,-0.8080461829476643,0.5008908414855473,-67.00507614213198,12.102952520841606,11.76470588235294,34
1527,"['--ipsccp', '--speculative-execution', '--sccp', '--early-cse', '--mem2reg', '--jump-threading', '--globalopt', '--elim-avail-extern', '--instcombine', '--adce', '--jump-threading', '--gvn', '--simplifycfg', '--instsimplify', '--inline', '--mergefunc', '--gvn-hoist', '--instcombine', '--globalopt', '--elim-avail-extern', '--indvars', '--indvars', '--early-cse', '--gvn', '--ipsccp', '--gvn', '--nary-reassociate', '--loop-instsimplify', '--early-cse', '--mem2reg', '--jump-threading', '--globalopt', '--elim-avail-extern', '--instcombine', '--simplifycfg', '--sroa', '--mem2reg', '--gvn', '--gvn-hoist', '--sccp', '--early-cse', '--lower-constant-intrinsics', '--adce', '--gvn-hoist', '--adce', '--loop-simplify', '--dse', '--scalarizer', '--simplifycfg', '--lower-expect', '--simplifycfg', '--loop-guard-widening', '--gvn-hoist', '--elim-avail-extern', '--lower-constant-intrinsics', '--gvn', '--ipsccp', '--gvn', '--nary-reassociate', '--gvn', '--early-cse', '--mem2reg', '--jump-threading', '--globalopt', '--slp-vectorizer', '--instcombine', '--simplifycfg', '--sroa', '--gvn', '--lower-expect', '--sroa', '--sroa', '--lower-expect', '--aggressive-instcombine']",74,-3.5810357716478496,0.0,-0.8080461829476643,0.0,1,-3.5810357716478496,-0.8080461829476643,0.5008908414855473,-67.00507614213198,12.102952520841606,11.76470588235294,34
1520,"['--ipsccp', '--speculative-execution', '--sccp', '--early-cse', '--mem2reg', '--jump-threading', '--globalopt', '--elim-avail-extern', '--instcombine', '--adce', '--jump-threading', '--gvn', '--simplifycfg', '--instsimplify', '--inline', '--mergefunc', '--gvn-hoist', '--gvn-hoist', '--globalopt', '--elim-avail-extern', '--indvars', '--indvars', '--gvn', '--loop-idiom', '--gvn', '--gvn', '--nary-reassociate', '--loop-instsimplify', '--early-cse', '--mem2reg', '--jump-threading', '--globalopt', '--elim-avail-extern', '--instcombine', '--simplifycfg', '--sroa', '--mem2reg', '--gvn', '--gvn-hoist', '--sccp', '--early-cse', '--lower-constant-intrinsics', '--adce', '--gvn-hoist', '--adce', '--loop-simplify', '--dse', '--scalarizer', '--simplifycfg', '--lower-expect', '--simplifycfg', '--simplifycfg', '--gvn-hoist', '--elim-avail-extern', '--lower-constant-intrinsics', '--gvn', '--ipsccp', '--gvn', '--nary-reassociate', '--gvn', '--early-cse', '--mem2reg', '--jump-threading', '--globalopt', '--slp-vectorizer', '--instcombine', '--simplifycfg', '--sroa', '--early-cse', '--lower-expect', '--sroa', '--sroa', '--lower-expect', '--simplifycfg', '--aggressive-instcombine']",75,-3.5810357716478496,0.0,-0.8080461829476643,0.0,1,-3.5810357716478496,-0.8080461829476643,0.5008908414855473,-67.00507614213198,12.102952520841606,11.76470588235294,34
1521,"['--ipsccp', '--speculative-execution', '--sccp', '--early-cse', '--mem2reg', '--jump-threading', '--globalopt', '--elim-avail-extern', '--instcombine', '--adce', '--jump-threading', '--gvn', '--simplifycfg', '--simplifycfg', '--instsimplify', '--inline', '--mergefunc', '--gvn-hoist', '--instcombine', '--globalopt', '--elim-avail-extern', '--indvars', '--indvars', '--gvn', '--gvn', '--ipsccp', '--gvn', '--nary-reassociate', '--loop-instsimplify', '--early-cse', '--mem2reg', '--mem2reg', '--jump-threading', '--globalopt', '--elim-avail-extern', '--instcombine', '--simplifycfg', '--sroa', '--mem2reg', '--gvn', '--gvn-hoist', '--sccp', '--early-cse', '--lower-constant-intrinsics', '--adce', '--gvn-hoist', '--adce', '--loop-simplify', '--dse', '--scalarizer', '--simplifycfg', '--lower-expect', '--simplifycfg', '--gvn-hoist', '--lower-constant-intrinsics', '--gvn', '--ipsccp', '--gvn', '--nary-reassociate', '--gvn', '--early-cse', '--mem2reg', '--jump-threading', '--globalopt', '--slp-vectorizer', '--instcombine', '--simplifycfg', '--sroa', '--early-cse', '--lower-expect', '--sroa', '--sroa', '--gvn', '--lower-expect', '--aggressive-instcombine']",75,-3.5810357716478496,0.0,-0.8080461829476643,0.0,1,-3.5810357716478496,-0.8080461829476643,0.5008908414855473,-67.00507614213198,12.102952520841606,11.76470588235294,34
1491,"['--ipsccp', '--speculative-execution', '--sccp', '--early-cse', '--mem2reg', '--jump-threading', '--globalopt', '--elim-avail-extern', '--instcombine', '--adce', '--jump-threading', '--gvn', '--simplifycfg', '--instsimplify', '--inline', '--simplifycfg', '--gvn-hoist', '--instcombine', '--globalopt', '--elim-avail-extern', '--indvars', '--indvars', '--gvn', '--gvn', '--ipsccp', '--gvn', '--nary-reassociate', '--loop-instsimplify', '--early-cse', '--mem2reg', '--jump-threading', '--globalopt', '--elim-avail-extern', '--instcombine', '--mergefunc', '--sroa', '--mem2reg', '--gvn', '--gvn-hoist', '--sccp', '--early-cse', '--lower-constant-intrinsics', '--adce', '--gvn-hoist', '--adce', '--loop-simplify', '--dse', '--scalarizer', '--simplifycfg', '--lower-expect', '--simplifycfg', '--gvn-hoist', '--elim-avail-extern', '--lower-constant-intrinsics', '--gvn', '--ipsccp', '--gvn', '--nary-reassociate', '--gvn', '--early-cse', '--mem2reg', '--jump-threading', '--globalopt', '--slp-vectorizer', '--instcombine', '--simplifycfg', '--sroa', '--gvn', '--lower-expect', '--sroa', '--sroa', '--lower-expect', '--aggressive-instcombine']",73,-3.5810357716478496,0.0,-0.8080461829476643,0.0,1,-3.5810357716478496,-0.8080461829476643,0.5008908414855473,-67.00507614213198,12.102952520841606,11.76470588235294,34
1502,"['--ipsccp', '--speculative-execution', '--sccp', '--early-cse', '--mem2reg', '--jump-threading', '--globalopt', '--elim-avail-extern', '--instcombine', '--adce', '--jump-threading', '--gvn', '--simplifycfg', '--instsimplify', '--inline', '--mergefunc', '--gvn-hoist', '--instcombine', '--globalopt', '--elim-avail-extern', '--indvars', '--indvars', '--gvn', '--gvn', '--ipsccp', '--gvn', '--nary-reassociate', '--loop-instsimplify', '--early-cse', '--mem2reg', '--jump-threading', '--globalopt', '--elim-avail-extern', '--instcombine', '--simplifycfg', '--sroa', '--mem2reg', '--gvn', '--gvn-hoist', '--sccp', '--early-cse', '--lower-constant-intrinsics', '--adce', '--gvn-hoist', '--adce', '--loop-simplify', '--dse', '--scalarizer', '--simplifycfg', '--lower-expect', '--simplifycfg', '--gvn-hoist', '--elim-avail-extern', '--lower-constant-intrinsics', '--gvn', '--ipsccp', '--gvn', '--nary-reassociate', '--gvn', '--early-cse', '--mem2reg', '--jump-threading', '--globalopt', '--slp-vectorizer', '--instcombine', '--simplifycfg', '--sroa', '--gvn', '--lower-expect', '--sroa', '--sroa', '--lower-expect', '--aggressive-instcombine']",73,-3.5810357716478496,0.0,-0.8080461829476643,0.0,1,-3.5810357716478496,-0.8080461829476643,0.5008908414855473,-67.00507614213198,12.102952520841606,11.76470588235294,34
1471,"['--ipsccp', '--speculative-execution', '--sccp', '--early-cse', '--mem2reg', '--jump-threading', '--globalopt', '--elim-avail-extern', '--instcombine', '--adce', '--jump-threading', '--gvn', '--simplifycfg', '--instsimplify', '--inline', '--mergefunc', '--gvn-hoist', '--instcombine', '--globalopt', '--elim-avail-extern', '--indvars', '--indvars', '--gvn', '--gvn', '--ipsccp', '--gvn', '--nary-reassociate', '--loop-instsimplify', '--early-cse', '--mem2reg', '--jump-threading', '--globalopt', '--elim-avail-extern', '--instcombine', '--simplifycfg', '--sroa', '--mem2reg', '--gvn', '--gvn-hoist', '--sccp', '--early-cse', '--lower-constant-intrinsics', '--adce', '--adce', '--reassociate', '--loop-simplify', '--dse', '--scalarizer', '--ipconstprop', '--simplifycfg', '--lower-expect', '--simplifycfg', '--gvn-hoist', '--elim-avail-extern', '--lower-constant-intrinsics', '--gvn', '--ipsccp', '--gvn', '--nary-reassociate', '--gvn', '--early-cse', '--mem2reg', '--jump-threading', '--globalopt', '--slp-vectorizer', '--instcombine', '--simplifycfg', '--sroa', '--early-cse', '--lower-expect', '--sroa', '--sroa', '--gvn', '--lower-expect', '--aggressive-instcombine']",75,-3.5810357716478496,0.0,-0.8080461829476643,0.0,1,-3.5810357716478496,-0.8080461829476643,0.5008908414855473,-67.00507614213198,12.102952520841606,11.76470588235294,34
1461,"['--speculative-execution', '--speculative-execution', '--sccp', '--ipconstprop', '--early-cse', '--mem2reg', '--jump-threading', '--globalopt', '--elim-avail-extern', '--instcombine', '--adce', '--jump-threading', '--gvn', '--simplifycfg', '--instsimplify', '--inline', '--mergefunc', '--gvn-hoist', '--globalopt', '--elim-avail-extern', '--indvars', '--indvars', '--gvn', '--gvn', '--elim-avail-extern', '--ipsccp', '--gvn', '--nary-reassociate', '--loop-instsimplify', '--early-cse', '--mem2reg', '--jump-threading', '--globalopt', '--elim-avail-extern', '--instcombine', '--simplifycfg', '--sroa', '--mem2reg', '--gvn', '--gvn-hoist', '--sccp', '--lower-constant-intrinsics', '--adce', '--gvn-hoist', '--adce', '--loop-simplify', '--dse', '--scalarizer', '--simplifycfg', '--lower-expect', '--simplifycfg', '--gvn-hoist', '--elim-avail-extern', '--lower-constant-intrinsics', '--gvn', '--ipsccp', '--gvn', '--nary-reassociate', '--gvn', '--early-cse', '--mem2reg', '--jump-threading', '--globalopt', '--slp-vectorizer', '--instcombine', '--simplifycfg', '--sroa', '--early-cse', '--lower-expect', '--sroa', '--sroa', '--lower-expect', '--aggressive-instcombine']",73,-3.5810357716478496,0.0,-0.8080461829476643,0.0,1,-3.5810357716478496,-0.8080461829476643,0.5008908414855473,-67.00507614213198,12.102952520841606,11.76470588235294,34
1477,"['--ipsccp', '--speculative-execution', '--sccp', '--early-cse', '--mem2reg', '--jump-threading', '--globalopt', '--elim-avail-extern', '--instcombine', '--adce', '--jump-threading', '--gvn', '--simplifycfg', '--instsimplify', '--inline', '--mergefunc', '--gvn-hoist', '--instcombine', '--globalopt', '--elim-avail-extern', '--indvars', '--indvars', '--gvn', '--gvn', '--ipsccp', '--gvn', '--nary-reassociate', '--loop-instsimplify', '--early-cse', '--mem2reg', '--jump-threading', '--globalopt', '--elim-avail-extern', '--instcombine', '--simplifycfg', '--sroa', '--mem2reg', '--gvn', '--gvn-hoist', '--sccp', '--early-cse', '--lower-constant-intrinsics', '--adce', '--gvn-hoist', '--adce', '--loop-simplify', '--dse', '--scalarizer', '--simplifycfg', '--lower-expect', '--loop-guard-widening', '--gvn-hoist', '--elim-avail-extern', '--lower-constant-intrinsics', '--gvn', '--ipsccp', '--gvn', '--nary-reassociate', '--gvn', '--early-cse', '--mem2reg', '--jump-threading', '--globalopt', '--slp-vectorizer', '--instcombine', '--simplifycfg', '--sroa', '--early-cse', '--lower-expect', '--sroa', '--sroa', '--lower-expect', '--simplifycfg', '--aggressive-instcombine']",74,-3.5810357716478496,0.0,-0.8080461829476643,0.0,1,-3.5810357716478496,-0.8080461829476643,0.5008908414855473,-67.00507614213198,12.102952520841606,11.76470588235294,34
1539,"['--ipsccp', '--speculative-execution', '--sccp', '--early-cse', '--mem2reg', '--jump-threading', '--globalopt', '--elim-avail-extern', '--instcombine', '--adce', '--jump-threading', '--gvn', '--simplifycfg', '--instsimplify', '--inline', '--mergefunc', '--gvn-hoist', '--instcombine', '--globalopt', '--elim-avail-extern', '--indvars', '--indvars', '--gvn', '--gvn', '--ipsccp', '--gvn', '--nary-reassociate', '--early-cse', '--mem2reg', '--jump-threading', '--globalopt', '--elim-avail-extern', '--instcombine', '--simplifycfg', '--sroa', '--gvn', '--gvn-hoist', '--sccp', '--early-cse', '--lower-constant-intrinsics', '--adce', '--gvn-hoist', '--adce', '--loop-simplify', '--dse', '--scalarizer', '--simplifycfg', '--lower-expect', '--simplifycfg', '--gvn-hoist', '--elim-avail-extern', '--lower-constant-intrinsics', '--gvn', '--ipsccp', '--gvn', '--nary-reassociate', '--gvn', '--early-cse', '--mem2reg', '--jump-threading', '--mem2reg', '--jump-threading', '--globalopt', '--slp-vectorizer', '--instcombine', '--simplifycfg', '--sroa', '--early-cse', '--lower-expect', '--sroa', '--sroa', '--lower-expect', '--aggressive-instcombine']",73,-3.5810357716478496,0.0,-0.8080461829476643,0.0,1,-3.5810357716478496,-0.8080461829476643,0.5008908414855473,-67.00507614213198,12.102952520841606,11.76470588235294,34
1480,"['--speculative-execution', '--speculative-execution', '--sccp', '--ipconstprop', '--early-cse', '--mem2reg', '--jump-threading', '--globalopt', '--elim-avail-extern', '--instcombine', '--adce', '--jump-threading', '--gvn', '--simplifycfg', '--instsimplify', '--inline', '--mergefunc', '--gvn-hoist', '--globalopt', '--elim-avail-extern', '--indvars', '--indvars', '--gvn', '--gvn', '--elim-avail-extern', '--ipsccp', '--gvn', '--nary-reassociate', '--loop-instsimplify', '--early-cse', '--mem2reg', '--jump-threading', '--globalopt', '--elim-avail-extern', '--instcombine', '--simplifycfg', '--sroa', '--mem2reg', '--gvn', '--gvn-hoist', '--sccp', '--lower-constant-intrinsics', '--jump-threading', '--gvn-hoist', '--adce', '--loop-simplify', '--dse', '--scalarizer', '--simplifycfg', '--lower-expect', '--simplifycfg', '--gvn-hoist', '--elim-avail-extern', '--lower-constant-intrinsics', '--gvn', '--ipsccp', '--gvn', '--nary-reassociate', '--gvn', '--early-cse', '--mem2reg', '--jump-threading', '--globalopt', '--slp-vectorizer', '--instcombine', '--simplifycfg', '--sroa', '--early-cse', '--lower-expect', '--sroa', '--sroa', '--lower-expect', '--aggressive-instcombine']",73,-3.5810357716478496,0.0,-0.8080461829476643,0.0,1,-3.5810357716478496,-0.8080461829476643,0.5008908414855473,-67.00507614213198,12.102952520841606,11.76470588235294,34
1469,"['--ipsccp', '--speculative-execution', '--sccp', '--early-cse', '--mem2reg', '--jump-threading', '--globalopt', '--elim-avail-extern', '--instcombine', '--adce', '--jump-threading', '--gvn', '--simplifycfg', '--instsimplify', '--inline', '--mergefunc', '--gvn-hoist', '--instcombine', '--globalopt', '--elim-avail-extern', '--indvars', '--indvars', '--early-cse', '--gvn', '--ipsccp', '--gvn', '--nary-reassociate', '--loop-instsimplify', '--early-cse', '--mem2reg', '--jump-threading', '--globalopt', '--elim-avail-extern', '--instcombine', '--simplifycfg', '--sroa', '--mem2reg', '--gvn', '--gvn-hoist', '--sccp', '--early-cse', '--lower-constant-intrinsics', '--adce', '--gvn-hoist', '--adce', '--loop-simplify', '--dse', '--scalarizer', '--simplifycfg', '--lower-expect', '--simplifycfg', '--gvn-hoist', '--elim-avail-extern', '--lower-constant-intrinsics', '--gvn', '--ipsccp', '--gvn', '--nary-reassociate', '--gvn', '--early-cse', '--mem2reg', '--jump-threading', '--globalopt', '--slp-vectorizer', '--instcombine', '--simplifycfg', '--sroa', '--gvn', '--lower-expect', '--sroa', '--sroa', '--lower-expect', '--aggressive-instcombine']",73,-3.5810357716478496,0.0,-0.8080461829476643,0.0,1,-3.5810357716478496,-0.8080461829476643,0.5008908414855473,-67.00507614213198,12.102952520841606,11.76470588235294,34
1476,"['--ipsccp', '--speculative-execution', '--sccp', '--early-cse', '--mem2reg', '--jump-threading', '--globalopt', '--elim-avail-extern', '--instcombine', '--adce', '--jump-threading', '--gvn', '--simplifycfg', '--instsimplify', '--inline', '--mergefunc', '--gvn-hoist', '--instcombine', '--globalopt', '--elim-avail-extern', '--indvars', '--indvars', '--gvn', '--gvn', '--ipsccp', '--gvn', '--nary-reassociate', '--loop-instsimplify', '--early-cse', '--mem2reg', '--jump-threading', '--globalopt', '--elim-avail-extern', '--instcombine', '--simplifycfg', '--sroa', '--mem2reg', '--gvn', '--gvn-hoist', '--sccp', '--early-cse', '--lower-constant-intrinsics', '--adce', '--adce', '--loop-simplify', '--dse', '--scalarizer', '--ipconstprop', '--simplifycfg', '--lower-expect', '--simplifycfg', '--gvn-hoist', '--elim-avail-extern', '--lower-constant-intrinsics', '--gvn', '--ipsccp', '--gvn', '--nary-reassociate', '--gvn', '--early-cse', '--mem2reg', '--jump-threading', '--globalopt', '--slp-vectorizer', '--instcombine', '--instcombine', '--simplifycfg', '--sroa', '--early-cse', '--lower-expect', '--sroa', '--lower-expect', '--aggressive-instcombine']",73,-3.5810357716478496,0.0,-0.8080461829476643,0.0,1,-3.5810357716478496,-0.8080461829476643,0.5008908414855473,-67.00507614213198,12.102952520841606,11.76470588235294,34
1483,"['--speculative-execution', '--speculative-execution', '--sccp', '--ipconstprop', '--early-cse', '--mem2reg', '--jump-threading', '--globalopt', '--elim-avail-extern', '--instcombine', '--adce', '--jump-threading', '--gvn', '--simplifycfg', '--instsimplify', '--inline', '--mergefunc', '--gvn-hoist', '--elim-avail-extern', '--indvars', '--indvars', '--gvn', '--gvn', '--elim-avail-extern', '--ipsccp', '--gvn', '--nary-reassociate', '--loop-instsimplify', '--early-cse', '--mem2reg', '--jump-threading', '--globalopt', '--elim-avail-extern', '--instcombine', '--simplifycfg', '--sroa', '--mem2reg', '--gvn', '--gvn-hoist', '--sccp', '--lower-constant-intrinsics', '--adce', '--adce', '--loop-simplify', '--dse', '--scalarizer', '--ipconstprop', '--simplifycfg', '--lower-expect', '--simplifycfg', '--gvn-hoist', '--elim-avail-extern', '--lower-constant-intrinsics', '--gvn', '--ipsccp', '--gvn', '--nary-reassociate', '--gvn', '--early-cse', '--mem2reg', '--jump-threading', '--globalopt', '--slp-vectorizer', '--instcombine', '--simplifycfg', '--sroa', '--early-cse', '--lower-expect', '--tailcallelim', '--sroa', '--lower-expect', '--simplifycfg', '--aggressive-instcombine']",73,-3.5810357716478496,0.0,-0.8080461829476643,0.0,1,-3.5810357716478496,-0.8080461829476643,0.5008908414855473,-67.00507614213198,12.102952520841606,11.76470588235294,34
1486,"['--ipsccp', '--speculative-execution', '--sccp', '--early-cse', '--mem2reg', '--jump-threading', '--globalopt', '--elim-avail-extern', '--instcombine', '--adce', '--jump-threading', '--gvn', '--simplifycfg', '--instsimplify', '--inline', '--mergefunc', '--gvn-hoist', '--instcombine', '--globalopt', '--elim-avail-extern', '--indvars', '--indvars', '--early-cse', '--gvn', '--ipsccp', '--gvn', '--nary-reassociate', '--loop-instsimplify', '--early-cse', '--mem2reg', '--jump-threading', '--globalopt', '--elim-avail-extern', '--instcombine', '--simplifycfg', '--sroa', '--mem2reg', '--gvn', '--gvn-hoist', '--sccp', '--early-cse', '--lower-constant-intrinsics', '--adce', '--adce', '--loop-simplify', '--dse', '--scalarizer', '--ipconstprop', '--simplifycfg', '--lower-expect', '--simplifycfg', '--gvn-hoist', '--separate-const-offset-from-gep', '--lower-constant-intrinsics', '--gvn', '--ipsccp', '--gvn', '--nary-reassociate', '--gvn', '--early-cse', '--mem2reg', '--jump-threading', '--globalopt', '--slp-vectorizer', '--instcombine', '--simplifycfg', '--sroa', '--early-cse', '--lower-expect', '--tailcallelim', '--sroa', '--lower-expect', '--simplifycfg', '--aggressive-instcombine']",74,-3.5810357716478496,0.0,-0.8080461829476643,0.0,1,-3.5810357716478496,-0.8080461829476643,0.5008908414855473,-67.00507614213198,12.102952520841606,11.76470588235294,34
1487,"['--ipsccp', '--speculative-execution', '--sccp', '--early-cse', '--mem2reg', '--jump-threading', '--globalopt', '--elim-avail-extern', '--instcombine', '--adce', '--jump-threading', '--gvn', '--simplifycfg', '--instsimplify', '--inline', '--mergefunc', '--gvn-hoist', '--instcombine', '--globalopt', '--elim-avail-extern', '--indvars', '--indvars', '--early-cse', '--gvn', '--ipsccp', '--gvn', '--nary-reassociate', '--loop-instsimplify', '--early-cse', '--mem2reg', '--jump-threading', '--globalopt', '--elim-avail-extern', '--instcombine', '--simplifycfg', '--sroa', '--gvn', '--gvn-hoist', '--sccp', '--early-cse', '--lower-constant-intrinsics', '--adce', '--gvn-hoist', '--adce', '--loop-simplify', '--dse', '--scalarizer', '--simplifycfg', '--lower-expect', '--simplifycfg', '--gvn-hoist', '--elim-avail-extern', '--lower-constant-intrinsics', '--gvn', '--ipsccp', '--gvn', '--nary-reassociate', '--gvn', '--early-cse', '--mem2reg', '--jump-threading', '--globalopt', '--slp-vectorizer', '--instcombine', '--simplifycfg', '--sroa', '--gvn', '--lower-expect', '--sroa', '--sroa', '--lower-expect', '--aggressive-instcombine']",72,-3.5810357716478496,0.0,-0.8080461829476643,0.0,1,-3.5810357716478496,-0.8080461829476643,0.5008908414855473,-67.00507614213198,12.102952520841606,11.76470588235294,34
1746,"['--ipsccp', '--speculative-execution', '--sccp', '--early-cse', '--correlated-propagation', '--mem2reg', '--jump-threading', '--globalopt', '--elim-avail-extern', '--instcombine', '--loop-instsimplify', '--jump-threading', '--gvn', '--simplifycfg', '--instsimplify', '--inline', '--mergefunc', '--gvn-hoist', '--instcombine', '--globalopt', '--elim-avail-extern', '--indvars', '--indvars', '--gvn', '--ipsccp', '--gvn', '--nary-reassociate', '--adce', '--early-cse', '--mem2reg', '--jump-threading', '--globalopt', '--elim-avail-extern', '--instcombine', '--lower-constant-intrinsics', '--sroa', '--mem2reg', '--globaldce', '--gvn-hoist', '--sccp', '--hotcoldsplit', '--early-cse', '--sink', '--early-cse', '--lower-constant-intrinsics', '--adce', '--slsr', '--gvn-hoist', '--adce', '--loop-simplify', '--dse', '--scalarizer', '--simplifycfg', '--lower-expect', '--simplifycfg', '--gvn-hoist', '--elim-avail-extern', '--lower-constant-intrinsics', '--gvn', '--ipsccp', '--gvn', '--nary-reassociate', '--gvn', '--early-cse', '--mem2reg', '--jump-threading', '--globalopt', '--slp-vectorizer', '--instcombine', '--simplifycfg', '--sroa', '--early-cse', '--lower-expect', '--sroa', '--sroa', '--lower-expect', '--aggressive-instcombine']",77,-3.58185705766073,0.0,-0.8087551532601888,0.0,1,-3.58185705766073,-0.8087551532601888,0.5008908414855473,-67.00507614213198,12.105848103626473,11.76470588235294,34
1633,"['--ipsccp', '--speculative-execution', '--sccp', '--early-cse', '--mem2reg', '--jump-threading', '--globalopt', '--elim-avail-extern', '--instcombine', '--loop-instsimplify', '--jump-threading', '--gvn', '--simplifycfg', '--instsimplify', '--inline', '--mergefunc', '--gvn-hoist', '--instcombine', '--globalopt', '--elim-avail-extern', '--indvars', '--indvars', '--gvn', '--ipsccp', '--gvn', '--nary-reassociate', '--adce', '--early-cse', '--mem2reg', '--jump-threading', '--globalopt', '--elim-avail-extern', '--instcombine', '--simplifycfg', '--sroa', '--mem2reg', '--globaldce', '--gvn-hoist', '--sccp', '--sink', '--early-cse', '--lower-constant-intrinsics', '--adce', '--slsr', '--gvn-hoist', '--adce', '--loop-simplify', '--dse', '--scalarizer', '--simplifycfg', '--lower-expect', '--simplifycfg', '--gvn-hoist', '--elim-avail-extern', '--lower-constant-intrinsics', '--irce', '--ipsccp', '--gvn', '--nary-reassociate', '--gvn', '--early-cse', '--mem2reg', '--jump-threading', '--globalopt', '--slp-vectorizer', '--instcombine', '--simplifycfg', '--sroa', '--early-cse', '--lower-expect', '--sroa', '--lower-expect', '--aggressive-instcombine']",73,-3.5826844870105505,0.0,-0.8100737914442704,0.0,1,-3.5826844870105505,-0.8100737914442704,0.468466690062584,-67.00507614213198,12.10423261074407,11.76470588235294,34
2184,"['--ipsccp', '--speculative-execution', '--sccp', '--early-cse', '--mem2reg', '--sroa', '--globalopt', '--elim-avail-extern', '--instcombine', '--loop-instsimplify', '--jump-threading', '--gvn', '--simplifycfg', '--instsimplify', '--inline', '--mergefunc', '--gvn-hoist', '--instcombine', '--globalopt', '--elim-avail-extern', '--indvars', '--indvars', '--gvn', '--gvn', '--ipsccp', '--gvn', '--nary-reassociate', '--adce', '--early-cse', '--mem2reg', '--jump-threading', '--correlated-propagation', '--elim-avail-extern', '--instcombine', '--simplifycfg', '--sroa', '--mem2reg', '--globaldce', '--gvn-hoist', '--sccp', '--early-cse', '--lower-constant-intrinsics', '--adce', '--slsr', '--gvn-hoist', '--adce', '--loop-simplify', '--adce', '--loop-simplify', '--dse', '--scalarizer', '--simplifycfg', '--nary-reassociate', '--elim-avail-extern', '--lower-expect', '--simplifycfg', '--elim-avail-extern', '--lower-constant-intrinsics', '--ipsccp', '--sink', '--gvn', '--jump-threading', '--loop-reroll', '--globalopt', '--slp-vectorizer', '--instcombine', '--simplifycfg', '--slp-vectorizer', '--instcombine', '--sroa', '--early-cse', '--lower-expect', '--sroa', '--lower-expect', '--aggressive-instcombine']",75,-3.5826844870105505,0.0,-0.8100737914442704,0.0,1,-3.5826844870105505,-0.8100737914442704,0.468466690062584,-67.00507614213198,12.10423261074407,11.76470588235294,34
1447,"['--ipsccp', '--speculative-execution', '--sccp', '--early-cse', '--mem2reg', '--jump-threading', '--globalopt', '--elim-avail-extern', '--instcombine', '--adce', '--jump-threading', '--loop-idiom', '--lower-expect', '--simplifycfg', '--instsimplify', '--inline', '--mergefunc', '--gvn-hoist', '--instcombine', '--globalopt', '--elim-avail-extern', '--indvars', '--indvars', '--gvn', '--gvn', '--gvn', '--nary-reassociate', '--loop-instsimplify', '--early-cse', '--mem2reg', '--jump-threading', '--globalopt', '--elim-avail-extern', '--instcombine', '--simplifycfg', '--sroa', '--mem2reg', '--gvn', '--gvn-hoist', '--sccp', '--early-cse', '--lower-constant-intrinsics', '--adce', '--gvn-hoist', '--adce', '--loop-simplify', '--dse', '--scalarizer', '--simplifycfg', '--lower-expect', '--simplifycfg', '--gvn-hoist', '--elim-avail-extern', '--lower-constant-intrinsics', '--gvn', '--ipsccp', '--gvn', '--nary-reassociate', '--gvn', '--early-cse', '--mem2reg', '--jump-threading', '--globalopt', '--slp-vectorizer', '--instcombine', '--simplifycfg', '--sroa', '--early-cse', '--lower-expect', '--sroa', '--sroa', '--lower-expect', '--aggressive-instcombine']",73,-3.5839778423409223,0.0,-0.7996949325054816,0.0,1,-3.5839778423409223,-0.7996949325054816,0.5008908414855473,-67.51269035532995,12.195007606088701,11.76470588235294,34
1481,"['--ipsccp', '--speculative-execution', '--sccp', '--early-cse', '--mem2reg', '--jump-threading', '--globalopt', '--elim-avail-extern', '--instcombine', '--adce', '--jump-threading', '--loop-idiom', '--lower-expect', '--simplifycfg', '--instsimplify', '--inline', '--mergefunc', '--gvn-hoist', '--instcombine', '--globalopt', '--elim-avail-extern', '--indvars', '--indvars', '--gvn', '--gvn', '--gvn', '--nary-reassociate', '--loop-instsimplify', '--early-cse', '--mem2reg', '--jump-threading', '--globalopt', '--instcombine', '--simplifycfg', '--sroa', '--mem2reg', '--gvn', '--gvn-hoist', '--sccp', '--early-cse', '--lower-constant-intrinsics', '--adce', '--gvn-hoist', '--adce', '--loop-simplify', '--dse', '--scalarizer', '--simplifycfg', '--lower-expect', '--simplifycfg', '--gvn-hoist', '--elim-avail-extern', '--lower-constant-intrinsics', '--gvn', '--ipsccp', '--gvn', '--nary-reassociate', '--gvn', '--early-cse', '--mem2reg', '--jump-threading', '--globalopt', '--slp-vectorizer', '--instcombine', '--simplifycfg', '--sroa', '--early-cse', '--lower-expect', '--sroa', '--sroa', '--lower-expect', '--aggressive-instcombine']",72,-3.5839778423409223,0.0,-0.7996949325054816,0.0,1,-3.5839778423409223,-0.7996949325054816,0.5008908414855473,-67.51269035532995,12.195007606088701,11.76470588235294,34
2585,"['--ipsccp', '--speculative-execution', '--sccp', '--lower-constant-intrinsics', '--correlated-propagation', '--early-cse', '--mem2reg', '--jump-threading', '--globalopt', '--elim-avail-extern', '--instcombine', '--loop-instsimplify', '--jump-threading', '--gvn', '--simplifycfg', '--instsimplify', '--inline', '--mergefunc', '--gvn-hoist', '--elim-avail-extern', '--globalopt', '--elim-avail-extern', '--loweratomic', '--indvars', '--indvars', '--gvn', '--gvn', '--ipsccp', '--gvn', '--nary-reassociate', '--adce', '--early-cse', '--mem2reg', '--jump-threading', '--globalopt', '--instcombine', '--instcombine', '--simplifycfg', '--sroa', '--mem2reg', '--globaldce', '--gvn-hoist', '--sccp', '--early-cse', '--lower-constant-intrinsics', '--adce', '--slsr', '--gvn-hoist', '--adce', '--loop-simplify', '--dse', '--scalarizer', '--bdce', '--simplifycfg', '--lower-expect', '--simplifycfg', '--elim-avail-extern', '--lower-constant-intrinsics', '--ipsccp', '--gvn', '--nary-reassociate', '--gvn', '--early-cse', '--mem2reg', '--jump-threading', '--globalopt', '--slp-vectorizer', '--instcombine', '--simplifycfg', '--sroa', '--early-cse', '--lower-expect', '--sroa', '--sroa', '--lower-expect', '--aggressive-instcombine']",76,-3.584671605898272,0.0,-0.8155257578568803,0.0,1,-3.584671605898272,-0.8155257578568803,0.5620873773639496,-67.00507614213198,12.083214051526713,11.76470588235294,34
1535,"['--ipsccp', '--speculative-execution', '--sccp', '--early-cse', '--mem2reg', '--jump-threading', '--globalopt', '--elim-avail-extern', '--instcombine', '--loop-instsimplify', '--jump-threading', '--gvn', '--simplifycfg', '--instsimplify', '--inline', '--mergefunc', '--gvn-hoist', '--instcombine', '--globalopt', '--elim-avail-extern', '--indvars', '--indvars', '--gvn', '--gvn', '--ipsccp', '--gvn', '--nary-reassociate', '--adce', '--early-cse', '--mem2reg', '--jump-threading', '--globalopt', '--jump-threading', '--globalopt', '--elim-avail-extern', '--instcombine', '--simplifycfg', '--sroa', '--mem2reg', '--globaldce', '--gvn-hoist', '--sccp', '--early-cse', '--lower-constant-intrinsics', '--adce', '--slsr', '--gvn-hoist', '--adce', '--loop-simplify', '--dse', '--scalarizer', '--simplifycfg', '--lower-expect', '--simplifycfg', '--elim-avail-extern', '--lower-constant-intrinsics', '--ipsccp', '--gvn', '--nary-reassociate', '--gvn', '--early-cse', '--mem2reg', '--jump-threading', '--reassociate', '--globalopt', '--slp-vectorizer', '--instcombine', '--simplifycfg', '--sroa', '--early-cse', '--lower-expect', '--sroa', '--sroa', '--lower-expect', '--aggressive-instcombine']",75,-3.5848587457247674,0.0,-0.8162773437220514,0.0,1,-3.5848587457247674,-0.8162773437220514,0.5008908414855473,-67.00507614213198,12.079448555802877,11.76470588235294,34
1529,"['--ipsccp', '--speculative-execution', '--sccp', '--early-cse', '--mem2reg', '--jump-threading', '--globalopt', '--elim-avail-extern', '--instcombine', '--adce', '--jump-threading', '--gvn', '--simplifycfg', '--instsimplify', '--inline', '--mergefunc', '--gvn-hoist', '--instcombine', '--globalopt', '--elim-avail-extern', '--indvars', '--indvars', '--gvn', '--gvn', '--ipsccp', '--early-cse', '--nary-reassociate', '--loop-instsimplify', '--early-cse', '--mem2reg', '--jump-threading', '--globalopt', '--elim-avail-extern', '--instcombine', '--simplifycfg', '--sroa', '--mem2reg', '--gvn', '--gvn-hoist', '--sccp', '--early-cse', '--lower-constant-intrinsics', '--adce', '--adce', '--loop-simplify', '--dse', '--scalarizer', '--ipconstprop', '--simplifycfg', '--lower-expect', '--lower-expect', '--simplifycfg', '--gvn-hoist', '--elim-avail-extern', '--lower-constant-intrinsics', '--gvn', '--ipsccp', '--gvn', '--nary-reassociate', '--gvn', '--gvn', '--mem2reg', '--jump-threading', '--globalopt', '--slp-vectorizer', '--instcombine', '--simplifycfg', '--sroa', '--early-cse', '--lower-expect', '--sroa', '--sroa', '--gvn', '--lower-expect', '--aggressive-instcombine']",75,-3.587297212611049,0.0,-0.8176578707600441,0.0,1,-3.587297212611049,-0.8176578707600441,0.5008908414855473,-67.00507614213198,12.093479271880748,11.76470588235294,34
2686,"['--ipsccp', '--speculative-execution', '--sccp', '--lower-constant-intrinsics', '--early-cse', '--mem2reg', '--jump-threading', '--jump-threading', '--globalopt', '--elim-avail-extern', '--loop-reroll', '--loop-instsimplify', '--jump-threading', '--gvn', '--simplifycfg', '--instsimplify', '--inline', '--mergefunc', '--gvn-hoist', '--instcombine', '--globalopt', '--elim-avail-extern', '--loweratomic', '--indvars', '--indvars', '--gvn', '--gvn', '--ipsccp', '--gvn', '--nary-reassociate', '--adce', '--mem2reg', '--jump-threading', '--globalopt', '--elim-avail-extern', '--instcombine', '--simplifycfg', '--sroa', '--mem2reg', '--globaldce', '--gvn-hoist', '--sccp', '--early-cse', '--lower-constant-intrinsics', '--adce', '--slsr', '--gvn-hoist', '--adce', '--loop-simplify', '--dse', '--dse', '--scalarizer', '--adce', '--loop-simplify', '--dse', '--simplifycfg', '--elim-avail-extern', '--lower-constant-intrinsics', '--ipsccp', '--nary-reassociate', '--gvn', '--early-cse', '--loop-guard-widening', '--jump-threading', '--globalopt', '--slp-vectorizer', '--instcombine', '--slp-vectorizer', '--instcombine', '--simplifycfg', '--sroa', '--early-cse', '--lower-expect', '--sroa', '--lower-expect', '--aggressive-instcombine']",76,-3.590722782123394,0.0,-0.8224761140234403,0.0,1,-3.590722782123394,-0.8224761140234403,0.5620873773639496,-67.00507614213198,12.091598142528728,11.76470588235294,34
2430,"['--ipsccp', '--speculative-execution', '--sccp', '--lower-constant-intrinsics', '--early-cse', '--mem2reg', '--jump-threading', '--globalopt', '--elim-avail-extern', '--globalopt', '--loop-instsimplify', '--jump-threading', '--gvn', '--simplifycfg', '--ipsccp', '--inline', '--mergefunc', '--gvn-hoist', '--instcombine', '--globalopt', '--elim-avail-extern', '--loweratomic', '--indvars', '--indvars', '--gvn', '--gvn', '--instsimplify', '--gvn', '--nary-reassociate', '--adce', '--early-cse', '--mem2reg', '--jump-threading', '--globalopt', '--elim-avail-extern', '--instcombine', '--simplifycfg', '--sroa', '--mem2reg', '--globaldce', '--gvn-hoist', '--sccp', '--early-cse', '--lower-constant-intrinsics', '--adce', '--slsr', '--gvn-hoist', '--adce', '--loop-simplify', '--dse', '--scalarizer', '--adce', '--loop-simplify', '--dse', '--scalarizer', '--simplifycfg', '--mergereturn', '--lower-expect', '--elim-avail-extern', '--lower-constant-intrinsics', '--ipsccp', '--nary-reassociate', '--gvn', '--jump-threading', '--globalopt', '--slp-vectorizer', '--instcombine', '--slp-vectorizer', '--instcombine', '--simplifycfg', '--sroa', '--early-cse', '--lower-expect', '--sroa', '--sroa', '--aggressive-instcombine']",76,-3.590722782123394,0.0,-0.8224761140234403,0.0,1,-3.590722782123394,-0.8224761140234403,0.5620873773639496,-67.00507614213198,12.091598142528728,11.76470588235294,34
2482,"['--ipsccp', '--speculative-execution', '--sccp', '--lower-constant-intrinsics', '--early-cse', '--mem2reg', '--jump-threading', '--globalopt', '--elim-avail-extern', '--globalopt', '--loop-instsimplify', '--jump-threading', '--gvn', '--simplifycfg', '--instsimplify', '--inline', '--mergefunc', '--gvn-hoist', '--instcombine', '--globalopt', '--elim-avail-extern', '--loweratomic', '--indvars', '--indvars', '--gvn', '--gvn', '--ipsccp', '--gvn', '--nary-reassociate', '--adce', '--early-cse', '--early-cse', '--mem2reg', '--jump-threading', '--globalopt', '--elim-avail-extern', '--dse', '--simplifycfg', '--sroa', '--mem2reg', '--globaldce', '--gvn-hoist', '--sccp', '--early-cse', '--lower-constant-intrinsics', '--adce', '--slsr', '--gvn-hoist', '--adce', '--loop-simplify', '--instcombine', '--scalarizer', '--adce', '--loop-simplify', '--dse', '--scalarizer', '--simplifycfg', '--mergereturn', '--elim-avail-extern', '--elim-avail-extern', '--lower-constant-intrinsics', '--nary-reassociate', '--gvn', '--jump-threading', '--globalopt', '--slp-vectorizer', '--aggressive-instcombine', '--slp-vectorizer', '--instcombine', '--simplifycfg', '--sroa', '--early-cse', '--early-cse', '--lower-expect', '--aggressive-instcombine']",75,-3.590722782123394,0.0,-0.8224761140234403,0.0,1,-3.590722782123394,-0.8224761140234403,0.5620873773639496,-67.00507614213198,12.091598142528728,11.76470588235294,34
2299,"['--ipsccp', '--speculative-execution', '--sccp', '--lower-constant-intrinsics', '--early-cse', '--mem2reg', '--jump-threading', '--globalopt', '--elim-avail-extern', '--loop-instsimplify', '--jump-threading', '--gvn', '--simplifycfg', '--instsimplify', '--inline', '--mergefunc', '--gvn-hoist', '--instcombine', '--globalopt', '--adce', '--loweratomic', '--indvars', '--indvars', '--gvn', '--gvn', '--ipsccp', '--gvn', '--nary-reassociate', '--adce', '--early-cse', '--mem2reg', '--jump-threading', '--globalopt', '--elim-avail-extern', '--instcombine', '--simplifycfg', '--sroa', '--mem2reg', '--globaldce', '--gvn-hoist', '--sccp', '--early-cse', '--lower-constant-intrinsics', '--adce', '--slsr', '--gvn-hoist', '--adce', '--loop-simplify', '--dse', '--scalarizer', '--elim-avail-extern', '--loop-simplify', '--dse', '--scalarizer', '--simplifycfg', '--mergereturn', '--lower-expect', '--elim-avail-extern', '--lower-constant-intrinsics', '--ipsccp', '--nary-reassociate', '--gvn', '--jump-threading', '--globalopt', '--slp-vectorizer', '--instcombine', '--slp-vectorizer', '--instcombine', '--simplifycfg', '--sroa', '--early-cse', '--early-cse', '--lower-expect', '--aggressive-instcombine']",74,-3.590722782123394,0.0,-0.8224761140234403,0.0,1,-3.590722782123394,-0.8224761140234403,0.5620873773639496,-67.00507614213198,12.091598142528728,11.76470588235294,34
2578,"['--ipsccp', '--speculative-execution', '--sccp', '--lower-constant-intrinsics', '--adce', '--mem2reg', '--jump-threading', '--globalopt', '--elim-avail-extern', '--instcombine', '--loop-instsimplify', '--jump-threading', '--gvn', '--simplifycfg', '--instsimplify', '--inline', '--mergefunc', '--gvn-hoist', '--instcombine', '--globalopt', '--elim-avail-extern', '--loweratomic', '--indvars', '--indvars', '--gvn', '--gvn', '--ipsccp', '--gvn', '--nary-reassociate', '--adce', '--early-cse', '--mem2reg', '--jump-threading', '--globalopt', '--elim-avail-extern', '--instcombine', '--simplifycfg', '--sroa', '--mem2reg', '--globaldce', '--gvn-hoist', '--sccp', '--early-cse', '--lower-constant-intrinsics', '--adce', '--slsr', '--gvn-hoist', '--adce', '--gvn-hoist', '--adce', '--loop-simplify', '--dse', '--scalarizer', '--simplifycfg', '--lower-expect', '--simplifycfg', '--elim-avail-extern', '--lower-constant-intrinsics', '--ipsccp', '--nary-reassociate', '--gvn', '--early-cse', '--loop-guard-widening', '--jump-threading', '--globalopt', '--slp-vectorizer', '--instcombine', '--slp-vectorizer', '--instcombine', '--simplifycfg', '--sroa', '--early-cse', '--lower-expect', '--sroa', '--lower-expect', '--aggressive-instcombine']",76,-3.590776266927049,0.0,-0.8222139133339631,0.0,1,-3.590776266927049,-0.8222139133339631,0.5008908414855473,-67.00507614213198,12.094099495736357,11.76470588235294,34
2475,"['--ipsccp', '--sccp', '--lower-constant-intrinsics', '--early-cse', '--mem2reg', '--jump-threading', '--instcombine', '--elim-avail-extern', '--globalopt', '--loop-instsimplify', '--jump-threading', '--gvn', '--simplifycfg', '--ipsccp', '--inline', '--mergefunc', '--gvn-hoist', '--instcombine', '--globalopt', '--elim-avail-extern', '--loweratomic', '--indvars', '--indvars', '--gvn', '--gvn', '--instsimplify', '--gvn', '--nary-reassociate', '--adce', '--early-cse', '--mem2reg', '--jump-threading', '--globalopt', '--elim-avail-extern', '--instcombine', '--loop-vectorize', '--sroa', '--mem2reg', '--globaldce', '--gvn-hoist', '--sccp', '--early-cse', '--lower-constant-intrinsics', '--adce', '--slsr', '--gvn-hoist', '--adce', '--loop-simplify', '--dse', '--scalarizer', '--adce', '--loop-simplify', '--dse', '--scalarizer', '--simplifycfg', '--mergereturn', '--lower-expect', '--elim-avail-extern', '--lower-constant-intrinsics', '--ipsccp', '--nary-reassociate', '--gvn', '--loop-interchange', '--globalopt', '--slp-vectorizer', '--instcombine', '--slp-vectorizer', '--instcombine', '--simplifycfg', '--sroa', '--early-cse', '--early-cse', '--lower-expect', '--aggressive-instcombine']",74,-3.590776266927049,0.0,-0.8222139133339631,0.0,1,-3.590776266927049,-0.8222139133339631,0.5008908414855473,-67.00507614213198,12.094099495736357,11.76470588235294,34
2257,"['--ipsccp', '--speculative-execution', '--sccp', '--lower-constant-intrinsics', '--adce', '--mem2reg', '--jump-threading', '--globalopt', '--elim-avail-extern', '--instcombine', '--loop-instsimplify', '--jump-threading', '--gvn', '--simplifycfg', '--instsimplify', '--inline', '--mergefunc', '--gvn-hoist', '--instcombine', '--globalopt', '--elim-avail-extern', '--loweratomic', '--indvars', '--indvars', '--gvn', '--gvn', '--ipsccp', '--gvn', '--nary-reassociate', '--adce', '--early-cse', '--mem2reg', '--jump-threading', '--globalopt', '--elim-avail-extern', '--instcombine', '--simplifycfg', '--sroa', '--mem2reg', '--globaldce', '--gvn-hoist', '--sccp', '--early-cse', '--lower-constant-intrinsics', '--adce', '--slsr', '--gvn-hoist', '--early-cse', '--gvn-hoist', '--adce', '--loop-simplify', '--dse', '--scalarizer', '--simplifycfg', '--lower-expect', '--simplifycfg', '--elim-avail-extern', '--lower-constant-intrinsics', '--ipsccp', '--nary-reassociate', '--gvn', '--early-cse', '--loop-guard-widening', '--jump-threading', '--globalopt', '--slp-vectorizer', '--instcombine', '--slp-vectorizer', '--instcombine', '--simplifycfg', '--sroa', '--early-cse', '--lower-expect', '--sroa', '--lower-expect', '--aggressive-instcombine']",76,-3.590776266927049,0.0,-0.8222139133339631,0.0,1,-3.590776266927049,-0.8222139133339631,0.5008908414855473,-67.00507614213198,12.094099495736357,11.76470588235294,34
2611,"['--ipsccp', '--speculative-execution', '--sccp', '--lower-constant-intrinsics', '--dse', '--mem2reg', '--jump-threading', '--instcombine', '--elim-avail-extern', '--globalopt', '--loop-instsimplify', '--jump-threading', '--gvn', '--simplifycfg', '--instsimplify', '--inline', '--mergefunc', '--gvn-hoist', '--instcombine', '--globalopt', '--elim-avail-extern', '--loweratomic', '--indvars', '--indvars', '--early-cse-memssa', '--gvn', '--gvn', '--ipsccp', '--gvn', '--nary-reassociate', '--adce', '--mem2reg', '--jump-threading', '--globalopt', '--elim-avail-extern', '--instcombine', '--simplifycfg', '--sroa', '--mem2reg', '--globaldce', '--gvn-hoist', '--sccp', '--early-cse', '--lower-constant-intrinsics', '--adce', '--slsr', '--globaldce', '--gvn-hoist', '--adce', '--loop-simplify', '--dse', '--scalarizer', '--adce', '--loop-simplify', '--early-cse', '--scalarizer', '--simplifycfg', '--mergereturn', '--lower-expect', '--elim-avail-extern', '--lower-constant-intrinsics', '--correlated-propagation', '--irce', '--ipsccp', '--nary-reassociate', '--jump-threading', '--globalopt', '--slp-vectorizer', '--instcombine', '--slp-vectorizer', '--instcombine', '--simplifycfg', '--sroa', '--sroa', '--early-cse', '--lower-expect', '--sroa', '--lower-expect', '--aggressive-instcombine']",79,-3.590776266927049,0.0,-0.8222139133339631,0.0,1,-3.590776266927049,-0.8222139133339631,0.5008908414855473,-67.00507614213198,12.094099495736357,11.76470588235294,34
2385,"['--ipsccp', '--sccp', '--lower-constant-intrinsics', '--early-cse', '--mem2reg', '--jump-threading', '--globalopt', '--elim-avail-extern', '--instcombine', '--loop-instsimplify', '--gvn', '--simplifycfg', '--instsimplify', '--inline', '--mergefunc', '--gvn-hoist', '--instcombine', '--globalopt', '--elim-avail-extern', '--loweratomic', '--indvars', '--indvars', '--gvn', '--gvn', '--ipsccp', '--gvn', '--nary-reassociate', '--adce', '--early-cse', '--mem2reg', '--jump-threading', '--globalopt', '--elim-avail-extern', '--instcombine', '--simplifycfg', '--sroa', '--mem2reg', '--globaldce', '--simplifycfg', '--globaldce', '--simplifycfg', '--sccp', '--early-cse', '--lower-constant-intrinsics', '--adce', '--slsr', '--gvn-hoist', '--adce', '--loop-simplify', '--dse', '--scalarizer', '--simplifycfg', '--lower-expect', '--gvn-hoist', '--simplifycfg', '--lower-expect', '--simplifycfg', '--elim-avail-extern', '--lower-constant-intrinsics', '--ipsccp', '--gvn', '--nary-reassociate', '--gvn', '--early-cse', '--loop-guard-widening', '--jump-threading', '--globalopt', '--slp-vectorizer', '--instcombine', '--slp-vectorizer', '--instcombine', '--simplifycfg', '--sroa', '--early-cse', '--lower-expect', '--aggressive-instcombine']",76,-3.590776266927049,0.0,-0.8222139133339631,0.0,1,-3.590776266927049,-0.8222139133339631,0.5008908414855473,-67.00507614213198,12.094099495736357,11.76470588235294,34
2404,"['--ipsccp', '--speculative-execution', '--sccp', '--lower-constant-intrinsics', '--nary-reassociate', '--mem2reg', '--jump-threading', '--globalopt', '--elim-avail-extern', '--instcombine', '--loop-instsimplify', '--jump-threading', '--gvn', '--simplifycfg', '--instsimplify', '--inline', '--mergefunc', '--gvn-hoist', '--instcombine', '--globalopt', '--elim-avail-extern', '--loweratomic', '--indvars', '--indvars', '--gvn', '--gvn', '--ipsccp', '--gvn', '--gvn', '--nary-reassociate', '--early-cse', '--mem2reg', '--jump-threading', '--globalopt', '--elim-avail-extern', '--instcombine', '--simplifycfg', '--sroa', '--mem2reg', '--globaldce', '--gvn-hoist', '--sccp', '--early-cse', '--lower-constant-intrinsics', '--aggressive-instcombine', '--slsr', '--early-cse', '--adce', '--loop-simplify', '--dse', '--scalarizer', '--adce', '--loop-simplify', '--dse', '--scalarizer', '--simplifycfg', '--lower-expect', '--elim-avail-extern', '--lower-constant-intrinsics', '--ipsccp', '--gvn-hoist', '--gvn', '--jump-threading', '--globalopt', '--slp-vectorizer', '--instcombine', '--slp-vectorizer', '--instcombine', '--simplifycfg', '--sroa', '--early-cse', '--early-cse', '--lower-expect', '--adce']",74,-3.590776266927049,0.0,-0.8222139133339631,0.0,1,-3.590776266927049,-0.8222139133339631,0.5008908414855473,-67.00507614213198,12.094099495736357,11.76470588235294,34
2498,"['--ipsccp', '--speculative-execution', '--sccp', '--lower-constant-intrinsics', '--mem2reg', '--jump-threading', '--globalopt', '--elim-avail-extern', '--instcombine', '--adce', '--jump-threading', '--gvn', '--simplifycfg', '--instsimplify', '--inline', '--mergefunc', '--gvn-hoist', '--gvn-hoist', '--instcombine', '--globalopt', '--elim-avail-extern', '--loweratomic', '--indvars', '--indvars', '--gvn', '--gvn', '--ipsccp', '--gvn', '--nary-reassociate', '--adce', '--strip', '--mem2reg', '--jump-threading', '--globalopt', '--elim-avail-extern', '--instcombine', '--simplifycfg', '--sroa', '--mem2reg', '--globaldce', '--gvn-hoist', '--sccp', '--early-cse', '--lower-constant-intrinsics', '--adce', '--slsr', '--gvn-hoist', '--adce', '--loop-simplify', '--loop-simplify', '--dse', '--scalarizer', '--dse', '--scalarizer', '--simplifycfg', '--mergereturn', '--lower-expect', '--elim-avail-extern', '--lower-constant-intrinsics', '--ipsccp', '--nary-reassociate', '--gvn', '--jump-threading', '--globalopt', '--slp-vectorizer', '--instcombine', '--slp-vectorizer', '--instcombine', '--simplifycfg', '--sroa', '--early-cse', '--lower-expect', '--sroa', '--sroa', '--aggressive-instcombine']",75,-3.590776266927049,0.0,-0.8222139133339631,0.0,1,-3.590776266927049,-0.8222139133339631,0.5008908414855473,-67.00507614213198,12.094099495736357,11.76470588235294,34
1597,"['--ipsccp', '--speculative-execution', '--sccp', '--early-cse', '--mem2reg', '--jump-threading', '--globalopt', '--elim-avail-extern', '--instcombine', '--adce', '--jump-threading', '--gvn', '--simplifycfg', '--instsimplify', '--inline', '--mergefunc', '--gvn-hoist', '--instcombine', '--globalopt', '--elim-avail-extern', '--indvars', '--indvars', '--gvn', '--gvn', '--ipsccp', '--gvn', '--nary-reassociate', '--loop-instsimplify', '--early-cse', '--mem2reg', '--jump-threading', '--globalopt', '--jump-threading', '--bdce', '--elim-avail-extern', '--instcombine', '--simplifycfg', '--sroa', '--mem2reg', '--globaldce', '--gvn-hoist', '--sccp', '--early-cse', '--lower-constant-intrinsics', '--adce', '--slsr', '--gvn-hoist', '--adce', '--loop-simplify', '--dse', '--scalarizer', '--simplifycfg', '--lower-expect', '--simplifycfg', '--elim-avail-extern', '--lower-constant-intrinsics', '--ipsccp', '--gvn', '--nary-reassociate', '--gvn', '--early-cse', '--mem2reg', '--early-cse', '--mem2reg', '--jump-threading', '--globalopt', '--slp-vectorizer', '--instcombine', '--simplifycfg', '--sroa', '--early-cse', '--lower-expect', '--sroa', '--sroa', '--lower-expect', '--aggressive-instcombine']",76,-3.591143550782764,0.0,-0.8248024929121621,0.0,1,-3.591143550782764,-0.8248024929121621,0.5008908414855473,-67.00507614213198,12.078357987457018,11.76470588235294,34
1553,"['--ipsccp', '--speculative-execution', '--sccp', '--early-cse', '--mem2reg', '--jump-threading', '--globalopt', '--elim-avail-extern', '--instcombine', '--loop-instsimplify', '--jump-threading', '--gvn', '--simplifycfg', '--instsimplify', '--inline', '--mergefunc', '--gvn-hoist', '--instcombine', '--globalopt', '--elim-avail-extern', '--indvars', '--indvars', '--elim-avail-extern', '--gvn', '--ipsccp', '--gvn', '--nary-reassociate', '--adce', '--early-cse', '--mem2reg', '--jump-threading', '--globalopt', '--elim-avail-extern', '--instcombine', '--simplifycfg', '--sroa', '--mem2reg', '--globaldce', '--gvn-hoist', '--sccp', '--early-cse', '--lower-constant-intrinsics', '--adce', '--slsr', '--gvn-hoist', '--adce', '--loop-simplify', '--dse', '--scalarizer', '--simplifycfg', '--lower-expect', '--simplifycfg', '--gvn-hoist', '--gvn', '--lower-constant-intrinsics', '--irce', '--ipsccp', '--gvn', '--nary-reassociate', '--gvn', '--early-cse', '--early-cse', '--mem2reg', '--jump-threading', '--globalopt', '--slp-vectorizer', '--instcombine', '--simplifycfg', '--sroa', '--early-cse', '--lower-expect', '--sroa', '--lower-expect', '--aggressive-instcombine']",74,-3.591143550782764,0.0,-0.8248024929121621,0.0,1,-3.591143550782764,-0.8248024929121621,0.5008908414855473,-67.00507614213198,12.078357987457018,11.76470588235294,34
2171,"['--ipsccp', '--speculative-execution', '--sccp', '--early-cse', '--mem2reg', '--sroa', '--globalopt', '--elim-avail-extern', '--instcombine', '--loop-instsimplify', '--jump-threading', '--gvn', '--simplifycfg', '--instsimplify', '--inline', '--mergefunc', '--gvn-hoist', '--instcombine', '--globalopt', '--elim-avail-extern', '--indvars', '--indvars', '--gvn', '--gvn', '--ipsccp', '--gvn', '--nary-reassociate', '--adce', '--early-cse', '--mem2reg', '--jump-threading', '--globalopt', '--elim-avail-extern', '--instcombine', '--globalopt', '--simplifycfg', '--simplifycfg', '--sroa', '--mem2reg', '--globaldce', '--gvn-hoist', '--sccp', '--early-cse', '--lower-constant-intrinsics', '--adce', '--slsr', '--gvn-hoist', '--gvn', '--adce', '--loop-simplify', '--dse', '--scalarizer', '--simplifycfg', '--lower-expect', '--simplifycfg', '--elim-avail-extern', '--lower-constant-intrinsics', '--gvn', '--nary-reassociate', '--elim-avail-extern', '--early-cse', '--mem2reg', '--early-cse', '--globalopt', '--slp-vectorizer', '--instcombine', '--simplifycfg', '--slp-vectorizer', '--instcombine', '--simplifycfg', '--sroa', '--early-cse', '--lower-expect', '--sroa', '--sroa', '--lower-expect', '--aggressive-instcombine']",77,-3.591143550782764,0.0,-0.8248024929121621,0.0,1,-3.591143550782764,-0.8248024929121621,0.5008908414855473,-67.00507614213198,12.078357987457018,11.76470588235294,34
1489,"['--ipsccp', '--speculative-execution', '--sccp', '--early-cse', '--mem2reg', '--jump-threading', '--elim-avail-extern', '--instcombine', '--adce', '--loop-interchange', '--aggressive-instcombine', '--gvn', '--simplifycfg', '--instsimplify', '--inline', '--mergefunc', '--gvn-hoist', '--gvn-hoist', '--instcombine', '--globalopt', '--elim-avail-extern', '--indvars', '--elim-avail-extern', '--indvars', '--gvn', '--gvn', '--ipsccp', '--gvn', '--nary-reassociate', '--loop-instsimplify', '--early-cse', '--mem2reg', '--jump-threading', '--globalopt', '--elim-avail-extern', '--instcombine', '--simplifycfg', '--sroa', '--mem2reg', '--globaldce', '--gvn-hoist', '--sccp', '--early-cse', '--lower-constant-intrinsics', '--adce', '--slsr', '--gvn-hoist', '--adce', '--loop-simplify', '--dse', '--scalarizer', '--simplifycfg', '--lower-expect', '--simplifycfg', '--elim-avail-extern', '--lower-constant-intrinsics', '--ipsccp', '--gvn', '--die', '--gvn', '--early-cse', '--mem2reg', '--jump-threading', '--globalopt', '--slp-vectorizer', '--instcombine', '--simplifycfg', '--sroa', '--early-cse', '--lower-expect', '--sroa', '--sroa', '--lower-expect', '--aggressive-instcombine']",74,-3.591143550782764,0.0,-0.8248024929121621,0.0,1,-3.591143550782764,-0.8248024929121621,0.5008908414855473,-67.00507614213198,12.078357987457018,11.76470588235294,34
1930,"['--ipsccp', '--speculative-execution', '--sccp', '--early-cse', '--mem2reg', '--jump-threading', '--elim-avail-extern', '--instcombine', '--adce', '--loop-interchange', '--aggressive-instcombine', '--gvn', '--simplifycfg', '--instsimplify', '--inline', '--mergefunc', '--gvn-hoist', '--gvn-hoist', '--instcombine', '--globalopt', '--elim-avail-extern', '--indvars', '--indvars', '--mem2reg', '--gvn', '--ipsccp', '--gvn', '--nary-reassociate', '--adce', '--early-cse', '--gvn', '--jump-threading', '--globalopt', '--elim-avail-extern', '--instcombine', '--simplifycfg', '--simplifycfg', '--sroa', '--mem2reg', '--globaldce', '--gvn-hoist', '--sccp', '--sccp', '--early-cse', '--lower-constant-intrinsics', '--lower-constant-intrinsics', '--adce', '--slsr', '--gvn-hoist', '--adce', '--loop-simplify', '--dse', '--scalarizer', '--simplifycfg', '--lower-expect', '--simplifycfg', '--lower-constant-intrinsics', '--ipsccp', '--gvn', '--nary-reassociate', '--gvn', '--early-cse', '--mem2reg', '--jump-threading', '--globalopt', '--newgvn', '--slp-vectorizer', '--instcombine', '--simplifycfg', '--early-cse', '--lower-expect', '--sroa', '--sroa', '--lower-expect', '--aggressive-instcombine']",75,-3.591143550782764,0.0,-0.8248024929121621,0.0,1,-3.591143550782764,-0.8248024929121621,0.5008908414855473,-67.00507614213198,12.078357987457018,11.76470588235294,34
1564,"['--ipsccp', '--speculative-execution', '--sccp', '--early-cse', '--mem2reg', '--jump-threading', '--globalopt', '--elim-avail-extern', '--instcombine', '--adce', '--jump-threading', '--gvn', '--simplifycfg', '--simplifycfg', '--instsimplify', '--inline', '--mergefunc', '--gvn-hoist', '--instcombine', '--globalopt', '--elim-avail-extern', '--indvars', '--indvars', '--gvn', '--gvn', '--ipsccp', '--gvn', '--nary-reassociate', '--loop-instsimplify', '--early-cse', '--mem2reg', '--mem2reg', '--jump-threading', '--globalopt', '--elim-avail-extern', '--instcombine', '--simplifycfg', '--sroa', '--mem2reg', '--globaldce', '--gvn-hoist', '--sccp', '--early-cse', '--lower-constant-intrinsics', '--adce', '--slsr', '--gvn-hoist', '--adce', '--loop-simplify', '--dse', '--scalarizer', '--simplifycfg', '--lower-expect', '--simplifycfg', '--elim-avail-extern', '--lower-constant-intrinsics', '--ipsccp', '--gvn', '--die', '--gvn', '--early-cse', '--mem2reg', '--jump-threading', '--globalopt', '--slp-vectorizer', '--instcombine', '--simplifycfg', '--sroa', '--early-cse', '--lower-expect', '--sroa', '--sroa', '--lower-expect', '--aggressive-instcombine']",74,-3.591143550782764,0.0,-0.8248024929121621,0.0,1,-3.591143550782764,-0.8248024929121621,0.5008908414855473,-67.00507614213198,12.078357987457018,11.76470588235294,34
1587,"['--ipsccp', '--speculative-execution', '--sccp', '--early-cse', '--mem2reg', '--jump-threading', '--elim-avail-extern', '--instcombine', '--adce', '--loop-interchange', '--aggressive-instcombine', '--gvn', '--simplifycfg', '--instsimplify', '--inline', '--mergefunc', '--gvn-hoist', '--gvn-hoist', '--instcombine', '--globalopt', '--elim-avail-extern', '--indvars', '--elim-avail-extern', '--indvars', '--gvn', '--ipsccp', '--gvn', '--nary-reassociate', '--loop-instsimplify', '--early-cse', '--mem2reg', '--jump-threading', '--globalopt', '--elim-avail-extern', '--instcombine', '--simplifycfg', '--sroa', '--mem2reg', '--globaldce', '--gvn-hoist', '--sccp', '--early-cse', '--lower-constant-intrinsics', '--adce', '--slsr', '--gvn-hoist', '--adce', '--loop-simplify', '--dse', '--scalarizer', '--simplifycfg', '--lower-expect', '--simplifycfg', '--elim-avail-extern', '--lower-constant-intrinsics', '--ipsccp', '--gvn', '--nary-reassociate', '--gvn', '--early-cse', '--mem2reg', '--jump-threading', '--die', '--globalopt', '--slp-vectorizer', '--instcombine', '--simplifycfg', '--sroa', '--early-cse', '--lower-expect', '--sroa', '--sroa', '--lower-expect', '--aggressive-instcombine']",74,-3.591143550782764,0.0,-0.8248024929121621,0.0,1,-3.591143550782764,-0.8248024929121621,0.5008908414855473,-67.00507614213198,12.078357987457018,11.76470588235294,34
2220,"['--ipsccp', '--speculative-execution', '--simplifycfg', '--early-cse', '--mem2reg', '--jump-threading', '--globalopt', '--elim-avail-extern', '--instcombine', '--adce', '--jump-threading', '--gvn', '--simplifycfg', '--instsimplify', '--inline', '--mergefunc', '--gvn-hoist', '--instcombine', '--globalopt', '--elim-avail-extern', '--indvars', '--indvars', '--indvars', '--gvn-hoist', '--gvn', '--gvn', '--gvn', '--ipsccp', '--gvn', '--nary-reassociate', '--loop-instsimplify', '--early-cse', '--mem2reg', '--memcpyopt', '--globalopt', '--jump-threading', '--bdce', '--elim-avail-extern', '--instcombine', '--simplifycfg', '--sroa', '--lower-constant-intrinsics', '--adce', '--slsr', '--gvn-hoist', '--adce', '--loop-simplify', '--adce', '--loop-simplify', '--dse', '--scalarizer', '--scalarizer', '--simplifycfg', '--lower-expect', '--lower-constant-intrinsics', '--ipsccp', '--gvn', '--nary-reassociate', '--gvn', '--early-cse', '--mem2reg', '--jump-threading', '--globalopt', '--slp-vectorizer', '--instcombine', '--sccp', '--sroa', '--early-cse', '--lower-expect', '--sroa', '--sroa', '--lower-expect', '--aggressive-instcombine']",73,-3.591647617679923,0.0,-0.8108972592749628,0.0,1,-3.591647617679923,-0.8108972592749628,0.5008908414855473,-67.51269035532995,12.187687908707598,11.76470588235294,34
1621,"['--ipsccp', '--speculative-execution', '--sccp', '--early-cse', '--mem2reg', '--jump-threading', '--globalopt', '--elim-avail-extern', '--instcombine', '--loop-instsimplify', '--jump-threading', '--gvn', '--simplifycfg', '--instsimplify', '--inline', '--mergefunc', '--gvn-hoist', '--instcombine', '--globalopt', '--elim-avail-extern', '--instcombine', '--indvars', '--elim-avail-extern', '--indvars', '--gvn', '--gvn', '--ipsccp', '--gvn', '--nary-reassociate', '--loop-instsimplify', '--early-cse', '--mem2reg', '--jump-threading', '--globalopt', '--elim-avail-extern', '--indvars', '--simplifycfg', '--sroa', '--mem2reg', '--globaldce', '--gvn-hoist', '--sccp', '--early-cse', '--lower-constant-intrinsics', '--adce', '--slsr', '--gvn-hoist', '--adce', '--loop-simplify', '--dse', '--scalarizer', '--simplifycfg', '--lower-expect', '--simplifycfg', '--elim-avail-extern', '--lower-constant-intrinsics', '--ipsccp', '--gvn', '--nary-reassociate', '--gvn', '--early-cse', '--mem2reg', '--jump-threading', '--globalopt', '--slp-vectorizer', '--instcombine', '--simplifycfg', '--sroa', '--early-cse', '--sroa', '--lower-expect', '--sroa', '--lower-expect', '--aggressive-instcombine']",74,-3.591647617679923,0.0,-0.8108972592749628,0.0,1,-3.591647617679923,-0.8108972592749628,0.5008908414855473,-67.51269035532995,12.187687908707598,11.76470588235294,34
1679,"['--ipsccp', '--speculative-execution', '--sccp', '--early-cse', '--mem2reg', '--jump-threading', '--globalopt', '--elim-avail-extern', '--instcombine', '--adce', '--jump-threading', '--gvn', '--simplifycfg', '--hotcoldsplit', '--inline', '--mergefunc', '--gvn-hoist', '--instcombine', '--globalopt', '--elim-avail-extern', '--indvars', '--indvars', '--gvn', '--gvn', '--ipsccp', '--gvn', '--nary-reassociate', '--loop-instsimplify', '--early-cse', '--mem2reg', '--jump-threading', '--globalopt', '--jump-threading', '--bdce', '--elim-avail-extern', '--aggressive-instcombine', '--simplifycfg', '--sroa', '--mem2reg', '--globaldce', '--gvn-hoist', '--sccp', '--early-cse', '--lower-constant-intrinsics', '--adce', '--slsr', '--gvn-hoist', '--adce', '--loop-simplify', '--dse', '--scalarizer', '--simplifycfg', '--lower-expect', '--simplifycfg', '--elim-avail-extern', '--lower-constant-intrinsics', '--ipsccp', '--gvn', '--nary-reassociate', '--gvn', '--early-cse', '--mem2reg', '--jump-threading', '--globalopt', '--slp-vectorizer', '--instcombine', '--mem2reg', '--simplifycfg', '--sroa', '--early-cse', '--lower-expect', '--lower-expect', '--instcombine']",73,-3.591647617679923,0.0,-0.8108972592749628,0.0,1,-3.591647617679923,-0.8108972592749628,0.5008908414855473,-67.51269035532995,12.187687908707598,11.76470588235294,34
2228,"['--simplifycfg', '--speculative-execution', '--sccp', '--early-cse', '--mem2reg', '--jump-threading', '--globalopt', '--elim-avail-extern', '--instcombine', '--loop-instsimplify', '--jump-threading', '--gvn', '--simplifycfg', '--instsimplify', '--inline', '--mergefunc', '--gvn-hoist', '--instcombine', '--globalopt', '--elim-avail-extern', '--indvars', '--simplifycfg', '--gvn', '--gvn', '--ipsccp', '--gvn', '--instcombine', '--gvn', '--nary-reassociate', '--early-cse', '--mem2reg', '--jump-threading', '--globalopt', '--elim-avail-extern', '--instcombine', '--indvars', '--sroa', '--mem2reg', '--mem2reg', '--globaldce', '--gvn-hoist', '--sccp', '--early-cse', '--lower-constant-intrinsics', '--adce', '--slsr', '--gvn-hoist', '--adce', '--loop-simplify', '--dse', '--scalarizer', '--adce', '--loop-simplify', '--dse', '--scalarizer', '--simplifycfg', '--mergereturn', '--lower-expect', '--elim-avail-extern', '--lower-constant-intrinsics', '--ipsccp', '--nary-reassociate', '--gvn', '--jump-threading', '--globalopt', '--slp-vectorizer', '--instcombine', '--slp-vectorizer', '--instcombine', '--simplifycfg', '--sroa', '--early-cse', '--lower-expect', '--sroa', '--sroa', '--aggressive-instcombine']",76,-3.591647617679923,0.0,-0.8108972592749628,0.0,1,-3.591647617679923,-0.8108972592749628,0.5008908414855473,-67.51269035532995,12.187687908707598,11.76470588235294,34
1641,"['--ipsccp', '--sccp', '--speculative-execution', '--early-cse', '--mem2reg', '--jump-threading', '--globalopt', '--elim-avail-extern', '--instcombine', '--loop-instsimplify', '--jump-threading', '--gvn', '--simplifycfg', '--instsimplify', '--inline', '--mergefunc', '--gvn-hoist', '--instcombine', '--globalopt', '--elim-avail-extern', '--indvars', '--indvars', '--gvn', '--gvn', '--ipsccp', '--gvn', '--nary-reassociate', '--adce', '--early-cse', '--mem2reg', '--die', '--jump-threading', '--globalopt', '--elim-avail-extern', '--simplifycfg', '--sroa', '--mem2reg', '--globaldce', '--gvn-hoist', '--sccp', '--sink', '--early-cse', '--lower-constant-intrinsics', '--adce', '--slsr', '--gvn-hoist', '--adce', '--loop-simplify', '--dse', '--scalarizer', '--simplifycfg', '--lower-expect', '--simplifycfg', '--elim-avail-extern', '--lower-constant-intrinsics', '--ipsccp', '--gvn', '--nary-reassociate', '--gvn', '--early-cse', '--mem2reg', '--jump-threading', '--globalopt', '--slp-vectorizer', '--instcombine', '--simplifycfg', '--sroa', '--aggressive-instcombine', '--early-cse', '--lower-expect', '--sroa', '--sroa', '--lower-expect', '--aggressive-instcombine']",74,-3.591647617679923,0.0,-0.8108972592749628,0.0,1,-3.591647617679923,-0.8108972592749628,0.5008908414855473,-67.51269035532995,12.187687908707598,11.76470588235294,34
2172,"['--ipsccp', '--speculative-execution', '--sccp', '--early-cse', '--mem2reg', '--jump-threading', '--globalopt', '--elim-avail-extern', '--instcombine', '--adce', '--loop-instsimplify', '--jump-threading', '--gvn', '--simplifycfg', '--instsimplify', '--inline', '--mergefunc', '--gvn-hoist', '--instcombine', '--globalopt', '--elim-avail-extern', '--indvars', '--indvars', '--gvn', '--gvn', '--gvn', '--ipsccp', '--gvn', '--nary-reassociate', '--simple-loop-unswitch', '--early-cse', '--mem2reg', '--jump-threading', '--globalopt', '--simplifycfg', '--simplifycfg', '--sroa', '--mem2reg', '--globaldce', '--gvn-hoist', '--sccp', '--early-cse', '--lower-constant-intrinsics', '--adce', '--slsr', '--gvn-hoist', '--gvn', '--adce', '--simplifycfg', '--irce', '--dse', '--scalarizer', '--simplifycfg', '--lower-expect', '--simplifycfg', '--elim-avail-extern', '--lower-constant-intrinsics', '--gvn', '--nary-reassociate', '--elim-avail-extern', '--early-cse', '--mem2reg', '--jump-threading', '--globalopt', '--slp-vectorizer', '--instcombine', '--simplifycfg', '--sroa', '--early-cse', '--lower-expect', '--sroa', '--instcombine', '--aggressive-instcombine']",73,-3.591647617679923,0.0,-0.8108972592749628,0.0,1,-3.591647617679923,-0.8108972592749628,0.5008908414855473,-67.51269035532995,12.187687908707598,11.76470588235294,34
2027,"['--ipsccp', '--speculative-execution', '--sccp', '--early-cse', '--mem2reg', '--jump-threading', '--globalopt', '--elim-avail-extern', '--instcombine', '--adce', '--loop-instsimplify', '--jump-threading', '--gvn', '--simplifycfg', '--instsimplify', '--inline', '--mergefunc', '--gvn-hoist', '--instcombine', '--globalopt', '--elim-avail-extern', '--indvars', '--indvars', '--gvn', '--gvn', '--ipsccp', '--gvn', '--nary-reassociate', '--adce', '--early-cse', '--mem2reg', '--jump-threading', '--globalopt', '--elim-avail-extern', '--simplifycfg', '--simplifycfg', '--sroa', '--ipsccp', '--sroa', '--inferattrs', '--mem2reg', '--globaldce', '--gvn-hoist', '--sccp', '--early-cse', '--lower-constant-intrinsics', '--lower-constant-intrinsics', '--adce', '--slsr', '--gvn-hoist', '--adce', '--loop-simplify', '--dse', '--scalarizer', '--simplifycfg', '--lower-expect', '--elim-avail-extern', '--lower-constant-intrinsics', '--ipsccp', '--nary-reassociate', '--gvn', '--jump-threading', '--globalopt', '--slp-vectorizer', '--instcombine', '--slp-vectorizer', '--instcombine', '--simplifycfg', '--sroa', '--early-cse', '--lower-expect', '--sroa', '--lower-expect', '--instcombine', '--aggressive-instcombine']",75,-3.591647617679923,0.0,-0.8108972592749628,0.0,1,-3.591647617679923,-0.8108972592749628,0.5008908414855473,-67.51269035532995,12.187687908707598,11.76470588235294,34
1998,"['--ipsccp', '--speculative-execution', '--sccp', '--early-cse', '--mem2reg', '--jump-threading', '--elim-avail-extern', '--instcombine', '--instsimplify', '--adce', '--loop-interchange', '--aggressive-instcombine', '--gvn', '--instsimplify', '--simplifycfg', '--inline', '--globaldce', '--mergefunc', '--gvn-hoist', '--gvn-hoist', '--instcombine', '--elim-avail-extern', '--indvars', '--indvars', '--indvars', '--gvn', '--gvn', '--nary-reassociate', '--loop-instsimplify', '--early-cse', '--mem2reg', '--jump-threading', '--mem2reg', '--globalopt', '--jump-threading', '--sroa', '--ipsccp', '--sroa', '--inferattrs', '--mem2reg', '--globaldce', '--gvn-hoist', '--sccp', '--early-cse', '--lower-constant-intrinsics', '--lower-constant-intrinsics', '--adce', '--slsr', '--gvn-hoist', '--adce', '--loop-simplify', '--dse', '--scalarizer', '--simplifycfg', '--lower-expect', '--elim-avail-extern', '--lower-constant-intrinsics', '--ipsccp', '--nary-reassociate', '--gvn', '--jump-threading', '--globalopt', '--slp-vectorizer', '--instcombine', '--slp-vectorizer', '--instcombine', '--simplifycfg', '--sroa', '--early-cse', '--lower-expect', '--sroa', '--sroa', '--aggressive-instcombine']",73,-3.591647617679923,0.0,-0.8108972592749628,0.0,1,-3.591647617679923,-0.8108972592749628,0.5008908414855473,-67.51269035532995,12.187687908707598,11.76470588235294,34
2020,"['--bdce', '--speculative-execution', '--sccp', '--early-cse', '--mem2reg', '--jump-threading', '--globalopt', '--elim-avail-extern', '--instcombine', '--adce', '--jump-threading', '--gvn', '--simplifycfg', '--hotcoldsplit', '--inline', '--mergefunc', '--gvn-hoist', '--instcombine', '--globalopt', '--elim-avail-extern', '--indvars', '--indvars', '--gvn-hoist', '--gvn', '--gvn', '--ipsccp', '--gvn', '--nary-reassociate', '--loop-instsimplify', '--early-cse', '--mem2reg', '--jump-threading', '--globalopt', '--jump-threading', '--ipsccp', '--elim-avail-extern', '--simplifycfg', '--sroa', '--lower-expect', '--globaldce', '--gvn-hoist', '--sccp', '--early-cse', '--lower-constant-intrinsics', '--adce', '--slsr', '--gvn-hoist', '--adce', '--loop-simplify', '--dse', '--scalarizer', '--elim-avail-extern', '--lower-expect', '--simplifycfg', '--elim-avail-extern', '--jump-threading', '--lower-constant-intrinsics', '--ipsccp', '--gvn', '--dce', '--early-cse', '--globalopt', '--slp-vectorizer', '--instcombine', '--simplifycfg', '--sroa', '--early-cse', '--mem2reg', '--sroa', '--sroa', '--lower-expect', '--aggressive-instcombine']",72,-3.591647617679923,0.0,-0.8108972592749628,0.0,1,-3.591647617679923,-0.8108972592749628,0.5008908414855473,-67.51269035532995,12.187687908707598,11.76470588235294,34
1817,"['--ipsccp', '--speculative-execution', '--sccp', '--early-cse', '--sink', '--mergefunc', '--ipsccp', '--mem2reg', '--jump-threading', '--globalopt', '--elim-avail-extern', '--instcombine', '--loop-instsimplify', '--jump-threading', '--gvn', '--simplifycfg', '--instsimplify', '--inline', '--mergefunc', '--gvn-hoist', '--instcombine', '--globalopt', '--elim-avail-extern', '--indvars', '--indvars', '--gvn', '--gvn', '--ipsccp', '--gvn', '--nary-reassociate', '--loop-instsimplify', '--early-cse', '--mem2reg', '--jump-threading', '--globalopt', '--elim-avail-extern', '--instcombine', '--simplifycfg', '--sroa', '--mem2reg', '--inferattrs', '--mem2reg', '--globaldce', '--gvn-hoist', '--lower-constant-intrinsics', '--adce', '--slsr', '--gvn-hoist', '--adce', '--loop-simplify', '--dse', '--scalarizer', '--simplifycfg', '--lower-expect', '--simplifycfg', '--sccp', '--elim-avail-extern', '--lower-constant-intrinsics', '--gvn', '--nary-reassociate', '--adce', '--early-cse', '--mem2reg', '--jump-threading', '--globalopt', '--slp-vectorizer', '--instcombine', '--simplifycfg', '--sroa', '--early-cse', '--lower-expect', '--sroa', '--sroa', '--lower-expect', '--aggressive-instcombine']",75,-3.592257922631486,0.0,-0.8228615152294365,0.0,1,-3.592257922631486,-0.8228615152294365,0.468466690062584,-67.00507614213198,12.104059038564673,11.76470588235294,34
2340,"['--ipsccp', '--speculative-execution', '--sccp', '--lower-constant-intrinsics', '--early-cse', '--mem2reg', '--jump-threading', '--globalopt', '--elim-avail-extern', '--instcombine', '--loop-instsimplify', '--jump-threading', '--gvn', '--simplifycfg', '--instsimplify', '--inline', '--mergefunc', '--licm', '--gvn-hoist', '--instcombine', '--globalopt', '--elim-avail-extern', '--loweratomic', '--indvars', '--indvars', '--gvn', '--gvn', '--ipsccp', '--gvn', '--nary-reassociate', '--adce', '--early-cse', '--mem2reg', '--jump-threading', '--globalopt', '--elim-avail-extern', '--instcombine', '--simplifycfg', '--sroa', '--mem2reg', '--globaldce', '--gvn-hoist', '--sccp', '--early-cse', '--lower-constant-intrinsics', '--adce', '--slsr', '--gvn-hoist', '--adce', '--loop-simplify', '--dse', '--scalarizer', '--adce', '--loop-simplify', '--dse', '--scalarizer', '--simplifycfg', '--mergereturn', '--lower-expect', '--elim-avail-extern', '--lower-constant-intrinsics', '--ipsccp', '--nary-reassociate', '--gvn', '--jump-threading', '--globalopt', '--slp-vectorizer', '--instcombine', '--slp-vectorizer', '--instcombine', '--simplifycfg', '--sroa', '--early-cse', '--early-cse', '--lower-expect', '--aggressive-instcombine']",76,-3.5933718770870025,0.0,-0.8141248635812571,0.0,1,-3.5933718770870025,-0.8141248635812571,0.5620873773639496,-67.51269035532995,12.180723470481187,11.76470588235294,34
1960,"['--mem2reg', '--speculative-execution', '--sccp', '--early-cse', '--mem2reg', '--jump-threading', '--elim-avail-extern', '--instcombine', '--adce', '--loop-interchange', '--jump-threading', '--gvn', '--simplifycfg', '--hotcoldsplit', '--inline', '--mergefunc', '--gvn-hoist', '--instcombine', '--globalopt', '--elim-avail-extern', '--indvars', '--indvars', '--gvn-hoist', '--gvn', '--gvn', '--ipsccp', '--gvn', '--nary-reassociate', '--loop-instsimplify', '--early-cse', '--jump-threading', '--globalopt', '--elim-avail-extern', '--instcombine', '--simplifycfg', '--sroa', '--mem2reg', '--globaldce', '--gvn-hoist', '--sccp', '--lower-constant-intrinsics', '--adce', '--gvn', '--slsr', '--gvn-hoist', '--adce', '--loop-simplify', '--adce', '--loop-simplify', '--dse', '--scalarizer', '--simplifycfg', '--lower-expect', '--nary-reassociate', '--elim-avail-extern', '--elim-avail-extern', '--lower-constant-intrinsics', '--gvn', '--ipsccp', '--gvn', '--nary-reassociate', '--gvn', '--early-cse', '--ipsccp', '--jump-threading', '--globalopt', '--slp-vectorizer', '--instcombine', '--simplifycfg', '--sroa', '--early-cse', '--lower-expect', '--sroa', '--lower-expect', '--aggressive-instcombine']",75,-3.5944074073327226,0.0,-0.8270088697978534,0.0,1,-3.5944074073327226,-0.8270088697978534,0.5008908414855473,-67.00507614213198,12.094448726313917,11.76470588235294,34
2285,"['--sroa', '--speculative-execution', '--sccp', '--lower-constant-intrinsics', '--early-cse', '--mem2reg', '--jump-threading', '--globalopt', '--elim-avail-extern', '--instcombine', '--loop-instsimplify', '--jump-threading', '--gvn', '--simplifycfg', '--instsimplify', '--inline', '--mergefunc', '--gvn-hoist', '--instcombine', '--globalopt', '--elim-avail-extern', '--indvars', '--indvars', '--gvn', '--gvn', '--ipsccp', '--gvn', '--nary-reassociate', '--loop-instsimplify', '--early-cse', '--mem2reg', '--jump-threading', '--jump-threading', '--bdce', '--bdce', '--elim-avail-extern', '--instcombine', '--simplifycfg', '--ipsccp', '--mem2reg', '--globaldce', '--gvn-hoist', '--sccp', '--early-cse', '--lower-constant-intrinsics', '--adce', '--slsr', '--gvn-hoist', '--adce', '--loop-simplify', '--dse', '--scalarizer', '--simplifycfg', '--scalarizer', '--simplifycfg', '--lower-constant-intrinsics', '--gvn', '--nary-reassociate', '--gvn', '--gvn', '--nary-reassociate', '--gvn', '--early-cse', '--loop-guard-widening', '--jump-threading', '--globalopt', '--slp-vectorizer', '--instcombine', '--slp-vectorizer', '--instcombine', '--simplifycfg', '--sroa', '--early-cse', '--lower-expect', '--sroa', '--lower-expect', '--aggressive-instcombine']",77,-3.5944074073327226,0.0,-0.8270088697978534,0.0,1,-3.5944074073327226,-0.8270088697978534,0.5008908414855473,-67.00507614213198,12.094448726313917,11.76470588235294,34
1748,"['--ipsccp', '--speculative-execution', '--sccp', '--early-cse', '--mem2reg', '--jump-threading', '--globalopt', '--elim-avail-extern', '--instcombine', '--loop-instsimplify', '--jump-threading', '--gvn', '--simplifycfg', '--instsimplify', '--inline', '--mergefunc', '--gvn-hoist', '--speculative-execution', '--globalopt', '--elim-avail-extern', '--indvars', '--indvars', '--gvn', '--gvn', '--ipsccp', '--gvn', '--ipsccp', '--gvn', '--nary-reassociate', '--adce', '--early-cse', '--mem2reg', '--jump-threading', '--globalopt', '--elim-avail-extern', '--instcombine', '--simplifycfg', '--sroa', '--mem2reg', '--globaldce', '--gvn-hoist', '--sccp', '--early-cse', '--lower-constant-intrinsics', '--adce', '--slsr', '--gvn-hoist', '--adce', '--loop-simplify', '--dse', '--scalarizer', '--simplifycfg', '--lower-expect', '--simplifycfg', '--gvn-hoist', '--elim-avail-extern', '--lower-constant-intrinsics', '--gvn', '--ipsccp', '--gvn', '--nary-reassociate', '--gvn', '--early-cse', '--mem2reg', '--jump-threading', '--globalopt', '--slp-vectorizer', '--instcombine', '--simplifycfg', '--sroa', '--early-cse', '--lower-expect', '--sroa', '--lower-expect', '--aggressive-instcombine']",75,-3.599518109696472,0.0,-0.8355792337927089,0.0,1,-3.599518109696472,-0.8355792337927089,0.5008908414855473,-67.00507614213198,12.081278019989991,11.76470588235294,34
2315,"['--ipsccp', '--speculative-execution', '--sccp', '--lower-constant-intrinsics', '--mem2reg', '--jump-threading', '--globalopt', '--elim-avail-extern', '--instcombine', '--loop-instsimplify', '--jump-threading', '--gvn', '--simplifycfg', '--instsimplify', '--inline', '--mergefunc', '--gvn-hoist', '--instcombine', '--globalopt', '--elim-avail-extern', '--loweratomic', '--indvars', '--indvars', '--gvn', '--gvn', '--ipsccp', '--gvn', '--nary-reassociate', '--adce', '--early-cse', '--mem2reg', '--mem2reg', '--jump-threading', '--globalopt', '--elim-avail-extern', '--instcombine', '--simplifycfg', '--sroa', '--mem2reg', '--globaldce', '--gvn-hoist', '--sccp', '--early-cse', '--lower-constant-intrinsics', '--adce', '--adce', '--loop-simplify', '--adce', '--loop-simplify', '--dse', '--scalarizer', '--simplifycfg', '--elim-avail-extern', '--nary-reassociate', '--elim-avail-extern', '--lower-constant-intrinsics', '--ipsccp', '--loop-simplify', '--nary-reassociate', '--gvn', '--early-cse', '--mem2reg', '--jump-threading', '--globalopt', '--slp-vectorizer', '--instcombine', '--simplifycfg', '--nary-reassociate', '--sroa', '--early-cse', '--lower-expect', '--sroa', '--lower-expect', '--simplifycfg', '--aggressive-instcombine']",75,-3.599526986407718,0.0,-0.8342926668066046,0.0,1,-3.599526986407718,-0.8342926668066046,0.5008908414855473,-67.00507614213198,12.09101603949824,11.76470588235294,34
1518,"['--ipsccp', '--speculative-execution', '--sccp', '--early-cse', '--mem2reg', '--jump-threading', '--globalopt', '--elim-avail-extern', '--instcombine', '--loop-instsimplify', '--jump-threading', '--gvn', '--simplifycfg', '--instsimplify', '--inline', '--mergefunc', '--gvn-hoist', '--instcombine', '--globalopt', '--elim-avail-extern', '--indvars', '--indvars', '--gvn', '--gvn', '--ipsccp', '--gvn', '--nary-reassociate', '--adce', '--early-cse', '--mem2reg', '--jump-threading', '--globalopt', '--elim-avail-extern', '--instcombine', '--simplifycfg', '--sroa', '--mem2reg', '--gvn', '--gvn-hoist', '--sccp', '--early-cse', '--lower-constant-intrinsics', '--adce', '--gvn-hoist', '--adce', '--loop-simplify', '--dse', '--scalarizer', '--simplifycfg', '--lower-expect', '--simplifycfg', '--gvn-hoist', '--elim-avail-extern', '--lower-constant-intrinsics', '--gvn', '--gvn', '--ipsccp', '--gvn', '--nary-reassociate', '--early-cse-memssa', '--early-cse', '--mem2reg', '--jump-threading', '--globalopt', '--slp-vectorizer', '--instcombine', '--simplifycfg', '--sroa', '--early-cse', '--lower-expect', '--sroa', '--sroa', '--lower-expect', '--aggressive-instcombine']",74,-3.599893609366755,0.0,-0.8368812463848039,0.0,1,-3.599893609366755,-0.8368812463848039,0.5008908414855473,-67.00507614213198,12.07526792225211,11.76470588235294,34
1503,"['--ipsccp', '--speculative-execution', '--sccp', '--early-cse', '--mem2reg', '--irce', '--globalopt', '--elim-avail-extern', '--instcombine', '--adce', '--jump-threading', '--gvn', '--simplifycfg', '--instsimplify', '--inline', '--mergefunc', '--gvn-hoist', '--instcombine', '--globalopt', '--elim-avail-extern', '--indvars', '--indvars', '--gvn', '--gvn', '--ipsccp', '--gvn', '--nary-reassociate', '--loop-instsimplify', '--early-cse', '--mem2reg', '--jump-threading', '--globalopt', '--elim-avail-extern', '--simplifycfg', '--sroa', '--mem2reg', '--globaldce', '--gvn-hoist', '--sccp', '--early-cse', '--lower-constant-intrinsics', '--adce', '--gvn-hoist', '--adce', '--loop-simplify', '--dse', '--scalarizer', '--simplifycfg', '--gvn', '--simplifycfg', '--lower-expect', '--simplifycfg', '--gvn-hoist', '--elim-avail-extern', '--lower-constant-intrinsics', '--gvn', '--ipsccp', '--gvn', '--nary-reassociate', '--gvn', '--early-cse', '--mem2reg', '--jump-threading', '--globalopt', '--slp-vectorizer', '--instcombine', '--simplifycfg', '--sroa', '--early-cse', '--lower-expect', '--sroa', '--lower-expect', '--aggressive-instcombine']",73,-3.600401827353835,0.0,-0.8229760127476046,0.0,1,-3.600401827353835,-0.8229760127476046,0.5008908414855473,-67.51269035532995,12.184639354401908,11.76470588235294,34
1437,"['--ipsccp', '--speculative-execution', '--sccp', '--early-cse', '--mem2reg', '--jump-threading', '--globalopt', '--elim-avail-extern', '--instcombine', '--adce', '--jump-threading', '--gvn', '--simplifycfg', '--instsimplify', '--inline', '--mergefunc', '--gvn-hoist', '--instcombine', '--globalopt', '--elim-avail-extern', '--indvars', '--indvars', '--gvn', '--gvn', '--ipsccp', '--gvn', '--nary-reassociate', '--loop-instsimplify', '--early-cse', '--mem2reg', '--jump-threading', '--globalopt', '--elim-avail-extern', '--simplifycfg', '--sroa', '--mem2reg', '--globaldce', '--gvn-hoist', '--sccp', '--early-cse', '--lower-constant-intrinsics', '--adce', '--gvn-hoist', '--adce', '--loop-simplify', '--dse', '--scalarizer', '--simplifycfg', '--gvn', '--simplifycfg', '--lower-expect', '--simplifycfg', '--gvn-hoist', '--elim-avail-extern', '--lower-constant-intrinsics', '--gvn', '--ipsccp', '--gvn', '--nary-reassociate', '--gvn', '--early-cse', '--mem2reg', '--jump-threading', '--globalopt', '--slp-vectorizer', '--instcombine', '--simplifycfg', '--sroa', '--early-cse', '--lower-expect', '--sroa', '--lower-expect', '--aggressive-instcombine']",73,-3.600401827353835,0.0,-0.8229760127476046,0.0,1,-3.600401827353835,-0.8229760127476046,0.5008908414855473,-67.51269035532995,12.184639354401908,11.76470588235294,34
1653,"['--ipsccp', '--speculative-execution', '--sccp', '--sccp', '--early-cse', '--mem2reg', '--jump-threading', '--elim-avail-extern', '--instcombine', '--adce', '--loop-interchange', '--aggressive-instcombine', '--gvn', '--simplifycfg', '--instsimplify', '--inline', '--mergefunc', '--gvn-hoist', '--gvn-hoist', '--instcombine', '--globalopt', '--elim-avail-extern', '--indvars', '--elim-avail-extern', '--indvars', '--gvn', '--gvn', '--ipsccp', '--gvn', '--nary-reassociate', '--loop-instsimplify', '--early-cse', '--mem2reg', '--jump-threading', '--globalopt', '--elim-avail-extern', '--sroa', '--mem2reg', '--globaldce', '--gvn-hoist', '--sccp', '--sink', '--early-cse', '--lower-constant-intrinsics', '--adce', '--slsr', '--gvn-hoist', '--adce', '--loop-simplify', '--dse', '--scalarizer', '--simplifycfg', '--lower-expect', '--simplifycfg', '--gvn-hoist', '--elim-avail-extern', '--lower-constant-intrinsics', '--gvn', '--ipsccp', '--gvn', '--nary-reassociate', '--gvn', '--early-cse', '--mem2reg', '--jump-threading', '--globalopt', '--slp-vectorizer', '--instcombine', '--simplifycfg', '--sroa', '--early-cse', '--lower-expect', '--sroa', '--sroa', '--hotcoldsplit', '--aggressive-instcombine']",76,-3.6012210857540605,0.0,-0.8236849830601289,0.0,1,-3.6012210857540605,-0.8236849830601289,0.5008908414855473,-67.51269035532995,12.187514661060229,11.76470588235294,34
1660,"['--ipsccp', '--speculative-execution', '--sccp', '--early-cse', '--mem2reg', '--jump-threading', '--globalopt', '--elim-avail-extern', '--instcombine', '--adce', '--jump-threading', '--gvn', '--loop-sink', '--simplifycfg', '--instsimplify', '--inline', '--mergefunc', '--gvn-hoist', '--instcombine', '--globalopt', '--elim-avail-extern', '--indvars', '--indvars', '--gvn', '--gvn', '--ipsccp', '--gvn', '--nary-reassociate', '--loop-instsimplify', '--early-cse', '--early-cse', '--mem2reg', '--jump-threading', '--globalopt', '--elim-avail-extern', '--sroa', '--mem2reg', '--globaldce', '--gvn-hoist', '--sccp', '--sink', '--early-cse', '--lower-constant-intrinsics', '--adce', '--slsr', '--gvn-hoist', '--adce', '--loop-simplify', '--dse', '--scalarizer', '--simplifycfg', '--lower-expect', '--simplifycfg', '--gvn-hoist', '--elim-avail-extern', '--elim-avail-extern', '--lower-constant-intrinsics', '--ipsccp', '--gvn', '--nary-reassociate', '--gvn', '--early-cse', '--mem2reg', '--jump-threading', '--globalopt', '--slp-vectorizer', '--instcombine', '--simplifycfg', '--sroa', '--early-cse', '--lower-expect', '--sroa', '--sroa', '--lower-expect', '--aggressive-instcombine']",75,-3.6012210857540605,0.0,-0.8236849830601289,0.0,1,-3.6012210857540605,-0.8236849830601289,0.5008908414855473,-67.51269035532995,12.187514661060229,11.76470588235294,34
1921,"['--ipsccp', '--speculative-execution', '--sccp', '--early-cse', '--mem2reg', '--jump-threading', '--elim-avail-extern', '--instcombine', '--instsimplify', '--adce', '--loop-interchange', '--aggressive-instcombine', '--gvn', '--instsimplify', '--simplifycfg', '--inline', '--globaldce', '--mergefunc', '--gvn-hoist', '--gvn-hoist', '--instcombine', '--elim-avail-extern', '--indvars', '--indvars', '--gvn', '--gvn', '--gvn', '--gvn', '--ipsccp', '--gvn', '--nary-reassociate', '--loop-instsimplify', '--early-cse', '--mem2reg', '--jump-threading', '--globalopt', '--elim-avail-extern', '--sroa', '--mem2reg', '--globaldce', '--gvn-hoist', '--sink', '--early-cse', '--lower-constant-intrinsics', '--adce', '--slsr', '--gvn-hoist', '--adce', '--loop-simplify', '--dse', '--scalarizer', '--simplifycfg', '--lower-expect', '--simplifycfg', '--elim-avail-extern', '--lower-constant-intrinsics', '--ipsccp', '--gvn', '--nary-reassociate', '--gvn', '--early-cse', '--mem2reg', '--jump-threading', '--globalopt', '--slp-vectorizer', '--instcombine', '--simplifycfg', '--sroa', '--early-cse', '--lower-expect', '--sroa', '--sroa', '--lower-expect', '--aggressive-instcombine']",74,-3.6012210857540605,0.0,-0.8236849830601289,0.0,1,-3.6012210857540605,-0.8236849830601289,0.5008908414855473,-67.51269035532995,12.187514661060229,11.76470588235294,34
1546,"['--ipsccp', '--speculative-execution', '--sccp', '--early-cse', '--mem2reg', '--jump-threading', '--globalopt', '--elim-avail-extern', '--adce', '--jump-threading', '--gvn', '--simplifycfg', '--instsimplify', '--inline', '--mergefunc', '--gvn-hoist', '--instcombine', '--globalopt', '--elim-avail-extern', '--indvars', '--indvars', '--gvn', '--gvn', '--ipsccp', '--gvn', '--nary-reassociate', '--adce', '--early-cse', '--mem2reg', '--jump-threading', '--globalopt', '--elim-avail-extern', '--instcombine', '--simplifycfg', '--sroa', '--mem2reg', '--globaldce', '--gvn-hoist', '--sccp', '--early-cse', '--lower-constant-intrinsics', '--adce', '--slsr', '--gvn-hoist', '--loop-simplify', '--dse', '--scalarizer', '--simplifycfg', '--lower-expect', '--simplifycfg', '--gvn-hoist', '--elim-avail-extern', '--lower-constant-intrinsics', '--gvn', '--ipsccp', '--gvn', '--nary-reassociate', '--gvn', '--early-cse', '--mem2reg', '--jump-threading', '--globalopt', '--slp-vectorizer', '--instcombine', '--simplifycfg', '--sroa', '--early-cse', '--lower-expect', '--sroa', '--lower-expect', '--aggressive-instcombine']",71,-3.6055682673076213,0.0,-0.8425295899592689,0.0,1,-3.6055682673076213,-0.8425295899592689,0.5008908414855473,-67.00507614213198,12.089651924852289,11.76470588235294,34
2173,"['--ipsccp', '--speculative-execution', '--sccp', '--early-cse', '--mem2reg', '--jump-threading', '--elim-avail-extern', '--loop-instsimplify', '--jump-threading', '--gvn', '--gvn', '--simplifycfg', '--instsimplify', '--inline', '--mergefunc', '--gvn-hoist', '--instcombine', '--globalopt', '--elim-avail-extern', '--indvars', '--indvars', '--gvn', '--gvn', '--ipsccp', '--gvn', '--nary-reassociate', '--adce', '--early-cse', '--mem2reg', '--jump-threading', '--correlated-propagation', '--mem2reg', '--memcpyopt', '--globalopt', '--jump-threading', '--bdce', '--elim-avail-extern', '--instcombine', '--simplifycfg', '--sroa', '--lower-constant-intrinsics', '--adce', '--slsr', '--gvn-hoist', '--adce', '--loop-simplify', '--adce', '--loop-simplify', '--dse', '--scalarizer', '--scalarizer', '--simplifycfg', '--lower-expect', '--simplifycfg', '--elim-avail-extern', '--lower-constant-intrinsics', '--ipsccp', '--gvn', '--nary-reassociate', '--gvn', '--early-cse', '--loop-guard-widening', '--jump-threading', '--globalopt', '--slp-vectorizer', '--instcombine', '--slp-vectorizer', '--instcombine', '--simplifycfg', '--sroa', '--early-cse', '--lower-expect', '--sroa', '--lower-expect', '--aggressive-instcombine']",75,-3.6055682673076213,0.0,-0.8425295899592689,0.0,1,-3.6055682673076213,-0.8425295899592689,0.5008908414855473,-67.00507614213198,12.089651924852289,11.76470588235294,34
1683,"['--ipsccp', '--speculative-execution', '--sccp', '--early-cse', '--correlated-propagation', '--mem2reg', '--jump-threading', '--globalopt', '--elim-avail-extern', '--slsr', '--loop-instsimplify', '--jump-threading', '--gvn', '--simplifycfg', '--instsimplify', '--inline', '--mergefunc', '--gvn-hoist', '--instcombine', '--globalopt', '--elim-avail-extern', '--indvars', '--elim-avail-extern', '--indvars', '--gvn', '--gvn', '--ipsccp', '--gvn', '--nary-reassociate', '--loop-instsimplify', '--early-cse', '--loop-fusion', '--jump-threading', '--globalopt', '--elim-avail-extern', '--instcombine', '--simplifycfg', '--sroa', '--mem2reg', '--globaldce', '--gvn-hoist', '--sccp', '--early-cse', '--lower-constant-intrinsics', '--adce', '--slsr', '--gvn-hoist', '--adce', '--loop-simplify', '--dse', '--scalarizer', '--simplifycfg', '--lower-expect', '--simplifycfg', '--elim-avail-extern', '--lower-constant-intrinsics', '--ipsccp', '--gvn', '--nary-reassociate', '--gvn', '--early-cse', '--mem2reg', '--jump-threading', '--globalopt', '--slp-vectorizer', '--instcombine', '--simplifycfg', '--sroa', '--early-cse', '--lower-expect', '--sroa', '--sroa', '--lower-expect', '--aggressive-instcombine']",74,-3.6055682673076213,0.0,-0.8425295899592689,0.0,1,-3.6055682673076213,-0.8425295899592689,0.5008908414855473,-67.00507614213198,12.089651924852289,11.76470588235294,34
1833,"['--ipsccp', '--speculative-execution', '--sccp', '--early-cse', '--mem2reg', '--jump-threading', '--globalopt', '--elim-avail-extern', '--slsr', '--loop-instsimplify', '--jump-threading', '--gvn', '--simplifycfg', '--instsimplify', '--inline', '--mergefunc', '--gvn-hoist', '--instcombine', '--globalopt', '--elim-avail-extern', '--indvars', '--indvars', '--gvn', '--gvn', '--ipsccp', '--gvn', '--ipsccp', '--gvn', '--nary-reassociate', '--adce', '--early-cse', '--mem2reg', '--jump-threading', '--globalopt', '--elim-avail-extern', '--instcombine', '--simplifycfg', '--sroa', '--mem2reg', '--globaldce', '--gvn-hoist', '--sccp', '--early-cse', '--lower-constant-intrinsics', '--adce', '--slsr', '--gvn-hoist', '--adce', '--loop-simplify', '--dse', '--scalarizer', '--simplifycfg', '--lower-expect', '--simplifycfg', '--elim-avail-extern', '--lower-constant-intrinsics', '--ipsccp', '--gvn', '--nary-reassociate', '--gvn', '--early-cse', '--mem2reg', '--jump-threading', '--globalopt', '--slp-vectorizer', '--instcombine', '--simplifycfg', '--early-cse-memssa', '--sroa', '--early-cse', '--lower-expect', '--sroa', '--sroa', '--lower-expect', '--aggressive-instcombine']",75,-3.6055682673076213,0.0,-0.8425295899592689,0.0,1,-3.6055682673076213,-0.8425295899592689,0.5008908414855473,-67.00507614213198,12.089651924852289,11.76470588235294,34
1808,"['--ipsccp', '--speculative-execution', '--sccp', '--early-cse', '--mem2reg', '--mem2reg', '--jump-threading', '--globalopt', '--elim-avail-extern', '--prune-eh', '--loop-instsimplify', '--jump-threading', '--gvn', '--simplifycfg', '--instsimplify', '--inline', '--mergefunc', '--gvn-hoist', '--instcombine', '--globalopt', '--elim-avail-extern', '--indvars', '--indvars', '--gvn', '--gvn', '--ipsccp', '--gvn', '--nary-reassociate', '--adce', '--early-cse', '--mem2reg', '--jump-threading', '--globalopt', '--elim-avail-extern', '--instcombine', '--simplifycfg', '--sroa', '--mem2reg', '--globaldce', '--gvn-hoist', '--sccp', '--early-cse', '--lower-constant-intrinsics', '--adce', '--slsr', '--gvn-hoist', '--adce', '--loop-simplify', '--dse', '--scalarizer', '--simplifycfg', '--lower-expect', '--simplifycfg', '--gvn-hoist', '--simplifycfg', '--elim-avail-extern', '--lower-constant-intrinsics', '--ipsccp', '--gvn', '--nary-reassociate', '--elim-avail-extern', '--early-cse', '--mem2reg', '--jump-threading', '--globalopt', '--slp-vectorizer', '--instcombine', '--simplifycfg', '--sroa', '--early-cse', '--lower-expect', '--sroa', '--sroa', '--lower-expect', '--aggressive-instcombine']",75,-3.6055682673076213,0.0,-0.8425295899592689,0.0,1,-3.6055682673076213,-0.8425295899592689,0.5008908414855473,-67.00507614213198,12.089651924852289,11.76470588235294,34
1905,"['--ipsccp', '--speculative-execution', '--sccp', '--lower-expect', '--mem2reg', '--jump-threading', '--globalopt', '--elim-avail-extern', '--instcombine', '--loop-instsimplify', '--jump-threading', '--gvn', '--simplifycfg', '--instsimplify', '--inline', '--mergefunc', '--gvn-hoist', '--instcombine', '--globalopt', '--elim-avail-extern', '--indvars', '--indvars', '--gvn', '--gvn', '--ipsccp', '--gvn', '--nary-reassociate', '--adce', '--early-cse', '--mem2reg', '--jump-threading', '--globalopt', '--elim-avail-extern', '--instcombine', '--simplifycfg', '--sroa', '--mem2reg', '--globaldce', '--gvn-hoist', '--sccp', '--early-cse', '--lower-constant-intrinsics', '--adce', '--slsr', '--gvn-hoist', '--adce', '--loop-simplify', '--adce', '--loop-simplify', '--dse', '--scalarizer', '--simplifycfg', '--early-cse', '--nary-reassociate', '--elim-avail-extern', '--lower-constant-intrinsics', '--ipsccp', '--loop-simplify', '--nary-reassociate', '--gvn', '--early-cse', '--mem2reg', '--jump-threading', '--globalopt', '--slp-vectorizer', '--instcombine', '--simplifycfg', '--early-cse-memssa', '--sroa', '--early-cse', '--lower-expect', '--sroa', '--sroa', '--lower-expect', '--aggressive-instcombine']",75,-3.6056218358532908,0.0,-0.842267389269792,0.0,1,-3.6056218358532908,-0.842267389269792,0.43655874448557375,-67.00507614213198,12.092154115480058,11.76470588235294,34
1900,"['--ipsccp', '--speculative-execution', '--sccp', '--simple-loop-unswitch', '--mem2reg', '--jump-threading', '--globalopt', '--elim-avail-extern', '--instcombine', '--loop-instsimplify', '--jump-threading', '--gvn', '--simplifycfg', '--instsimplify', '--inline', '--mergefunc', '--gvn-hoist', '--instcombine', '--globalopt', '--elim-avail-extern', '--indvars', '--indvars', '--elim-avail-extern', '--indvars', '--gvn', '--gvn', '--nary-reassociate', '--loop-instsimplify', '--early-cse', '--mem2reg', '--jump-threading', '--globalopt', '--jump-threading', '--bdce', '--elim-avail-extern', '--instcombine', '--simplifycfg', '--sroa', '--mem2reg', '--globaldce', '--gvn-hoist', '--sccp', '--early-cse', '--lower-constant-intrinsics', '--adce', '--slsr', '--gvn-hoist', '--adce', '--loop-simplify', '--dse', '--scalarizer', '--elim-avail-extern', '--lower-expect', '--simplifycfg', '--elim-avail-extern', '--jump-threading', '--lower-constant-intrinsics', '--ipsccp', '--gvn', '--dce', '--gvn', '--early-cse', '--mem2reg', '--globalopt', '--slp-vectorizer', '--instcombine', '--simplifycfg', '--sroa', '--early-cse', '--lower-expect', '--sroa', '--lower-expect', '--aggressive-instcombine']",73,-3.6056218358532908,0.0,-0.842267389269792,0.0,1,-3.6056218358532908,-0.842267389269792,0.43655874448557375,-67.00507614213198,12.092154115480058,11.76470588235294,34
1971,"['--ipsccp', '--speculative-execution', '--sccp', '--mem2reg', '--jump-threading', '--globalopt', '--elim-avail-extern', '--instcombine', '--adce', '--loop-instsimplify', '--jump-threading', '--gvn', '--simplifycfg', '--instsimplify', '--inline', '--mergefunc', '--gvn-hoist', '--instcombine', '--globalopt', '--elim-avail-extern', '--indvars', '--indvars', '--gvn', '--gvn', '--ipsccp', '--gvn', '--nary-reassociate', '--adce', '--early-cse', '--mem2reg', '--jump-threading', '--globalopt', '--elim-avail-extern', '--instcombine', '--simplifycfg', '--sroa', '--ipsccp', '--sroa', '--inferattrs', '--mem2reg', '--globaldce', '--gvn-hoist', '--sccp', '--early-cse', '--lower-constant-intrinsics', '--lower-constant-intrinsics', '--adce', '--slsr', '--gvn-hoist', '--adce', '--loop-simplify', '--dse', '--scalarizer', '--simplifycfg', '--lower-expect', '--elim-avail-extern', '--lower-constant-intrinsics', '--ipsccp', '--nary-reassociate', '--gvn', '--jump-threading', '--globalopt', '--slp-vectorizer', '--instcombine', '--slp-vectorizer', '--instcombine', '--simplifycfg', '--sroa', '--early-cse', '--lower-expect', '--sroa', '--sroa', '--aggressive-instcombine']",73,-3.6056218358532908,0.0,-0.842267389269792,0.0,1,-3.6056218358532908,-0.842267389269792,0.43655874448557375,-67.00507614213198,12.092154115480058,11.76470588235294,34
2011,"['--ipsccp', '--lower-constant-intrinsics', '--sccp', '--early-cse', '--mem2reg', '--jump-threading', '--globalopt', '--elim-avail-extern', '--instcombine', '--loop-instsimplify', '--jump-threading', '--gvn', '--simplifycfg', '--instsimplify', '--inline', '--mergefunc', '--gvn-hoist', '--instcombine', '--globalopt', '--elim-avail-extern', '--indvars', '--indvars', '--loop-unroll-and-jam', '--elim-avail-extern', '--indvars', '--gvn', '--gvn', '--nary-reassociate', '--loop-instsimplify', '--early-cse', '--mem2reg', '--jump-threading', '--mem2reg', '--globalopt', '--jump-threading', '--bdce', '--elim-avail-extern', '--instcombine', '--simplifycfg', '--sroa', '--tailcallelim', '--globaldce', '--gvn-hoist', '--sccp', '--early-cse', '--lower-constant-intrinsics', '--adce', '--nary-reassociate', '--slsr', '--gvn-hoist', '--adce', '--loop-simplify', '--dse', '--scalarizer', '--elim-avail-extern', '--lower-expect', '--simplifycfg', '--elim-avail-extern', '--jump-threading', '--lower-constant-intrinsics', '--ipsccp', '--gvn', '--nary-reassociate', '--gvn', '--early-cse', '--strip', '--jump-threading', '--globalopt', '--slp-vectorizer', '--instcombine', '--simplifycfg', '--sroa', '--early-cse', '--lower-expect', '--sroa', '--aggressive-instcombine']",76,-3.6056218358532908,0.0,-0.842267389269792,0.0,1,-3.6056218358532908,-0.842267389269792,0.43655874448557375,-67.00507614213198,12.092154115480058,11.76470588235294,34
2073,"['--ipsccp', '--sccp', '--early-cse', '--mem2reg', '--jump-threading', '--globalopt', '--elim-avail-extern', '--instcombine', '--loop-instsimplify', '--jump-threading', '--gvn', '--simplifycfg', '--hotcoldsplit', '--inline', '--mergefunc', '--gvn-hoist', '--loop-vectorize', '--elim-avail-extern', '--globalopt', '--instcombine', '--indvars', '--indvars', '--gvn-hoist', '--gvn', '--gvn', '--gvn', '--ipsccp', '--gvn', '--nary-reassociate', '--loop-instsimplify', '--early-cse', '--mem2reg', '--memcpyopt', '--globalopt', '--jump-threading', '--bdce', '--elim-avail-extern', '--instcombine', '--simplifycfg', '--sroa', '--lower-constant-intrinsics', '--adce', '--slsr', '--gvn-hoist', '--adce', '--loop-simplify', '--adce', '--loop-simplify', '--dse', '--scalarizer', '--scalarizer', '--simplifycfg', '--lower-expect', '--simplifycfg', '--elim-avail-extern', '--lower-constant-intrinsics', '--ipsccp', '--gvn', '--nary-reassociate', '--gvn', '--early-cse', '--loop-guard-widening', '--jump-threading', '--globalopt', '--slp-vectorizer', '--instcombine', '--slp-vectorizer', '--instcombine', '--simplifycfg', '--sroa', '--early-cse', '--lower-expect', '--sroa', '--lower-expect', '--aggressive-instcombine']",75,-3.6056218358532908,0.0,-0.842267389269792,0.0,1,-3.6056218358532908,-0.842267389269792,0.43655874448557375,-67.00507614213198,12.092154115480058,11.76470588235294,34
2107,"['--ipsccp', '--sccp', '--early-cse', '--mem2reg', '--jump-threading', '--globalopt', '--elim-avail-extern', '--instcombine', '--loop-instsimplify', '--jump-threading', '--gvn', '--simplifycfg', '--instsimplify', '--inline', '--mergefunc', '--gvn-hoist', '--instcombine', '--globalopt', '--elim-avail-extern', '--indvars', '--indvars', '--gvn', '--gvn', '--ipsccp', '--gvn', '--nary-reassociate', '--adce', '--early-cse', '--mem2reg', '--jump-threading', '--correlated-propagation', '--mem2reg', '--memcpyopt', '--globalopt', '--jump-threading', '--bdce', '--elim-avail-extern', '--instcombine', '--simplifycfg', '--sroa', '--lower-constant-intrinsics', '--adce', '--slsr', '--gvn-hoist', '--adce', '--loop-simplify', '--adce', '--loop-simplify', '--dse', '--scalarizer', '--scalarizer', '--simplifycfg', '--lower-expect', '--simplifycfg', '--elim-avail-extern', '--lower-constant-intrinsics', '--ipsccp', '--early-cse', '--mem2reg', '--jump-threading', '--globalopt', '--slp-vectorizer', '--instcombine', '--simplifycfg', '--sroa', '--early-cse', '--lower-expect', '--sroa', '--lower-expect', '--simplifycfg', '--aggressive-instcombine']",71,-3.6056218358532908,0.0,-0.842267389269792,0.0,1,-3.6056218358532908,-0.842267389269792,0.43655874448557375,-67.00507614213198,12.092154115480058,11.76470588235294,34
1722,"['--ipsccp', '--speculative-execution', '--sccp', '--tailcallelim', '--mem2reg', '--jump-threading', '--globalopt', '--elim-avail-extern', '--instcombine', '--adce', '--irce', '--jump-threading', '--gvn', '--loop-sink', '--simplifycfg', '--instsimplify', '--inline', '--mergefunc', '--gvn-hoist', '--instcombine', '--globalopt', '--elim-avail-extern', '--indvars', '--indvars', '--gvn', '--gvn', '--ipsccp', '--gvn', '--gvn', '--nary-reassociate', '--loop-instsimplify', '--early-cse', '--loop-fusion', '--jump-threading', '--globalopt', '--elim-avail-extern', '--instcombine', '--simplifycfg', '--sroa', '--mem2reg', '--globaldce', '--gvn-hoist', '--sccp', '--early-cse', '--lower-constant-intrinsics', '--adce', '--slsr', '--gvn-hoist', '--adce', '--loop-simplify', '--dse', '--scalarizer', '--simplifycfg', '--lower-expect', '--simplifycfg', '--elim-avail-extern', '--lower-constant-intrinsics', '--ipsccp', '--gvn', '--nary-reassociate', '--gvn', '--early-cse', '--mem2reg', '--jump-threading', '--globalopt', '--slp-vectorizer', '--instcombine', '--simplifycfg', '--sroa', '--early-cse', '--lower-expect', '--sroa', '--sroa', '--lower-expect', '--aggressive-instcombine']",75,-3.6056218358532908,0.0,-0.842267389269792,0.0,1,-3.6056218358532908,-0.842267389269792,0.43655874448557375,-67.00507614213198,12.092154115480058,11.76470588235294,34
2136,"['--ipsccp', '--speculative-execution', '--sccp', '--sccp', '--mem2reg', '--jump-threading', '--elim-avail-extern', '--instcombine', '--adce', '--loop-interchange', '--aggressive-instcombine', '--gvn', '--simplifycfg', '--instsimplify', '--inline', '--mergefunc', '--gvn-hoist', '--gvn-hoist', '--instcombine', '--globalopt', '--elim-avail-extern', '--indvars', '--elim-avail-extern', '--indvars', '--gvn', '--gvn', '--ipsccp', '--gvn', '--nary-reassociate', '--loop-instsimplify', '--early-cse', '--mem2reg', '--jump-threading', '--globalopt', '--elim-avail-extern', '--instcombine', '--simplifycfg', '--sroa', '--mem2reg', '--globaldce', '--gvn-hoist', '--sccp', '--early-cse', '--lower-constant-intrinsics', '--adce', '--slsr', '--gvn-hoist', '--adce', '--loop-simplify', '--dse', '--scalarizer', '--simplifycfg', '--lower-expect', '--simplifycfg', '--elim-avail-extern', '--lower-constant-intrinsics', '--ipsccp', '--gvn', '--nary-reassociate', '--gvn', '--early-cse', '--mem2reg', '--jump-threading', '--globalopt', '--slp-vectorizer', '--instcombine', '--simplifycfg', '--sroa', '--early-cse', '--lower-expect', '--sroa', '--sroa', '--lower-expect', '--aggressive-instcombine']",74,-3.6056218358532908,0.0,-0.842267389269792,0.0,1,-3.6056218358532908,-0.842267389269792,0.43655874448557375,-67.00507614213198,12.092154115480058,11.76470588235294,34
2015,"['--ipsccp', '--speculative-execution', '--sccp', '--mem2reg', '--jump-threading', '--globalopt', '--elim-avail-extern', '--instcombine', '--loop-instsimplify', '--jump-threading', '--gvn', '--simplifycfg', '--instsimplify', '--inline', '--mergefunc', '--gvn-hoist', '--instcombine', '--globalopt', '--elim-avail-extern', '--indvars', '--indvars', '--loop-unroll-and-jam', '--elim-avail-extern', '--indvars', '--gvn', '--gvn', '--nary-reassociate', '--loop-instsimplify', '--early-cse', '--mem2reg', '--jump-threading', '--mem2reg', '--globalopt', '--jump-threading', '--bdce', '--elim-avail-extern', '--instcombine', '--simplifycfg', '--sroa', '--tailcallelim', '--globaldce', '--gvn-hoist', '--sccp', '--early-cse', '--lower-constant-intrinsics', '--adce', '--nary-reassociate', '--slsr', '--gvn-hoist', '--adce', '--loop-simplify', '--dse', '--scalarizer', '--elim-avail-extern', '--lower-expect', '--simplifycfg', '--elim-avail-extern', '--jump-threading', '--lower-constant-intrinsics', '--ipsccp', '--gvn', '--nary-reassociate', '--gvn', '--early-cse', '--mem2reg', '--jump-threading', '--globalopt', '--slp-vectorizer', '--instcombine', '--simplifycfg', '--sroa', '--early-cse', '--lower-expect', '--sroa', '--simplifycfg', '--lower-expect', '--aggressive-instcombine']",77,-3.6056218358532908,0.0,-0.842267389269792,0.0,1,-3.6056218358532908,-0.842267389269792,0.43655874448557375,-67.00507614213198,12.092154115480058,11.76470588235294,34
2017,"['--ipsccp', '--sccp', '--early-cse', '--mem2reg', '--jump-threading', '--elim-avail-extern', '--instcombine', '--adce', '--loop-interchange', '--aggressive-instcombine', '--gvn', '--instsimplify', '--simplifycfg', '--inline', '--globaldce', '--mergefunc', '--loop-idiom', '--gvn-hoist', '--gvn-hoist', '--instcombine', '--elim-avail-extern', '--indvars', '--indvars', '--gvn', '--gvn', '--ipsccp', '--gvn', '--nary-reassociate', '--adce', '--early-cse', '--mem2reg', '--jump-threading', '--instcombine', '--elim-avail-extern', '--simplifycfg', '--sroa', '--mem2reg', '--globaldce', '--gvn-hoist', '--sccp', '--early-cse', '--lower-constant-intrinsics', '--adce', '--adce', '--slsr', '--gvn-hoist', '--gvn', '--adce', '--loop-simplify', '--dse', '--scalarizer', '--simplifycfg', '--lower-expect', '--simplifycfg', '--elim-avail-extern', '--lower-constant-intrinsics', '--gvn', '--nary-reassociate', '--elim-avail-extern', '--early-cse', '--mem2reg', '--jump-threading', '--globalopt', '--slp-vectorizer', '--instcombine', '--simplifycfg', '--sroa', '--early-cse', '--lower-expect', '--sroa', '--lower-expect', '--simplifycfg', '--aggressive-instcombine']",73,-3.6056218358532908,0.0,-0.842267389269792,0.0,1,-3.6056218358532908,-0.842267389269792,0.43655874448557375,-67.00507614213198,12.092154115480058,11.76470588235294,34
1640,"['--ipsccp', '--speculative-execution', '--sccp', '--early-cse', '--mem2reg', '--jump-threading', '--elim-avail-extern', '--instcombine', '--adce', '--loop-interchange', '--aggressive-instcombine', '--gvn', '--simplifycfg', '--instsimplify', '--inline', '--mergefunc', '--gvn-hoist', '--gvn-hoist', '--instcombine', '--globalopt', '--elim-avail-extern', '--indvars', '--elim-avail-extern', '--indvars', '--gvn', '--gvn', '--ipsccp', '--gvn', '--nary-reassociate', '--loop-instsimplify', '--early-cse', '--mem2reg', '--jump-threading', '--globalopt', '--elim-avail-extern', '--instcombine', '--simplifycfg', '--sroa', '--mem2reg', '--globaldce', '--gvn-hoist', '--sccp', '--early-cse', '--lower-constant-intrinsics', '--adce', '--slsr', '--gvn-hoist', '--dse', '--scalarizer', '--simplifycfg', '--licm', '--lower-expect', '--simplifycfg', '--gvn-hoist', '--elim-avail-extern', '--lower-constant-intrinsics', '--gvn', '--ipsccp', '--gvn', '--nary-reassociate', '--gvn', '--early-cse', '--mem2reg', '--jump-threading', '--globalopt', '--slp-vectorizer', '--instcombine', '--simplifycfg', '--sroa', '--early-cse', '--lower-expect', '--sroa', '--lower-expect', '--aggressive-instcombine']",74,-3.6082201616367957,0.0,-0.8341783395170862,0.0,1,-3.6082201616367957,-0.8341783395170862,0.5008908414855473,-67.51269035532995,12.178805246460398,11.76470588235294,34
1631,"['--ipsccp', '--speculative-execution', '--sccp', '--early-cse', '--mem2reg', '--jump-threading', '--globalopt', '--elim-avail-extern', '--instcombine', '--adce', '--jump-threading', '--gvn', '--loop-sink', '--simplifycfg', '--instsimplify', '--inline', '--mergefunc', '--gvn-hoist', '--instcombine', '--globalopt', '--elim-avail-extern', '--indvars', '--indvars', '--gvn', '--gvn', '--ipsccp', '--gvn', '--gvn', '--nary-reassociate', '--loop-instsimplify', '--early-cse', '--mem2reg', '--jump-threading', '--globalopt', '--elim-avail-extern', '--instcombine', '--simplifycfg', '--sroa', '--mem2reg', '--globaldce', '--gvn-hoist', '--sccp', '--early-cse', '--lower-constant-intrinsics', '--adce', '--slsr', '--gvn-hoist', '--adce', '--loop-simplify', '--dse', '--scalarizer', '--licm', '--lower-expect', '--simplifycfg', '--elim-avail-extern', '--lower-constant-intrinsics', '--ipsccp', '--gvn', '--nary-reassociate', '--gvn', '--early-cse', '--mem2reg', '--jump-threading', '--globalopt', '--slp-vectorizer', '--instcombine', '--simplifycfg', '--sroa', '--early-cse', '--lower-expect', '--sroa', '--sroa', '--lower-expect', '--aggressive-instcombine']",74,-3.6082201616367957,0.0,-0.8341783395170862,0.0,1,-3.6082201616367957,-0.8341783395170862,0.5008908414855473,-67.51269035532995,12.178805246460398,11.76470588235294,34
2286,"['--ipsccp', '--speculative-execution', '--sccp', '--lower-constant-intrinsics', '--early-cse', '--mem2reg', '--jump-threading', '--globalopt', '--elim-avail-extern', '--instcombine', '--loop-instsimplify', '--jump-threading', '--gvn', '--simplifycfg', '--instsimplify', '--inline', '--mergefunc', '--gvn-hoist', '--instcombine', '--globalopt', '--elim-avail-extern', '--loweratomic', '--indvars', '--indvars', '--gvn', '--gvn', '--ipsccp', '--gvn', '--nary-reassociate', '--adce', '--early-cse', '--mem2reg', '--jump-threading', '--globalopt', '--elim-avail-extern', '--instcombine', '--simplifycfg', '--sroa', '--mem2reg', '--globaldce', '--gvn-hoist', '--sccp', '--early-cse', '--lower-constant-intrinsics', '--adce', '--slsr', '--gvn-hoist', '--adce', '--gvn-hoist', '--adce', '--loop-simplify', '--dse', '--scalarizer', '--simplifycfg', '--lower-expect', '--simplifycfg', '--indvars', '--elim-avail-extern', '--lower-constant-intrinsics', '--ipsccp', '--nary-reassociate', '--gvn', '--early-cse', '--loop-guard-widening', '--jump-threading', '--globalopt', '--slp-vectorizer', '--instcombine', '--slp-vectorizer', '--instcombine', '--simplifycfg', '--sroa', '--early-cse', '--lower-expect', '--sroa', '--lower-expect', '--aggressive-instcombine']",77,-3.6082322006042595,0.0,-0.8528074560382324,0.0,1,-3.6082322006042595,-0.8528074560382324,0.5620873773639496,-67.00507614213198,12.039207262226444,11.76470588235294,34
1880,"['--ipsccp', '--speculative-execution', '--sccp', '--early-cse', '--mem2reg', '--jump-threading', '--globalopt', '--elim-avail-extern', '--instcombine', '--adce', '--jump-threading', '--licm', '--loop-sink', '--simplifycfg', '--instsimplify', '--inline', '--mergefunc', '--gvn-hoist', '--instcombine', '--globalopt', '--elim-avail-extern', '--indvars', '--indvars', '--gvn', '--gvn', '--ipsccp', '--gvn', '--gvn', '--gvn', '--nary-reassociate', '--loop-instsimplify', '--early-cse', '--loop-fusion', '--jump-threading', '--globalopt', '--elim-avail-extern', '--instcombine', '--simplifycfg', '--sroa', '--mem2reg', '--globaldce', '--gvn-hoist', '--sccp', '--early-cse', '--lower-constant-intrinsics', '--adce', '--slsr', '--gvn-hoist', '--sroa', '--loop-simplify', '--dse', '--scalarizer', '--simplifycfg', '--lower-expect', '--simplifycfg', '--elim-avail-extern', '--lower-constant-intrinsics', '--ipsccp', '--gvn', '--gvn', '--early-cse', '--mem2reg', '--jump-threading', '--globalopt', '--slp-vectorizer', '--instcombine', '--simplifycfg', '--adce', '--early-cse', '--lower-expect', '--sroa', '--sroa', '--lower-expect', '--aggressive-instcombine']",74,-3.611018679842693,0.0,-0.8258270890749031,0.0,1,-3.611018679842693,-0.8258270890749031,0.5008908414855473,-68.02030456852792,12.26942480683575,11.76470588235294,34
2258,"['--ipsccp', '--sroa', '--sccp', '--lower-constant-intrinsics', '--early-cse', '--mem2reg', '--jump-threading', '--globalopt', '--elim-avail-extern', '--instcombine', '--loop-instsimplify', '--jump-threading', '--gvn', '--simplifycfg', '--instsimplify', '--inline', '--mergefunc', '--gvn-hoist', '--instcombine', '--globalopt', '--elim-avail-extern', '--loweratomic', '--indvars', '--indvars', '--gvn', '--gvn', '--ipsccp', '--gvn', '--nary-reassociate', '--loop-instsimplify', '--early-cse', '--mem2reg', '--jump-threading', '--globalopt', '--elim-avail-extern', '--instcombine', '--simplifycfg', '--sroa', '--mem2reg', '--globaldce', '--gvn-hoist', '--sccp', '--early-cse', '--lower-constant-intrinsics', '--adce', '--slsr', '--gvn-hoist', '--adce', '--loop-simplify', '--dse', '--scalarizer', '--adce', '--loop-simplify', '--dse', '--scalarizer', '--simplifycfg', '--mergereturn', '--lower-expect', '--elim-avail-extern', '--lower-constant-intrinsics', '--ipsccp', '--nary-reassociate', '--gvn', '--jump-threading', '--globalopt', '--slp-vectorizer', '--instcombine', '--slp-vectorizer', '--instcombine', '--simplifycfg', '--sroa', '--early-cse', '--lower-expect', '--sroa', '--sroa', '--aggressive-instcombine']",76,-3.6128936627724055,0.0,-0.8532553536567943,0.0,1,-3.6128936627724055,-0.8532553536567943,0.5008908414855473,-67.00507614213198,12.082462651768688,11.76470588235294,34
2287,"['--ipsccp', '--speculative-execution', '--sccp', '--lower-constant-intrinsics', '--early-cse', '--mem2reg', '--jump-threading', '--globalopt', '--elim-avail-extern', '--slp-vectorizer', '--instcombine', '--loop-instsimplify', '--jump-threading', '--gvn', '--simplifycfg', '--instsimplify', '--inline', '--mergefunc', '--loop-vectorize', '--elim-avail-extern', '--globalopt', '--instcombine', '--indvars', '--indvars', '--gvn-hoist', '--gvn', '--gvn', '--gvn', '--ipsccp', '--gvn', '--nary-reassociate', '--loop-instsimplify', '--early-cse', '--mem2reg', '--memcpyopt', '--globalopt', '--jump-threading', '--bdce', '--elim-avail-extern', '--instcombine', '--simplifycfg', '--sroa', '--lower-constant-intrinsics', '--adce', '--slsr', '--gvn-hoist', '--adce', '--loop-simplify', '--adce', '--loop-simplify', '--dse', '--adce', '--loop-simplify', '--loop-deletion', '--ipsccp', '--dse', '--scalarizer', '--simplifycfg', '--lower-expect', '--simplifycfg', '--elim-avail-extern', '--lower-constant-intrinsics', '--ipsccp', '--nary-reassociate', '--gvn', '--jump-threading', '--jump-threading', '--globalopt', '--slp-vectorizer', '--instcombine', '--simplifycfg', '--early-cse', '--sroa', '--sroa', '--instcombine', '--aggressive-instcombine']",76,-3.6134283735771024,0.0,-0.8584434002554916,0.0,1,-3.6134283735771024,-0.8584434002554916,0.5008908414855473,-67.00507614213198,12.048899410325431,11.76470588235294,34
2267,"['--ipsccp', '--speculative-execution', '--early-cse', '--mem2reg', '--sroa', '--globalopt', '--elim-avail-extern', '--early-cse', '--loop-instsimplify', '--jump-threading', '--gvn', '--simplifycfg', '--instsimplify', '--inline', '--mldst-motion', '--mergefunc', '--gvn-hoist', '--mergefunc', '--gvn-hoist', '--gvn-hoist', '--lower-expect', '--elim-avail-extern', '--indvars', '--indvars', '--indvars', '--gvn', '--gvn', '--nary-reassociate', '--loop-instsimplify', '--early-cse', '--mem2reg', '--jump-threading', '--globalopt', '--elim-avail-extern', '--instcombine', '--simplifycfg', '--sroa', '--mem2reg', '--globaldce', '--gvn-hoist', '--sccp', '--early-cse', '--lower-constant-intrinsics', '--adce', '--slsr', '--gvn-hoist', '--adce', '--loop-simplify', '--dse', '--scalarizer', '--simplifycfg', '--lower-expect', '--simplifycfg', '--elim-avail-extern', '--lower-constant-intrinsics', '--ipsccp', '--gvn', '--lower-constant-intrinsics', '--gvn', '--early-cse', '--mem2reg', '--jump-threading', '--simplifycfg', '--slp-vectorizer', '--instcombine', '--globalopt', '--sroa', '--early-cse', '--lower-expect', '--sroa', '--sroa', '--lower-expect', '--aggressive-instcombine']",73,-3.613776842910654,0.0,-0.841938699597794,0.0,1,-3.613776842910654,-0.841938699597794,0.5008908414855473,-67.51269035532995,12.17616935859367,11.76470588235294,34
1561,"['--ipsccp', '--speculative-execution', '--sccp', '--early-cse', '--mem2reg', '--jump-threading', '--elim-avail-extern', '--instcombine', '--adce', '--loop-interchange', '--aggressive-instcombine', '--gvn', '--simplifycfg', '--instsimplify', '--inline', '--mergefunc', '--gvn-hoist', '--gvn-hoist', '--instcombine', '--globalopt', '--elim-avail-extern', '--indvars', '--elim-avail-extern', '--indvars', '--gvn', '--gvn', '--ipsccp', '--gvn', '--nary-reassociate', '--loop-instsimplify', '--early-cse', '--mem2reg', '--jump-threading', '--globalopt', '--elim-avail-extern', '--instcombine', '--simplifycfg', '--sroa', '--mem2reg', '--globaldce', '--gvn-hoist', '--sccp', '--adce', '--slsr', '--gvn-hoist', '--loop-simplify', '--dse', '--scalarizer', '--simplifycfg', '--lower-expect', '--simplifycfg', '--gvn-hoist', '--elim-avail-extern', '--lower-constant-intrinsics', '--gvn', '--ipsccp', '--gvn', '--nary-reassociate', '--gvn', '--licm', '--mem2reg', '--jump-threading', '--globalopt', '--slp-vectorizer', '--instcombine', '--simplifycfg', '--sroa', '--early-cse', '--lower-expect', '--sroa', '--lower-expect', '--aggressive-instcombine']",72,-3.613776842910654,0.0,-0.841938699597794,0.0,1,-3.613776842910654,-0.841938699597794,0.5008908414855473,-67.51269035532995,12.17616935859367,11.76470588235294,34
1426,"['--ipsccp', '--speculative-execution', '--sccp', '--early-cse', '--mem2reg', '--jump-threading', '--globalopt', '--elim-avail-extern', '--instcombine', '--adce', '--jump-threading', '--lower-expect', '--simplifycfg', '--instsimplify', '--inline', '--mergefunc', '--gvn-hoist', '--gvn-hoist', '--instcombine', '--globalopt', '--elim-avail-extern', '--indvars', '--gvn', '--gvn', '--ipsccp', '--gvn', '--early-cse', '--mem2reg', '--jump-threading', '--globalopt', '--elim-avail-extern', '--instcombine', '--simplifycfg', '--sroa', '--mem2reg', '--globaldce', '--gvn-hoist', '--sccp', '--early-cse', '--lower-constant-intrinsics', '--lower-constant-intrinsics', '--adce', '--slsr', '--gvn-hoist', '--adce', '--loop-simplify', '--dse', '--scalarizer', '--simplifycfg', '--lower-expect', '--simplifycfg', '--gvn-hoist', '--elim-avail-extern', '--lower-constant-intrinsics', '--gvn', '--ipsccp', '--gvn', '--nary-reassociate', '--gvn', '--early-cse', '--mem2reg', '--jump-threading', '--globalopt', '--slp-vectorizer', '--instcombine', '--simplifycfg', '--sroa', '--early-cse', '--lower-expect', '--sroa', '--lower-expect', '--aggressive-instcombine']",72,-3.6139605973173365,0.0,-0.8174758386327203,0.0,1,-3.6139605973173365,-0.8174758386327203,0.5008908414855473,-68.52791878172589,12.361478359898555,11.76470588235294,34
1479,"['--ipsccp', '--speculative-execution', '--sccp', '--early-cse', '--mem2reg', '--jump-threading', '--globalopt', '--elim-avail-extern', '--mem2reg', '--loop-instsimplify', '--jump-threading', '--gvn', '--simplifycfg', '--instsimplify', '--inline', '--mergefunc', '--gvn-hoist', '--instcombine', '--globalopt', '--elim-avail-extern', '--indvars', '--indvars', '--gvn', '--gvn', '--ipsccp', '--gvn', '--nary-reassociate', '--adce', '--early-cse', '--mem2reg', '--jump-threading', '--globalopt', '--elim-avail-extern', '--instcombine', '--simplifycfg', '--sroa', '--instcombine', '--gvn', '--gvn-hoist', '--sccp', '--early-cse', '--lower-constant-intrinsics', '--adce', '--gvn-hoist', '--adce', '--loop-simplify', '--dse', '--scalarizer', '--simplifycfg', '--lower-expect', '--simplifycfg', '--gvn-hoist', '--elim-avail-extern', '--lower-constant-intrinsics', '--gvn', '--ipsccp', '--gvn', '--nary-reassociate', '--gvn', '--early-cse', '--mem2reg', '--jump-threading', '--globalopt', '--slp-vectorizer', '--instcombine', '--simplifycfg', '--sroa', '--early-cse', '--lower-expect', '--sroa', '--sroa', '--lower-expect', '--aggressive-instcombine']",73,-3.614316843068424,0.0,-0.8546083434319106,0.0,1,-3.614316843068424,-0.8546083434319106,0.5008908414855473,-67.00507614213198,12.0865470314155,11.76470588235294,34
1499,"['--ipsccp', '--sccp', '--sccp', '--early-cse', '--mem2reg', '--jump-threading', '--globalopt', '--elim-avail-extern', '--instcombine', '--adce', '--jump-threading', '--gvn', '--simplifycfg', '--instsimplify', '--inline', '--mergefunc', '--gvn-hoist', '--instcombine', '--globalopt', '--elim-avail-extern', '--indvars', '--indvars', '--gvn', '--gvn', '--ipsccp', '--gvn', '--nary-reassociate', '--loop-instsimplify', '--early-cse', '--mem2reg', '--jump-threading', '--globalopt', '--elim-avail-extern', '--instcombine', '--simplifycfg', '--sroa', '--mem2reg', '--gvn', '--gvn-hoist', '--sccp', '--early-cse', '--lower-constant-intrinsics', '--adce', '--adce', '--loop-simplify', '--dse', '--scalarizer', '--ipconstprop', '--simplifycfg', '--lower-expect', '--simplifycfg', '--gvn-hoist', '--elim-avail-extern', '--lower-constant-intrinsics', '--gvn', '--ipsccp', '--ipsccp', '--gvn', '--nary-reassociate', '--gvn', '--early-cse', '--mem2reg', '--jump-threading', '--globalopt', '--slp-vectorizer', '--instcombine', '--simplifycfg', '--sroa', '--early-cse', '--lower-expect', '--sroa', '--sroa', '--lower-expect', '--aggressive-instcombine']",74,-3.614370502076892,0.0,-0.8543461427424336,0.0,1,-3.614370502076892,-0.8543461427424336,0.43655874448557375,-67.00507614213198,12.089050126671262,11.76470588235294,34
1519,"['--ipsccp', '--speculative-execution', '--sccp', '--early-cse', '--mem2reg', '--jump-threading', '--globalopt', '--elim-avail-extern', '--instcombine', '--adce', '--jump-threading', '--gvn', '--simplifycfg', '--instsimplify', '--inline', '--mergefunc', '--gvn-hoist', '--gvn-hoist', '--instcombine', '--globalopt', '--elim-avail-extern', '--indvars', '--gvn', '--gvn', '--ipsccp', '--nary-reassociate', '--loop-instsimplify', '--early-cse', '--mem2reg', '--jump-threading', '--globalopt', '--elim-avail-extern', '--instcombine', '--simplifycfg', '--sroa', '--loweratomic', '--globaldce', '--gvn-hoist', '--sccp', '--early-cse', '--lower-constant-intrinsics', '--adce', '--slsr', '--gvn-hoist', '--adce', '--loop-simplify', '--dse', '--scalarizer', '--simplifycfg', '--lower-expect', '--simplifycfg', '--gvn-hoist', '--elim-avail-extern', '--lower-constant-intrinsics', '--gvn', '--ipsccp', '--gvn', '--nary-reassociate', '--gvn', '--early-cse', '--mem2reg', '--jump-threading', '--globalopt', '--slp-vectorizer', '--instcombine', '--simplifycfg', '--sroa', '--early-cse', '--sroa', '--lower-expect', '--aggressive-instcombine']",71,-3.6155453113756466,0.0,-0.8207034429390146,0.0,1,-3.6155453113756466,-0.8207034429390146,0.5620873773639496,-68.52791878172589,12.353118468184446,11.76470588235294,34
1517,"['--ipsccp', '--speculative-execution', '--sccp', '--early-cse', '--mem2reg', '--jump-threading', '--globalopt', '--elim-avail-extern', '--instcombine', '--adce', '--jump-threading', '--gvn', '--simplifycfg', '--instsimplify', '--inline', '--mergefunc', '--gvn-hoist', '--gvn-hoist', '--instcombine', '--globalopt', '--elim-avail-extern', '--indvars', '--gvn', '--gvn', '--ipsccp', '--nary-reassociate', '--loop-instsimplify', '--early-cse', '--mem2reg', '--jump-threading', '--globalopt', '--elim-avail-extern', '--instcombine', '--simplifycfg', '--sroa', '--loweratomic', '--globaldce', '--gvn-hoist', '--sccp', '--early-cse', '--lower-constant-intrinsics', '--adce', '--slsr', '--gvn-hoist', '--adce', '--loop-simplify', '--dse', '--scalarizer', '--simplifycfg', '--lower-expect', '--simplifycfg', '--gvn-hoist', '--elim-avail-extern', '--lower-constant-intrinsics', '--elim-avail-extern', '--lower-constant-intrinsics', '--gvn', '--ipsccp', '--gvn', '--nary-reassociate', '--gvn', '--early-cse', '--mem2reg', '--jump-threading', '--globalopt', '--slp-vectorizer', '--instcombine', '--simplifycfg', '--sroa', '--early-cse', '--lower-expect', '--sroa', '--lower-expect', '--aggressive-instcombine']",74,-3.6155453113756466,0.0,-0.8207034429390146,0.0,1,-3.6155453113756466,-0.8207034429390146,0.5620873773639496,-68.52791878172589,12.353118468184446,11.76470588235294,34
1460,"['--ipsccp', '--speculative-execution', '--sccp', '--early-cse', '--mem2reg', '--jump-threading', '--globalopt', '--elim-avail-extern', '--instcombine', '--adce', '--jump-threading', '--gvn', '--simplifycfg', '--instsimplify', '--inline', '--mergefunc', '--gvn-hoist', '--gvn-hoist', '--instcombine', '--globalopt', '--elim-avail-extern', '--indvars', '--gvn', '--gvn', '--ipsccp', '--nary-reassociate', '--loop-instsimplify', '--early-cse', '--mem2reg', '--jump-threading', '--globalopt', '--elim-avail-extern', '--instcombine', '--simplifycfg', '--sroa', '--loweratomic', '--globaldce', '--gvn-hoist', '--sccp', '--early-cse', '--lower-constant-intrinsics', '--adce', '--slsr', '--gvn-hoist', '--adce', '--loop-simplify', '--dse', '--scalarizer', '--simplifycfg', '--lower-expect', '--simplifycfg', '--gvn-hoist', '--elim-avail-extern', '--lower-constant-intrinsics', '--gvn', '--ipsccp', '--gvn', '--nary-reassociate', '--gvn', '--early-cse', '--mem2reg', '--jump-threading', '--globalopt', '--slp-vectorizer', '--instcombine', '--simplifycfg', '--sroa', '--early-cse', '--lower-expect', '--sroa', '--lower-expect', '--aggressive-instcombine']",72,-3.6155453113756466,0.0,-0.8207034429390146,0.0,1,-3.6155453113756466,-0.8207034429390146,0.5620873773639496,-68.52791878172589,12.353118468184446,11.76470588235294,34
1513,"['--ipsccp', '--speculative-execution', '--sccp', '--early-cse', '--mem2reg', '--jump-threading', '--globalopt', '--elim-avail-extern', '--instcombine', '--adce', '--jump-threading', '--gvn', '--simplifycfg', '--instsimplify', '--inline', '--mergefunc', '--gvn-hoist', '--instcombine', '--instcombine', '--globalopt', '--elim-avail-extern', '--indvars', '--gvn', '--gvn', '--ipsccp', '--nary-reassociate', '--loop-instsimplify', '--early-cse', '--mem2reg', '--jump-threading', '--globalopt', '--elim-avail-extern', '--instcombine', '--simplifycfg', '--sroa', '--loweratomic', '--globaldce', '--gvn-hoist', '--sccp', '--early-cse', '--lower-constant-intrinsics', '--adce', '--slsr', '--gvn-hoist', '--adce', '--loop-simplify', '--dse', '--scalarizer', '--simplifycfg', '--lower-expect', '--simplifycfg', '--gvn-hoist', '--elim-avail-extern', '--lower-constant-intrinsics', '--gvn', '--ipsccp', '--gvn', '--nary-reassociate', '--gvn', '--early-cse', '--mem2reg', '--jump-threading', '--globalopt', '--slp-vectorizer', '--instcombine', '--simplifycfg', '--sroa', '--early-cse', '--lower-expect', '--sroa', '--lower-expect', '--aggressive-instcombine']",72,-3.6155453113756466,0.0,-0.8207034429390146,0.0,1,-3.6155453113756466,-0.8207034429390146,0.5620873773639496,-68.52791878172589,12.353118468184446,11.76470588235294,34
1462,"['--speculative-execution', '--speculative-execution', '--sccp', '--ipconstprop', '--early-cse', '--mem2reg', '--jump-threading', '--globalopt', '--elim-avail-extern', '--instcombine', '--jump-threading', '--gvn', '--simplifycfg', '--instsimplify', '--inline', '--mergefunc', '--gvn-hoist', '--gvn-hoist', '--loweratomic', '--globalopt', '--elim-avail-extern', '--indvars', '--gvn', '--gvn', '--ipsccp', '--gvn', '--nary-reassociate', '--loop-instsimplify', '--early-cse', '--mem2reg', '--jump-threading', '--globalopt', '--elim-avail-extern', '--instcombine', '--simplifycfg', '--sroa', '--mem2reg', '--aggressive-instcombine', '--gvn-hoist', '--sccp', '--early-cse', '--lower-constant-intrinsics', '--adce', '--gvn-hoist', '--adce', '--loop-simplify', '--dse', '--scalarizer', '--simplifycfg', '--lower-expect', '--gvn-hoist', '--elim-avail-extern', '--lower-constant-intrinsics', '--gvn', '--ipsccp', '--gvn', '--nary-reassociate', '--gvn', '--early-cse', '--mem2reg', '--jump-threading', '--globalopt', '--slp-vectorizer', '--instcombine', '--simplifycfg', '--sroa', '--instcombine', '--simplifycfg', '--mem2reg', '--sroa', '--lower-constant-intrinsics', '--early-cse', '--lower-expect', '--lower-expect', '--loweratomic', '--elim-avail-extern', '--elim-avail-extern', '--slsr']",78,-3.6155453113756466,0.0,-0.8207034429390146,0.0,1,-3.6155453113756466,-0.8207034429390146,0.5620873773639496,-68.52791878172589,12.353118468184446,11.76470588235294,34
1496,"['--ipsccp', '--speculative-execution', '--sccp', '--early-cse', '--mem2reg', '--jump-threading', '--globalopt', '--elim-avail-extern', '--instcombine', '--adce', '--jump-threading', '--gvn', '--simplifycfg', '--instsimplify', '--inline', '--mergefunc', '--gvn-hoist', '--gvn-hoist', '--instcombine', '--globalopt', '--elim-avail-extern', '--indvars', '--gvn', '--gvn', '--ipsccp', '--nary-reassociate', '--loop-instsimplify', '--early-cse', '--mem2reg', '--jump-threading', '--adce', '--elim-avail-extern', '--instcombine', '--simplifycfg', '--sroa', '--loweratomic', '--globaldce', '--gvn-hoist', '--sccp', '--early-cse', '--lower-constant-intrinsics', '--globalopt', '--slsr', '--gvn-hoist', '--adce', '--loop-simplify', '--dse', '--scalarizer', '--simplifycfg', '--lower-expect', '--simplifycfg', '--gvn-hoist', '--elim-avail-extern', '--lower-constant-intrinsics', '--gvn', '--ipsccp', '--gvn', '--nary-reassociate', '--gvn', '--early-cse', '--mem2reg', '--jump-threading', '--globalopt', '--slp-vectorizer', '--instcombine', '--simplifycfg', '--sroa', '--early-cse', '--lower-expect', '--sroa', '--lower-expect', '--aggressive-instcombine']",72,-3.6155453113756466,0.0,-0.8207034429390146,0.0,1,-3.6155453113756466,-0.8207034429390146,0.5620873773639496,-68.52791878172589,12.353118468184446,11.76470588235294,34
2635,"['--ipsccp', '--speculative-execution', '--sccp', '--early-cse', '--early-cse', '--mem2reg', '--jump-threading', '--loop-unroll-and-jam', '--globalopt', '--elim-avail-extern', '--bdce', '--instcombine', '--loop-instsimplify', '--jump-threading', '--gvn', '--simplifycfg', '--instsimplify', '--inline', '--mergefunc', '--gvn-hoist', '--instcombine', '--globalopt', '--elim-avail-extern', '--loweratomic', '--indvars', '--gvn', '--ipsccp', '--gvn', '--nary-reassociate', '--adce', '--early-cse', '--mem2reg', '--jump-threading', '--globalopt', '--elim-avail-extern', '--instcombine', '--simplifycfg', '--sroa', '--mem2reg', '--globaldce', '--gvn-hoist', '--sccp', '--early-cse', '--lower-constant-intrinsics', '--adce', '--slsr', '--gvn-hoist', '--adce', '--loop-simplify', '--dse', '--scalarizer', '--adce', '--loop-simplify', '--dse', '--scalarizer', '--simplifycfg', '--mergereturn', '--lower-expect', '--jump-threading', '--lower-constant-intrinsics', '--ipsccp', '--nary-reassociate', '--gvn', '--elim-avail-extern', '--globalopt', '--slp-vectorizer', '--instcombine', '--slp-vectorizer', '--instcombine', '--simplifycfg', '--sroa', '--early-cse', '--lower-expect', '--sroa', '--sroa', '--aggressive-instcombine']",76,-3.6155453113756466,0.0,-0.8207034429390146,0.0,1,-3.6155453113756466,-0.8207034429390146,0.5620873773639496,-68.52791878172589,12.353118468184446,11.76470588235294,34
1485,"['--ipsccp', '--speculative-execution', '--sccp', '--early-cse', '--mem2reg', '--jump-threading', '--globalopt', '--elim-avail-extern', '--instcombine', '--adce', '--jump-threading', '--gvn', '--simplifycfg', '--instsimplify', '--inline', '--mergefunc', '--gvn-hoist', '--gvn-hoist', '--instcombine', '--globalopt', '--elim-avail-extern', '--indvars', '--gvn', '--gvn', '--ipsccp', '--nary-reassociate', '--loop-instsimplify', '--early-cse', '--mem2reg', '--jump-threading', '--globalopt', '--elim-avail-extern', '--instcombine', '--simplifycfg', '--sroa', '--loweratomic', '--globaldce', '--gvn-hoist', '--sccp', '--early-cse', '--lower-constant-intrinsics', '--instsimplify', '--slsr', '--gvn-hoist', '--adce', '--loop-simplify', '--dse', '--scalarizer', '--simplifycfg', '--lower-expect', '--simplifycfg', '--gvn-hoist', '--elim-avail-extern', '--lower-constant-intrinsics', '--gvn', '--ipsccp', '--gvn', '--nary-reassociate', '--gvn', '--early-cse', '--mem2reg', '--jump-threading', '--globalopt', '--slp-vectorizer', '--instcombine', '--simplifycfg', '--sroa', '--early-cse', '--lower-expect', '--sroa', '--lower-expect', '--aggressive-instcombine']",72,-3.6155453113756466,0.0,-0.8207034429390146,0.0,1,-3.6155453113756466,-0.8207034429390146,0.5620873773639496,-68.52791878172589,12.353118468184446,11.76470588235294,34
1413,"['--ipsccp', '--speculative-execution', '--sccp', '--early-cse', '--mem2reg', '--jump-threading', '--globalopt', '--elim-avail-extern', '--instcombine', '--adce', '--jump-threading', '--gvn', '--simplifycfg', '--instsimplify', '--inline', '--mergefunc', '--gvn-hoist', '--gvn-hoist', '--loweratomic', '--globalopt', '--elim-avail-extern', '--indvars', '--gvn', '--gvn', '--ipsccp', '--gvn', '--nary-reassociate', '--loop-instsimplify', '--early-cse', '--mem2reg', '--jump-threading', '--globalopt', '--elim-avail-extern', '--instcombine', '--simplifycfg', '--sroa', '--mem2reg', '--aggressive-instcombine', '--gvn-hoist', '--sccp', '--early-cse', '--lower-constant-intrinsics', '--adce', '--gvn-hoist', '--adce', '--loop-simplify', '--dse', '--scalarizer', '--simplifycfg', '--lower-expect', '--simplifycfg', '--gvn-hoist', '--elim-avail-extern', '--lower-constant-intrinsics', '--gvn', '--ipsccp', '--gvn', '--nary-reassociate', '--gvn', '--early-cse', '--mem2reg', '--jump-threading', '--globalopt', '--slp-vectorizer', '--instcombine', '--simplifycfg', '--sroa', '--instcombine', '--simplifycfg', '--mem2reg', '--sroa', '--lower-constant-intrinsics', '--early-cse', '--lower-expect', '--lower-expect', '--loweratomic', '--elim-avail-extern', '--elim-avail-extern', '--slsr']",79,-3.6155453113756466,0.0,-0.8207034429390146,0.0,1,-3.6155453113756466,-0.8207034429390146,0.5620873773639496,-68.52791878172589,12.353118468184446,11.76470588235294,34
2545,"['--ipsccp', '--speculative-execution', '--sccp', '--lower-constant-intrinsics', '--early-cse', '--mem2reg', '--jump-threading', '--globalopt', '--elim-avail-extern', '--instcombine', '--loop-instsimplify', '--jump-threading', '--gvn', '--simplifycfg', '--instsimplify', '--inline', '--mergefunc', '--gvn-hoist', '--instcombine', '--globalopt', '--elim-avail-extern', '--loweratomic', '--indvars', '--gvn', '--gvn', '--ipsccp', '--gvn', '--nary-reassociate', '--adce', '--early-cse', '--mem2reg', '--jump-threading', '--globalopt', '--elim-avail-extern', '--instcombine', '--simplifycfg', '--sroa', '--mem2reg', '--globaldce', '--gvn-hoist', '--sccp', '--early-cse', '--lower-constant-intrinsics', '--adce', '--slsr', '--gvn-hoist', '--adce', '--loop-simplify', '--dse', '--scalarizer', '--bdce', '--simplifycfg', '--lower-expect', '--simplifycfg', '--elim-avail-extern', '--lower-constant-intrinsics', '--ipsccp', '--gvn', '--nary-reassociate', '--gvn', '--early-cse', '--mem2reg', '--jump-threading', '--globalopt', '--slp-vectorizer', '--instcombine', '--simplifycfg', '--sroa', '--early-cse', '--lower-expect', '--sroa', '--sroa', '--lower-expect', '--aggressive-instcombine']",74,-3.6155453113756466,0.0,-0.8207034429390146,0.0,1,-3.6155453113756466,-0.8207034429390146,0.5620873773639496,-68.52791878172589,12.353118468184446,11.76470588235294,34
2433,"['--ipsccp', '--speculative-execution', '--sccp', '--early-cse', '--mem2reg', '--jump-threading', '--globalopt', '--elim-avail-extern', '--instcombine', '--loop-instsimplify', '--jump-threading', '--gvn', '--simplifycfg', '--hotcoldsplit', '--inline', '--mergefunc', '--mergefunc', '--gvn-hoist', '--instcombine', '--globalopt', '--elim-avail-extern', '--loweratomic', '--indvars', '--partially-inline-libcalls', '--gvn', '--gvn', '--ipsccp', '--gvn', '--nary-reassociate', '--mldst-motion', '--early-cse', '--mem2reg', '--jump-threading', '--globalopt', '--elim-avail-extern', '--instcombine', '--simplifycfg', '--sroa', '--mem2reg', '--globaldce', '--gvn-hoist', '--sccp', '--early-cse', '--lower-constant-intrinsics', '--adce', '--slsr', '--gvn-hoist', '--adce', '--loop-simplify', '--dse', '--scalarizer', '--adce', '--loop-simplify', '--dse', '--scalarizer', '--simplifycfg', '--mergereturn', '--lower-expect', '--elim-avail-extern', '--lower-constant-intrinsics', '--ipsccp', '--nary-reassociate', '--gvn', '--jump-threading', '--globalopt', '--slp-vectorizer', '--instcombine', '--slp-vectorizer', '--instcombine', '--simplifycfg', '--sroa', '--early-cse', '--lower-expect', '--sroa', '--sroa', '--aggressive-instcombine']",76,-3.6155453113756466,0.0,-0.8207034429390146,0.0,1,-3.6155453113756466,-0.8207034429390146,0.5620873773639496,-68.52791878172589,12.353118468184446,11.76470588235294,34
2361,"['--ipsccp', '--speculative-execution', '--sccp', '--early-cse', '--mem2reg', '--jump-threading', '--globalopt', '--elim-avail-extern', '--instcombine', '--loop-instsimplify', '--jump-threading', '--gvn', '--simplifycfg', '--hotcoldsplit', '--inline', '--mergefunc', '--mergefunc', '--gvn-hoist', '--instcombine', '--globalopt', '--elim-avail-extern', '--loweratomic', '--indvars', '--gvn', '--gvn', '--ipsccp', '--gvn', '--nary-reassociate', '--adce', '--early-cse', '--mem2reg', '--jump-threading', '--globalopt', '--elim-avail-extern', '--instcombine', '--simplifycfg', '--sroa', '--mem2reg', '--globaldce', '--gvn-hoist', '--sccp', '--early-cse', '--loop-guard-widening', '--adce', '--slsr', '--nary-reassociate', '--adce', '--loop-simplify', '--dse', '--scalarizer', '--adce', '--loop-simplify', '--dse', '--scalarizer', '--simplifycfg', '--mergereturn', '--lower-expect', '--elim-avail-extern', '--lower-constant-intrinsics', '--ipsccp', '--gvn-hoist', '--gvn', '--jump-threading', '--globalopt', '--slp-vectorizer', '--instcombine', '--slp-vectorizer', '--instcombine', '--simplifycfg', '--sroa', '--early-cse', '--early-cse', '--lower-expect', '--aggressive-instcombine']",74,-3.6155453113756466,0.0,-0.8207034429390146,0.0,1,-3.6155453113756466,-0.8207034429390146,0.5620873773639496,-68.52791878172589,12.353118468184446,11.76470588235294,34
1376,"['--ipsccp', '--speculative-execution', '--sccp', '--early-cse', '--mem2reg', '--jump-threading', '--globalopt', '--elim-avail-extern', '--instcombine', '--adce', '--jump-threading', '--gvn', '--simplifycfg', '--instsimplify', '--inline', '--mergefunc', '--gvn-hoist', '--gvn-hoist', '--instcombine', '--globalopt', '--elim-avail-extern', '--indvars', '--gvn', '--gvn', '--ipsccp', '--sroa', '--nary-reassociate', '--loop-instsimplify', '--early-cse', '--mem2reg', '--jump-threading', '--globalopt', '--elim-avail-extern', '--instcombine', '--simplifycfg', '--sroa', '--loweratomic', '--globaldce', '--gvn-hoist', '--sccp', '--early-cse', '--lower-constant-intrinsics', '--adce', '--slsr', '--gvn-hoist', '--adce', '--loop-simplify', '--dse', '--scalarizer', '--simplifycfg', '--lower-expect', '--simplifycfg', '--gvn-hoist', '--elim-avail-extern', '--lower-constant-intrinsics', '--gvn', '--ipsccp', '--gvn', '--nary-reassociate', '--gvn', '--early-cse', '--mem2reg', '--jump-threading', '--globalopt', '--slp-vectorizer', '--instcombine', '--simplifycfg', '--sroa', '--early-cse', '--lower-expect', '--sroa', '--lower-expect', '--aggressive-instcombine']",73,-3.6155453113756466,0.0,-0.8207034429390146,0.0,1,-3.6155453113756466,-0.8207034429390146,0.5620873773639496,-68.52791878172589,12.353118468184446,11.76470588235294,34
2455,"['--ipsccp', '--speculative-execution', '--sccp', '--lower-constant-intrinsics', '--early-cse', '--mem2reg', '--jump-threading', '--globalopt', '--elim-avail-extern', '--instcombine', '--loop-instsimplify', '--gvn', '--simplifycfg', '--instsimplify', '--inline', '--mergefunc', '--gvn-hoist', '--gvn-hoist', '--instcombine', '--globalopt', '--elim-avail-extern', '--loweratomic', '--indvars', '--indvars', '--gvn', '--gvn', '--ipsccp', '--gvn', '--nary-reassociate', '--adce', '--strip', '--mem2reg', '--jump-threading', '--globalopt', '--elim-avail-extern', '--instcombine', '--simplifycfg', '--sroa', '--mem2reg', '--globaldce', '--gvn-hoist', '--sccp', '--early-cse', '--lower-constant-intrinsics', '--adce', '--slsr', '--gvn-hoist', '--adce', '--loop-simplify', '--loop-simplify', '--dse', '--scalarizer', '--dse', '--scalarizer', '--simplifycfg', '--mergereturn', '--lower-expect', '--elim-avail-extern', '--lower-constant-intrinsics', '--ipsccp', '--nary-reassociate', '--gvn', '--jump-threading', '--globalopt', '--slp-vectorizer', '--instcombine', '--slp-vectorizer', '--instcombine', '--sroa', '--early-cse', '--lower-expect', '--sroa', '--sroa', '--aggressive-instcombine']",74,-3.617849117949648,0.0,-0.8508483859108684,0.0,1,-3.617849117949648,-0.8508483859108684,0.5620873773639496,-67.00507614213198,12.150069461635555,11.76470588235294,34
1442,"['--loop-unroll', '--ipsccp', '--speculative-execution', '--sccp', '--early-cse', '--mem2reg', '--jump-threading', '--globalopt', '--elim-avail-extern', '--instcombine', '--adce', '--jump-threading', '--lower-expect', '--simplifycfg', '--instsimplify', '--inline', '--mergefunc', '--gvn-hoist', '--gvn-hoist', '--instcombine', '--globalopt', '--elim-avail-extern', '--indvars', '--gvn', '--gvn', '--ipsccp', '--gvn', '--loop-instsimplify', '--early-cse', '--mem2reg', '--jump-threading', '--globalopt', '--elim-avail-extern', '--instcombine', '--simplifycfg', '--sroa', '--mem2reg', '--globaldce', '--gvn-hoist', '--sccp', '--early-cse', '--lower-constant-intrinsics', '--adce', '--gvn-hoist', '--adce', '--loop-simplify', '--dse', '--scalarizer', '--simplifycfg', '--gvn', '--simplifycfg', '--lower-expect', '--simplifycfg', '--gvn-hoist', '--elim-avail-extern', '--lower-constant-intrinsics', '--gvn', '--ipsccp', '--gvn', '--nary-reassociate', '--gvn', '--early-cse', '--mem2reg', '--jump-threading', '--globalopt', '--slp-vectorizer', '--instcombine', '--simplifycfg', '--sroa', '--early-cse', '--lower-expect', '--sroa', '--lower-expect', '--aggressive-instcombine']",74,-3.6227184510458184,0.0,-0.8295545921053621,0.0,1,-3.6227184510458184,-0.8295545921053621,0.5008908414855473,-68.52791878172589,12.358466246138557,11.76470588235294,34
1433,"['--ipsccp', '--speculative-execution', '--sccp', '--early-cse', '--mem2reg', '--jump-threading', '--globalopt', '--elim-avail-extern', '--instcombine', '--adce', '--jump-threading', '--lower-expect', '--simplifycfg', '--instsimplify', '--inline', '--mergefunc', '--gvn-hoist', '--gvn-hoist', '--instcombine', '--globalopt', '--elim-avail-extern', '--indvars', '--gvn', '--gvn', '--ipsccp', '--gvn', '--loop-instsimplify', '--early-cse', '--mem2reg', '--jump-threading', '--globalopt', '--elim-avail-extern', '--instcombine', '--instcombine', '--simplifycfg', '--sroa', '--mem2reg', '--gvn', '--gvn-hoist', '--sccp', '--early-cse', '--lower-constant-intrinsics', '--adce', '--adce', '--loop-simplify', '--dse', '--scalarizer', '--ipconstprop', '--simplifycfg', '--simplifycfg', '--gvn-hoist', '--elim-avail-extern', '--lower-constant-intrinsics', '--gvn', '--ipsccp', '--gvn', '--nary-reassociate', '--gvn', '--early-cse', '--mem2reg', '--jump-threading', '--globalopt', '--slp-vectorizer', '--instcombine', '--simplifycfg', '--sroa', '--early-cse', '--lower-expect', '--sroa', '--sroa', '--lower-expect', '--simplifycfg', '--aggressive-instcombine']",73,-3.6227184510458184,0.0,-0.8295545921053621,0.0,1,-3.6227184510458184,-0.8295545921053621,0.5008908414855473,-68.52791878172589,12.358466246138557,11.76470588235294,34
1375,"['--ipsccp', '--speculative-execution', '--sccp', '--early-cse', '--mem2reg', '--jump-threading', '--globalopt', '--elim-avail-extern', '--instcombine', '--adce', '--jump-threading', '--lower-expect', '--simplifycfg', '--instsimplify', '--inline', '--mergefunc', '--gvn-hoist', '--gvn-hoist', '--instcombine', '--globalopt', '--elim-avail-extern', '--indvars', '--gvn', '--gvn', '--ipsccp', '--gvn', '--loop-instsimplify', '--early-cse', '--mem2reg', '--jump-threading', '--globalopt', '--elim-avail-extern', '--instcombine', '--simplifycfg', '--sroa', '--mem2reg', '--globaldce', '--gvn-hoist', '--sccp', '--early-cse', '--lower-constant-intrinsics', '--adce', '--gvn-hoist', '--adce', '--loop-simplify', '--dse', '--scalarizer', '--simplifycfg', '--gvn', '--simplifycfg', '--lower-expect', '--simplifycfg', '--gvn-hoist', '--elim-avail-extern', '--lower-constant-intrinsics', '--gvn', '--ipsccp', '--gvn', '--nary-reassociate', '--gvn', '--early-cse', '--mem2reg', '--jump-threading', '--globalopt', '--slp-vectorizer', '--instcombine', '--simplifycfg', '--sroa', '--early-cse', '--lower-expect', '--sroa', '--lower-expect', '--aggressive-instcombine']",73,-3.6227184510458184,0.0,-0.8295545921053621,0.0,1,-3.6227184510458184,-0.8295545921053621,0.5008908414855473,-68.52791878172589,12.358466246138557,11.76470588235294,34
1776,"['--ipsccp', '--speculative-execution', '--sccp', '--early-cse', '--mem2reg', '--jump-threading', '--globalopt', '--elim-avail-extern', '--instcombine', '--loop-instsimplify', '--jump-threading', '--gvn', '--simplifycfg', '--simple-loop-unswitch', '--instsimplify', '--inline', '--mergefunc', '--gvn-hoist', '--instcombine', '--globalopt', '--elim-avail-extern', '--indvars', '--indvars', '--gvn', '--gvn', '--ipsccp', '--gvn', '--nary-reassociate', '--loop-instsimplify', '--early-cse', '--mem2reg', '--jump-threading', '--globalopt', '--jump-threading', '--bdce', '--elim-avail-extern', '--instcombine', '--simplifycfg', '--sroa', '--mem2reg', '--globaldce', '--gvn-hoist', '--sccp', '--early-cse', '--lower-constant-intrinsics', '--adce', '--slsr', '--gvn-hoist', '--adce', '--loop-simplify', '--dse', '--scalarizer', '--simplifycfg', '--lower-expect', '--simplifycfg', '--elim-avail-extern', '--lower-constant-intrinsics', '--ipsccp', '--gvn', '--indvars', '--nary-reassociate', '--gvn', '--early-cse', '--mem2reg', '--jump-threading', '--globalopt', '--slp-vectorizer', '--instcombine', '--simplifycfg', '--sroa', '--gvn', '--lower-expect', '--sroa', '--sroa', '--lower-expect', '--aggressive-instcombine']",76,-3.623071785653627,0.0,-0.8728609319740613,0.0,1,-3.623071785653627,-0.8728609319740613,0.5008908414855473,-67.00507614213198,12.0372020432014,11.76470588235294,34
2049,"['--ipsccp', '--speculative-execution', '--sccp', '--early-cse', '--mem2reg', '--jump-threading', '--elim-avail-extern', '--instcombine', '--adce', '--loop-interchange', '--aggressive-instcombine', '--gvn', '--simplifycfg', '--instsimplify', '--inline', '--mergefunc', '--gvn-hoist', '--gvn-hoist', '--instcombine', '--globalopt', '--elim-avail-extern', '--indvars', '--elim-avail-extern', '--indvars', '--gvn', '--gvn', '--ipsccp', '--gvn', '--nary-reassociate', '--loop-instsimplify', '--early-cse', '--mem2reg', '--jump-threading', '--globalopt', '--elim-avail-extern', '--instcombine', '--simplifycfg', '--sroa', '--mem2reg', '--globaldce', '--gvn-hoist', '--sccp', '--early-cse', '--lower-constant-intrinsics', '--adce', '--slsr', '--gvn-hoist', '--adce', '--loop-simplify', '--dse', '--scalarizer', '--simplifycfg', '--indvars', '--simplifycfg', '--elim-avail-extern', '--lower-constant-intrinsics', '--ipsccp', '--gvn', '--nary-reassociate', '--gvn', '--early-cse', '--mem2reg', '--jump-threading', '--globalopt', '--slp-vectorizer', '--instcombine', '--simplifycfg', '--sroa', '--early-cse', '--lower-expect', '--sroa', '--sroa', '--lower-expect', '--sroa', '--lower-expect', '--aggressive-instcombine']",76,-3.623071785653627,0.0,-0.8728609319740613,0.0,1,-3.623071785653627,-0.8728609319740613,0.5008908414855473,-67.00507614213198,12.0372020432014,11.76470588235294,34
1434,"['--ipsccp', '--speculative-execution', '--sccp', '--early-cse', '--mem2reg', '--jump-threading', '--globalopt', '--elim-avail-extern', '--instcombine', '--adce', '--jump-threading', '--gvn', '--simplifycfg', '--instsimplify', '--inline', '--mergefunc', '--gvn-hoist', '--gvn-hoist', '--instcombine', '--globalopt', '--elim-avail-extern', '--indvars', '--gvn', '--gvn', '--ipsccp', '--sroa', '--nary-reassociate', '--loop-instsimplify', '--early-cse', '--mem2reg', '--jump-threading', '--globalopt', '--elim-avail-extern', '--instcombine', '--simplifycfg', '--sroa', '--loweratomic', '--globaldce', '--gvn-hoist', '--sccp', '--early-cse', '--adce', '--gvn-hoist', '--adce', '--loop-simplify', '--dse', '--scalarizer', '--simplifycfg', '--instsimplify', '--simplifycfg', '--lower-expect', '--simplifycfg', '--gvn-hoist', '--elim-avail-extern', '--lower-constant-intrinsics', '--gvn', '--ipsccp', '--gvn', '--nary-reassociate', '--gvn', '--early-cse', '--mem2reg', '--jump-threading', '--globalopt', '--slp-vectorizer', '--instcombine', '--simplifycfg', '--sroa', '--early-cse', '--lower-expect', '--sroa', '--lower-expect', '--aggressive-instcombine']",73,-3.6243026455426506,0.0,-0.8327821964116564,0.0,1,-3.6243026455426506,-0.8327821964116564,0.5620873773639496,-68.52791878172589,12.350101158809672,11.76470588235294,34
1435,"['--ipsccp', '--speculative-execution', '--sccp', '--early-cse', '--mem2reg', '--jump-threading', '--globalopt', '--elim-avail-extern', '--instcombine', '--adce', '--jump-threading', '--gvn', '--simplifycfg', '--instsimplify', '--inline', '--mergefunc', '--gvn-hoist', '--gvn-hoist', '--loweratomic', '--globalopt', '--elim-avail-extern', '--indvars', '--gvn', '--gvn', '--ipsccp', '--gvn', '--nary-reassociate', '--loop-instsimplify', '--early-cse', '--mem2reg', '--jump-threading', '--globalopt', '--elim-avail-extern', '--instcombine', '--simplifycfg', '--sroa', '--mem2reg', '--aggressive-instcombine', '--gvn-hoist', '--sccp', '--early-cse', '--lower-constant-intrinsics', '--adce', '--gvn-hoist', '--adce', '--loop-simplify', '--dse', '--scalarizer', '--simplifycfg', '--lower-expect', '--simplifycfg', '--gvn-hoist', '--elim-avail-extern', '--lower-constant-intrinsics', '--gvn', '--ipsccp', '--gvn', '--nary-reassociate', '--gvn', '--early-cse', '--mem2reg', '--jump-threading', '--globalopt', '--slp-vectorizer', '--instcombine', '--simplifycfg', '--sroa', '--early-cse', '--lower-expect', '--sroa', '--sroa', '--lower-expect', '--simplifycfg', '--aggressive-instcombine']",74,-3.6243026455426506,0.0,-0.8327821964116564,0.0,1,-3.6243026455426506,-0.8327821964116564,0.5620873773639496,-68.52791878172589,12.350101158809672,11.76470588235294,34
1926,"['--ipsccp', '--speculative-execution', '--sccp', '--early-cse', '--mem2reg', '--jump-threading', '--globalopt', '--elim-avail-extern', '--globaldce', '--loop-instsimplify', '--jump-threading', '--gvn', '--simplifycfg', '--instsimplify', '--inline', '--mergefunc', '--gvn-hoist', '--tailcallelim', '--globalopt', '--elim-avail-extern', '--globalopt', '--indvars', '--indvars', '--gvn', '--gvn', '--ipsccp', '--gvn', '--nary-reassociate', '--adce', '--early-cse', '--mem2reg', '--jump-threading', '--globalopt', '--elim-avail-extern', '--instcombine', '--simplifycfg', '--sroa', '--mem2reg', '--instcombine', '--gvn-hoist', '--irce', '--early-cse', '--lower-constant-intrinsics', '--sccp', '--early-cse', '--lower-constant-intrinsics', '--adce', '--nary-reassociate', '--slsr', '--gvn-hoist', '--adce', '--loop-simplify', '--dse', '--scalarizer', '--elim-avail-extern', '--lower-expect', '--simplifycfg', '--elim-avail-extern', '--jump-threading', '--lower-constant-intrinsics', '--ipsccp', '--gvn', '--nary-reassociate', '--gvn', '--early-cse', '--mem2reg', '--jump-threading', '--globalopt', '--slp-vectorizer', '--instcombine', '--simplifycfg', '--sroa', '--early-cse', '--lower-expect', '--sroa', '--sroa', '--lower-expect', '--aggressive-instcombine']",78,-3.624939019711987,0.0,-0.8574594197592096,0.0,1,-3.624939019711987,-0.8574594197592096,0.5008908414855473,-67.51269035532995,12.17138572539639,11.76470588235294,34
1382,"['--ipsccp', '--speculative-execution', '--sccp', '--early-cse', '--mem2reg', '--jump-threading', '--globalopt', '--elim-avail-extern', '--instcombine', '--adce', '--jump-threading', '--gvn', '--simplifycfg', '--instsimplify', '--inline', '--mergefunc', '--gvn-hoist', '--gvn-hoist', '--instcombine', '--globalopt', '--elim-avail-extern', '--indvars', '--gvn', '--gvn', '--gvn', '--gvn', '--nary-reassociate', '--loop-instsimplify', '--early-cse', '--mem2reg', '--jump-threading', '--globalopt', '--elim-avail-extern', '--instcombine', '--simplifycfg', '--sroa', '--mem2reg', '--globaldce', '--gvn-hoist', '--sccp', '--early-cse', '--lower-constant-intrinsics', '--adce', '--slsr', '--gvn-hoist', '--loop-simplify', '--dse', '--scalarizer', '--simplifycfg', '--lower-expect', '--simplifycfg', '--gvn-hoist', '--elim-avail-extern', '--lower-constant-intrinsics', '--gvn', '--ipsccp', '--gvn', '--nary-reassociate', '--early-cse', '--mem2reg', '--jump-threading', '--globalopt', '--slp-vectorizer', '--instcombine', '--simplifycfg', '--sroa', '--early-cse', '--lower-expect', '--sroa', '--sroa', '--lower-expect', '--aggressive-instcombine']",72,-3.630395205232303,0.0,-0.8407569188748433,0.0,1,-3.630395205232303,-0.8407569188748433,0.5008908414855473,-68.52791878172589,12.351216337232296,11.76470588235294,34
1369,"['--ipsccp', '--speculative-execution', '--sccp', '--early-cse', '--mem2reg', '--jump-threading', '--globalopt', '--elim-avail-extern', '--instcombine', '--adce', '--jump-threading', '--gvn', '--simplifycfg', '--instsimplify', '--inline', '--mergefunc', '--aggressive-instcombine', '--gvn-hoist', '--instcombine', '--globalopt', '--elim-avail-extern', '--indvars', '--gvn', '--gvn', '--ipsccp', '--gvn', '--nary-reassociate', '--loop-instsimplify', '--early-cse', '--mem2reg', '--jump-threading', '--globalopt', '--elim-avail-extern', '--instcombine', '--simplifycfg', '--sroa', '--mem2reg', '--globaldce', '--gvn-hoist', '--sccp', '--early-cse', '--lower-constant-intrinsics', '--adce', '--slsr', '--gvn-hoist', '--adce', '--loop-simplify', '--dse', '--scalarizer', '--simplifycfg', '--lower-expect', '--simplifycfg', '--gvn-hoist', '--elim-avail-extern', '--lower-constant-intrinsics', '--gvn', '--ipsccp', '--gvn', '--nary-reassociate', '--gvn', '--early-cse', '--irce', '--mem2reg', '--jump-threading', '--globalopt', '--slp-vectorizer', '--instcombine', '--simplifycfg', '--sroa', '--early-cse', '--lower-expect', '--sroa', '--sroa', '--lower-expect', '--gvn-hoist']",75,-3.630395205232303,0.0,-0.8407569188748433,0.0,1,-3.630395205232303,-0.8407569188748433,0.5008908414855473,-68.52791878172589,12.351216337232296,11.76470588235294,34
1450,"['--ipsccp', '--speculative-execution', '--sccp', '--early-cse', '--mem2reg', '--jump-threading', '--globalopt', '--elim-avail-extern', '--instcombine', '--adce', '--jump-threading', '--gvn', '--simplifycfg', '--loop-unroll-and-jam', '--instsimplify', '--inline', '--gvn-hoist', '--mergefunc', '--gvn-hoist', '--instcombine', '--globalopt', '--indvars', '--gvn', '--gvn', '--ipsccp', '--gvn', '--nary-reassociate', '--loop-instsimplify', '--early-cse', '--mem2reg', '--jump-threading', '--globalopt', '--elim-avail-extern', '--instcombine', '--simplifycfg', '--sroa', '--mem2reg', '--globaldce', '--sccp', '--early-cse', '--lower-constant-intrinsics', '--adce', '--slsr', '--gvn-hoist', '--adce', '--loop-simplify', '--dse', '--scalarizer', '--simplifycfg', '--lower-expect', '--simplifycfg', '--gvn-hoist', '--elim-avail-extern', '--lower-constant-intrinsics', '--gvn', '--ipsccp', '--gvn', '--nary-reassociate', '--gvn', '--early-cse', '--mem2reg', '--jump-threading', '--globalopt', '--slp-vectorizer', '--instcombine', '--simplifycfg', '--sroa', '--early-cse', '--lower-expect', '--sroa', '--sroa', '--lower-expect', '--aggressive-instcombine']",73,-3.630395205232303,0.0,-0.8407569188748433,0.0,1,-3.630395205232303,-0.8407569188748433,0.5008908414855473,-68.52791878172589,12.351216337232296,11.76470588235294,34
1451,"['--ipsccp', '--speculative-execution', '--sccp', '--early-cse', '--mem2reg', '--jump-threading', '--globalopt', '--elim-avail-extern', '--instcombine', '--adce', '--jump-threading', '--gvn', '--simplifycfg', '--instsimplify', '--inline', '--mergefunc', '--gvn-hoist', '--instcombine', '--globalopt', '--dce', '--elim-avail-extern', '--indvars', '--gvn', '--gvn', '--ipsccp', '--gvn', '--nary-reassociate', '--loop-instsimplify', '--early-cse', '--mem2reg', '--jump-threading', '--globalopt', '--simplifycfg', '--instcombine', '--simplifycfg', '--sroa', '--mem2reg', '--gvn-hoist', '--sccp', '--early-cse', '--lower-constant-intrinsics', '--adce', '--gvn-hoist', '--adce', '--slsr', '--gvn-hoist', '--adce', '--loop-simplify', '--dse', '--scalarizer', '--simplifycfg', '--lower-expect', '--simplifycfg', '--gvn-hoist', '--elim-avail-extern', '--lower-constant-intrinsics', '--gvn', '--ipsccp', '--gvn', '--nary-reassociate', '--gvn', '--early-cse', '--mem2reg', '--jump-threading', '--globalopt', '--slp-vectorizer', '--instcombine', '--simplifycfg', '--sroa', '--early-cse', '--lower-expect', '--sroa', '--sroa', '--lower-expect', '--aggressive-instcombine']",75,-3.630395205232303,0.0,-0.8407569188748433,0.0,1,-3.630395205232303,-0.8407569188748433,0.5008908414855473,-68.52791878172589,12.351216337232296,11.76470588235294,34
1465,"['--ipsccp', '--speculative-execution', '--sccp', '--early-cse', '--mem2reg', '--jump-threading', '--globalopt', '--elim-avail-extern', '--instcombine', '--adce', '--jump-threading', '--gvn', '--simplifycfg', '--instsimplify', '--inline', '--mergefunc', '--gvn-hoist', '--gvn-hoist', '--sroa', '--globalopt', '--elim-avail-extern', '--indvars', '--gvn', '--gvn', '--ipsccp', '--instcombine', '--nary-reassociate', '--loop-instsimplify', '--early-cse', '--mem2reg', '--jump-threading', '--globalopt', '--elim-avail-extern', '--instcombine', '--simplifycfg', '--sroa', '--mem2reg', '--globaldce', '--gvn-hoist', '--sccp', '--early-cse', '--lower-constant-intrinsics', '--adce', '--slsr', '--gvn-hoist', '--adce', '--loop-simplify', '--dse', '--scalarizer', '--simplifycfg', '--lower-expect', '--loop-unroll-and-jam', '--simplifycfg', '--gvn-hoist', '--elim-avail-extern', '--lower-constant-intrinsics', '--gvn', '--ipsccp', '--gvn', '--nary-reassociate', '--gvn', '--early-cse', '--mem2reg', '--jump-threading', '--globalopt', '--slp-vectorizer', '--instcombine', '--simplifycfg', '--sroa', '--early-cse', '--lower-expect', '--sroa', '--lower-expect', '--aggressive-instcombine']",74,-3.630395205232303,0.0,-0.8407569188748433,0.0,1,-3.630395205232303,-0.8407569188748433,0.5008908414855473,-68.52791878172589,12.351216337232296,11.76470588235294,34
1339,"['--ipsccp', '--speculative-execution', '--sccp', '--early-cse', '--mem2reg', '--jump-threading', '--loop-vectorize', '--globalopt', '--elim-avail-extern', '--instcombine', '--adce', '--jump-threading', '--gvn', '--simplifycfg', '--instsimplify', '--inline', '--mergefunc', '--gvn-hoist', '--gvn-hoist', '--instcombine', '--globalopt', '--elim-avail-extern', '--indvars', '--gvn', '--gvn', '--ipsccp', '--gvn', '--nary-reassociate', '--loop-instsimplify', '--early-cse', '--mem2reg', '--jump-threading', '--globalopt', '--elim-avail-extern', '--instcombine', '--simplifycfg', '--sroa', '--mem2reg', '--globaldce', '--gvn-hoist', '--sccp', '--early-cse', '--lower-constant-intrinsics', '--adce', '--slsr', '--gvn-hoist', '--adce', '--loop-simplify', '--dse', '--scalarizer', '--simplifycfg', '--lower-expect', '--simplifycfg', '--gvn-hoist', '--elim-avail-extern', '--lower-constant-intrinsics', '--gvn', '--ipsccp', '--gvn', '--nary-reassociate', '--gvn', '--early-cse', '--mem2reg', '--jump-threading', '--globalopt', '--slp-vectorizer', '--instcombine', '--simplifycfg', '--sroa', '--early-cse', '--lower-expect', '--sroa', '--sroa', '--lower-expect', '--aggressive-instcombine']",75,-3.630395205232303,0.0,-0.8407569188748433,0.0,1,-3.630395205232303,-0.8407569188748433,0.5008908414855473,-68.52791878172589,12.351216337232296,11.76470588235294,34
1386,"['--ipsccp', '--speculative-execution', '--sccp', '--early-cse', '--mem2reg', '--jump-threading', '--globalopt', '--elim-avail-extern', '--instcombine', '--adce', '--jump-threading', '--gvn', '--simplifycfg', '--instsimplify', '--inline', '--mergefunc', '--gvn-hoist', '--instcombine', '--globalopt', '--elim-avail-extern', '--indvars', '--gvn', '--gvn', '--ipsccp', '--gvn', '--nary-reassociate', '--loop-instsimplify', '--early-cse', '--mem2reg', '--jump-threading', '--globalopt', '--simplifycfg', '--instcombine', '--simplifycfg', '--sroa', '--mem2reg', '--gvn-hoist', '--sccp', '--early-cse', '--lower-constant-intrinsics', '--adce', '--gvn-hoist', '--adce', '--slsr', '--gvn-hoist', '--adce', '--loop-simplify', '--dse', '--scalarizer', '--simplifycfg', '--lower-expect', '--simplifycfg', '--gvn-hoist', '--elim-avail-extern', '--lower-constant-intrinsics', '--gvn', '--ipsccp', '--gvn', '--nary-reassociate', '--gvn', '--early-cse', '--mem2reg', '--jump-threading', '--globalopt', '--slp-vectorizer', '--instcombine', '--simplifycfg', '--sroa', '--early-cse', '--lower-expect', '--sroa', '--sroa', '--lower-expect', '--aggressive-instcombine']",74,-3.630395205232303,0.0,-0.8407569188748433,0.0,1,-3.630395205232303,-0.8407569188748433,0.5008908414855473,-68.52791878172589,12.351216337232296,11.76470588235294,34
1452,"['--ipsccp', '--speculative-execution', '--sccp', '--early-cse', '--mem2reg', '--jump-threading', '--globalopt', '--elim-avail-extern', '--instcombine', '--adce', '--jump-threading', '--gvn', '--simplifycfg', '--instsimplify', '--inline', '--gvn-hoist', '--mergefunc', '--gvn-hoist', '--instcombine', '--globalopt', '--elim-avail-extern', '--indvars', '--gvn', '--gvn', '--ipsccp', '--gvn', '--nary-reassociate', '--loop-instsimplify', '--early-cse', '--mem2reg', '--jump-threading', '--globalopt', '--instcombine', '--simplifycfg', '--sroa', '--mem2reg', '--globaldce', '--gvn-hoist', '--sccp', '--early-cse', '--lower-constant-intrinsics', '--adce', '--slsr', '--gvn-hoist', '--adce', '--loop-simplify', '--dse', '--scalarizer', '--simplifycfg', '--lower-expect', '--simplifycfg', '--gvn-hoist', '--globalopt', '--elim-avail-extern', '--lower-constant-intrinsics', '--gvn', '--ipsccp', '--gvn', '--nary-reassociate', '--gvn', '--early-cse', '--mem2reg', '--jump-threading', '--globalopt', '--slp-vectorizer', '--instcombine', '--simplifycfg', '--sroa', '--early-cse', '--lower-expect', '--sroa', '--lower-expect', '--aggressive-instcombine']",73,-3.630395205232303,0.0,-0.8407569188748433,0.0,1,-3.630395205232303,-0.8407569188748433,0.5008908414855473,-68.52791878172589,12.351216337232296,11.76470588235294,34
1463,"['--ipsccp', '--speculative-execution', '--sccp', '--early-cse', '--mem2reg', '--jump-threading', '--globalopt', '--elim-avail-extern', '--instcombine', '--adce', '--jump-threading', '--gvn', '--simplifycfg', '--instsimplify', '--inline', '--mergefunc', '--gvn-hoist', '--mergefunc', '--gvn-hoist', '--instcombine', '--globalopt', '--indvars', '--gvn', '--gvn', '--ipsccp', '--gvn', '--nary-reassociate', '--loop-instsimplify', '--early-cse', '--mem2reg', '--jump-threading', '--globalopt', '--elim-avail-extern', '--instcombine', '--simplifycfg', '--sroa', '--mem2reg', '--sroa', '--gvn-hoist', '--sccp', '--early-cse', '--lower-constant-intrinsics', '--adce', '--slsr', '--gvn-hoist', '--adce', '--loop-simplify', '--dse', '--scalarizer', '--simplifycfg', '--lower-expect', '--simplifycfg', '--elim-avail-extern', '--lower-constant-intrinsics', '--gvn', '--ipsccp', '--gvn', '--nary-reassociate', '--early-cse', '--mem2reg', '--jump-threading', '--globalopt', '--slp-vectorizer', '--instcombine', '--simplifycfg', '--sroa', '--early-cse', '--lower-expect', '--sroa', '--globaldce', '--lower-expect', '--aggressive-instcombine']",72,-3.630395205232303,0.0,-0.8407569188748433,0.0,1,-3.630395205232303,-0.8407569188748433,0.5008908414855473,-68.52791878172589,12.351216337232296,11.76470588235294,34
1454,"['--ipsccp', '--speculative-execution', '--sccp', '--early-cse', '--mem2reg', '--jump-threading', '--globalopt', '--elim-avail-extern', '--instcombine', '--adce', '--jump-threading', '--gvn', '--simplifycfg', '--loop-unroll-and-jam', '--instsimplify', '--inline', '--gvn-hoist', '--mergefunc', '--gvn-hoist', '--instcombine', '--globalopt', '--indvars', '--gvn', '--gvn', '--ipsccp', '--gvn', '--nary-reassociate', '--loop-instsimplify', '--early-cse', '--mem2reg', '--jump-threading', '--globalopt', '--elim-avail-extern', '--instcombine', '--simplifycfg', '--sroa', '--mem2reg', '--globaldce', '--sccp', '--early-cse', '--prune-eh', '--adce', '--slsr', '--gvn-hoist', '--adce', '--loop-simplify', '--dse', '--scalarizer', '--simplifycfg', '--lower-expect', '--simplifycfg', '--gvn-hoist', '--elim-avail-extern', '--lower-constant-intrinsics', '--gvn', '--gvn', '--ipsccp', '--gvn', '--nary-reassociate', '--gvn', '--early-cse', '--mem2reg', '--jump-threading', '--globalopt', '--slp-vectorizer', '--instcombine', '--simplifycfg', '--sroa', '--early-cse', '--lower-expect', '--sroa', '--sroa', '--lower-expect', '--aggressive-instcombine']",74,-3.630395205232303,0.0,-0.8407569188748433,0.0,1,-3.630395205232303,-0.8407569188748433,0.5008908414855473,-68.52791878172589,12.351216337232296,11.76470588235294,34
1383,"['--ipsccp', '--speculative-execution', '--sccp', '--early-cse', '--mem2reg', '--jump-threading', '--elim-avail-extern', '--instcombine', '--adce', '--aggressive-instcombine', '--gvn', '--simplifycfg', '--instsimplify', '--inline', '--mergefunc', '--gvn-hoist', '--gvn-hoist', '--instcombine', '--globalopt', '--elim-avail-extern', '--indvars', '--gvn', '--lowerinvoke', '--ipsccp', '--gvn', '--loop-instsimplify', '--early-cse', '--mem2reg', '--jump-threading', '--globalopt', '--elim-avail-extern', '--instcombine', '--simplifycfg', '--sroa', '--mem2reg', '--globaldce', '--gvn-hoist', '--sccp', '--early-cse', '--lower-constant-intrinsics', '--lower-constant-intrinsics', '--adce', '--slsr', '--gvn-hoist', '--adce', '--loop-simplify', '--dse', '--scalarizer', '--mergereturn', '--scalarizer', '--simplifycfg', '--lower-expect', '--simplifycfg', '--gvn-hoist', '--elim-avail-extern', '--lower-constant-intrinsics', '--gvn', '--ipsccp', '--gvn', '--nary-reassociate', '--gvn', '--early-cse', '--mem2reg', '--jump-threading', '--globalopt', '--slp-vectorizer', '--instcombine', '--simplifycfg', '--sroa', '--early-cse', '--lower-expect', '--sroa', '--gvn', '--lower-expect', '--aggressive-instcombine']",75,-3.630395205232303,0.0,-0.8407569188748433,0.0,1,-3.630395205232303,-0.8407569188748433,0.5008908414855473,-68.52791878172589,12.351216337232296,11.76470588235294,34
1378,"['--ipsccp', '--speculative-execution', '--sccp', '--early-cse', '--mem2reg', '--jump-threading', '--globalopt', '--elim-avail-extern', '--instcombine', '--adce', '--jump-threading', '--gvn', '--simplifycfg', '--instsimplify', '--inline', '--mergefunc', '--gvn-hoist', '--gvn-hoist', '--globalopt', '--elim-avail-extern', '--indvars', '--gvn', '--gvn', '--ipsccp', '--gvn', '--nary-reassociate', '--loop-instsimplify', '--early-cse', '--mem2reg', '--jump-threading', '--globalopt', '--elim-avail-extern', '--instcombine', '--simplifycfg', '--sroa', '--mem2reg', '--globaldce', '--gvn-hoist', '--sccp', '--early-cse', '--lower-constant-intrinsics', '--adce', '--slsr', '--gvn-hoist', '--adce', '--loop-simplify', '--dse', '--scalarizer', '--simplifycfg', '--lower-expect', '--simplifycfg', '--globalopt', '--aggressive-instcombine', '--gvn', '--gvn', '--strip', '--gvn', '--lower-constant-intrinsics', '--loop-instsimplify', '--early-cse', '--mem2reg', '--early-cse-memssa', '--jump-threading', '--globalopt', '--slp-vectorizer', '--instcombine', '--simplifycfg', '--mem2reg', '--lower-constant-intrinsics', '--early-cse', '--prune-eh', '--lower-expect', '--loweratomic', '--elim-avail-extern', '--elim-avail-extern', '--lower-expect', '--slsr']",77,-3.630395205232303,0.0,-0.8407569188748433,0.0,1,-3.630395205232303,-0.8407569188748433,0.5008908414855473,-68.52791878172589,12.351216337232296,11.76470588235294,34
1457,"['--ipsccp', '--speculative-execution', '--sccp', '--early-cse', '--mem2reg', '--jump-threading', '--globalopt', '--elim-avail-extern', '--instcombine', '--adce', '--adce', '--jump-threading', '--gvn', '--simplifycfg', '--instsimplify', '--inline', '--mergefunc', '--gvn-hoist', '--gvn-hoist', '--instcombine', '--globalopt', '--elim-avail-extern', '--indvars', '--gvn', '--gvn', '--ipsccp', '--sroa', '--nary-reassociate', '--loop-instsimplify', '--early-cse', '--mem2reg', '--jump-threading', '--globalopt', '--elim-avail-extern', '--instcombine', '--simplifycfg', '--sroa', '--mem2reg', '--globaldce', '--gvn-hoist', '--sccp', '--early-cse', '--lower-constant-intrinsics', '--adce', '--slsr', '--gvn-hoist', '--adce', '--loop-simplify', '--dse', '--scalarizer', '--simplifycfg', '--lower-expect', '--simplifycfg', '--gvn-hoist', '--elim-avail-extern', '--lower-constant-intrinsics', '--gvn', '--ipsccp', '--gvn', '--nary-reassociate', '--gvn', '--early-cse', '--loop-vectorize', '--jump-threading', '--globalopt', '--slp-vectorizer', '--instcombine', '--simplifycfg', '--sroa', '--early-cse', '--lower-expect', '--sroa', '--gvn', '--lower-expect', '--aggressive-instcombine']",75,-3.630395205232303,0.0,-0.8407569188748433,0.0,1,-3.630395205232303,-0.8407569188748433,0.5008908414855473,-68.52791878172589,12.351216337232296,11.76470588235294,34
1458,"['--ipsccp', '--speculative-execution', '--sccp', '--early-cse', '--mem2reg', '--jump-threading', '--globalopt', '--elim-avail-extern', '--instcombine', '--adce', '--jump-threading', '--gvn', '--simplifycfg', '--instsimplify', '--inline', '--mergefunc', '--gvn-hoist', '--gvn-hoist', '--instcombine', '--globalopt', '--elim-avail-extern', '--indvars', '--gvn', '--gvn', '--gvn', '--gvn', '--nary-reassociate', '--loop-instsimplify', '--early-cse', '--mem2reg', '--jump-threading', '--globalopt', '--elim-avail-extern', '--instcombine', '--simplifycfg', '--sroa', '--mem2reg', '--globaldce', '--gvn-hoist', '--sccp', '--early-cse', '--lower-constant-intrinsics', '--die', '--slsr', '--gvn-hoist', '--loop-simplify', '--dse', '--scalarizer', '--simplifycfg', '--lower-expect', '--simplifycfg', '--gvn-hoist', '--elim-avail-extern', '--lower-constant-intrinsics', '--gvn', '--ipsccp', '--gvn', '--nary-reassociate', '--early-cse', '--mem2reg', '--jump-threading', '--globalopt', '--slp-vectorizer', '--instcombine', '--simplifycfg', '--sroa', '--early-cse', '--lower-expect', '--sroa', '--sroa', '--lower-expect', '--aggressive-instcombine']",72,-3.630395205232303,0.0,-0.8407569188748433,0.0,1,-3.630395205232303,-0.8407569188748433,0.5008908414855473,-68.52791878172589,12.351216337232296,11.76470588235294,34
1385,"['--ipsccp', '--speculative-execution', '--sccp', '--early-cse', '--mem2reg', '--jump-threading', '--globalopt', '--elim-avail-extern', '--instcombine', '--jump-threading', '--gvn', '--simplifycfg', '--instsimplify', '--inline', '--mergefunc', '--gvn-hoist', '--gvn-hoist', '--instcombine', '--instcombine', '--globalopt', '--indvars', '--gvn', '--gvn', '--ipsccp', '--gvn', '--nary-reassociate', '--loop-instsimplify', '--early-cse', '--mem2reg', '--jump-threading', '--globalopt', '--elim-avail-extern', '--instcombine', '--simplifycfg', '--sroa', '--mem2reg', '--globaldce', '--gvn-hoist', '--sccp', '--early-cse', '--lower-constant-intrinsics', '--adce', '--slsr', '--gvn-hoist', '--adce', '--loop-simplify', '--dse', '--scalarizer', '--simplifycfg', '--lower-expect', '--simplifycfg', '--gvn-hoist', '--elim-avail-extern', '--lower-constant-intrinsics', '--gvn', '--ipsccp', '--gvn', '--nary-reassociate', '--gvn', '--early-cse', '--mem2reg', '--jump-threading', '--globalopt', '--slp-vectorizer', '--instcombine', '--simplifycfg', '--sroa', '--early-cse', '--lower-expect', '--sroa', '--sroa', '--lower-expect', '--aggressive-instcombine']",73,-3.630395205232303,0.0,-0.8407569188748433,0.0,1,-3.630395205232303,-0.8407569188748433,0.5008908414855473,-68.52791878172589,12.351216337232296,11.76470588235294,34
1445,"['--ipsccp', '--speculative-execution', '--sccp', '--early-cse', '--mem2reg', '--jump-threading', '--globalopt', '--elim-avail-extern', '--instcombine', '--adce', '--jump-threading', '--gvn', '--simplifycfg', '--instsimplify', '--inline', '--mergefunc', '--gvn-hoist', '--gvn-hoist', '--instcombine', '--globalopt', '--elim-avail-extern', '--indvars', '--gvn', '--gvn', '--ipsccp', '--gvn', '--nary-reassociate', '--loop-instsimplify', '--early-cse', '--loop-unroll-and-jam', '--mem2reg', '--jump-threading', '--ipconstprop', '--elim-avail-extern', '--instcombine', '--simplifycfg', '--sroa', '--mem2reg', '--globaldce', '--gvn-hoist', '--sccp', '--early-cse', '--lower-constant-intrinsics', '--adce', '--slsr', '--gvn-hoist', '--adce', '--loop-simplify', '--dse', '--scalarizer', '--simplifycfg', '--lower-expect', '--simplifycfg', '--gvn-hoist', '--elim-avail-extern', '--lower-constant-intrinsics', '--gvn', '--ipsccp', '--gvn', '--nary-reassociate', '--gvn', '--early-cse', '--globalopt', '--slp-vectorizer', '--instcombine', '--simplifycfg', '--sroa', '--early-cse', '--lower-expect', '--sroa', '--sroa', '--lower-expect', '--aggressive-instcombine']",73,-3.630395205232303,0.0,-0.8407569188748433,0.0,1,-3.630395205232303,-0.8407569188748433,0.5008908414855473,-68.52791878172589,12.351216337232296,11.76470588235294,34
1380,"['--ipsccp', '--speculative-execution', '--sccp', '--early-cse', '--mem2reg', '--jump-threading', '--globalopt', '--elim-avail-extern', '--instcombine', '--adce', '--jump-threading', '--gvn', '--simplifycfg', '--instsimplify', '--inline', '--mergefunc', '--gvn-hoist', '--gvn-hoist', '--instcombine', '--globalopt', '--elim-avail-extern', '--indvars', '--gvn', '--gvn', '--ipsccp', '--gvn', '--nary-reassociate', '--loop-instsimplify', '--early-cse', '--mem2reg', '--jump-threading', '--globalopt', '--elim-avail-extern', '--instcombine', '--simplifycfg', '--sroa', '--mem2reg', '--globaldce', '--gvn-hoist', '--sccp', '--lower-constant-intrinsics', '--adce', '--slsr', '--gvn-hoist', '--adce', '--loop-simplify', '--dse', '--scalarizer', '--simplifycfg', '--lower-expect', '--simplifycfg', '--gvn-hoist', '--lower-constant-intrinsics', '--gvn', '--ipsccp', '--gvn', '--nary-reassociate', '--gvn', '--early-cse', '--mem2reg', '--jump-threading', '--globalopt', '--slp-vectorizer', '--instcombine', '--simplifycfg', '--sroa', '--early-cse', '--lower-expect', '--sroa', '--sroa', '--lower-expect', '--aggressive-instcombine']",72,-3.630395205232303,0.0,-0.8407569188748433,0.0,1,-3.630395205232303,-0.8407569188748433,0.5008908414855473,-68.52791878172589,12.351216337232296,11.76470588235294,34
1384,"['--ipsccp', '--speculative-execution', '--sccp', '--early-cse', '--mem2reg', '--jump-threading', '--globalopt', '--elim-avail-extern', '--instcombine', '--adce', '--jump-threading', '--gvn', '--simplifycfg', '--instsimplify', '--inline', '--mergefunc', '--gvn-hoist', '--gvn-hoist', '--instcombine', '--globalopt', '--elim-avail-extern', '--indvars', '--gvn', '--gvn', '--ipsccp', '--gvn', '--elim-avail-extern', '--loop-instsimplify', '--early-cse', '--mem2reg', '--jump-threading', '--globalopt', '--nary-reassociate', '--instcombine', '--simplifycfg', '--sroa', '--mem2reg', '--globaldce', '--gvn-hoist', '--sccp', '--early-cse', '--lower-constant-intrinsics', '--adce', '--loop-simplify', '--loop-instsimplify', '--dse', '--scalarizer', '--simplifycfg', '--early-cse', '--lower-expect', '--simplifycfg', '--gvn-hoist', '--globalopt', '--aggressive-instcombine', '--gvn', '--gvn', '--ipsccp', '--gvn', '--lower-constant-intrinsics', '--loop-instsimplify', '--early-cse', '--mem2reg', '--early-cse-memssa', '--jump-threading', '--globalopt', '--slp-vectorizer', '--instcombine', '--simplifycfg', '--sroa', '--lower-constant-intrinsics', '--early-cse', '--prune-eh', '--lower-expect', '--loweratomic', '--elim-avail-extern', '--elim-avail-extern', '--lower-expect', '--slsr']",78,-3.630395205232303,0.0,-0.8407569188748433,0.0,1,-3.630395205232303,-0.8407569188748433,0.5008908414855473,-68.52791878172589,12.351216337232296,11.76470588235294,34
1342,"['--ipsccp', '--speculative-execution', '--sccp', '--early-cse', '--mem2reg', '--jump-threading', '--globalopt', '--elim-avail-extern', '--instcombine', '--adce', '--jump-threading', '--gvn', '--simplifycfg', '--instsimplify', '--inline', '--mergefunc', '--gvn-hoist', '--gvn-hoist', '--instcombine', '--globalopt', '--elim-avail-extern', '--indvars', '--gvn', '--gvn', '--ipsccp', '--gvn', '--nary-reassociate', '--loop-instsimplify', '--early-cse', '--mem2reg', '--jump-threading', '--globalopt', '--elim-avail-extern', '--instcombine', '--simplifycfg', '--sroa', '--mem2reg', '--globaldce', '--gvn-hoist', '--sccp', '--early-cse', '--lower-constant-intrinsics', '--adce', '--slsr', '--gvn-hoist', '--adce', '--loop-simplify', '--dse', '--scalarizer', '--simplifycfg', '--lower-expect', '--simplifycfg', '--gvn-hoist', '--elim-avail-extern', '--lower-constant-intrinsics', '--gvn', '--ipsccp', '--gvn', '--nary-reassociate', '--functionattrs', '--gvn', '--early-cse', '--irce', '--mem2reg', '--jump-threading', '--globalopt', '--slp-vectorizer', '--instcombine', '--simplifycfg', '--sroa', '--early-cse', '--lower-expect', '--sroa', '--sroa', '--lower-expect', '--aggressive-instcombine']",76,-3.630395205232303,0.0,-0.8407569188748433,0.0,1,-3.630395205232303,-0.8407569188748433,0.5008908414855473,-68.52791878172589,12.351216337232296,11.76470588235294,34
1403,"['--ipsccp', '--speculative-execution', '--sccp', '--early-cse', '--mem2reg', '--jump-threading', '--globalopt', '--elim-avail-extern', '--instcombine', '--adce', '--jump-threading', '--gvn', '--simplifycfg', '--instsimplify', '--inline', '--mergefunc', '--gvn-hoist', '--gvn-hoist', '--instcombine', '--globalopt', '--elim-avail-extern', '--indvars', '--gvn', '--gvn', '--ipsccp', '--gvn', '--nary-reassociate', '--loop-instsimplify', '--early-cse', '--mem2reg', '--jump-threading', '--ipconstprop', '--elim-avail-extern', '--instcombine', '--simplifycfg', '--sroa', '--mem2reg', '--globaldce', '--gvn-hoist', '--sccp', '--early-cse', '--lower-constant-intrinsics', '--adce', '--slsr', '--gvn-hoist', '--adce', '--loop-simplify', '--dse', '--scalarizer', '--simplifycfg', '--lower-expect', '--simplifycfg', '--gvn-hoist', '--elim-avail-extern', '--lower-constant-intrinsics', '--gvn', '--ipsccp', '--gvn', '--nary-reassociate', '--gvn', '--early-cse', '--mem2reg', '--jump-threading', '--globalopt', '--slp-vectorizer', '--instcombine', '--simplifycfg', '--sroa', '--early-cse', '--lower-expect', '--sroa', '--sroa', '--lower-expect', '--aggressive-instcombine']",74,-3.630395205232303,0.0,-0.8407569188748433,0.0,1,-3.630395205232303,-0.8407569188748433,0.5008908414855473,-68.52791878172589,12.351216337232296,11.76470588235294,34
1277,"['--ipsccp', '--speculative-execution', '--sccp', '--early-cse', '--mem2reg', '--jump-threading', '--globalopt', '--elim-avail-extern', '--instcombine', '--adce', '--jump-threading', '--gvn', '--simplifycfg', '--inline', '--mergefunc', '--gvn-hoist', '--gvn-hoist', '--instcombine', '--globalopt', '--elim-avail-extern', '--indvars', '--gvn', '--gvn', '--ipsccp', '--gvn', '--nary-reassociate', '--loop-instsimplify', '--early-cse', '--mem2reg', '--jump-threading', '--globalopt', '--elim-avail-extern', '--instcombine', '--simplifycfg', '--sroa', '--mem2reg', '--globaldce', '--gvn-hoist', '--sccp', '--early-cse', '--lower-constant-intrinsics', '--adce', '--slsr', '--gvn-hoist', '--adce', '--loop-simplify', '--dse', '--scalarizer', '--simplifycfg', '--lower-expect', '--simplifycfg', '--gvn-hoist', '--elim-avail-extern', '--lower-constant-intrinsics', '--gvn', '--ipsccp', '--gvn', '--nary-reassociate', '--gvn', '--early-cse', '--mem2reg', '--jump-threading', '--globalopt', '--slp-vectorizer', '--instcombine', '--simplifycfg', '--sroa', '--early-cse', '--lower-expect', '--sroa', '--lower-expect', '--aggressive-instcombine']",72,-3.630395205232303,0.0,-0.8407569188748433,0.0,1,-3.630395205232303,-0.8407569188748433,0.5008908414855473,-68.52791878172589,12.351216337232296,11.76470588235294,34
1401,"['--ipsccp', '--speculative-execution', '--sccp', '--early-cse', '--mem2reg', '--jump-threading', '--globalopt', '--elim-avail-extern', '--instcombine', '--adce', '--jump-threading', '--gvn', '--simplifycfg', '--instsimplify', '--inline', '--mergefunc', '--aggressive-instcombine', '--gvn-hoist', '--instcombine', '--globalopt', '--elim-avail-extern', '--indvars', '--gvn', '--gvn', '--ipsccp', '--gvn', '--nary-reassociate', '--loop-instsimplify', '--early-cse', '--mem2reg', '--jump-threading', '--globalopt', '--elim-avail-extern', '--instcombine', '--simplifycfg', '--sroa', '--mem2reg', '--globaldce', '--gvn-hoist', '--sccp', '--early-cse', '--lower-constant-intrinsics', '--adce', '--slsr', '--gvn-hoist', '--adce', '--loop-simplify', '--dse', '--scalarizer', '--simplifycfg', '--lower-expect', '--simplifycfg', '--gvn-hoist', '--lowerinvoke', '--elim-avail-extern', '--lower-constant-intrinsics', '--gvn', '--ipsccp', '--gvn', '--nary-reassociate', '--gvn', '--early-cse', '--irce', '--mem2reg', '--jump-threading', '--globalopt', '--slp-vectorizer', '--instcombine', '--simplifycfg', '--sroa', '--early-cse', '--lower-expect', '--sroa', '--sroa', '--lower-expect', '--aggressive-instcombine']",76,-3.630395205232303,0.0,-0.8407569188748433,0.0,1,-3.630395205232303,-0.8407569188748433,0.5008908414855473,-68.52791878172589,12.351216337232296,11.76470588235294,34
1411,"['--ipsccp', '--speculative-execution', '--sccp', '--early-cse', '--mem2reg', '--jump-threading', '--globalopt', '--elim-avail-extern', '--instcombine', '--adce', '--jump-threading', '--gvn', '--simplifycfg', '--instsimplify', '--inline', '--mergefunc', '--gvn-hoist', '--mergefunc', '--gvn-hoist', '--instcombine', '--globalopt', '--indvars', '--gvn', '--gvn', '--ipsccp', '--gvn', '--nary-reassociate', '--loop-instsimplify', '--early-cse', '--mem2reg', '--jump-threading', '--globalopt', '--elim-avail-extern', '--instcombine', '--simplifycfg', '--sroa', '--mem2reg', '--globaldce', '--gvn-hoist', '--sccp', '--early-cse', '--lower-constant-intrinsics', '--adce', '--slsr', '--gvn-hoist', '--adce', '--loop-simplify', '--dse', '--scalarizer', '--simplifycfg', '--lower-expect', '--simplifycfg', '--gvn-hoist', '--elim-avail-extern', '--lower-constant-intrinsics', '--gvn', '--ipsccp', '--gvn', '--nary-reassociate', '--gvn', '--early-cse', '--mem2reg', '--jump-threading', '--globalopt', '--slp-vectorizer', '--instcombine', '--simplifycfg', '--sroa', '--early-cse', '--lower-expect', '--sroa', '--sroa', '--lower-expect', '--aggressive-instcombine']",74,-3.630395205232303,0.0,-0.8407569188748433,0.0,1,-3.630395205232303,-0.8407569188748433,0.5008908414855473,-68.52791878172589,12.351216337232296,11.76470588235294,34
1358,"['--ipsccp', '--speculative-execution', '--sccp', '--early-cse', '--mem2reg', '--jump-threading', '--globalopt', '--elim-avail-extern', '--instcombine', '--adce', '--jump-threading', '--gvn', '--simplifycfg', '--instsimplify', '--inline', '--mergefunc', '--gvn-hoist', '--gvn-hoist', '--instcombine', '--globalopt', '--elim-avail-extern', '--indvars', '--gvn', '--gvn', '--ipsccp', '--gvn', '--nary-reassociate', '--loop-instsimplify', '--early-cse', '--mem2reg', '--jump-threading', '--globalopt', '--elim-avail-extern', '--instcombine', '--simplifycfg', '--sroa', '--mem2reg', '--globaldce', '--gvn-hoist', '--sccp', '--early-cse', '--lower-constant-intrinsics', '--adce', '--slsr', '--gvn-hoist', '--adce', '--loop-simplify', '--dse', '--scalarizer', '--simplifycfg', '--lower-expect', '--simplifycfg', '--globalopt', '--aggressive-instcombine', '--gvn', '--gvn', '--strip', '--gvn', '--lower-constant-intrinsics', '--loop-instsimplify', '--early-cse', '--mem2reg', '--early-cse-memssa', '--jump-threading', '--globalopt', '--slp-vectorizer', '--instcombine', '--simplifycfg', '--mem2reg', '--lower-constant-intrinsics', '--early-cse', '--prune-eh', '--lower-expect', '--loweratomic', '--elim-avail-extern', '--elim-avail-extern', '--lower-expect', '--slsr']",78,-3.630395205232303,0.0,-0.8407569188748433,0.0,1,-3.630395205232303,-0.8407569188748433,0.5008908414855473,-68.52791878172589,12.351216337232296,11.76470588235294,34
1309,"['--ipsccp', '--speculative-execution', '--sccp', '--early-cse', '--mem2reg', '--jump-threading', '--globalopt', '--elim-avail-extern', '--instcombine', '--adce', '--jump-threading', '--gvn', '--simplifycfg', '--instsimplify', '--inline', '--mergefunc', '--gvn-hoist', '--gvn-hoist', '--instcombine', '--globalopt', '--elim-avail-extern', '--indvars', '--gvn', '--gvn', '--ipsccp', '--gvn', '--nary-reassociate', '--loop-instsimplify', '--early-cse', '--mem2reg', '--jump-threading', '--globalopt', '--elim-avail-extern', '--instcombine', '--simplifycfg', '--sroa', '--mem2reg', '--globaldce', '--gvn-hoist', '--sccp', '--early-cse', '--lower-constant-intrinsics', '--adce', '--slsr', '--gvn-hoist', '--adce', '--loop-simplify', '--dse', '--scalarizer', '--simplifycfg', '--lower-expect', '--simplifycfg', '--gvn-hoist', '--elim-avail-extern', '--lower-constant-intrinsics', '--gvn', '--ipsccp', '--gvn', '--nary-reassociate', '--gvn', '--early-cse', '--irce', '--mem2reg', '--jump-threading', '--globalopt', '--slp-vectorizer', '--instcombine', '--simplifycfg', '--sroa', '--early-cse', '--lower-expect', '--sroa', '--sroa', '--lower-expect', '--aggressive-instcombine']",75,-3.630395205232303,0.0,-0.8407569188748433,0.0,1,-3.630395205232303,-0.8407569188748433,0.5008908414855473,-68.52791878172589,12.351216337232296,11.76470588235294,34
1417,"['--ipsccp', '--speculative-execution', '--sccp', '--early-cse', '--mem2reg', '--jump-threading', '--globalopt', '--elim-avail-extern', '--instcombine', '--adce', '--jump-threading', '--gvn', '--simplifycfg', '--instsimplify', '--inline', '--mergefunc', '--aggressive-instcombine', '--gvn-hoist', '--instcombine', '--globalopt', '--elim-avail-extern', '--indvars', '--gvn', '--gvn', '--ipsccp', '--gvn', '--nary-reassociate', '--loop-instsimplify', '--early-cse', '--mem2reg', '--jump-threading', '--globalopt', '--elim-avail-extern', '--instcombine', '--simplifycfg', '--sroa', '--mem2reg', '--globaldce', '--gvn-hoist', '--sccp', '--early-cse', '--lower-constant-intrinsics', '--adce', '--slsr', '--gvn-hoist', '--adce', '--loop-simplify', '--dse', '--scalarizer', '--simplifycfg', '--lower-expect', '--simplifycfg', '--gvn-hoist', '--elim-avail-extern', '--lower-constant-intrinsics', '--gvn', '--ipsccp', '--gvn', '--nary-reassociate', '--gvn', '--early-cse', '--mem2reg', '--jump-threading', '--globalopt', '--slp-vectorizer', '--instcombine', '--simplifycfg', '--sroa', '--early-cse', '--lower-expect', '--sroa', '--sroa', '--lower-expect', '--gvn-hoist']",74,-3.630395205232303,0.0,-0.8407569188748433,0.0,1,-3.630395205232303,-0.8407569188748433,0.5008908414855473,-68.52791878172589,12.351216337232296,11.76470588235294,34
1325,"['--ipsccp', '--speculative-execution', '--sccp', '--early-cse', '--mem2reg', '--jump-threading', '--globalopt', '--elim-avail-extern', '--instcombine', '--adce', '--jump-threading', '--gvn', '--simplifycfg', '--instsimplify', '--inline', '--mergefunc', '--gvn-hoist', '--gvn-hoist', '--instcombine', '--globalopt', '--elim-avail-extern', '--indvars', '--gvn', '--gvn', '--ipsccp', '--sroa', '--nary-reassociate', '--loop-instsimplify', '--early-cse', '--mem2reg', '--jump-threading', '--globalopt', '--elim-avail-extern', '--instcombine', '--simplifycfg', '--sroa', '--mem2reg', '--globaldce', '--gvn-hoist', '--sccp', '--early-cse', '--lower-constant-intrinsics', '--adce', '--slsr', '--gvn-hoist', '--adce', '--loop-simplify', '--dse', '--scalarizer', '--simplifycfg', '--lower-expect', '--simplifycfg', '--gvn-hoist', '--elim-avail-extern', '--lower-constant-intrinsics', '--gvn', '--ipsccp', '--gvn', '--nary-reassociate', '--gvn', '--early-cse', '--mem2reg', '--jump-threading', '--globalopt', '--slp-vectorizer', '--instcombine', '--simplifycfg', '--sroa', '--early-cse', '--lower-expect', '--sroa', '--lower-expect', '--aggressive-instcombine']",73,-3.630395205232303,0.0,-0.8407569188748433,0.0,1,-3.630395205232303,-0.8407569188748433,0.5008908414855473,-68.52791878172589,12.351216337232296,11.76470588235294,34
1318,"['--speculative-execution', '--sccp', '--early-cse', '--mem2reg', '--jump-threading', '--globalopt', '--elim-avail-extern', '--instcombine', '--adce', '--loop-guard-widening', '--gvn', '--simplifycfg', '--instsimplify', '--inline', '--gvn-hoist', '--mergefunc', '--gvn-hoist', '--instcombine', '--globalopt', '--elim-avail-extern', '--indvars', '--gvn', '--gvn', '--ipsccp', '--gvn', '--nary-reassociate', '--loop-instsimplify', '--early-cse', '--mem2reg', '--jump-threading', '--globalopt', '--instcombine', '--instcombine', '--simplifycfg', '--sroa', '--mem2reg', '--gvn-hoist', '--sccp', '--early-cse', '--lower-constant-intrinsics', '--adce', '--gvn-hoist', '--adce', '--loop-simplify', '--loop-instsimplify', '--dse', '--scalarizer', '--simplifycfg', '--lower-expect', '--simplifycfg', '--gvn-hoist', '--globalopt', '--aggressive-instcombine', '--gvn', '--gvn', '--ipsccp', '--gvn', '--lower-constant-intrinsics', '--loop-instsimplify', '--early-cse', '--mem2reg', '--early-cse-memssa', '--jump-threading', '--globalopt', '--slp-vectorizer', '--instcombine', '--simplifycfg', '--sroa', '--lower-constant-intrinsics', '--early-cse', '--prune-eh', '--lower-expect', '--loweratomic', '--elim-avail-extern', '--elim-avail-extern', '--lower-expect', '--slsr']",77,-3.630395205232303,0.0,-0.8407569188748433,0.0,1,-3.630395205232303,-0.8407569188748433,0.5008908414855473,-68.52791878172589,12.351216337232296,11.76470588235294,34
1402,"['--ipsccp', '--speculative-execution', '--sccp', '--early-cse', '--mem2reg', '--jump-threading', '--globalopt', '--elim-avail-extern', '--instcombine', '--adce', '--jump-threading', '--gvn', '--simplifycfg', '--instsimplify', '--inline', '--mergefunc', '--gvn-hoist', '--gvn-hoist', '--instcombine', '--globalopt', '--elim-avail-extern', '--indvars', '--gvn', '--gvn', '--ipsccp', '--sroa', '--nary-reassociate', '--loop-instsimplify', '--early-cse', '--mem2reg', '--jump-threading', '--globalopt', '--elim-avail-extern', '--instcombine', '--simplifycfg', '--sroa', '--mem2reg', '--globaldce', '--gvn-hoist', '--sccp', '--early-cse', '--lower-constant-intrinsics', '--adce', '--slsr', '--gvn-hoist', '--adce', '--loop-idiom', '--dse', '--scalarizer', '--simplifycfg', '--lower-expect', '--simplifycfg', '--gvn-hoist', '--elim-avail-extern', '--lower-constant-intrinsics', '--gvn', '--ipsccp', '--gvn', '--nary-reassociate', '--gvn', '--early-cse', '--mem2reg', '--irce', '--mem2reg', '--jump-threading', '--globalopt', '--slp-vectorizer', '--instcombine', '--simplifycfg', '--sroa', '--early-cse', '--lower-expect', '--sroa', '--sroa', '--lower-expect', '--aggressive-instcombine']",76,-3.630395205232303,0.0,-0.8407569188748433,0.0,1,-3.630395205232303,-0.8407569188748433,0.5008908414855473,-68.52791878172589,12.351216337232296,11.76470588235294,34
1332,"['--ipsccp', '--speculative-execution', '--sccp', '--early-cse', '--mem2reg', '--jump-threading', '--globalopt', '--elim-avail-extern', '--instcombine', '--adce', '--loop-guard-widening', '--gvn', '--simplifycfg', '--instsimplify', '--inline', '--gvn-hoist', '--mergefunc', '--gvn-hoist', '--instcombine', '--globalopt', '--elim-avail-extern', '--indvars', '--gvn', '--gvn', '--ipsccp', '--gvn', '--nary-reassociate', '--loop-instsimplify', '--early-cse', '--mem2reg', '--jump-threading', '--globalopt', '--instcombine', '--simplifycfg', '--sroa', '--mem2reg', '--globaldce', '--gvn-hoist', '--sccp', '--early-cse', '--lower-constant-intrinsics', '--adce', '--slsr', '--gvn-hoist', '--adce', '--loop-simplify', '--dse', '--scalarizer', '--simplifycfg', '--lower-expect', '--simplifycfg', '--gvn-hoist', '--globalopt', '--elim-avail-extern', '--lower-constant-intrinsics', '--gvn', '--ipsccp', '--gvn', '--nary-reassociate', '--gvn', '--early-cse', '--mem2reg', '--jump-threading', '--globalopt', '--slp-vectorizer', '--instcombine', '--simplifycfg', '--sroa', '--early-cse', '--lower-expect', '--sroa', '--lower-expect', '--aggressive-instcombine']",73,-3.630395205232303,0.0,-0.8407569188748433,0.0,1,-3.630395205232303,-0.8407569188748433,0.5008908414855473,-68.52791878172589,12.351216337232296,11.76470588235294,34
1365,"['--ipsccp', '--speculative-execution', '--sccp', '--early-cse', '--mem2reg', '--jump-threading', '--globalopt', '--elim-avail-extern', '--instcombine', '--adce', '--jump-threading', '--gvn', '--simplifycfg', '--instsimplify', '--inline', '--mergefunc', '--gvn-hoist', '--gvn-hoist', '--instcombine', '--globalopt', '--elim-avail-extern', '--indvars', '--gvn', '--gvn', '--ipsccp', '--sroa', '--nary-reassociate', '--loop-instsimplify', '--early-cse', '--mem2reg', '--jump-threading', '--globalopt', '--elim-avail-extern', '--instcombine', '--simplifycfg', '--sroa', '--mem2reg', '--globaldce', '--gvn-hoist', '--sccp', '--early-cse', '--lower-constant-intrinsics', '--adce', '--slsr', '--gvn-hoist', '--adce', '--loop-simplify', '--dse', '--mergereturn', '--scalarizer', '--simplifycfg', '--lower-expect', '--simplifycfg', '--gvn-hoist', '--elim-avail-extern', '--lower-constant-intrinsics', '--gvn', '--ipsccp', '--gvn', '--nary-reassociate', '--gvn', '--early-cse', '--mem2reg', '--jump-threading', '--globalopt', '--slp-vectorizer', '--instcombine', '--simplifycfg', '--sroa', '--early-cse', '--lower-expect', '--sroa', '--gvn', '--lower-expect', '--aggressive-instcombine']",75,-3.630395205232303,0.0,-0.8407569188748433,0.0,1,-3.630395205232303,-0.8407569188748433,0.5008908414855473,-68.52791878172589,12.351216337232296,11.76470588235294,34
1419,"['--ipsccp', '--speculative-execution', '--sccp', '--early-cse', '--mem2reg', '--jump-threading', '--globalopt', '--elim-avail-extern', '--instcombine', '--adce', '--jump-threading', '--gvn', '--simplifycfg', '--instsimplify', '--inline', '--mergefunc', '--aggressive-instcombine', '--gvn-hoist', '--instcombine', '--globalopt', '--elim-avail-extern', '--indvars', '--gvn', '--gvn', '--ipsccp', '--gvn', '--nary-reassociate', '--loop-instsimplify', '--early-cse', '--mem2reg', '--jump-threading', '--globalopt', '--elim-avail-extern', '--instcombine', '--simplifycfg', '--sroa', '--mem2reg', '--globaldce', '--gvn-hoist', '--sccp', '--early-cse', '--lower-constant-intrinsics', '--adce', '--slsr', '--gvn-hoist', '--adce', '--loop-simplify', '--dse', '--scalarizer', '--simplifycfg', '--lower-expect', '--simplifycfg', '--gvn-hoist', '--elim-avail-extern', '--lower-constant-intrinsics', '--gvn', '--ipsccp', '--gvn', '--nary-reassociate', '--gvn', '--early-cse', '--irce', '--mem2reg', '--jump-threading', '--globalopt', '--strip', '--slp-vectorizer', '--instcombine', '--simplifycfg', '--sroa', '--sroa', '--sroa', '--gvn', '--lower-expect', '--aggressive-instcombine']",75,-3.630395205232303,0.0,-0.8407569188748433,0.0,1,-3.630395205232303,-0.8407569188748433,0.5008908414855473,-68.52791878172589,12.351216337232296,11.76470588235294,34
1399,"['--ipsccp', '--speculative-execution', '--sccp', '--early-cse', '--mem2reg', '--jump-threading', '--loop-vectorize', '--globalopt', '--elim-avail-extern', '--instcombine', '--adce', '--jump-threading', '--gvn', '--simplifycfg', '--instsimplify', '--inline', '--mergefunc', '--gvn-hoist', '--gvn-hoist', '--instcombine', '--globalopt', '--elim-avail-extern', '--indvars', '--gvn', '--gvn', '--ipsccp', '--gvn', '--nary-reassociate', '--loop-instsimplify', '--early-cse', '--mem2reg', '--jump-threading', '--globalopt', '--elim-avail-extern', '--instcombine', '--simplifycfg', '--sroa', '--mem2reg', '--globaldce', '--gvn-hoist', '--sccp', '--early-cse', '--lower-constant-intrinsics', '--adce', '--slsr', '--gvn-hoist', '--adce', '--loop-simplify', '--dse', '--scalarizer', '--simplifycfg', '--lower-expect', '--simplifycfg', '--elim-avail-extern', '--lower-constant-intrinsics', '--ipsccp', '--gvn', '--nary-reassociate', '--gvn', '--early-cse', '--mem2reg', '--jump-threading', '--globalopt', '--slp-vectorizer', '--instcombine', '--simplifycfg', '--sroa', '--early-cse', '--lower-expect', '--sroa', '--sroa', '--lower-expect', '--aggressive-instcombine']",73,-3.630395205232303,0.0,-0.8407569188748433,0.0,1,-3.630395205232303,-0.8407569188748433,0.5008908414855473,-68.52791878172589,12.351216337232296,11.76470588235294,34
1362,"['--speculative-execution', '--speculative-execution', '--sccp', '--ipconstprop', '--early-cse', '--mem2reg', '--jump-threading', '--globalopt', '--elim-avail-extern', '--instcombine', '--adce', '--jump-threading', '--gvn', '--simplifycfg', '--instsimplify', '--inline', '--mergefunc', '--gvn-hoist', '--gvn-hoist', '--instcombine', '--globalopt', '--elim-avail-extern', '--indvars', '--gvn', '--gvn', '--ipsccp', '--sroa', '--nary-reassociate', '--loop-instsimplify', '--early-cse', '--mem2reg', '--jump-threading', '--globalopt', '--elim-avail-extern', '--instcombine', '--simplifycfg', '--sroa', '--mem2reg', '--globaldce', '--gvn-hoist', '--sccp', '--early-cse', '--lower-constant-intrinsics', '--adce', '--slsr', '--gvn-hoist', '--adce', '--loop-simplify', '--dse', '--scalarizer', '--simplifycfg', '--lower-expect', '--simplifycfg', '--gvn-hoist', '--elim-avail-extern', '--lower-constant-intrinsics', '--gvn', '--ipsccp', '--gvn', '--nary-reassociate', '--gvn', '--early-cse', '--mem2reg', '--jump-threading', '--globalopt', '--slp-vectorizer', '--instcombine', '--simplifycfg', '--sroa', '--early-cse', '--lower-expect', '--sroa', '--gvn', '--lower-expect', '--aggressive-instcombine']",75,-3.630395205232303,0.0,-0.8407569188748433,0.0,1,-3.630395205232303,-0.8407569188748433,0.5008908414855473,-68.52791878172589,12.351216337232296,11.76470588235294,34
1395,"['--ipsccp', '--speculative-execution', '--sccp', '--early-cse', '--mem2reg', '--jump-threading', '--globalopt', '--elim-avail-extern', '--instcombine', '--adce', '--jump-threading', '--gvn', '--simplifycfg', '--loop-unroll-and-jam', '--instsimplify', '--inline', '--gvn-hoist', '--mergefunc', '--gvn-hoist', '--instcombine', '--globalopt', '--indvars', '--gvn', '--gvn', '--ipsccp', '--gvn', '--nary-reassociate', '--loop-instsimplify', '--early-cse', '--mem2reg', '--jump-threading', '--globalopt', '--elim-avail-extern', '--instcombine', '--simplifycfg', '--sroa', '--mem2reg', '--globaldce', '--sccp', '--early-cse', '--lower-constant-intrinsics', '--adce', '--slsr', '--gvn-hoist', '--adce', '--loop-simplify', '--dse', '--scalarizer', '--simplifycfg', '--lower-expect', '--simplifycfg', '--gvn-hoist', '--elim-avail-extern', '--lower-constant-intrinsics', '--gvn', '--gvn', '--ipsccp', '--gvn', '--nary-reassociate', '--gvn', '--early-cse', '--mem2reg', '--jump-threading', '--globalopt', '--slp-vectorizer', '--instcombine', '--simplifycfg', '--sroa', '--early-cse', '--lower-expect', '--sroa', '--sroa', '--lower-expect', '--aggressive-instcombine']",74,-3.630395205232303,0.0,-0.8407569188748433,0.0,1,-3.630395205232303,-0.8407569188748433,0.5008908414855473,-68.52791878172589,12.351216337232296,11.76470588235294,34
1333,"['--ipsccp', '--speculative-execution', '--sccp', '--early-cse', '--mem2reg', '--jump-threading', '--globalopt', '--elim-avail-extern', '--instcombine', '--adce', '--jump-threading', '--gvn', '--simplifycfg', '--instsimplify', '--inline', '--mergefunc', '--gvn-hoist', '--instcombine', '--globalopt', '--elim-avail-extern', '--indvars', '--gvn', '--gvn', '--ipsccp', '--gvn', '--nary-reassociate', '--loop-instsimplify', '--early-cse', '--mem2reg', '--jump-threading', '--globalopt', '--instcombine', '--instcombine', '--simplifycfg', '--sroa', '--mem2reg', '--gvn-hoist', '--sccp', '--early-cse', '--lower-constant-intrinsics', '--adce', '--gvn-hoist', '--adce', '--loop-simplify', '--loop-instsimplify', '--dse', '--scalarizer', '--simplifycfg', '--lower-expect', '--simplifycfg', '--gvn-hoist', '--globalopt', '--aggressive-instcombine', '--gvn', '--gvn', '--ipsccp', '--gvn', '--lower-constant-intrinsics', '--loop-instsimplify', '--early-cse', '--mem2reg', '--early-cse-memssa', '--jump-threading', '--globalopt', '--slp-vectorizer', '--instcombine', '--simplifycfg', '--sroa', '--lower-constant-intrinsics', '--early-cse', '--prune-eh', '--lower-expect', '--loweratomic', '--elim-avail-extern', '--elim-avail-extern', '--lower-expect', '--slsr']",77,-3.630395205232303,0.0,-0.8407569188748433,0.0,1,-3.630395205232303,-0.8407569188748433,0.5008908414855473,-68.52791878172589,12.351216337232296,11.76470588235294,34
1393,"['--speculative-execution', '--speculative-execution', '--sccp', '--ipconstprop', '--early-cse', '--mem2reg', '--jump-threading', '--globalopt', '--elim-avail-extern', '--instcombine', '--adce', '--jump-threading', '--gvn', '--simplifycfg', '--instsimplify', '--inline', '--mergefunc', '--gvn-hoist', '--gvn-hoist', '--instcombine', '--globalopt', '--elim-avail-extern', '--indvars', '--gvn', '--gvn', '--ipsccp', '--sroa', '--nary-reassociate', '--loop-instsimplify', '--early-cse', '--mem2reg', '--jump-threading', '--globalopt', '--elim-avail-extern', '--instcombine', '--simplifycfg', '--sroa', '--mem2reg', '--globaldce', '--gvn-hoist', '--sccp', '--early-cse', '--lower-constant-intrinsics', '--adce', '--slsr', '--gvn-hoist', '--adce', '--loop-simplify', '--dse', '--scalarizer', '--simplifycfg', '--early-cse', '--simplifycfg', '--gvn-hoist', '--elim-avail-extern', '--lower-constant-intrinsics', '--gvn', '--ipsccp', '--gvn', '--nary-reassociate', '--gvn', '--early-cse', '--mem2reg', '--jump-threading', '--globalopt', '--slp-vectorizer', '--instcombine', '--simplifycfg', '--sroa', '--lower-expect', '--lower-expect', '--sroa', '--gvn', '--lower-expect', '--aggressive-instcombine']",75,-3.630395205232303,0.0,-0.8407569188748433,0.0,1,-3.630395205232303,-0.8407569188748433,0.5008908414855473,-68.52791878172589,12.351216337232296,11.76470588235294,34
1422,"['--ipsccp', '--speculative-execution', '--sccp', '--early-cse', '--mem2reg', '--jump-threading', '--globalopt', '--elim-avail-extern', '--instcombine', '--adce', '--jump-threading', '--gvn', '--simplifycfg', '--instsimplify', '--inline', '--mergefunc', '--gvn-hoist', '--instcombine', '--gvn-hoist', '--instcombine', '--globalopt', '--elim-avail-extern', '--indvars', '--simplifycfg', '--gvn', '--ipsccp', '--sroa', '--nary-reassociate', '--loop-instsimplify', '--early-cse', '--mem2reg', '--jump-threading', '--globalopt', '--elim-avail-extern', '--instcombine', '--simplifycfg', '--sroa', '--mem2reg', '--globaldce', '--gvn-hoist', '--sccp', '--early-cse', '--lower-constant-intrinsics', '--adce', '--slsr', '--gvn-hoist', '--adce', '--loop-simplify', '--dse', '--scalarizer', '--gvn', '--lower-expect', '--simplifycfg', '--gvn-hoist', '--elim-avail-extern', '--lower-constant-intrinsics', '--gvn', '--ipsccp', '--gvn', '--nary-reassociate', '--gvn', '--early-cse', '--mem2reg', '--jump-threading', '--globalopt', '--slp-vectorizer', '--instcombine', '--simplifycfg', '--sroa', '--early-cse', '--lower-expect', '--sroa', '--gvn', '--lower-expect', '--aggressive-instcombine']",75,-3.630395205232303,0.0,-0.8407569188748433,0.0,1,-3.630395205232303,-0.8407569188748433,0.5008908414855473,-68.52791878172589,12.351216337232296,11.76470588235294,34
1391,"['--ipsccp', '--speculative-execution', '--sccp', '--early-cse', '--mem2reg', '--jump-threading', '--globalopt', '--elim-avail-extern', '--instcombine', '--adce', '--jump-threading', '--gvn', '--simplifycfg', '--instsimplify', '--inline', '--mergefunc', '--gvn-hoist', '--gvn-hoist', '--instcombine', '--globalopt', '--elim-avail-extern', '--indvars', '--gvn', '--gvn', '--ipsccp', '--gvn', '--nary-reassociate', '--loop-instsimplify', '--early-cse', '--mem2reg', '--jump-threading', '--globalopt', '--elim-avail-extern', '--instcombine', '--simplifycfg', '--sroa', '--mem2reg', '--aggressive-instcombine', '--gvn-hoist', '--sccp', '--early-cse', '--lower-constant-intrinsics', '--adce', '--gvn-hoist', '--adce', '--loop-simplify', '--dse', '--scalarizer', '--simplifycfg', '--lower-expect', '--simplifycfg', '--gvn-hoist', '--elim-avail-extern', '--lower-constant-intrinsics', '--gvn', '--ipsccp', '--gvn', '--nary-reassociate', '--gvn', '--instsimplify', '--early-cse', '--mem2reg', '--jump-threading', '--globalopt', '--slp-vectorizer', '--instcombine', '--simplifycfg', '--sroa', '--instcombine', '--simplifycfg', '--mem2reg', '--sroa', '--lower-constant-intrinsics', '--early-cse', '--lower-expect', '--lower-expect', '--loweratomic', '--elim-avail-extern', '--elim-avail-extern', '--slsr']",80,-3.630395205232303,0.0,-0.8407569188748433,0.0,1,-3.630395205232303,-0.8407569188748433,0.5008908414855473,-68.52791878172589,12.351216337232296,11.76470588235294,34
2130,"['--ipsccp', '--speculative-execution', '--sccp', '--early-cse', '--mem2reg', '--jump-threading', '--globalopt', '--elim-avail-extern', '--instcombine', '--adce', '--jump-threading', '--gvn', '--simplifycfg', '--instsimplify', '--inline', '--mergefunc', '--gvn-hoist', '--instcombine', '--globalopt', '--elim-avail-extern', '--indvars', '--gvn', '--gvn', '--ipsccp', '--gvn', '--nary-reassociate', '--loop-instsimplify', '--early-cse', '--mem2reg', '--jump-threading', '--globalopt', '--jump-threading', '--bdce', '--elim-avail-extern', '--instcombine', '--simplifycfg', '--sroa', '--mem2reg', '--globaldce', '--gvn-hoist', '--sccp', '--early-cse', '--lower-constant-intrinsics', '--adce', '--slsr', '--gvn-hoist', '--adce', '--loop-simplify', '--dse', '--scalarizer', '--simplifycfg', '--lower-expect', '--simplifycfg', '--elim-avail-extern', '--lower-constant-intrinsics', '--ipsccp', '--gvn', '--nary-reassociate', '--gvn', '--early-cse', '--mem2reg', '--jump-threading', '--globalopt', '--slp-vectorizer', '--instcombine', '--simplifycfg', '--sroa', '--early-cse', '--lower-expect', '--sroa', '--sroa', '--lower-expect', '--aggressive-instcombine']",73,-3.630395205232303,0.0,-0.8407569188748433,0.0,1,-3.630395205232303,-0.8407569188748433,0.5008908414855473,-68.52791878172589,12.351216337232296,11.76470588235294,34
1255,"['--ipsccp', '--speculative-execution', '--sccp', '--early-cse', '--mem2reg', '--jump-threading', '--globalopt', '--elim-avail-extern', '--instcombine', '--adce', '--jump-threading', '--gvn', '--simplifycfg', '--instsimplify', '--inline', '--mergefunc', '--gvn-hoist', '--gvn-hoist', '--instcombine', '--globalopt', '--elim-avail-extern', '--indvars', '--gvn', '--gvn', '--ipsccp', '--gvn', '--nary-reassociate', '--loop-instsimplify', '--early-cse', '--mem2reg', '--jump-threading', '--globalopt', '--elim-avail-extern', '--instcombine', '--simplifycfg', '--sroa', '--mem2reg', '--globaldce', '--gvn-hoist', '--sccp', '--early-cse', '--lower-constant-intrinsics', '--adce', '--slsr', '--gvn-hoist', '--adce', '--loop-simplify', '--dse', '--scalarizer', '--simplifycfg', '--lower-expect', '--simplifycfg', '--gvn-hoist', '--elim-avail-extern', '--lower-constant-intrinsics', '--gvn', '--ipsccp', '--gvn', '--nary-reassociate', '--gvn', '--early-cse', '--mem2reg', '--jump-threading', '--globalopt', '--slp-vectorizer', '--instcombine', '--simplifycfg', '--sroa', '--early-cse', '--lower-expect', '--sroa', '--sroa', '--lower-expect', '--aggressive-instcombine']",74,-3.630395205232303,0.0,-0.8407569188748433,0.0,1,-3.630395205232303,-0.8407569188748433,0.5008908414855473,-68.52791878172589,12.351216337232296,11.76470588235294,34
1424,"['--ipsccp', '--speculative-execution', '--sccp', '--early-cse', '--mem2reg', '--jump-threading', '--globalopt', '--elim-avail-extern', '--instcombine', '--adce', '--jump-threading', '--gvn', '--simplifycfg', '--instcombine', '--instsimplify', '--inline', '--mergefunc', '--gvn-hoist', '--gvn-hoist', '--instcombine', '--globalopt', '--elim-avail-extern', '--indvars', '--gvn', '--gvn', '--ipsccp', '--gvn', '--nary-reassociate', '--loop-instsimplify', '--early-cse', '--mem2reg', '--jump-threading', '--globalopt', '--elim-avail-extern', '--instcombine', '--simplifycfg', '--sroa', '--mem2reg', '--globaldce', '--gvn-hoist', '--sccp', '--early-cse', '--lower-constant-intrinsics', '--adce', '--slsr', '--gvn-hoist', '--adce', '--loop-simplify', '--dse', '--scalarizer', '--simplifycfg', '--lower-expect', '--simplifycfg', '--gvn-hoist', '--elim-avail-extern', '--lower-constant-intrinsics', '--gvn', '--ipsccp', '--gvn', '--nary-reassociate', '--functionattrs', '--gvn', '--early-cse', '--irce', '--mem2reg', '--jump-threading', '--globalopt', '--slp-vectorizer', '--instcombine', '--simplifycfg', '--sroa', '--early-cse', '--lower-expect', '--sroa', '--sroa', '--lower-expect', '--aggressive-instcombine']",77,-3.630395205232303,0.0,-0.8407569188748433,0.0,1,-3.630395205232303,-0.8407569188748433,0.5008908414855473,-68.52791878172589,12.351216337232296,11.76470588235294,34
1390,"['--ipsccp', '--speculative-execution', '--sccp', '--early-cse', '--mem2reg', '--jump-threading', '--globalopt', '--elim-avail-extern', '--instcombine', '--adce', '--jump-threading', '--gvn', '--simplifycfg', '--instsimplify', '--inline', '--mergefunc', '--gvn-hoist', '--gvn-hoist', '--sroa', '--globalopt', '--elim-avail-extern', '--indvars', '--gvn', '--gvn', '--ipsccp', '--instcombine', '--nary-reassociate', '--loop-instsimplify', '--early-cse', '--mem2reg', '--jump-threading', '--globalopt', '--elim-avail-extern', '--instcombine', '--simplifycfg', '--sroa', '--mem2reg', '--globaldce', '--gvn-hoist', '--sccp', '--early-cse', '--lower-constant-intrinsics', '--adce', '--slsr', '--gvn-hoist', '--adce', '--loop-simplify', '--dse', '--scalarizer', '--simplifycfg', '--lower-expect', '--simplifycfg', '--gvn-hoist', '--elim-avail-extern', '--lower-constant-intrinsics', '--gvn', '--ipsccp', '--gvn', '--nary-reassociate', '--gvn', '--early-cse', '--mem2reg', '--jump-threading', '--globalopt', '--slp-vectorizer', '--instcombine', '--simplifycfg', '--sroa', '--early-cse', '--lower-expect', '--sroa', '--lower-expect', '--aggressive-instcombine']",73,-3.630395205232303,0.0,-0.8407569188748433,0.0,1,-3.630395205232303,-0.8407569188748433,0.5008908414855473,-68.52791878172589,12.351216337232296,11.76470588235294,34
1430,"['--ipsccp', '--speculative-execution', '--sccp', '--early-cse', '--mem2reg', '--jump-threading', '--globalopt', '--elim-avail-extern', '--instcombine', '--adce', '--loop-guard-widening', '--gvn', '--simplifycfg', '--instsimplify', '--inline', '--mergefunc', '--gvn-hoist', '--gvn-hoist', '--globalopt', '--elim-avail-extern', '--indvars', '--gvn', '--gvn', '--ipsccp', '--gvn', '--nary-reassociate', '--loop-instsimplify', '--early-cse', '--mem2reg', '--jump-threading', '--globalopt', '--elim-avail-extern', '--instcombine', '--simplifycfg', '--sroa', '--mem2reg', '--globaldce', '--gvn-hoist', '--sccp', '--early-cse', '--lower-constant-intrinsics', '--adce', '--slsr', '--gvn-hoist', '--adce', '--loop-simplify', '--dse', '--scalarizer', '--simplifycfg', '--lower-expect', '--simplifycfg', '--globalopt', '--aggressive-instcombine', '--gvn', '--gvn', '--strip', '--gvn', '--lower-constant-intrinsics', '--loop-instsimplify', '--early-cse', '--mem2reg', '--early-cse-memssa', '--jump-threading', '--globalopt', '--slp-vectorizer', '--instcombine', '--simplifycfg', '--mem2reg', '--lower-constant-intrinsics', '--early-cse', '--prune-eh', '--lower-expect', '--loweratomic', '--elim-avail-extern', '--elim-avail-extern', '--lower-expect', '--slsr']",77,-3.630395205232303,0.0,-0.8407569188748433,0.0,1,-3.630395205232303,-0.8407569188748433,0.5008908414855473,-68.52791878172589,12.351216337232296,11.76470588235294,34
1367,"['--ipsccp', '--speculative-execution', '--sccp', '--early-cse', '--mem2reg', '--jump-threading', '--globalopt', '--elim-avail-extern', '--instcombine', '--adce', '--jump-threading', '--gvn', '--simplifycfg', '--instsimplify', '--inline', '--mergefunc', '--gvn-hoist', '--gvn-hoist', '--instcombine', '--globalopt', '--elim-avail-extern', '--indvars', '--gvn', '--gvn', '--ipsccp', '--gvn', '--nary-reassociate', '--loop-instsimplify', '--early-cse', '--mem2reg', '--jump-threading', '--globalopt', '--elim-avail-extern', '--instcombine', '--simplifycfg', '--sroa', '--mem2reg', '--globaldce', '--gvn-hoist', '--sccp', '--early-cse', '--lower-constant-intrinsics', '--adce', '--slsr', '--gvn-hoist', '--adce', '--loop-simplify', '--dse', '--scalarizer', '--simplifycfg', '--lower-expect', '--simplifycfg', '--gvn-hoist', '--lower-constant-intrinsics', '--gvn', '--ipsccp', '--gvn', '--nary-reassociate', '--gvn', '--early-cse', '--mem2reg', '--jump-threading', '--globalopt', '--slp-vectorizer', '--instcombine', '--simplifycfg', '--sroa', '--early-cse', '--lower-expect', '--sroa', '--sroa', '--lower-expect', '--aggressive-instcombine']",73,-3.630395205232303,0.0,-0.8407569188748433,0.0,1,-3.630395205232303,-0.8407569188748433,0.5008908414855473,-68.52791878172589,12.351216337232296,11.76470588235294,34
1336,"['--ipsccp', '--speculative-execution', '--sccp', '--early-cse', '--mem2reg', '--jump-threading', '--elim-avail-extern', '--instcombine', '--adce', '--aggressive-instcombine', '--gvn', '--simplifycfg', '--instsimplify', '--inline', '--mergefunc', '--gvn-hoist', '--gvn-hoist', '--instcombine', '--globalopt', '--elim-avail-extern', '--indvars', '--gvn', '--gvn', '--ipsccp', '--gvn', '--loop-instsimplify', '--early-cse', '--mem2reg', '--jump-threading', '--globalopt', '--elim-avail-extern', '--instcombine', '--simplifycfg', '--sroa', '--mem2reg', '--globaldce', '--gvn-hoist', '--sccp', '--early-cse', '--lower-constant-intrinsics', '--lower-constant-intrinsics', '--adce', '--slsr', '--gvn-hoist', '--adce', '--loop-simplify', '--dse', '--scalarizer', '--simplifycfg', '--lower-expect', '--simplifycfg', '--gvn-hoist', '--elim-avail-extern', '--lower-constant-intrinsics', '--gvn', '--ipsccp', '--gvn', '--nary-reassociate', '--gvn', '--early-cse', '--mem2reg', '--jump-threading', '--globalopt', '--slp-vectorizer', '--instcombine', '--simplifycfg', '--sroa', '--early-cse', '--lower-expect', '--sroa', '--gvn', '--lower-expect', '--aggressive-instcombine']",73,-3.630395205232303,0.0,-0.8407569188748433,0.0,1,-3.630395205232303,-0.8407569188748433,0.5008908414855473,-68.52791878172589,12.351216337232296,11.76470588235294,34
1474,"['--ipsccp', '--speculative-execution', '--sccp', '--early-cse', '--mem2reg', '--jump-threading', '--globalopt', '--elim-avail-extern', '--instcombine', '--adce', '--jump-threading', '--gvn', '--simplifycfg', '--instsimplify', '--inline', '--mergefunc', '--gvn-hoist', '--gvn-hoist', '--instcombine', '--globalopt', '--elim-avail-extern', '--indvars', '--gvn', '--gvn', '--gvn', '--gvn', '--nary-reassociate', '--loop-instsimplify', '--early-cse', '--jump-threading', '--globalopt', '--elim-avail-extern', '--instcombine', '--simplifycfg', '--sroa', '--mem2reg', '--globaldce', '--gvn-hoist', '--sccp', '--early-cse', '--lower-constant-intrinsics', '--adce', '--slsr', '--gvn-hoist', '--loop-simplify', '--dse', '--scalarizer', '--simplifycfg', '--lower-expect', '--simplifycfg', '--gvn-hoist', '--gvn-hoist', '--elim-avail-extern', '--lower-constant-intrinsics', '--gvn', '--ipsccp', '--gvn', '--nary-reassociate', '--gvn', '--early-cse', '--mem2reg', '--jump-threading', '--globalopt', '--slp-vectorizer', '--instcombine', '--simplifycfg', '--sroa', '--early-cse', '--lower-expect', '--sroa', '--sroa', '--lower-expect', '--aggressive-instcombine']",73,-3.630395205232303,0.0,-0.8407569188748433,0.0,1,-3.630395205232303,-0.8407569188748433,0.5008908414855473,-68.52791878172589,12.351216337232296,11.76470588235294,34
1819,"['--ipsccp', '--speculative-execution', '--sccp', '--early-cse', '--mem2reg', '--jump-threading', '--globalopt', '--elim-avail-extern', '--instcombine', '--adce', '--jump-threading', '--gvn', '--simplifycfg', '--hotcoldsplit', '--inline', '--mergefunc', '--gvn-hoist', '--instcombine', '--globalopt', '--elim-avail-extern', '--separate-const-offset-from-gep', '--indvars', '--gvn-hoist', '--gvn', '--gvn', '--ipsccp', '--gvn', '--nary-reassociate', '--loop-instsimplify', '--early-cse', '--mem2reg', '--jump-threading', '--globalopt', '--jump-threading', '--bdce', '--elim-avail-extern', '--instcombine', '--simplifycfg', '--sroa', '--mem2reg', '--globaldce', '--gvn-hoist', '--sccp', '--early-cse', '--lower-expect', '--lower-constant-intrinsics', '--adce', '--slsr', '--gvn-hoist', '--adce', '--loop-simplify', '--dse', '--scalarizer', '--lower-expect', '--simplifycfg', '--elim-avail-extern', '--lower-constant-intrinsics', '--ipsccp', '--gvn', '--nary-reassociate', '--adce', '--early-cse', '--mem2reg', '--jump-threading', '--globalopt', '--slp-vectorizer', '--instcombine', '--simplifycfg', '--early-cse', '--lower-expect', '--sroa', '--sroa', '--lower-expect', '--aggressive-instcombine']",74,-3.630395205232303,0.0,-0.8407569188748433,0.0,1,-3.630395205232303,-0.8407569188748433,0.5008908414855473,-68.52791878172589,12.351216337232296,11.76470588235294,34
1306,"['--ipsccp', '--speculative-execution', '--sccp', '--early-cse', '--mem2reg', '--jump-threading', '--globalopt', '--elim-avail-extern', '--instcombine', '--adce', '--jump-threading', '--gvn', '--simplifycfg', '--instsimplify', '--inline', '--mergefunc', '--gvn-hoist', '--gvn-hoist', '--instcombine', '--globalopt', '--elim-avail-extern', '--indvars', '--gvn', '--gvn', '--ipsccp', '--sroa', '--nary-reassociate', '--loop-instsimplify', '--early-cse', '--mem2reg', '--jump-threading', '--globalopt', '--elim-avail-extern', '--instcombine', '--simplifycfg', '--sroa', '--mem2reg', '--globaldce', '--gvn-hoist', '--sccp', '--early-cse', '--lower-constant-intrinsics', '--adce', '--slsr', '--gvn-hoist', '--adce', '--loop-simplify', '--dse', '--scalarizer', '--simplifycfg', '--lower-expect', '--simplifycfg', '--gvn-hoist', '--elim-avail-extern', '--lower-constant-intrinsics', '--gvn', '--ipsccp', '--gvn', '--nary-reassociate', '--gvn', '--early-cse', '--mem2reg', '--jump-threading', '--globalopt', '--slp-vectorizer', '--instcombine', '--simplifycfg', '--sroa', '--early-cse', '--lower-expect', '--sroa', '--gvn', '--lower-expect', '--aggressive-instcombine']",74,-3.630395205232303,0.0,-0.8407569188748433,0.0,1,-3.630395205232303,-0.8407569188748433,0.5008908414855473,-68.52791878172589,12.351216337232296,11.76470588235294,34
2216,"['--ipsccp', '--speculative-execution', '--sccp', '--early-cse', '--mem2reg', '--jump-threading', '--globalopt', '--elim-avail-extern', '--instcombine', '--loop-instsimplify', '--jump-threading', '--gvn', '--simplifycfg', '--hotcoldsplit', '--inline', '--mergefunc', '--gvn-hoist', '--loop-vectorize', '--elim-avail-extern', '--globalopt', '--instcombine', '--indvars', '--gvn', '--gvn', '--ipsccp', '--gvn', '--nary-reassociate', '--loop-instsimplify', '--early-cse', '--mem2reg', '--jump-threading', '--globalopt', '--jump-threading', '--bdce', '--elim-avail-extern', '--instcombine', '--simplifycfg', '--sroa', '--mem2reg', '--globaldce', '--gvn-hoist', '--sccp', '--early-cse', '--lower-constant-intrinsics', '--adce', '--slsr', '--gvn-hoist', '--adce', '--loop-simplify', '--dse', '--scalarizer', '--simplifycfg', '--lower-expect', '--simplifycfg', '--elim-avail-extern', '--lower-constant-intrinsics', '--ipsccp', '--gvn', '--nary-reassociate', '--gvn', '--early-cse', '--mem2reg', '--jump-threading', '--globalopt', '--slp-vectorizer', '--instcombine', '--simplifycfg', '--sroa', '--early-cse', '--lower-expect', '--sroa', '--sroa', '--lower-expect', '--aggressive-instcombine']",74,-3.630395205232303,0.0,-0.8407569188748433,0.0,1,-3.630395205232303,-0.8407569188748433,0.5008908414855473,-68.52791878172589,12.351216337232296,11.76470588235294,34
1289,"['--ipsccp', '--speculative-execution', '--sccp', '--early-cse', '--mem2reg', '--jump-threading', '--globalopt', '--elim-avail-extern', '--instcombine', '--adce', '--jump-threading', '--gvn', '--simplifycfg', '--instsimplify', '--inline', '--mergefunc', '--gvn-hoist', '--gvn-hoist', '--instcombine', '--globalopt', '--elim-avail-extern', '--indvars', '--gvn', '--gvn', '--ipsccp', '--gvn', '--nary-reassociate', '--loop-instsimplify', '--early-cse', '--mem2reg', '--jump-threading', '--globalopt', '--elim-avail-extern', '--instcombine', '--simplifycfg', '--sroa', '--mem2reg', '--aggressive-instcombine', '--gvn-hoist', '--sccp', '--early-cse', '--lower-constant-intrinsics', '--adce', '--gvn-hoist', '--adce', '--loop-simplify', '--dse', '--scalarizer', '--simplifycfg', '--lower-expect', '--simplifycfg', '--gvn-hoist', '--elim-avail-extern', '--lower-constant-intrinsics', '--gvn', '--ipsccp', '--gvn', '--nary-reassociate', '--gvn', '--early-cse', '--mem2reg', '--jump-threading', '--globalopt', '--slp-vectorizer', '--instcombine', '--simplifycfg', '--sroa', '--instcombine', '--simplifycfg', '--mem2reg', '--sroa', '--lower-constant-intrinsics', '--early-cse', '--lower-expect', '--lower-expect', '--loweratomic', '--elim-avail-extern', '--elim-avail-extern', '--slsr']",79,-3.630395205232303,0.0,-0.8407569188748433,0.0,1,-3.630395205232303,-0.8407569188748433,0.5008908414855473,-68.52791878172589,12.351216337232296,11.76470588235294,34
2036,"['--ipsccp', '--speculative-execution', '--sccp', '--early-cse', '--mem2reg', '--jump-threading', '--elim-avail-extern', '--instcombine', '--adce', '--loop-interchange', '--aggressive-instcombine', '--gvn', '--simplifycfg', '--instsimplify', '--inline', '--mergefunc', '--gvn-hoist', '--gvn-hoist', '--instcombine', '--globalopt', '--elim-avail-extern', '--indvars', '--gvn', '--gvn', '--ipsccp', '--gvn', '--nary-reassociate', '--loop-instsimplify', '--early-cse', '--mem2reg', '--jump-threading', '--globalopt', '--elim-avail-extern', '--instcombine', '--simplifycfg', '--partially-inline-libcalls', '--simplifycfg', '--sroa', '--mem2reg', '--globaldce', '--gvn-hoist', '--sccp', '--early-cse', '--lower-constant-intrinsics', '--adce', '--slsr', '--gvn-hoist', '--adce', '--loop-simplify', '--dse', '--scalarizer', '--simplifycfg', '--lower-expect', '--simplifycfg', '--elim-avail-extern', '--lower-constant-intrinsics', '--ipsccp', '--gvn', '--nary-reassociate', '--gvn', '--early-cse', '--mem2reg', '--jump-threading', '--globalopt', '--slp-vectorizer', '--instcombine', '--simplifycfg', '--early-cse', '--lower-expect', '--sroa', '--sroa', '--lower-expect', '--aggressive-instcombine']",73,-3.630395205232303,0.0,-0.8407569188748433,0.0,1,-3.630395205232303,-0.8407569188748433,0.5008908414855473,-68.52791878172589,12.351216337232296,11.76470588235294,34
2238,"['--simplifycfg', '--speculative-execution', '--sccp', '--early-cse', '--mem2reg', '--jump-threading', '--globalopt', '--elim-avail-extern', '--instcombine', '--loop-instsimplify', '--jump-threading', '--gvn', '--simplifycfg', '--instsimplify', '--inline', '--mergefunc', '--gvn-hoist', '--instcombine', '--loop-sink', '--globalopt', '--elim-avail-extern', '--indvars', '--gvn', '--gvn', '--ipsccp', '--gvn', '--nary-reassociate', '--adce', '--early-cse', '--mem2reg', '--jump-threading', '--globalopt', '--elim-avail-extern', '--instcombine', '--simplifycfg', '--sroa', '--mem2reg', '--globaldce', '--gvn-hoist', '--adce', '--early-cse', '--lower-constant-intrinsics', '--sccp', '--slsr', '--gvn-hoist', '--adce', '--loop-simplify', '--adce', '--loop-simplify', '--loop-simplify', '--dse', '--scalarizer', '--simplifycfg', '--lower-expect', '--simplifycfg', '--elim-avail-extern', '--ipsccp', '--loop-simplify', '--nary-reassociate', '--gvn', '--early-cse', '--mem2reg', '--jump-threading', '--globalopt', '--slp-vectorizer', '--instcombine', '--simplifycfg', '--sroa', '--early-cse', '--lower-expect', '--sroa', '--lower-expect', '--simplifycfg', '--aggressive-instcombine']",74,-3.630395205232303,0.0,-0.8407569188748433,0.0,1,-3.630395205232303,-0.8407569188748433,0.5008908414855473,-68.52791878172589,12.351216337232296,11.76470588235294,34
1717,"['--ipsccp', '--speculative-execution', '--sccp', '--early-cse', '--mem2reg', '--jump-threading', '--globalopt', '--elim-avail-extern', '--instcombine', '--adce', '--jump-threading', '--gvn', '--simplifycfg', '--instsimplify', '--inline', '--mergefunc', '--gvn-hoist', '--instcombine', '--globalopt', '--elim-avail-extern', '--indvars', '--flattencfg', '--gvn', '--gvn', '--ipsccp', '--gvn', '--nary-reassociate', '--adce', '--early-cse', '--mem2reg', '--jump-threading', '--globalopt', '--elim-avail-extern', '--instcombine', '--simplifycfg', '--sroa', '--mem2reg', '--globaldce', '--gvn-hoist', '--sccp', '--early-cse', '--lower-constant-intrinsics', '--adce', '--slsr', '--gvn-hoist', '--adce', '--loop-simplify', '--adce', '--loop-simplify', '--dse', '--scalarizer', '--simplifycfg', '--lower-expect', '--nary-reassociate', '--elim-avail-extern', '--lower-constant-intrinsics', '--slsr', '--ipsccp', '--gvn', '--nary-reassociate', '--gvn', '--early-cse', '--mem2reg', '--jump-threading', '--globalopt', '--slp-vectorizer', '--instcombine', '--simplifycfg', '--sroa', '--early-cse', '--lower-expect', '--sroa', '--sroa', '--lower-expect', '--simplifycfg', '--aggressive-instcombine']",76,-3.630395205232303,0.0,-0.8407569188748433,0.0,1,-3.630395205232303,-0.8407569188748433,0.5008908414855473,-68.52791878172589,12.351216337232296,11.76470588235294,34
1816,"['--ipsccp', '--speculative-execution', '--gvn-hoist', '--early-cse', '--mergefunc', '--ipsccp', '--mem2reg', '--jump-threading', '--globalopt', '--elim-avail-extern', '--instcombine', '--loop-instsimplify', '--jump-threading', '--gvn', '--simplifycfg', '--instsimplify', '--inline', '--mergefunc', '--gvn-hoist', '--instcombine', '--loop-interchange', '--indvars', '--gvn', '--gvn', '--ipsccp', '--gvn', '--nary-reassociate', '--adce', '--early-cse', '--mem2reg', '--mem2reg', '--jump-threading', '--globalopt', '--jump-threading', '--bdce', '--elim-avail-extern', '--instcombine', '--simplifycfg', '--sroa', '--mem2reg', '--sroa', '--gvn-hoist', '--sccp', '--early-cse', '--lower-constant-intrinsics', '--lower-constant-intrinsics', '--adce', '--slsr', '--gvn-hoist', '--adce', '--loop-simplify', '--dse', '--scalarizer', '--simplifycfg', '--lower-expect', '--simplifycfg', '--elim-avail-extern', '--lower-constant-intrinsics', '--ipsccp', '--nary-reassociate', '--gvn', '--jump-threading', '--globalopt', '--slp-vectorizer', '--instcombine', '--simplifycfg', '--sroa', '--early-cse', '--lower-expect', '--globaldce', '--sroa', '--lower-expect', '--aggressive-instcombine']",73,-3.630395205232303,0.0,-0.8407569188748433,0.0,1,-3.630395205232303,-0.8407569188748433,0.5008908414855473,-68.52791878172589,12.351216337232296,11.76470588235294,34
1684,"['--ipsccp', '--speculative-execution', '--sccp', '--early-cse', '--mem2reg', '--jump-threading', '--elim-avail-extern', '--instcombine', '--adce', '--loop-interchange', '--aggressive-instcombine', '--gvn', '--simplifycfg', '--instsimplify', '--inline', '--mergefunc', '--gvn-hoist', '--gvn-hoist', '--instcombine', '--globalopt', '--elim-avail-extern', '--indvars', '--gvn', '--gvn', '--ipsccp', '--gvn', '--nary-reassociate', '--adce', '--early-cse', '--mem2reg', '--jump-threading', '--globalopt', '--elim-avail-extern', '--instcombine', '--simplifycfg', '--sroa', '--mem2reg', '--globaldce', '--gvn-hoist', '--sccp', '--early-cse', '--lower-constant-intrinsics', '--adce', '--slsr', '--gvn-hoist', '--adce', '--loop-simplify', '--dse', '--scalarizer', '--simplifycfg', '--lower-expect', '--simplifycfg', '--gvn-hoist', '--elim-avail-extern', '--ipsccp', '--gvn', '--nary-reassociate', '--gvn', '--early-cse', '--mem2reg', '--jump-threading', '--globalopt', '--slp-vectorizer', '--instcombine', '--simplifycfg', '--sroa', '--early-cse', '--lower-expect', '--sroa', '--sroa', '--lower-expect', '--aggressive-instcombine']",72,-3.630395205232303,0.0,-0.8407569188748433,0.0,1,-3.630395205232303,-0.8407569188748433,0.5008908414855473,-68.52791878172589,12.351216337232296,11.76470588235294,34
1893,"['--ipsccp', '--speculative-execution', '--indvars', '--early-cse', '--mem2reg', '--jump-threading', '--globalopt', '--elim-avail-extern', '--instcombine', '--loop-instsimplify', '--jump-threading', '--gvn', '--simplifycfg', '--instsimplify', '--inline', '--slsr', '--mergefunc', '--gvn-hoist', '--instcombine', '--globalopt', '--elim-avail-extern', '--indvars', '--sccp', '--gvn', '--gvn', '--ipsccp', '--globaldce', '--nary-reassociate', '--adce', '--early-cse', '--mem2reg', '--jump-threading', '--globalopt', '--elim-avail-extern', '--simplifycfg', '--sroa', '--mem2reg', '--globaldce', '--gvn-hoist', '--sccp', '--lower-constant-intrinsics', '--adce', '--gvn', '--slsr', '--gvn-hoist', '--adce', '--loop-simplify', '--adce', '--loop-simplify', '--dse', '--scalarizer', '--simplifycfg', '--lower-expect', '--nary-reassociate', '--elim-avail-extern', '--elim-avail-extern', '--lower-constant-intrinsics', '--gvn', '--ipsccp', '--gvn', '--nary-reassociate', '--gvn', '--early-cse', '--mem2reg', '--jump-threading', '--globalopt', '--slp-vectorizer', '--instcombine', '--simplifycfg', '--sroa', '--early-cse', '--lower-expect', '--sroa', '--lower-expect', '--aggressive-instcombine']",75,-3.630395205232303,0.0,-0.8407569188748433,0.0,1,-3.630395205232303,-0.8407569188748433,0.5008908414855473,-68.52791878172589,12.351216337232296,11.76470588235294,34
1270,"['--ipsccp', '--speculative-execution', '--sccp', '--early-cse', '--mem2reg', '--jump-threading', '--globalopt', '--elim-avail-extern', '--instcombine', '--adce', '--jump-threading', '--gvn', '--simplifycfg', '--instsimplify', '--inline', '--mergefunc', '--gvn-hoist', '--gvn-hoist', '--instcombine', '--globalopt', '--elim-avail-extern', '--indvars', '--gvn', '--gvn', '--ipsccp', '--gvn', '--elim-avail-extern', '--loop-instsimplify', '--early-cse', '--mem2reg', '--jump-threading', '--globalopt', '--nary-reassociate', '--instcombine', '--simplifycfg', '--sroa', '--mem2reg', '--globaldce', '--gvn-hoist', '--sccp', '--early-cse', '--lower-constant-intrinsics', '--adce', '--slsr', '--gvn-hoist', '--adce', '--loop-simplify', '--dse', '--scalarizer', '--simplifycfg', '--lower-expect', '--simplifycfg', '--gvn-hoist', '--elim-avail-extern', '--lower-constant-intrinsics', '--gvn', '--ipsccp', '--gvn', '--nary-reassociate', '--gvn', '--early-cse', '--mem2reg', '--jump-threading', '--globalopt', '--slp-vectorizer', '--instcombine', '--simplifycfg', '--sroa', '--early-cse', '--lower-expect', '--sroa', '--sroa', '--lower-expect', '--aggressive-instcombine']",74,-3.630395205232303,0.0,-0.8407569188748433,0.0,1,-3.630395205232303,-0.8407569188748433,0.5008908414855473,-68.52791878172589,12.351216337232296,11.76470588235294,34
2185,"['--ipsccp', '--speculative-execution', '--sccp', '--early-cse', '--mem2reg', '--jump-threading', '--globalopt', '--elim-avail-extern', '--instcombine', '--loop-instsimplify', '--jump-threading', '--gvn', '--simplifycfg', '--instsimplify', '--inline', '--mergefunc', '--gvn-hoist', '--instcombine', '--globalopt', '--elim-avail-extern', '--indvars', '--lowerinvoke', '--gvn', '--gvn', '--ipsccp', '--gvn', '--nary-reassociate', '--adce', '--early-cse', '--mem2reg', '--jump-threading', '--correlated-propagation', '--mem2reg', '--memcpyopt', '--globalopt', '--jump-threading', '--bdce', '--elim-avail-extern', '--instcombine', '--simplifycfg', '--sroa', '--loop-simplify', '--adce', '--gvn-hoist', '--slsr', '--gvn-hoist', '--adce', '--loop-simplify', '--adce', '--dse', '--scalarizer', '--simplifycfg', '--lower-expect', '--simplifycfg', '--elim-avail-extern', '--lower-constant-intrinsics', '--ipsccp', '--gvn', '--elim-avail-extern', '--gvn', '--early-cse', '--mem2reg', '--jump-threading', '--globalopt', '--slp-vectorizer', '--instcombine', '--simplifycfg', '--sroa', '--early-cse', '--lower-expect', '--sroa', '--sroa', '--lower-expect', '--aggressive-instcombine']",74,-3.630395205232303,0.0,-0.8407569188748433,0.0,1,-3.630395205232303,-0.8407569188748433,0.5008908414855473,-68.52791878172589,12.351216337232296,11.76470588235294,34
1992,"['--ipsccp', '--speculative-execution', '--sccp', '--early-cse', '--mem2reg', '--jump-threading', '--elim-avail-extern', '--instcombine', '--instsimplify', '--adce', '--loop-interchange', '--aggressive-instcombine', '--gvn', '--instsimplify', '--simplifycfg', '--inline', '--globaldce', '--mergefunc', '--gvn-hoist', '--gvn-hoist', '--instcombine', '--elim-avail-extern', '--functionattrs', '--indvars', '--gvn', '--gvn', '--gvn', '--gvn', '--ipsccp', '--gvn', '--nary-reassociate', '--loop-instsimplify', '--early-cse', '--mem2reg', '--jump-threading', '--globalopt', '--elim-avail-extern', '--instcombine', '--simplifycfg', '--sroa', '--mem2reg', '--globaldce', '--gvn-hoist', '--sccp', '--early-cse', '--lower-constant-intrinsics', '--adce', '--slsr', '--gvn-hoist', '--adce', '--loop-simplify', '--dse', '--scalarizer', '--simplifycfg', '--lower-expect', '--simplifycfg', '--elim-avail-extern', '--lower-constant-intrinsics', '--ipsccp', '--gvn', '--nary-reassociate', '--gvn', '--early-cse', '--mem2reg', '--jump-threading', '--globalopt', '--slp-vectorizer', '--instcombine', '--simplifycfg', '--early-cse', '--lower-expect', '--sroa', '--sroa', '--lower-expect', '--aggressive-instcombine']",75,-3.630395205232303,0.0,-0.8407569188748433,0.0,1,-3.630395205232303,-0.8407569188748433,0.5008908414855473,-68.52791878172589,12.351216337232296,11.76470588235294,34
1514,"['--ipsccp', '--speculative-execution', '--sccp', '--early-cse', '--mem2reg', '--jump-threading', '--globalopt', '--elim-avail-extern', '--instcombine', '--adce', '--jump-threading', '--gvn', '--simplifycfg', '--instsimplify', '--inline', '--mergefunc', '--gvn-hoist', '--gvn-hoist', '--sroa', '--globalopt', '--elim-avail-extern', '--indvars', '--gvn', '--gvn', '--ipsccp', '--instcombine', '--nary-reassociate', '--loop-instsimplify', '--early-cse', '--mem2reg', '--jump-threading', '--globalopt', '--elim-avail-extern', '--instcombine', '--simplifycfg', '--sroa', '--mem2reg', '--globaldce', '--gvn-hoist', '--sccp', '--early-cse', '--lower-constant-intrinsics', '--adce', '--slsr', '--gvn-hoist', '--adce', '--loop-simplify', '--dse', '--scalarizer', '--simplifycfg', '--lower-expect', '--loop-unroll-and-jam', '--simplifycfg', '--gvn-hoist', '--gvn', '--ipsccp', '--gvn', '--nary-reassociate', '--gvn', '--early-cse', '--mem2reg', '--jump-threading', '--globalopt', '--slp-vectorizer', '--instcombine', '--simplifycfg', '--sroa', '--early-cse', '--lower-expect', '--sroa', '--lower-expect', '--aggressive-instcombine']",72,-3.630395205232303,0.0,-0.8407569188748433,0.0,1,-3.630395205232303,-0.8407569188748433,0.5008908414855473,-68.52791878172589,12.351216337232296,11.76470588235294,34
1500,"['--ipsccp', '--speculative-execution', '--sccp', '--early-cse', '--mem2reg', '--jump-threading', '--elim-avail-extern', '--instcombine', '--adce', '--loop-interchange', '--aggressive-instcombine', '--gvn', '--simplifycfg', '--instsimplify', '--inline', '--mergefunc', '--gvn-hoist', '--gvn-hoist', '--instcombine', '--instcombine', '--globalopt', '--indvars', '--gvn', '--gvn', '--ipsccp', '--gvn', '--nary-reassociate', '--loop-instsimplify', '--early-cse', '--mem2reg', '--jump-threading', '--globalopt', '--elim-avail-extern', '--instcombine', '--simplifycfg', '--sroa', '--mem2reg', '--globaldce', '--sccp', '--early-cse', '--lower-constant-intrinsics', '--adce', '--slsr', '--gvn-hoist', '--adce', '--loop-simplify', '--dse', '--scalarizer', '--simplifycfg', '--lower-expect', '--simplifycfg', '--gvn-hoist', '--elim-avail-extern', '--lower-constant-intrinsics', '--gvn', '--ipsccp', '--gvn', '--nary-reassociate', '--gvn', '--globalopt', '--mem2reg', '--jump-threading', '--early-cse', '--slp-vectorizer', '--instcombine', '--simplifycfg', '--sroa', '--early-cse', '--lower-expect', '--sroa', '--sroa', '--lower-expect', '--aggressive-instcombine']",73,-3.630395205232303,0.0,-0.8407569188748433,0.0,1,-3.630395205232303,-0.8407569188748433,0.5008908414855473,-68.52791878172589,12.351216337232296,11.76470588235294,34
1335,"['--ipsccp', '--speculative-execution', '--sccp', '--early-cse', '--mem2reg', '--jump-threading', '--globalopt', '--elim-avail-extern', '--instcombine', '--adce', '--jump-threading', '--gvn', '--simplifycfg', '--loop-unroll-and-jam', '--instsimplify', '--inline', '--gvn-hoist', '--mergefunc', '--gvn-hoist', '--instcombine', '--globalopt', '--indvars', '--gvn', '--gvn', '--ipsccp', '--gvn', '--nary-reassociate', '--loop-instsimplify', '--early-cse', '--mem2reg', '--jump-threading', '--globalopt', '--elim-avail-extern', '--instcombine', '--simplifycfg', '--sroa', '--mem2reg', '--globaldce', '--gvn-hoist', '--sccp', '--early-cse', '--lower-constant-intrinsics', '--adce', '--slsr', '--gvn-hoist', '--adce', '--loop-simplify', '--dse', '--scalarizer', '--simplifycfg', '--lower-expect', '--simplifycfg', '--gvn-hoist', '--elim-avail-extern', '--lower-constant-intrinsics', '--gvn', '--ipsccp', '--gvn', '--nary-reassociate', '--gvn', '--early-cse', '--mem2reg', '--jump-threading', '--globalopt', '--slp-vectorizer', '--instcombine', '--simplifycfg', '--sroa', '--early-cse', '--lower-expect', '--sroa', '--sroa', '--lower-expect', '--aggressive-instcombine']",74,-3.630395205232303,0.0,-0.8407569188748433,0.0,1,-3.630395205232303,-0.8407569188748433,0.5008908414855473,-68.52791878172589,12.351216337232296,11.76470588235294,34
1478,"['--ipsccp', '--speculative-execution', '--sccp', '--early-cse', '--mem2reg', '--jump-threading', '--globalopt', '--elim-avail-extern', '--instcombine', '--adce', '--jump-threading', '--gvn', '--simplifycfg', '--instsimplify', '--inline', '--mergefunc', '--gvn-hoist', '--instcombine', '--instcombine', '--globalopt', '--elim-avail-extern', '--indvars', '--gvn', '--gvn', '--ipsccp', '--sroa', '--nary-reassociate', '--loop-instsimplify', '--early-cse', '--mem2reg', '--jump-threading', '--globalopt', '--elim-avail-extern', '--instcombine', '--simplifycfg', '--sroa', '--mem2reg', '--globaldce', '--gvn-hoist', '--loop-idiom', '--sccp', '--early-cse', '--lower-constant-intrinsics', '--adce', '--slsr', '--gvn-hoist', '--adce', '--loop-idiom', '--dse', '--scalarizer', '--simplifycfg', '--lower-expect', '--simplifycfg', '--gvn-hoist', '--elim-avail-extern', '--lower-constant-intrinsics', '--gvn', '--ipsccp', '--gvn', '--nary-reassociate', '--gvn', '--early-cse', '--mem2reg', '--irce', '--mem2reg', '--jump-threading', '--globalopt', '--slp-vectorizer', '--instcombine', '--simplifycfg', '--sroa', '--early-cse', '--lower-expect', '--sroa', '--sroa', '--lower-expect', '--aggressive-instcombine']",77,-3.630395205232303,0.0,-0.8407569188748433,0.0,1,-3.630395205232303,-0.8407569188748433,0.5008908414855473,-68.52791878172589,12.351216337232296,11.76470588235294,34
1762,"['--ipsccp', '--speculative-execution', '--sccp', '--early-cse', '--mergefunc', '--ipsccp', '--mem2reg', '--jump-threading', '--globalopt', '--elim-avail-extern', '--instcombine', '--loop-instsimplify', '--jump-threading', '--gvn', '--simplifycfg', '--instsimplify', '--inline', '--mergefunc', '--gvn-hoist', '--instcombine', '--globalopt', '--elim-avail-extern', '--sroa', '--indvars', '--gvn', '--gvn', '--nary-reassociate', '--adce', '--early-cse', '--mem2reg', '--jump-threading', '--globalopt', '--elim-avail-extern', '--globalopt', '--elim-avail-extern', '--instcombine', '--simplifycfg', '--sroa', '--mem2reg', '--globaldce', '--gvn-hoist', '--irce', '--early-cse', '--lower-constant-intrinsics', '--adce', '--slsr', '--gvn-hoist', '--adce', '--loop-simplify', '--dse', '--scalarizer', '--simplifycfg', '--lower-expect', '--simplifycfg', '--gvn-hoist', '--lower-constant-intrinsics', '--slsr', '--ipsccp', '--gvn', '--nary-reassociate', '--gvn', '--early-cse', '--mem2reg', '--jump-threading', '--globalopt', '--slp-vectorizer', '--instcombine', '--simplifycfg', '--sroa', '--early-cse', '--lower-expect', '--sroa', '--sroa', '--lower-expect', '--simplifycfg', '--aggressive-instcombine']",76,-3.630395205232303,0.0,-0.8407569188748433,0.0,1,-3.630395205232303,-0.8407569188748433,0.5008908414855473,-68.52791878172589,12.351216337232296,11.76470588235294,34
1305,"['--ipsccp', '--speculative-execution', '--sccp', '--early-cse', '--mem2reg', '--jump-threading', '--globalopt', '--elim-avail-extern', '--instcombine', '--adce', '--jump-threading', '--gvn', '--simplifycfg', '--instsimplify', '--inline', '--mergefunc', '--gvn-hoist', '--gvn-hoist', '--instcombine', '--globalopt', '--elim-avail-extern', '--indvars', '--gvn', '--gvn', '--ipsccp', '--gvn', '--nary-reassociate', '--loop-instsimplify', '--early-cse', '--mem2reg', '--jump-threading', '--globalopt', '--elim-avail-extern', '--instcombine', '--simplifycfg', '--sroa', '--mem2reg', '--aggressive-instcombine', '--gvn-hoist', '--sccp', '--early-cse', '--lower-constant-intrinsics', '--adce', '--gvn-hoist', '--adce', '--loop-simplify', '--dse', '--scalarizer', '--simplifycfg', '--lower-expect', '--simplifycfg', '--gvn-hoist', '--elim-avail-extern', '--lower-constant-intrinsics', '--gvn', '--ipsccp', '--gvn', '--nary-reassociate', '--gvn', '--early-cse', '--mem2reg', '--jump-threading', '--globalopt', '--slp-vectorizer', '--instcombine', '--simplifycfg', '--sroa', '--early-cse', '--simplifycfg', '--sroa', '--hotcoldsplit', '--early-cse', '--lower-expect', '--lower-expect', '--loweratomic', '--elim-avail-extern', '--elim-avail-extern', '--lower-expect', '--slsr']",79,-3.630395205232303,0.0,-0.8407569188748433,0.0,1,-3.630395205232303,-0.8407569188748433,0.5008908414855473,-68.52791878172589,12.351216337232296,11.76470588235294,34
2367,"['--ipsccp', '--speculative-execution', '--sccp', '--lower-constant-intrinsics', '--early-cse', '--mem2reg', '--mergefunc', '--jump-threading', '--globalopt', '--elim-avail-extern', '--instcombine', '--loop-instsimplify', '--jump-threading', '--gvn', '--simplifycfg', '--instsimplify', '--inline', '--mergefunc', '--gvn-hoist', '--instcombine', '--globalopt', '--elim-avail-extern', '--loweratomic', '--indvars', '--indvars', '--gvn', '--gvn', '--ipsccp', '--gvn', '--nary-reassociate', '--adce', '--early-cse', '--mem2reg', '--jump-threading', '--globalopt', '--elim-avail-extern', '--instcombine', '--simplifycfg', '--sroa', '--mem2reg', '--globaldce', '--simplifycfg', '--sccp', '--early-cse', '--lower-constant-intrinsics', '--adce', '--slsr', '--gvn-hoist', '--adce', '--loop-simplify', '--dse', '--scalarizer', '--simplifycfg', '--lower-expect', '--gvn-hoist', '--simplifycfg', '--lower-expect', '--simplifycfg', '--elim-avail-extern', '--lower-constant-intrinsics', '--ipsccp', '--gvn', '--nary-reassociate', '--gvn', '--early-cse', '--loop-guard-widening', '--jump-threading', '--globalopt', '--slp-vectorizer', '--instcombine', '--slp-vectorizer', '--sroa', '--lower-expect', '--simplifycfg', '--aggressive-instcombine']",75,-3.6322165350974527,0.0,-0.8876134164497291,0.0,1,-3.6322165350974527,-0.8876134164497291,0.5620873773639496,-67.00507614213198,12.018005904072147,11.76470588235294,34
1721,"['--ipsccp', '--speculative-execution', '--sccp', '--early-cse', '--mem2reg', '--jump-threading', '--globalopt', '--elim-avail-extern', '--instcombine', '--adce', '--jump-threading', '--gvn', '--loop-sink', '--simplifycfg', '--instsimplify', '--inline', '--mergefunc', '--gvn-hoist', '--instcombine', '--globalopt', '--elim-avail-extern', '--indvars', '--elim-avail-extern', '--indvars', '--gvn', '--gvn', '--ipsccp', '--gvn', '--nary-reassociate', '--loop-instsimplify', '--early-cse', '--mem2reg', '--jump-threading', '--globalopt', '--elim-avail-extern', '--instcombine', '--simplifycfg', '--sroa', '--mem2reg', '--globaldce', '--gvn-hoist', '--sccp', '--early-cse', '--lower-constant-intrinsics', '--adce', '--slsr', '--gvn-hoist', '--adce', '--loop-simplify', '--dse', '--scalarizer', '--simplifycfg', '--lower-expect', '--simplifycfg', '--elim-avail-extern', '--lower-constant-intrinsics', '--ipsccp', '--gvn', '--nary-reassociate', '--gvn', '--inferattrs', '--mem2reg', '--jump-threading', '--globalopt', '--slp-vectorizer', '--instcombine', '--sroa', '--early-cse', '--lower-expect', '--sroa', '--sroa', '--lower-expect', '--aggressive-instcombine']",73,-3.6326908563373577,0.0,-0.870901861846697,0.0,1,-3.6326908563373577,-0.870901861846697,0.5008908414855473,-67.00507614213198,12.148085775993941,11.76470588235294,34
1466,"['--ipsccp', '--speculative-execution', '--ipsccp', '--early-cse', '--mem2reg', '--jump-threading', '--globalopt', '--elim-avail-extern', '--instcombine', '--adce', '--jump-threading', '--lower-expect', '--simplifycfg', '--instsimplify', '--inline', '--mergefunc', '--aggressive-instcombine', '--gvn-hoist', '--instcombine', '--globalopt', '--elim-avail-extern', '--indvars', '--gvn', '--gvn', '--ipsccp', '--gvn', '--nary-reassociate', '--loop-instsimplify', '--early-cse', '--mem2reg', '--jump-threading', '--globalopt', '--elim-avail-extern', '--instcombine', '--simplifycfg', '--sroa', '--mem2reg', '--globaldce', '--gvn-hoist', '--sccp', '--early-cse', '--lower-constant-intrinsics', '--adce', '--slsr', '--gvn-hoist', '--adce', '--loop-simplify', '--dse', '--scalarizer', '--simplifycfg', '--lower-expect', '--simplifycfg', '--gvn-hoist', '--lowerinvoke', '--elim-avail-extern', '--lower-constant-intrinsics', '--gvn', '--ipsccp', '--gvn', '--nary-reassociate', '--gvn', '--early-cse', '--irce', '--mem2reg', '--jump-threading', '--globalopt', '--slp-vectorizer', '--instcombine', '--simplifycfg', '--sroa', '--early-cse', '--lower-expect', '--sroa', '--sroa', '--lower-expect', '--aggressive-instcombine']",76,-3.633338521659754,0.0,-0.8324056684326606,0.0,1,-3.633338521659754,-0.8324056684326606,0.5008908414855473,-69.03553299492386,12.443283879823177,11.76470588235294,34
1849,"['--ipsccp', '--speculative-execution', '--sccp', '--early-cse', '--mem2reg', '--jump-threading', '--globalopt', '--elim-avail-extern', '--instcombine', '--loop-instsimplify', '--jump-threading', '--gvn', '--simplifycfg', '--instsimplify', '--inline', '--mergefunc', '--gvn-hoist', '--instcombine', '--globalopt', '--elim-avail-extern', '--indvars', '--instcombine', '--gvn', '--gvn', '--ipsccp', '--gvn', '--ipsccp', '--gvn', '--nary-reassociate', '--adce', '--early-cse', '--mem2reg', '--jump-threading', '--globalopt', '--elim-avail-extern', '--instcombine', '--simplifycfg', '--sroa', '--mem2reg', '--globaldce', '--gvn-hoist', '--sccp', '--early-cse', '--lower-constant-intrinsics', '--adce', '--slsr', '--gvn-hoist', '--adce', '--loop-simplify', '--dse', '--scalarizer', '--simplifycfg', '--lower-expect', '--simplifycfg', '--sccp', '--elim-avail-extern', '--lower-constant-intrinsics', '--gvn', '--gvn', '--early-cse', '--mem2reg', '--jump-threading', '--globalopt', '--slp-vectorizer', '--instcombine', '--simplifycfg', '--sroa', '--early-cse', '--lower-expect', '--sroa', '--lower-expect', '--simplifycfg', '--aggressive-instcombine']",73,-3.635905407729794,0.0,-0.8485172789555511,0.0,1,-3.635905407729794,-0.8485172789555511,0.5008908414855473,-68.52791878172589,12.348115661601899,11.76470588235294,34
1903,"['--ipsccp', '--speculative-execution', '--sccp', '--early-cse', '--mem2reg', '--jump-threading', '--globalopt', '--elim-avail-extern', '--instcombine', '--loop-instsimplify', '--jump-threading', '--gvn', '--simplifycfg', '--instsimplify', '--inline', '--mergefunc', '--gvn-hoist', '--instcombine', '--globalopt', '--elim-avail-extern', '--indvars', '--indvars', '--elim-avail-extern', '--indvars', '--simplifycfg', '--gvn', '--nary-reassociate', '--loop-instsimplify', '--early-cse', '--mem2reg', '--jump-threading', '--globalopt', '--jump-threading', '--bdce', '--elim-avail-extern', '--instcombine', '--simplifycfg', '--sroa', '--mem2reg', '--globaldce', '--gvn-hoist', '--sccp', '--early-cse', '--lower-constant-intrinsics', '--adce', '--slsr', '--gvn-hoist', '--adce', '--loop-simplify', '--dse', '--scalarizer', '--elim-avail-extern', '--lower-expect', '--simplifycfg', '--elim-avail-extern', '--jump-threading', '--lower-constant-intrinsics', '--ipsccp', '--gvn', '--dce', '--gvn', '--early-cse', '--globalopt', '--slp-vectorizer', '--instcombine', '--gvn', '--sroa', '--early-cse', '--lower-expect', '--sroa', '--sroa', '--lower-expect', '--aggressive-instcombine']",73,-3.638950842515624,0.0,-0.8805135496590769,0.0,1,-3.638950842515624,-0.8805135496590769,0.5008908414855473,-67.00507614213198,12.138597979183748,11.76470588235294,34
1379,"['--ipsccp', '--speculative-execution', '--sccp', '--early-cse', '--mem2reg', '--jump-threading', '--globalopt', '--elim-avail-extern', '--instcombine', '--adce', '--gvn', '--gvn', '--simplifycfg', '--instsimplify', '--inline', '--mergefunc', '--gvn-hoist', '--gvn-hoist', '--instcombine', '--globalopt', '--elim-avail-extern', '--elim-avail-extern', '--indvars', '--gvn', '--gvn', '--gvn', '--nary-reassociate', '--loop-instsimplify', '--early-cse', '--mem2reg', '--jump-threading', '--globalopt', '--instcombine', '--simplifycfg', '--sroa', '--gvn-hoist', '--sccp', '--sccp', '--early-cse', '--lower-constant-intrinsics', '--adce', '--gvn-hoist', '--adce', '--loop-simplify', '--dse', '--scalarizer', '--simplifycfg', '--lower-expect', '--simplifycfg', '--gvn-hoist', '--elim-avail-extern', '--lower-constant-intrinsics', '--jump-threading', '--ipsccp', '--gvn', '--nary-reassociate', '--gvn', '--early-cse', '--mem2reg', '--jump-threading', '--globalopt', '--slp-vectorizer', '--instcombine', '--simplifycfg', '--sroa', '--early-cse', '--lower-expect', '--sroa', '--sroa', '--lower-expect', '--aggressive-instcombine']",71,-3.6391505313290557,0.0,-0.852835672347485,0.0,1,-3.6391505313290557,-0.852835672347485,0.5008908414855473,-68.52791878172589,12.34817894715501,11.76470588235294,34
1241,"['--ipsccp', '--speculative-execution', '--sccp', '--early-cse', '--mem2reg', '--jump-threading', '--globalopt', '--elim-avail-extern', '--instcombine', '--adce', '--loop-guard-widening', '--gvn', '--simplifycfg', '--instsimplify', '--inline', '--gvn-hoist', '--mergefunc', '--gvn-hoist', '--instcombine', '--globalopt', '--elim-avail-extern', '--indvars', '--gvn', '--gvn', '--ipsccp', '--gvn', '--nary-reassociate', '--loop-instsimplify', '--early-cse', '--mem2reg', '--jump-threading', '--globalopt', '--instcombine', '--instcombine', '--simplifycfg', '--sroa', '--mem2reg', '--gvn-hoist', '--sccp', '--early-cse', '--lower-constant-intrinsics', '--adce', '--gvn-hoist', '--adce', '--loop-simplify', '--loop-instsimplify', '--dse', '--scalarizer', '--simplifycfg', '--lower-expect', '--simplifycfg', '--gvn-hoist', '--elim-avail-extern', '--lower-constant-intrinsics', '--gvn', '--ipsccp', '--gvn', '--nary-reassociate', '--gvn', '--early-cse', '--mem2reg', '--jump-threading', '--globalopt', '--slp-vectorizer', '--instcombine', '--simplifycfg', '--sroa', '--early-cse', '--lower-expect', '--sroa', '--sroa', '--lower-expect', '--aggressive-instcombine']",73,-3.6391505313290557,0.0,-0.852835672347485,0.0,1,-3.6391505313290557,-0.852835672347485,0.5008908414855473,-68.52791878172589,12.34817894715501,11.76470588235294,34
1381,"['--ipsccp', '--speculative-execution', '--sccp', '--early-cse', '--mem2reg', '--jump-threading', '--globalopt', '--elim-avail-extern', '--instcombine', '--adce', '--jump-threading', '--gvn', '--simplifycfg', '--instsimplify', '--inline', '--mergefunc', '--gvn-hoist', '--gvn-hoist', '--globalopt', '--elim-avail-extern', '--indvars', '--gvn', '--ipsccp', '--gvn', '--nary-reassociate', '--loop-instsimplify', '--early-cse', '--mem2reg', '--jump-threading', '--globalopt', '--elim-avail-extern', '--instcombine', '--simplifycfg', '--sroa', '--mem2reg', '--globaldce', '--gvn-hoist', '--sccp', '--early-cse', '--lower-constant-intrinsics', '--adce', '--gvn-hoist', '--adce', '--loop-simplify', '--dse', '--scalarizer', '--loop-sink', '--scalarizer', '--simplifycfg', '--lower-expect', '--simplifycfg', '--gvn-hoist', '--elim-avail-extern', '--lower-constant-intrinsics', '--gvn', '--ipsccp', '--gvn', '--nary-reassociate', '--gvn', '--early-cse', '--mem2reg', '--jump-threading', '--globalopt', '--slp-vectorizer', '--instcombine', '--simplifycfg', '--sroa', '--early-cse', '--lower-expect', '--sroa', '--sroa', '--lower-expect', '--aggressive-instcombine']",73,-3.6391505313290557,0.0,-0.852835672347485,0.0,1,-3.6391505313290557,-0.852835672347485,0.5008908414855473,-68.52791878172589,12.34817894715501,11.76470588235294,34
1324,"['--ipsccp', '--speculative-execution', '--sccp', '--early-cse', '--mem2reg', '--jump-threading', '--globalopt', '--elim-avail-extern', '--instcombine', '--adce', '--jump-threading', '--gvn', '--simplifycfg', '--instsimplify', '--inline', '--mergefunc', '--gvn-hoist', '--gvn-hoist', '--instcombine', '--globalopt', '--elim-avail-extern', '--indvars', '--gvn', '--gvn', '--ipsccp', '--gvn', '--nary-reassociate', '--loop-instsimplify', '--early-cse', '--mem2reg', '--jump-threading', '--globalopt', '--elim-avail-extern', '--instcombine', '--simplifycfg', '--sroa', '--mem2reg', '--aggressive-instcombine', '--gvn-hoist', '--sccp', '--early-cse', '--lower-constant-intrinsics', '--adce', '--gvn-hoist', '--adce', '--loop-simplify', '--dse', '--scalarizer', '--simplifycfg', '--lower-expect', '--simplifycfg', '--gvn-hoist', '--elim-avail-extern', '--lower-constant-intrinsics', '--gvn', '--ipsccp', '--gvn', '--nary-reassociate', '--gvn', '--early-cse', '--sccp', '--mem2reg', '--jump-threading', '--globalopt', '--slp-vectorizer', '--instcombine', '--simplifycfg', '--sroa', '--early-cse', '--lower-expect', '--sroa', '--sroa', '--lower-expect', '--globaldce']",74,-3.6391505313290557,0.0,-0.852835672347485,0.0,1,-3.6391505313290557,-0.852835672347485,0.5008908414855473,-68.52791878172589,12.34817894715501,11.76470588235294,34
1388,"['--ipsccp', '--speculative-execution', '--sccp', '--early-cse', '--mem2reg', '--jump-threading', '--globalopt', '--elim-avail-extern', '--instcombine', '--adce', '--jump-threading', '--gvn', '--simplifycfg', '--instsimplify', '--inline', '--mergefunc', '--gvn-hoist', '--gvn-hoist', '--instcombine', '--globalopt', '--elim-avail-extern', '--indvars', '--gvn', '--gvn', '--ipsccp', '--gvn', '--nary-reassociate', '--loop-instsimplify', '--early-cse', '--mem2reg', '--jump-threading', '--globalopt', '--elim-avail-extern', '--instcombine', '--simplifycfg', '--sroa', '--mem2reg', '--aggressive-instcombine', '--gvn-hoist', '--sccp', '--lower-constant-intrinsics', '--adce', '--gvn-hoist', '--adce', '--loop-simplify', '--dse', '--scalarizer', '--simplifycfg', '--lower-expect', '--simplifycfg', '--gvn-hoist', '--elim-avail-extern', '--lower-constant-intrinsics', '--gvn', '--ipsccp', '--gvn', '--nary-reassociate', '--gvn', '--early-cse', '--mem2reg', '--globalopt', '--slp-vectorizer', '--instcombine', '--simplifycfg', '--sroa', '--early-cse', '--lower-expect', '--sroa', '--sroa', '--lower-expect', '--aggressive-instcombine']",71,-3.6391505313290557,0.0,-0.852835672347485,0.0,1,-3.6391505313290557,-0.852835672347485,0.5008908414855473,-68.52791878172589,12.34817894715501,11.76470588235294,34
1322,"['--ipsccp', '--speculative-execution', '--sccp', '--early-cse', '--mem2reg', '--jump-threading', '--globalopt', '--elim-avail-extern', '--instcombine', '--adce', '--jump-threading', '--gvn', '--simplifycfg', '--instsimplify', '--inline', '--mergefunc', '--gvn-hoist', '--gvn-hoist', '--instcombine', '--globalopt', '--elim-avail-extern', '--indvars', '--gvn', '--gvn', '--ipsccp', '--gvn', '--nary-reassociate', '--loop-simplify', '--early-cse', '--mem2reg', '--jump-threading', '--globalopt', '--elim-avail-extern', '--instcombine', '--simplifycfg', '--sroa', '--gvn-hoist', '--globaldce', '--gvn-hoist', '--sccp', '--early-cse', '--lower-constant-intrinsics', '--adce', '--mem2reg', '--strip', '--loop-instsimplify', '--dse', '--scalarizer', '--simplifycfg', '--lower-expect', '--simplifycfg', '--gvn-hoist', '--elim-avail-extern', '--lower-constant-intrinsics', '--gvn', '--ipsccp', '--gvn', '--nary-reassociate', '--gvn', '--early-cse', '--mem2reg', '--jump-threading', '--globalopt', '--slp-vectorizer', '--instcombine', '--simplifycfg', '--sroa', '--early-cse', '--lower-expect', '--sroa', '--sroa', '--lower-expect', '--aggressive-instcombine']",73,-3.6391505313290557,0.0,-0.852835672347485,0.0,1,-3.6391505313290557,-0.852835672347485,0.5008908414855473,-68.52791878172589,12.34817894715501,11.76470588235294,34
1470,"['--ipsccp', '--speculative-execution', '--sccp', '--early-cse', '--mem2reg', '--jump-threading', '--globalopt', '--elim-avail-extern', '--instcombine', '--adce', '--jump-threading', '--gvn', '--simplifycfg', '--instsimplify', '--inline', '--mergefunc', '--gvn-hoist', '--instcombine', '--globalopt', '--elim-avail-extern', '--indvars', '--gvn', '--gvn', '--ipsccp', '--gvn', '--nary-reassociate', '--loop-instsimplify', '--early-cse', '--mem2reg', '--jump-threading', '--globalopt', '--elim-avail-extern', '--instcombine', '--simplifycfg', '--sroa', '--mem2reg', '--gvn', '--gvn-hoist', '--sccp', '--early-cse', '--lower-constant-intrinsics', '--adce', '--gvn-hoist', '--adce', '--loop-simplify', '--dse', '--scalarizer', '--simplifycfg', '--lower-expect', '--simplifycfg', '--gvn-hoist', '--elim-avail-extern', '--lower-constant-intrinsics', '--gvn', '--ipsccp', '--gvn', '--nary-reassociate', '--gvn', '--early-cse', '--mem2reg', '--jump-threading', '--globalopt', '--slp-vectorizer', '--instcombine', '--simplifycfg', '--sroa', '--early-cse', '--lower-expect', '--sroa', '--sroa', '--lower-expect', '--aggressive-instcombine']",72,-3.6391505313290557,0.0,-0.852835672347485,0.0,1,-3.6391505313290557,-0.852835672347485,0.5008908414855473,-68.52791878172589,12.34817894715501,11.76470588235294,34
1360,"['--ipsccp', '--speculative-execution', '--sccp', '--globalopt', '--early-cse', '--mem2reg', '--jump-threading', '--globalopt', '--elim-avail-extern', '--instcombine', '--adce', '--jump-threading', '--gvn', '--simplifycfg', '--inline', '--mergefunc', '--gvn-hoist', '--gvn-hoist', '--instcombine', '--globalopt', '--elim-avail-extern', '--indvars', '--gvn', '--gvn', '--ipsccp', '--gvn', '--nary-reassociate', '--loop-instsimplify', '--early-cse', '--mem2reg', '--jump-threading', '--speculative-execution', '--elim-avail-extern', '--instcombine', '--simplifycfg', '--sroa', '--mem2reg', '--globaldce', '--gvn-hoist', '--sccp', '--early-cse', '--lower-constant-intrinsics', '--adce', '--gvn-hoist', '--adce', '--loop-simplify', '--dse', '--scalarizer', '--simplifycfg', '--lower-expect', '--simplifycfg', '--gvn-hoist', '--elim-avail-extern', '--lower-constant-intrinsics', '--gvn', '--ipsccp', '--gvn', '--nary-reassociate', '--gvn', '--early-cse', '--mem2reg', '--jump-threading', '--globalopt', '--slp-vectorizer', '--instcombine', '--simplifycfg', '--sroa', '--early-cse', '--lower-expect', '--sroa', '--sroa', '--lower-expect', '--aggressive-instcombine']",73,-3.6391505313290557,0.0,-0.852835672347485,0.0,1,-3.6391505313290557,-0.852835672347485,0.5008908414855473,-68.52791878172589,12.34817894715501,11.76470588235294,34
1328,"['--ipsccp', '--speculative-execution', '--sccp', '--early-cse', '--mem2reg', '--jump-threading', '--globalopt', '--elim-avail-extern', '--instcombine', '--adce', '--gvn', '--gvn', '--simplifycfg', '--instsimplify', '--inline', '--mergefunc', '--gvn-hoist', '--gvn-hoist', '--instcombine', '--globalopt', '--elim-avail-extern', '--elim-avail-extern', '--indvars', '--gvn', '--gvn', '--ipsccp', '--gvn', '--nary-reassociate', '--loop-instsimplify', '--early-cse', '--mem2reg', '--jump-threading', '--globalopt', '--instcombine', '--simplifycfg', '--sroa', '--gvn-hoist', '--sccp', '--sccp', '--early-cse', '--lower-constant-intrinsics', '--adce', '--gvn-hoist', '--adce', '--loop-simplify', '--dse', '--scalarizer', '--simplifycfg', '--lower-expect', '--simplifycfg', '--gvn-hoist', '--elim-avail-extern', '--lower-constant-intrinsics', '--jump-threading', '--ipsccp', '--gvn', '--nary-reassociate', '--gvn', '--early-cse', '--mem2reg', '--jump-threading', '--globalopt', '--slp-vectorizer', '--instcombine', '--simplifycfg', '--sroa', '--early-cse', '--lower-expect', '--sroa', '--sroa', '--lower-expect', '--aggressive-instcombine']",72,-3.6391505313290557,0.0,-0.852835672347485,0.0,1,-3.6391505313290557,-0.852835672347485,0.5008908414855473,-68.52791878172589,12.34817894715501,11.76470588235294,34
1338,"['--ipsccp', '--speculative-execution', '--sccp', '--early-cse', '--mem2reg', '--jump-threading', '--globalopt', '--elim-avail-extern', '--instcombine', '--adce', '--jump-threading', '--gvn', '--simplifycfg', '--instsimplify', '--inline', '--mergefunc', '--gvn-hoist', '--gvn-hoist', '--instcombine', '--globalopt', '--elim-avail-extern', '--indvars', '--gvn', '--gvn', '--ipsccp', '--gvn', '--nary-reassociate', '--loop-simplify', '--early-cse', '--mem2reg', '--jump-threading', '--globalopt', '--elim-avail-extern', '--instcombine', '--simplifycfg', '--sroa', '--mem2reg', '--globaldce', '--gvn-hoist', '--sccp', '--early-cse', '--lower-constant-intrinsics', '--adce', '--gvn', '--gvn-hoist', '--adce', '--loop-simplify', '--dse', '--scalarizer', '--simplifycfg', '--lower-expect', '--simplifycfg', '--gvn-hoist', '--elim-avail-extern', '--lower-constant-intrinsics', '--gvn', '--ipsccp', '--gvn', '--nary-reassociate', '--gvn', '--early-cse', '--irce', '--mem2reg', '--jump-threading', '--globalopt', '--slp-vectorizer', '--instcombine', '--simplifycfg', '--sroa', '--early-cse', '--lower-expect', '--sroa', '--sroa', '--lower-expect', '--aggressive-instcombine']",75,-3.6391505313290557,0.0,-0.852835672347485,0.0,1,-3.6391505313290557,-0.852835672347485,0.5008908414855473,-68.52791878172589,12.34817894715501,11.76470588235294,34
1274,"['--ipsccp', '--speculative-execution', '--sccp', '--early-cse', '--mem2reg', '--jump-threading', '--globalopt', '--elim-avail-extern', '--instcombine', '--adce', '--aggressive-instcombine', '--gvn', '--simplifycfg', '--instsimplify', '--inline', '--mergefunc', '--gvn-hoist', '--gvn-hoist', '--instcombine', '--globalopt', '--elim-avail-extern', '--indvars', '--gvn', '--gvn', '--ipsccp', '--gvn', '--loop-instsimplify', '--early-cse', '--mem2reg', '--jump-threading', '--globalopt', '--elim-avail-extern', '--instcombine', '--simplifycfg', '--sroa', '--mem2reg', '--globaldce', '--gvn-hoist', '--sccp', '--early-cse', '--lower-constant-intrinsics', '--adce', '--gvn-hoist', '--adce', '--loop-simplify', '--dse', '--scalarizer', '--simplifycfg', '--lower-expect', '--simplifycfg', '--gvn-hoist', '--elim-avail-extern', '--lower-constant-intrinsics', '--gvn', '--elim-avail-extern', '--ipsccp', '--gvn', '--ipsccp', '--gvn', '--nary-reassociate', '--lower-constant-intrinsics', '--loop-instsimplify', '--early-cse', '--mem2reg', '--jump-threading', '--globalopt', '--slp-vectorizer', '--instcombine', '--simplifycfg', '--sroa', '--lower-constant-intrinsics', '--early-cse', '--jump-threading']",73,-3.6391505313290557,0.0,-0.852835672347485,0.0,1,-3.6391505313290557,-0.852835672347485,0.5008908414855473,-68.52791878172589,12.34817894715501,11.76470588235294,34
1334,"['--ipsccp', '--speculative-execution', '--sccp', '--early-cse', '--mem2reg', '--jump-threading', '--globalopt', '--elim-avail-extern', '--instcombine', '--adce', '--aggressive-instcombine', '--gvn', '--simplifycfg', '--instsimplify', '--inline', '--mergefunc', '--gvn-hoist', '--gvn-hoist', '--instcombine', '--globalopt', '--elim-avail-extern', '--indvars', '--gvn', '--gvn', '--ipsccp', '--gvn', '--loop-instsimplify', '--early-cse', '--mem2reg', '--jump-threading', '--globalopt', '--elim-avail-extern', '--instcombine', '--simplifycfg', '--loop-instsimplify', '--mem2reg', '--globaldce', '--gvn-hoist', '--sccp', '--early-cse', '--lower-constant-intrinsics', '--adce', '--gvn-hoist', '--adce', '--loop-simplify', '--dse', '--scalarizer', '--simplifycfg', '--lower-expect', '--simplifycfg', '--gvn-hoist', '--elim-avail-extern', '--lower-constant-intrinsics', '--gvn', '--elim-avail-extern', '--ipsccp', '--gvn', '--ipsccp', '--gvn', '--nary-reassociate', '--lower-constant-intrinsics', '--sroa', '--early-cse', '--mem2reg', '--jump-threading', '--globalopt', '--slp-vectorizer', '--instcombine', '--simplifycfg', '--sroa', '--lower-constant-intrinsics', '--early-cse', '--jump-threading']",73,-3.6391505313290557,0.0,-0.852835672347485,0.0,1,-3.6391505313290557,-0.852835672347485,0.5008908414855473,-68.52791878172589,12.34817894715501,11.76470588235294,34
1217,"['--ipsccp', '--speculative-execution', '--sccp', '--early-cse', '--mem2reg', '--jump-threading', '--globalopt', '--elim-avail-extern', '--instcombine', '--adce', '--jump-threading', '--gvn', '--simplifycfg', '--instsimplify', '--inline', '--mergefunc', '--gvn-hoist', '--gvn-hoist', '--instcombine', '--globalopt', '--elim-avail-extern', '--indvars', '--gvn', '--ipsccp', '--gvn', '--nary-reassociate', '--loop-instsimplify', '--early-cse', '--mem2reg', '--jump-threading', '--globalopt', '--elim-avail-extern', '--instcombine', '--simplifycfg', '--sroa', '--mem2reg', '--globaldce', '--gvn-hoist', '--sccp', '--early-cse', '--lower-constant-intrinsics', '--adce', '--gvn-hoist', '--adce', '--loop-simplify', '--dse', '--scalarizer', '--simplifycfg', '--lower-expect', '--simplifycfg', '--gvn-hoist', '--elim-avail-extern', '--lower-constant-intrinsics', '--gvn', '--ipsccp', '--gvn', '--nary-reassociate', '--gvn', '--early-cse', '--mem2reg', '--jump-threading', '--globalopt', '--slp-vectorizer', '--instcombine', '--simplifycfg', '--sroa', '--early-cse', '--lower-expect', '--sroa', '--sroa', '--lower-expect', '--aggressive-instcombine']",72,-3.6391505313290557,0.0,-0.852835672347485,0.0,1,-3.6391505313290557,-0.852835672347485,0.5008908414855473,-68.52791878172589,12.34817894715501,11.76470588235294,34
1273,"['--ipsccp', '--speculative-execution', '--sccp', '--early-cse', '--mem2reg', '--jump-threading', '--globalopt', '--elim-avail-extern', '--instcombine', '--adce', '--jump-threading', '--gvn', '--simplifycfg', '--instsimplify', '--inline', '--mergefunc', '--gvn-hoist', '--gvn-hoist', '--instcombine', '--globalopt', '--elim-avail-extern', '--indvars', '--gvn', '--gvn', '--ipsccp', '--gvn', '--nary-reassociate', '--loop-instsimplify', '--early-cse', '--mem2reg', '--jump-threading', '--globalopt', '--elim-avail-extern', '--instcombine', '--simplifycfg', '--sroa', '--mem2reg', '--globaldce', '--gvn-hoist', '--sccp', '--early-cse', '--lower-constant-intrinsics', '--adce', '--gvn-hoist', '--adce', '--loop-simplify', '--dse', '--scalarizer', '--simplifycfg', '--lower-expect', '--simplifycfg', '--gvn-hoist', '--elim-avail-extern', '--lower-constant-intrinsics', '--gvn', '--ipsccp', '--gvn', '--nary-reassociate', '--gvn', '--early-cse', '--mem2reg', '--jump-threading', '--globalopt', '--slp-vectorizer', '--instcombine', '--simplifycfg', '--sroa', '--early-cse', '--lower-expect', '--sroa', '--sroa', '--sroa', '--lower-expect', '--aggressive-instcombine']",74,-3.6391505313290557,0.0,-0.852835672347485,0.0,1,-3.6391505313290557,-0.852835672347485,0.5008908414855473,-68.52791878172589,12.34817894715501,11.76470588235294,34
1331,"['--ipsccp', '--speculative-execution', '--sccp', '--early-cse', '--mem2reg', '--jump-threading', '--globalopt', '--elim-avail-extern', '--instcombine', '--adce', '--jump-threading', '--gvn', '--simplifycfg', '--instsimplify', '--inline', '--mergefunc', '--gvn-hoist', '--gvn-hoist', '--instcombine', '--globalopt', '--elim-avail-extern', '--indvars', '--gvn', '--gvn', '--ipsccp', '--gvn', '--nary-reassociate', '--loop-instsimplify', '--early-cse', '--mem2reg', '--jump-threading', '--globalopt', '--elim-avail-extern', '--instcombine', '--simplifycfg', '--sroa', '--mem2reg', '--aggressive-instcombine', '--gvn-hoist', '--sccp', '--early-cse', '--lower-constant-intrinsics', '--adce', '--gvn-hoist', '--adce', '--loop-simplify', '--dse', '--scalarizer', '--simplifycfg', '--lower-expect', '--simplifycfg', '--gvn-hoist', '--elim-avail-extern', '--lower-constant-intrinsics', '--gvn', '--ipsccp', '--gvn', '--nary-reassociate', '--gvn', '--early-cse', '--mem2reg', '--jump-threading', '--globalopt', '--slp-vectorizer', '--instcombine', '--simplifycfg', '--sroa', '--early-cse', '--lower-expect', '--sroa', '--sroa', '--lower-expect', '--aggressive-instcombine']",73,-3.6391505313290557,0.0,-0.852835672347485,0.0,1,-3.6391505313290557,-0.852835672347485,0.5008908414855473,-68.52791878172589,12.34817894715501,11.76470588235294,34
1326,"['--ipsccp', '--speculative-execution', '--sccp', '--early-cse', '--mem2reg', '--jump-threading', '--globalopt', '--elim-avail-extern', '--instcombine', '--adce', '--jump-threading', '--gvn', '--simplifycfg', '--instsimplify', '--inline', '--mergefunc', '--gvn-hoist', '--gvn-hoist', '--instcombine', '--globalopt', '--elim-avail-extern', '--indvars', '--gvn', '--gvn', '--ipsccp', '--gvn', '--nary-reassociate', '--loop-instsimplify', '--early-cse', '--mem2reg', '--jump-threading', '--globalopt', '--elim-avail-extern', '--instcombine', '--simplifycfg', '--sroa', '--mem2reg', '--aggressive-instcombine', '--gvn-hoist', '--sccp', '--early-cse', '--lower-constant-intrinsics', '--adce', '--gvn-hoist', '--adce', '--loop-simplify', '--dse', '--scalarizer', '--simplifycfg', '--lower-expect', '--simplifycfg', '--gvn-hoist', '--elim-avail-extern', '--lower-constant-intrinsics', '--gvn', '--ipsccp', '--gvn', '--nary-reassociate', '--early-cse', '--mem2reg', '--jump-threading', '--globalopt', '--slp-vectorizer', '--instcombine', '--simplifycfg', '--sroa', '--early-cse', '--lower-expect', '--sroa', '--sroa', '--lower-expect', '--aggressive-instcombine']",72,-3.6391505313290557,0.0,-0.852835672347485,0.0,1,-3.6391505313290557,-0.852835672347485,0.5008908414855473,-68.52791878172589,12.34817894715501,11.76470588235294,34
1357,"['--ipsccp', '--speculative-execution', '--sccp', '--early-cse', '--mem2reg', '--jump-threading', '--globalopt', '--elim-avail-extern', '--instcombine', '--adce', '--jump-threading', '--gvn', '--simplifycfg', '--instsimplify', '--inline', '--mergefunc', '--gvn-hoist', '--gvn-hoist', '--instcombine', '--globalopt', '--elim-avail-extern', '--indvars', '--gvn', '--ipsccp', '--gvn', '--nary-reassociate', '--loop-instsimplify', '--early-cse', '--mem2reg', '--jump-threading', '--speculative-execution', '--elim-avail-extern', '--instcombine', '--simplifycfg', '--sroa', '--mem2reg', '--globaldce', '--gvn-hoist', '--sccp', '--early-cse', '--lower-constant-intrinsics', '--adce', '--gvn-hoist', '--adce', '--memcpyopt', '--dse', '--scalarizer', '--simplifycfg', '--lower-expect', '--simplifycfg', '--gvn-hoist', '--elim-avail-extern', '--lower-constant-intrinsics', '--gvn', '--ipsccp', '--gvn', '--nary-reassociate', '--gvn', '--early-cse', '--mem2reg', '--jump-threading', '--globalopt', '--slp-vectorizer', '--instcombine', '--simplifycfg', '--sroa', '--early-cse', '--lower-expect', '--sroa', '--sroa', '--lower-expect', '--aggressive-instcombine']",72,-3.6391505313290557,0.0,-0.852835672347485,0.0,1,-3.6391505313290557,-0.852835672347485,0.5008908414855473,-68.52791878172589,12.34817894715501,11.76470588235294,34
1271,"['--ipsccp', '--speculative-execution', '--sccp', '--early-cse', '--mem2reg', '--jump-threading', '--tailcallelim', '--globalopt', '--elim-avail-extern', '--instcombine', '--adce', '--jump-threading', '--gvn', '--simplifycfg', '--instsimplify', '--inline', '--mergefunc', '--gvn-hoist', '--gvn-hoist', '--instcombine', '--globalopt', '--elim-avail-extern', '--indvars', '--gvn', '--gvn', '--ipsccp', '--gvn', '--nary-reassociate', '--loop-simplify', '--early-cse', '--mem2reg', '--jump-threading', '--globalopt', '--elim-avail-extern', '--instcombine', '--simplifycfg', '--sroa', '--mem2reg', '--globaldce', '--gvn-hoist', '--sccp', '--early-cse', '--lower-constant-intrinsics', '--adce', '--gvn-hoist', '--strip', '--loop-instsimplify', '--dse', '--scalarizer', '--simplifycfg', '--lower-expect', '--simplifycfg', '--gvn-hoist', '--elim-avail-extern', '--lower-constant-intrinsics', '--gvn', '--ipsccp', '--gvn', '--nary-reassociate', '--gvn', '--early-cse', '--mem2reg', '--jump-threading', '--globalopt', '--slp-vectorizer', '--instcombine', '--simplifycfg', '--sroa', '--early-cse', '--lower-expect', '--sroa', '--sroa', '--lower-expect', '--aggressive-instcombine']",74,-3.6391505313290557,0.0,-0.852835672347485,0.0,1,-3.6391505313290557,-0.852835672347485,0.5008908414855473,-68.52791878172589,12.34817894715501,11.76470588235294,34
1351,"['--ipsccp', '--speculative-execution', '--sccp', '--early-cse', '--mem2reg', '--jump-threading', '--globalopt', '--elim-avail-extern', '--instcombine', '--adce', '--jump-threading', '--gvn', '--simplifycfg', '--instsimplify', '--inline', '--mergefunc', '--gvn-hoist', '--gvn-hoist', '--globalopt', '--elim-avail-extern', '--indvars', '--gvn', '--ipsccp', '--gvn', '--nary-reassociate', '--loop-instsimplify', '--early-cse', '--mem2reg', '--jump-threading', '--globalopt', '--elim-avail-extern', '--instcombine', '--simplifycfg', '--sroa', '--mem2reg', '--globaldce', '--gvn-hoist', '--sccp', '--early-cse', '--lower-constant-intrinsics', '--adce', '--gvn-hoist', '--adce', '--loop-simplify', '--dse', '--scalarizer', '--simplifycfg', '--lower-expect', '--simplifycfg', '--gvn-hoist', '--elim-avail-extern', '--lower-constant-intrinsics', '--gvn', '--ipsccp', '--gvn', '--nary-reassociate', '--gvn', '--early-cse', '--mem2reg', '--jump-threading', '--globalopt', '--slp-vectorizer', '--instcombine', '--simplifycfg', '--sroa', '--early-cse', '--lower-expect', '--sroa', '--sroa', '--lower-expect', '--aggressive-instcombine']",71,-3.6391505313290557,0.0,-0.852835672347485,0.0,1,-3.6391505313290557,-0.852835672347485,0.5008908414855473,-68.52791878172589,12.34817894715501,11.76470588235294,34
1352,"['--ipsccp', '--speculative-execution', '--sccp', '--early-cse', '--mem2reg', '--jump-threading', '--globalopt', '--elim-avail-extern', '--instcombine', '--adce', '--jump-threading', '--gvn', '--simplifycfg', '--instsimplify', '--inline', '--mergefunc', '--gvn-hoist', '--gvn-hoist', '--instcombine', '--globalopt', '--elim-avail-extern', '--indvars', '--gvn', '--gvn', '--ipsccp', '--gvn', '--nary-reassociate', '--loop-instsimplify', '--early-cse', '--mem2reg', '--jump-threading', '--globalopt', '--elim-avail-extern', '--instcombine', '--simplifycfg', '--sroa', '--mem2reg', '--aggressive-instcombine', '--gvn-hoist', '--sccp', '--lower-constant-intrinsics', '--adce', '--gvn-hoist', '--adce', '--loop-simplify', '--dse', '--scalarizer', '--simplifycfg', '--lower-expect', '--simplifycfg', '--gvn-hoist', '--elim-avail-extern', '--lower-constant-intrinsics', '--gvn', '--ipsccp', '--gvn', '--nary-reassociate', '--gvn', '--early-cse', '--mem2reg', '--jump-threading', '--globalopt', '--slp-vectorizer', '--instcombine', '--simplifycfg', '--sroa', '--early-cse', '--lower-expect', '--sroa', '--sroa', '--lower-expect', '--aggressive-instcombine']",72,-3.6391505313290557,0.0,-0.852835672347485,0.0,1,-3.6391505313290557,-0.852835672347485,0.5008908414855473,-68.52791878172589,12.34817894715501,11.76470588235294,34
1269,"['--ipsccp', '--speculative-execution', '--sccp', '--early-cse', '--mem2reg', '--jump-threading', '--globalopt', '--elim-avail-extern', '--instcombine', '--adce', '--jump-threading', '--gvn', '--simplifycfg', '--instsimplify', '--inline', '--mergefunc', '--gvn-hoist', '--gvn-hoist', '--instcombine', '--globalopt', '--elim-avail-extern', '--indvars', '--gvn', '--ipsccp', '--gvn', '--nary-reassociate', '--loop-instsimplify', '--early-cse', '--mem2reg', '--jump-threading', '--speculative-execution', '--elim-avail-extern', '--instcombine', '--simplifycfg', '--sroa', '--mem2reg', '--globaldce', '--gvn-hoist', '--sccp', '--early-cse', '--lower-constant-intrinsics', '--adce', '--gvn-hoist', '--adce', '--loop-simplify', '--dse', '--scalarizer', '--simplifycfg', '--lower-expect', '--simplifycfg', '--gvn-hoist', '--elim-avail-extern', '--lower-constant-intrinsics', '--gvn', '--ipsccp', '--gvn', '--nary-reassociate', '--gvn', '--early-cse', '--mem2reg', '--jump-threading', '--globalopt', '--slp-vectorizer', '--instcombine', '--simplifycfg', '--sroa', '--early-cse', '--lower-expect', '--sroa', '--sroa', '--lower-expect', '--aggressive-instcombine']",72,-3.6391505313290557,0.0,-0.852835672347485,0.0,1,-3.6391505313290557,-0.852835672347485,0.5008908414855473,-68.52791878172589,12.34817894715501,11.76470588235294,34
1355,"['--ipsccp', '--speculative-execution', '--sccp', '--early-cse', '--mem2reg', '--jump-threading', '--globalopt', '--elim-avail-extern', '--instcombine', '--adce', '--jump-threading', '--gvn', '--simplifycfg', '--instsimplify', '--inline', '--mergefunc', '--gvn-hoist', '--gvn-hoist', '--instcombine', '--globalopt', '--elim-avail-extern', '--indvars', '--gvn', '--gvn', '--ipsccp', '--gvn', '--loop-instsimplify', '--early-cse', '--mem2reg', '--jump-threading', '--globalopt', '--elim-avail-extern', '--instcombine', '--simplifycfg', '--sroa', '--mem2reg', '--globaldce', '--gvn-hoist', '--sccp', '--early-cse', '--lower-constant-intrinsics', '--adce', '--gvn-hoist', '--adce', '--loop-simplify', '--dse', '--scalarizer', '--simplifycfg', '--lower-expect', '--simplifycfg', '--lower-expect', '--simplifycfg', '--gvn-hoist', '--elim-avail-extern', '--lower-constant-intrinsics', '--gvn', '--ipsccp', '--gvn', '--nary-reassociate', '--gvn', '--early-cse', '--mem2reg', '--jump-threading', '--globalopt', '--slp-vectorizer', '--instcombine', '--simplifycfg', '--sroa', '--early-cse', '--lower-expect', '--sroa', '--lower-expect', '--aggressive-instcombine']",73,-3.6391505313290557,0.0,-0.852835672347485,0.0,1,-3.6391505313290557,-0.852835672347485,0.5008908414855473,-68.52791878172589,12.34817894715501,11.76470588235294,34
1356,"['--ipsccp', '--speculative-execution', '--sccp', '--early-cse', '--mem2reg', '--jump-threading', '--globalopt', '--elim-avail-extern', '--instcombine', '--adce', '--jump-threading', '--gvn', '--simplifycfg', '--instsimplify', '--inline', '--mergefunc', '--gvn-hoist', '--gvn-hoist', '--instcombine', '--globalopt', '--elim-avail-extern', '--indvars', '--gvn', '--gvn', '--ipsccp', '--gvn', '--loop-instsimplify', '--early-cse', '--mem2reg', '--jump-threading', '--globalopt', '--elim-avail-extern', '--instcombine', '--simplifycfg', '--sroa', '--mem2reg', '--gvn-hoist', '--sccp', '--early-cse', '--lower-constant-intrinsics', '--adce', '--gvn-hoist', '--adce', '--loop-simplify', '--dse', '--scalarizer', '--ipconstprop', '--simplifycfg', '--lower-expect', '--simplifycfg', '--gvn-hoist', '--elim-avail-extern', '--lower-constant-intrinsics', '--gvn', '--ipsccp', '--gvn', '--nary-reassociate', '--gvn', '--early-cse', '--mem2reg', '--jump-threading', '--globalopt', '--slp-vectorizer', '--instcombine', '--simplifycfg', '--sroa', '--early-cse', '--lower-expect', '--sroa', '--sroa', '--lower-expect', '--aggressive-instcombine']",72,-3.6391505313290557,0.0,-0.852835672347485,0.0,1,-3.6391505313290557,-0.852835672347485,0.5008908414855473,-68.52791878172589,12.34817894715501,11.76470588235294,34
1353,"['--ipsccp', '--speculative-execution', '--sccp', '--early-cse', '--mem2reg', '--jump-threading', '--globalopt', '--elim-avail-extern', '--instcombine', '--adce', '--jump-threading', '--gvn', '--simplifycfg', '--instsimplify', '--inline', '--mergefunc', '--gvn-hoist', '--gvn-hoist', '--instcombine', '--globalopt', '--elim-avail-extern', '--indvars', '--gvn', '--gvn', '--ipsccp', '--gvn', '--nary-reassociate', '--loop-instsimplify', '--early-cse', '--mem2reg', '--jump-threading', '--globalopt', '--elim-avail-extern', '--instcombine', '--simplifycfg', '--sroa', '--mem2reg', '--globaldce', '--gvn-hoist', '--sccp', '--early-cse', '--nary-reassociate', '--adce', '--gvn-hoist', '--adce', '--loop-simplify', '--dse', '--scalarizer', '--simplifycfg', '--lower-expect', '--simplifycfg', '--gvn-hoist', '--elim-avail-extern', '--lower-constant-intrinsics', '--gvn', '--ipsccp', '--gvn', '--lower-constant-intrinsics', '--gvn', '--early-cse', '--mem2reg', '--jump-threading', '--globalopt', '--slp-vectorizer', '--instcombine', '--simplifycfg', '--sroa', '--early-cse', '--lower-expect', '--sroa', '--sroa', '--lower-expect', '--aggressive-instcombine']",73,-3.6391505313290557,0.0,-0.852835672347485,0.0,1,-3.6391505313290557,-0.852835672347485,0.5008908414855473,-68.52791878172589,12.34817894715501,11.76470588235294,34
1396,"['--ipsccp', '--speculative-execution', '--sccp', '--early-cse', '--mem2reg', '--jump-threading', '--globalopt', '--elim-avail-extern', '--instcombine', '--adce', '--jump-threading', '--gvn', '--simplifycfg', '--instsimplify', '--inline', '--mergefunc', '--gvn-hoist', '--gvn-hoist', '--instcombine', '--globalopt', '--elim-avail-extern', '--indvars', '--gvn', '--gvn', '--ipsccp', '--gvn', '--nary-reassociate', '--loop-simplify', '--early-cse', '--mem2reg', '--jump-threading', '--globalopt', '--elim-avail-extern', '--instcombine', '--simplifycfg', '--sroa', '--gvn-hoist', '--globaldce', '--gvn-hoist', '--sccp', '--early-cse', '--lower-constant-intrinsics', '--mem2reg', '--strip', '--loop-instsimplify', '--dse', '--scalarizer', '--simplifycfg', '--lower-expect', '--simplifycfg', '--gvn-hoist', '--elim-avail-extern', '--lower-constant-intrinsics', '--gvn', '--ipsccp', '--gvn', '--nary-reassociate', '--gvn', '--early-cse', '--mem2reg', '--jump-threading', '--globalopt', '--slp-vectorizer', '--instcombine', '--simplifycfg', '--sroa', '--early-cse', '--lower-expect', '--sroa', '--sroa', '--lower-expect', '--aggressive-instcombine']",72,-3.6391505313290557,0.0,-0.852835672347485,0.0,1,-3.6391505313290557,-0.852835672347485,0.5008908414855473,-68.52791878172589,12.34817894715501,11.76470588235294,34
1421,"['--ipsccp', '--speculative-execution', '--sccp', '--early-cse', '--mem2reg', '--jump-threading', '--globalopt', '--elim-avail-extern', '--instcombine', '--adce', '--jump-threading', '--gvn', '--simplifycfg', '--instsimplify', '--inline', '--mergefunc', '--gvn-hoist', '--instcombine', '--globalopt', '--elim-avail-extern', '--indvars', '--gvn', '--gvn', '--ipsccp', '--gvn', '--nary-reassociate', '--loop-instsimplify', '--early-cse', '--mem2reg', '--jump-threading', '--globalopt', '--instcombine', '--instcombine', '--simplifycfg', '--sroa', '--mem2reg', '--gvn-hoist', '--sccp', '--early-cse', '--lower-constant-intrinsics', '--adce', '--gvn-hoist', '--adce', '--loop-simplify', '--loop-instsimplify', '--dse', '--scalarizer', '--simplifycfg', '--lower-expect', '--simplifycfg', '--gvn-hoist', '--globalopt', '--aggressive-instcombine', '--gvn', '--gvn', '--ipsccp', '--gvn', '--lower-constant-intrinsics', '--loop-instsimplify', '--early-cse', '--mem2reg', '--early-cse-memssa', '--irce', '--mem2reg', '--jump-threading', '--globalopt', '--slp-vectorizer', '--instcombine', '--simplifycfg', '--sroa', '--early-cse', '--lower-expect', '--sroa', '--sroa', '--lower-expect', '--aggressive-instcombine']",76,-3.6391505313290557,0.0,-0.852835672347485,0.0,1,-3.6391505313290557,-0.852835672347485,0.5008908414855473,-68.52791878172589,12.34817894715501,11.76470588235294,34
1319,"['--ipsccp', '--speculative-execution', '--sccp', '--early-cse', '--mem2reg', '--jump-threading', '--globalopt', '--elim-avail-extern', '--instcombine', '--adce', '--jump-threading', '--gvn', '--simplifycfg', '--instsimplify', '--inline', '--mergefunc', '--gvn-hoist', '--gvn-hoist', '--instcombine', '--globalopt', '--elim-avail-extern', '--indvars', '--gvn', '--gvn', '--ipsccp', '--gvn', '--loop-instsimplify', '--early-cse', '--mem2reg', '--jump-threading', '--globalopt', '--elim-avail-extern', '--instcombine', '--simplifycfg', '--sroa', '--mem2reg', '--globaldce', '--gvn-hoist', '--sccp', '--early-cse', '--lower-constant-intrinsics', '--adce', '--gvn-hoist', '--gvn-hoist', '--adce', '--loop-simplify', '--dse', '--scalarizer', '--simplifycfg', '--lower-expect', '--simplifycfg', '--gvn-hoist', '--elim-avail-extern', '--lower-constant-intrinsics', '--ipsccp', '--gvn', '--nary-reassociate', '--gvn', '--early-cse', '--mem2reg', '--jump-threading', '--globalopt', '--slp-vectorizer', '--instcombine', '--simplifycfg', '--sroa', '--early-cse', '--lower-expect', '--sroa', '--sroa', '--lower-expect', '--aggressive-instcombine']",72,-3.6391505313290557,0.0,-0.852835672347485,0.0,1,-3.6391505313290557,-0.852835672347485,0.5008908414855473,-68.52791878172589,12.34817894715501,11.76470588235294,34
1253,"['--ipsccp', '--speculative-execution', '--sccp', '--early-cse', '--mem2reg', '--jump-threading', '--globalopt', '--elim-avail-extern', '--instcombine', '--adce', '--jump-threading', '--gvn', '--simplifycfg', '--instsimplify', '--inline', '--mergefunc', '--gvn-hoist', '--gvn-hoist', '--instcombine', '--globalopt', '--elim-avail-extern', '--indvars', '--globaldce', '--gvn', '--ipsccp', '--gvn', '--nary-reassociate', '--loop-instsimplify', '--early-cse', '--mem2reg', '--jump-threading', '--globalopt', '--elim-avail-extern', '--instcombine', '--simplifycfg', '--sroa', '--mem2reg', '--gvn', '--gvn-hoist', '--sccp', '--early-cse', '--lower-constant-intrinsics', '--adce', '--gvn-hoist', '--adce', '--loop-simplify', '--dse', '--scalarizer', '--simplifycfg', '--lower-expect', '--simplifycfg', '--gvn-hoist', '--elim-avail-extern', '--lower-constant-intrinsics', '--gvn', '--ipsccp', '--gvn', '--nary-reassociate', '--gvn', '--early-cse', '--mem2reg', '--jump-threading', '--globalopt', '--slp-vectorizer', '--instcombine', '--simplifycfg', '--sroa', '--early-cse', '--lower-expect', '--sroa', '--sroa', '--lower-expect', '--aggressive-instcombine']",73,-3.6391505313290557,0.0,-0.852835672347485,0.0,1,-3.6391505313290557,-0.852835672347485,0.5008908414855473,-68.52791878172589,12.34817894715501,11.76470588235294,34
1432,"['--ipsccp', '--speculative-execution', '--sccp', '--early-cse', '--mem2reg', '--jump-threading', '--globalopt', '--elim-avail-extern', '--instcombine', '--adce', '--jump-threading', '--gvn', '--simplifycfg', '--instsimplify', '--inline', '--mergefunc', '--gvn-hoist', '--gvn-hoist', '--instcombine', '--globalopt', '--elim-avail-extern', '--indvars', '--gvn', '--gvn', '--ipsccp', '--sroa', '--nary-reassociate', '--loop-instsimplify', '--early-cse', '--mem2reg', '--jump-threading', '--globalopt', '--elim-avail-extern', '--instcombine', '--simplifycfg', '--sroa', '--mem2reg', '--gvn', '--gvn-hoist', '--sccp', '--early-cse', '--lower-constant-intrinsics', '--adce', '--gvn-hoist', '--adce', '--loop-simplify', '--dse', '--scalarizer', '--simplifycfg', '--lower-expect', '--simplifycfg', '--gvn-hoist', '--elim-avail-extern', '--lower-constant-intrinsics', '--gvn', '--ipsccp', '--gvn', '--nary-reassociate', '--gvn', '--early-cse', '--mem2reg', '--jump-threading', '--globalopt', '--slp-vectorizer', '--instcombine', '--simplifycfg', '--sroa', '--early-cse', '--lower-expect', '--sroa', '--sroa', '--lower-expect', '--aggressive-instcombine']",73,-3.6391505313290557,0.0,-0.852835672347485,0.0,1,-3.6391505313290557,-0.852835672347485,0.5008908414855473,-68.52791878172589,12.34817894715501,11.76470588235294,34
1250,"['--ipsccp', '--speculative-execution', '--sccp', '--early-cse', '--mem2reg', '--jump-threading', '--globalopt', '--elim-avail-extern', '--instcombine', '--adce', '--jump-threading', '--gvn', '--simplifycfg', '--instsimplify', '--inline', '--mergefunc', '--gvn-hoist', '--gvn-hoist', '--instcombine', '--globalopt', '--elim-avail-extern', '--indvars', '--gvn', '--gvn', '--ipsccp', '--gvn', '--nary-reassociate', '--loop-simplify', '--early-cse', '--mem2reg', '--jump-threading', '--globalopt', '--elim-avail-extern', '--instcombine', '--simplifycfg', '--sroa', '--mem2reg', '--globaldce', '--gvn-hoist', '--sccp', '--early-cse', '--lower-constant-intrinsics', '--adce', '--gvn-hoist', '--strip', '--loop-instsimplify', '--dse', '--scalarizer', '--simplifycfg', '--lower-expect', '--simplifycfg', '--gvn-hoist', '--elim-avail-extern', '--lower-constant-intrinsics', '--gvn', '--ipsccp', '--gvn', '--nary-reassociate', '--gvn', '--early-cse', '--mem2reg', '--jump-threading', '--globalopt', '--slp-vectorizer', '--instcombine', '--simplifycfg', '--sroa', '--early-cse', '--lower-expect', '--sroa', '--sroa', '--lower-expect', '--aggressive-instcombine']",73,-3.6391505313290557,0.0,-0.852835672347485,0.0,1,-3.6391505313290557,-0.852835672347485,0.5008908414855473,-68.52791878172589,12.34817894715501,11.76470588235294,34
1228,"['--ipsccp', '--speculative-execution', '--sccp', '--early-cse', '--mem2reg', '--jump-threading', '--globalopt', '--elim-avail-extern', '--instcombine', '--adce', '--jump-threading', '--gvn', '--simplifycfg', '--instsimplify', '--inline', '--mergefunc', '--gvn-hoist', '--gvn-hoist', '--instcombine', '--globalopt', '--elim-avail-extern', '--indvars', '--gvn', '--gvn', '--ipsccp', '--gvn', '--nary-reassociate', '--loop-instsimplify', '--early-cse', '--mem2reg', '--jump-threading', '--globalopt', '--elim-avail-extern', '--instcombine', '--simplifycfg', '--sroa', '--mem2reg', '--aggressive-instcombine', '--gvn-hoist', '--sccp', '--early-cse', '--lower-constant-intrinsics', '--adce', '--gvn-hoist', '--adce', '--loop-simplify', '--dse', '--scalarizer', '--simplifycfg', '--lower-expect', '--simplifycfg', '--gvn-hoist', '--elim-avail-extern', '--lower-constant-intrinsics', '--gvn', '--ipsccp', '--gvn', '--nary-reassociate', '--gvn', '--early-cse', '--mem2reg', '--jump-threading', '--globalopt', '--slp-vectorizer', '--instcombine', '--simplifycfg', '--sroa', '--early-cse', '--lower-expect', '--sroa', '--sroa', '--lower-expect', '--globaldce']",73,-3.6391505313290557,0.0,-0.852835672347485,0.0,1,-3.6391505313290557,-0.852835672347485,0.5008908414855473,-68.52791878172589,12.34817894715501,11.76470588235294,34
1299,"['--ipsccp', '--speculative-execution', '--sccp', '--early-cse', '--mem2reg', '--jump-threading', '--globalopt', '--elim-avail-extern', '--instcombine', '--adce', '--jump-threading', '--gvn', '--simplifycfg', '--instsimplify', '--inline', '--mergefunc', '--gvn-hoist', '--gvn-hoist', '--instcombine', '--globalopt', '--elim-avail-extern', '--indvars', '--gvn', '--gvn', '--ipsccp', '--gvn', '--loop-instsimplify', '--early-cse', '--mem2reg', '--jump-threading', '--globalopt', '--elim-avail-extern', '--instcombine', '--simplifycfg', '--sroa', '--mem2reg', '--globaldce', '--gvn-hoist', '--sccp', '--early-cse', '--lower-constant-intrinsics', '--adce', '--gvn-hoist', '--adce', '--loop-simplify', '--dse', '--scalarizer', '--simplifycfg', '--lower-expect', '--simplifycfg', '--gvn-hoist', '--elim-avail-extern', '--lower-constant-intrinsics', '--gvn', '--gvn', '--nary-reassociate', '--gvn', '--early-cse', '--mem2reg', '--jump-threading', '--globalopt', '--slp-vectorizer', '--instcombine', '--simplifycfg', '--sroa', '--early-cse', '--lower-expect', '--sroa', '--sroa', '--lower-expect', '--aggressive-instcombine']",71,-3.6391505313290557,0.0,-0.852835672347485,0.0,1,-3.6391505313290557,-0.852835672347485,0.5008908414855473,-68.52791878172589,12.34817894715501,11.76470588235294,34
1223,"['--ipsccp', '--speculative-execution', '--sccp', '--early-cse', '--mem2reg', '--jump-threading', '--globalopt', '--elim-avail-extern', '--instcombine', '--adce', '--jump-threading', '--gvn', '--simplifycfg', '--instsimplify', '--inline', '--mergefunc', '--gvn-hoist', '--gvn-hoist', '--instcombine', '--globalopt', '--elim-avail-extern', '--indvars', '--gvn', '--gvn', '--ipsccp', '--gvn', '--loop-instsimplify', '--early-cse', '--mem2reg', '--jump-threading', '--globalopt', '--elim-avail-extern', '--instcombine', '--simplifycfg', '--sroa', '--mem2reg', '--globaldce', '--gvn-hoist', '--sccp', '--early-cse', '--lower-constant-intrinsics', '--adce', '--gvn-hoist', '--adce', '--loop-simplify', '--dse', '--scalarizer', '--simplifycfg', '--lower-expect', '--simplifycfg', '--gvn-hoist', '--elim-avail-extern', '--lower-constant-intrinsics', '--gvn', '--ipsccp', '--gvn', '--nary-reassociate', '--gvn', '--early-cse', '--mem2reg', '--jump-threading', '--globalopt', '--slp-vectorizer', '--instcombine', '--simplifycfg', '--sroa', '--early-cse', '--lower-expect', '--sroa', '--sroa', '--lower-expect', '--aggressive-instcombine']",72,-3.6391505313290557,0.0,-0.852835672347485,0.0,1,-3.6391505313290557,-0.852835672347485,0.5008908414855473,-68.52791878172589,12.34817894715501,11.76470588235294,34
1308,"['--ipsccp', '--speculative-execution', '--sccp', '--early-cse', '--mem2reg', '--jump-threading', '--globalopt', '--elim-avail-extern', '--instcombine', '--adce', '--jump-threading', '--gvn', '--simplifycfg', '--loop-unroll-and-jam', '--instsimplify', '--inline', '--gvn-hoist', '--mergefunc', '--gvn-hoist', '--instcombine', '--globalopt', '--elim-avail-extern', '--indvars', '--gvn', '--gvn', '--ipsccp', '--gvn', '--nary-reassociate', '--loop-instsimplify', '--early-cse', '--mem2reg', '--jump-threading', '--globalopt', '--instcombine', '--simplifycfg', '--sroa', '--gvn-hoist', '--sccp', '--sccp', '--early-cse', '--lower-constant-intrinsics', '--adce', '--gvn-hoist', '--adce', '--loop-simplify', '--dse', '--scalarizer', '--simplifycfg', '--lower-expect', '--simplifycfg', '--gvn-hoist', '--elim-avail-extern', '--lower-constant-intrinsics', '--gvn', '--ipsccp', '--gvn', '--nary-reassociate', '--gvn', '--early-cse', '--mem2reg', '--jump-threading', '--globalopt', '--slp-vectorizer', '--instcombine', '--simplifycfg', '--sroa', '--early-cse', '--lower-expect', '--sroa', '--sroa', '--lower-expect', '--aggressive-instcombine']",72,-3.6391505313290557,0.0,-0.852835672347485,0.0,1,-3.6391505313290557,-0.852835672347485,0.5008908414855473,-68.52791878172589,12.34817894715501,11.76470588235294,34
1304,"['--ipsccp', '--speculative-execution', '--sccp', '--early-cse', '--mem2reg', '--jump-threading', '--globalopt', '--elim-avail-extern', '--instcombine', '--adce', '--jump-threading', '--gvn', '--simplifycfg', '--instsimplify', '--inline', '--mergefunc', '--gvn-hoist', '--gvn-hoist', '--instcombine', '--globalopt', '--elim-avail-extern', '--indvars', '--gvn', '--gvn', '--ipsccp', '--gvn', '--nary-reassociate', '--loop-simplify', '--early-cse', '--mem2reg', '--jump-threading', '--globalopt', '--elim-avail-extern', '--instcombine', '--simplifycfg', '--sroa', '--mem2reg', '--globaldce', '--gvn-hoist', '--sccp', '--early-cse', '--lower-constant-intrinsics', '--adce', '--gvn-hoist', '--adce', '--loop-instsimplify', '--dse', '--scalarizer', '--simplifycfg', '--lower-expect', '--simplifycfg', '--gvn-hoist', '--elim-avail-extern', '--lower-constant-intrinsics', '--gvn', '--ipsccp', '--gvn', '--nary-reassociate', '--gvn', '--early-cse', '--jump-threading', '--globalopt', '--slp-vectorizer', '--instcombine', '--simplifycfg', '--sroa', '--early-cse', '--lower-expect', '--sroa', '--sroa', '--lower-expect', '--aggressive-instcombine']",72,-3.6391505313290557,0.0,-0.852835672347485,0.0,1,-3.6391505313290557,-0.852835672347485,0.5008908414855473,-68.52791878172589,12.34817894715501,11.76470588235294,34
1267,"['--ipsccp', '--speculative-execution', '--sccp', '--early-cse', '--mem2reg', '--jump-threading', '--globalopt', '--elim-avail-extern', '--instcombine', '--adce', '--jump-threading', '--gvn', '--simplifycfg', '--instsimplify', '--inline', '--mergefunc', '--gvn-hoist', '--gvn-hoist', '--instcombine', '--globalopt', '--elim-avail-extern', '--indvars', '--gvn', '--gvn', '--ipsccp', '--gvn', '--loop-instsimplify', '--early-cse', '--mem2reg', '--jump-threading', '--globalopt', '--elim-avail-extern', '--instcombine', '--simplifycfg', '--sroa', '--mem2reg', '--globaldce', '--gvn-hoist', '--sccp', '--early-cse', '--lower-constant-intrinsics', '--adce', '--gvn-hoist', '--adce', '--loop-simplify', '--dse', '--scalarizer', '--ipconstprop', '--simplifycfg', '--lower-expect', '--simplifycfg', '--gvn-hoist', '--elim-avail-extern', '--lower-constant-intrinsics', '--gvn', '--ipsccp', '--gvn', '--nary-reassociate', '--gvn', '--early-cse', '--mem2reg', '--jump-threading', '--globalopt', '--slp-vectorizer', '--instcombine', '--simplifycfg', '--sroa', '--early-cse', '--lower-expect', '--sroa', '--sroa', '--lower-expect', '--aggressive-instcombine']",73,-3.6391505313290557,0.0,-0.852835672347485,0.0,1,-3.6391505313290557,-0.852835672347485,0.5008908414855473,-68.52791878172589,12.34817894715501,11.76470588235294,34
1414,"['--ipsccp', '--speculative-execution', '--sccp', '--early-cse', '--mem2reg', '--jump-threading', '--elim-avail-extern', '--elim-avail-extern', '--instcombine', '--adce', '--jump-threading', '--gvn', '--simplifycfg', '--instsimplify', '--inline', '--mergefunc', '--gvn-hoist', '--gvn-hoist', '--instcombine', '--globalopt', '--globalopt', '--indvars', '--gvn', '--gvn', '--ipsccp', '--gvn', '--nary-reassociate', '--loop-instsimplify', '--early-cse', '--mem2reg', '--jump-threading', '--globalopt', '--elim-avail-extern', '--instcombine', '--simplifycfg', '--sroa', '--mem2reg', '--aggressive-instcombine', '--gvn-hoist', '--sccp', '--early-cse', '--lower-constant-intrinsics', '--adce', '--gvn-hoist', '--gvn-hoist', '--adce', '--loop-simplify', '--dse', '--mergereturn', '--scalarizer', '--simplifycfg', '--lower-expect', '--simplifycfg', '--gvn-hoist', '--elim-avail-extern', '--lower-constant-intrinsics', '--gvn', '--ipsccp', '--gvn', '--nary-reassociate', '--gvn', '--early-cse', '--mem2reg', '--jump-threading', '--globalopt', '--slp-vectorizer', '--instcombine', '--simplifycfg', '--sroa', '--early-cse', '--lower-expect', '--sroa', '--gvn', '--lower-expect', '--aggressive-instcombine']",75,-3.6391505313290557,0.0,-0.852835672347485,0.0,1,-3.6391505313290557,-0.852835672347485,0.5008908414855473,-68.52791878172589,12.34817894715501,11.76470588235294,34
1198,"['--ipsccp', '--speculative-execution', '--sccp', '--early-cse', '--mem2reg', '--jump-threading', '--globalopt', '--elim-avail-extern', '--instcombine', '--adce', '--jump-threading', '--gvn', '--simplifycfg', '--instsimplify', '--inline', '--mergefunc', '--gvn-hoist', '--gvn-hoist', '--instcombine', '--globalopt', '--elim-avail-extern', '--indvars', '--gvn', '--gvn', '--ipsccp', '--gvn', '--nary-reassociate', '--loop-simplify', '--early-cse', '--mem2reg', '--jump-threading', '--globalopt', '--elim-avail-extern', '--instcombine', '--simplifycfg', '--sroa', '--mem2reg', '--globaldce', '--gvn-hoist', '--sccp', '--early-cse', '--lower-constant-intrinsics', '--adce', '--gvn-hoist', '--adce', '--loop-instsimplify', '--dse', '--scalarizer', '--simplifycfg', '--lower-expect', '--simplifycfg', '--gvn-hoist', '--elim-avail-extern', '--lower-constant-intrinsics', '--gvn', '--ipsccp', '--gvn', '--nary-reassociate', '--gvn', '--early-cse', '--mem2reg', '--jump-threading', '--globalopt', '--slp-vectorizer', '--instcombine', '--simplifycfg', '--sroa', '--early-cse', '--lower-expect', '--sroa', '--sroa', '--lower-expect', '--aggressive-instcombine']",73,-3.6391505313290557,0.0,-0.852835672347485,0.0,1,-3.6391505313290557,-0.852835672347485,0.5008908414855473,-68.52791878172589,12.34817894715501,11.76470588235294,34
1144,"['--ipsccp', '--speculative-execution', '--sccp', '--early-cse', '--mem2reg', '--jump-threading', '--globalopt', '--elim-avail-extern', '--instcombine', '--adce', '--jump-threading', '--gvn', '--simplifycfg', '--instsimplify', '--inline', '--mergefunc', '--gvn-hoist', '--gvn-hoist', '--instcombine', '--globalopt', '--elim-avail-extern', '--indvars', '--gvn', '--gvn', '--ipsccp', '--gvn', '--nary-reassociate', '--loop-instsimplify', '--early-cse', '--mem2reg', '--jump-threading', '--globalopt', '--elim-avail-extern', '--instcombine', '--simplifycfg', '--sroa', '--mem2reg', '--globaldce', '--gvn-hoist', '--sccp', '--early-cse', '--lower-constant-intrinsics', '--adce', '--gvn-hoist', '--adce', '--loop-simplify', '--dse', '--scalarizer', '--simplifycfg', '--lower-expect', '--simplifycfg', '--gvn-hoist', '--elim-avail-extern', '--lower-constant-intrinsics', '--gvn', '--ipsccp', '--gvn', '--nary-reassociate', '--gvn', '--early-cse', '--mem2reg', '--jump-threading', '--globalopt', '--slp-vectorizer', '--instcombine', '--simplifycfg', '--sroa', '--early-cse', '--lower-expect', '--sroa', '--sroa', '--lower-expect', '--aggressive-instcombine']",73,-3.6391505313290557,0.0,-0.852835672347485,0.0,1,-3.6391505313290557,-0.852835672347485,0.5008908414855473,-68.52791878172589,12.34817894715501,11.76470588235294,34
1397,"['--ipsccp', '--speculative-execution', '--sccp', '--early-cse', '--mem2reg', '--jump-threading', '--globalopt', '--elim-avail-extern', '--instcombine', '--adce', '--jump-threading', '--gvn', '--simplifycfg', '--instsimplify', '--inline', '--mergefunc', '--gvn-hoist', '--gvn-hoist', '--instcombine', '--globalopt', '--elim-avail-extern', '--indvars', '--gvn', '--gvn', '--ipsccp', '--gvn', '--nary-reassociate', '--loop-instsimplify', '--early-cse', '--mem2reg', '--jump-threading', '--globalopt', '--elim-avail-extern', '--instcombine', '--simplifycfg', '--sroa', '--mem2reg', '--aggressive-instcombine', '--gvn-hoist', '--sccp', '--early-cse', '--lower-constant-intrinsics', '--adce', '--gvn-hoist', '--adce', '--adce', '--loop-simplify', '--dse', '--scalarizer', '--simplifycfg', '--lower-expect', '--simplifycfg', '--gvn-hoist', '--elim-avail-extern', '--lower-constant-intrinsics', '--gvn', '--ipsccp', '--gvn', '--nary-reassociate', '--functionattrs', '--gvn', '--early-cse', '--irce', '--mem2reg', '--jump-threading', '--globalopt', '--slp-vectorizer', '--instcombine', '--simplifycfg', '--sroa', '--early-cse', '--lower-expect', '--sroa', '--sroa', '--lower-expect', '--aggressive-instcombine']",76,-3.6391505313290557,0.0,-0.852835672347485,0.0,1,-3.6391505313290557,-0.852835672347485,0.5008908414855473,-68.52791878172589,12.34817894715501,11.76470588235294,34
1459,"['--ipsccp', '--speculative-execution', '--sccp', '--early-cse', '--mem2reg', '--jump-threading', '--globalopt', '--elim-avail-extern', '--instcombine', '--adce', '--jump-threading', '--gvn', '--simplifycfg', '--instsimplify', '--inline', '--mergefunc', '--gvn-hoist', '--gvn-hoist', '--instcombine', '--globalopt', '--elim-avail-extern', '--indvars', '--gvn', '--gvn', '--ipsccp', '--gvn', '--loop-instsimplify', '--early-cse', '--mem2reg', '--jump-threading', '--globalopt', '--elim-avail-extern', '--instcombine', '--simplifycfg', '--sroa', '--mem2reg', '--globaldce', '--gvn-hoist', '--sccp', '--early-cse', '--lower-constant-intrinsics', '--adce', '--gvn-hoist', '--adce', '--loop-simplify', '--dse', '--scalarizer', '--simplifycfg', '--gvn', '--simplifycfg', '--lower-expect', '--simplifycfg', '--gvn-hoist', '--elim-avail-extern', '--lower-constant-intrinsics', '--gvn', '--ipsccp', '--gvn', '--nary-reassociate', '--early-cse', '--mem2reg', '--jump-threading', '--globalopt', '--slp-vectorizer', '--instcombine', '--simplifycfg', '--sroa', '--early-cse', '--lower-expect', '--sroa', '--lower-expect', '--aggressive-instcombine']",72,-3.6391505313290557,0.0,-0.852835672347485,0.0,1,-3.6391505313290557,-0.852835672347485,0.5008908414855473,-68.52791878172589,12.34817894715501,11.76470588235294,34
1320,"['--ipsccp', '--speculative-execution', '--sccp', '--early-cse', '--mem2reg', '--jump-threading', '--globalopt', '--elim-avail-extern', '--instcombine', '--adce', '--aggressive-instcombine', '--gvn', '--simplifycfg', '--instsimplify', '--inline', '--mergefunc', '--gvn-hoist', '--gvn-hoist', '--instcombine', '--globalopt', '--elim-avail-extern', '--indvars', '--gvn', '--gvn', '--ipsccp', '--gvn', '--loop-instsimplify', '--early-cse', '--mem2reg', '--jump-threading', '--globalopt', '--elim-avail-extern', '--instcombine', '--simplifycfg', '--sroa', '--mem2reg', '--globaldce', '--gvn-hoist', '--sccp', '--early-cse', '--lower-constant-intrinsics', '--adce', '--gvn-hoist', '--adce', '--loop-simplify', '--dse', '--dse', '--scalarizer', '--simplifycfg', '--lower-expect', '--simplifycfg', '--gvn-hoist', '--elim-avail-extern', '--lower-constant-intrinsics', '--gvn', '--ipsccp', '--gvn', '--nary-reassociate', '--early-cse', '--mem2reg', '--jump-threading', '--globalopt', '--slp-vectorizer', '--instcombine', '--simplifycfg', '--sroa', '--early-cse', '--lower-expect', '--sroa', '--sroa', '--lower-expect', '--aggressive-instcombine']",72,-3.6391505313290557,0.0,-0.852835672347485,0.0,1,-3.6391505313290557,-0.852835672347485,0.5008908414855473,-68.52791878172589,12.34817894715501,11.76470588235294,34
1446,"['--ipsccp', '--speculative-execution', '--sccp', '--early-cse', '--mem2reg', '--jump-threading', '--globalopt', '--elim-avail-extern', '--instcombine', '--adce', '--jump-threading', '--gvn', '--simplifycfg', '--instsimplify', '--inline', '--mergefunc', '--gvn-hoist', '--gvn-hoist', '--instcombine', '--globalopt', '--elim-avail-extern', '--indvars', '--gvn', '--gvn', '--ipsccp', '--gvn', '--loop-instsimplify', '--early-cse', '--mem2reg', '--jump-threading', '--globalopt', '--elim-avail-extern', '--instcombine', '--simplifycfg', '--sroa', '--mem2reg', '--globaldce', '--gvn-hoist', '--sccp', '--early-cse', '--lower-constant-intrinsics', '--correlated-propagation', '--adce', '--gvn-hoist', '--adce', '--loop-simplify', '--dse', '--scalarizer', '--simplifycfg', '--gvn', '--simplifycfg', '--lower-expect', '--simplifycfg', '--gvn-hoist', '--elim-avail-extern', '--lower-constant-intrinsics', '--gvn', '--ipsccp', '--gvn', '--nary-reassociate', '--gvn', '--early-cse', '--mem2reg', '--jump-threading', '--globalopt', '--slp-vectorizer', '--instcombine', '--simplifycfg', '--sroa', '--early-cse', '--lower-expect', '--sroa', '--lower-expect', '--aggressive-instcombine']",74,-3.6391505313290557,0.0,-0.852835672347485,0.0,1,-3.6391505313290557,-0.852835672347485,0.5008908414855473,-68.52791878172589,12.34817894715501,11.76470588235294,34
2435,"['--ipsccp', '--speculative-execution', '--sccp', '--lower-constant-intrinsics', '--early-cse', '--mem2reg', '--jump-threading', '--globalopt', '--elim-avail-extern', '--instcombine', '--loop-instsimplify', '--jump-threading', '--gvn', '--simplifycfg', '--instsimplify', '--inline', '--mergefunc', '--gvn-hoist', '--instcombine', '--globalopt', '--elim-avail-extern', '--loweratomic', '--indvars', '--indvars', '--gvn', '--gvn', '--ipsccp', '--gvn', '--nary-reassociate', '--adce', '--early-cse', '--mem2reg', '--jump-threading', '--globalopt', '--elim-avail-extern', '--instcombine', '--simplifycfg', '--sroa', '--mem2reg', '--globaldce', '--gvn-hoist', '--sccp', '--early-cse', '--lower-constant-intrinsics', '--adce', '--slsr', '--nary-reassociate', '--adce', '--loop-simplify', '--dse', '--scalarizer', '--adce', '--loop-simplify', '--dse', '--scalarizer', '--simplifycfg', '--mergereturn', '--lower-expect', '--elim-avail-extern', '--lower-constant-intrinsics', '--ipsccp', '--gvn-hoist', '--gvn', '--jump-threading', '--globalopt', '--slp-vectorizer', '--instcombine', '--slp-vectorizer', '--instcombine', '--simplifycfg', '--reassociate', '--early-cse', '--early-cse', '--lower-expect', '--aggressive-instcombine']",75,-3.640869377961665,0.0,-0.893677072426329,0.0,1,-3.640869377961665,-0.893677072426329,0.5620873773639496,-67.00507614213198,12.059056912889776,11.76470588235294,34
1272,"['--ipsccp', '--speculative-execution', '--sccp', '--early-cse', '--mem2reg', '--jump-threading', '--globalopt', '--elim-avail-extern', '--instcombine', '--adce', '--jump-threading', '--simplifycfg', '--instsimplify', '--inline', '--mergefunc', '--gvn-hoist', '--gvn-hoist', '--instcombine', '--globalopt', '--elim-avail-extern', '--indvars', '--globaldce', '--gvn', '--ipsccp', '--gvn', '--nary-reassociate', '--loop-instsimplify', '--early-cse', '--mem2reg', '--jump-threading', '--globalopt', '--elim-avail-extern', '--instcombine', '--simplifycfg', '--sroa', '--mem2reg', '--gvn', '--gvn-hoist', '--sccp', '--early-cse', '--lower-constant-intrinsics', '--adce', '--gvn-hoist', '--adce', '--loop-simplify', '--dse', '--scalarizer', '--simplifycfg', '--lower-expect', '--simplifycfg', '--gvn-hoist', '--elim-avail-extern', '--lower-constant-intrinsics', '--gvn', '--ipsccp', '--gvn', '--nary-reassociate', '--gvn', '--early-cse', '--mem2reg', '--jump-threading', '--globalopt', '--slp-vectorizer', '--instcombine', '--simplifycfg', '--sroa', '--early-cse', '--lower-expect', '--sroa', '--sroa', '--lower-expect', '--aggressive-instcombine']",72,-3.6420969065163797,0.0,-0.8444844219053023,0.0,1,-3.6420969065163797,-0.8444844219053023,0.5008908414855473,-69.03553299492386,12.440277077344623,11.76470588235294,34
1570,"['--ipsccp', '--speculative-execution', '--sccp', '--early-cse', '--mem2reg', '--jump-threading', '--globalopt', '--elim-avail-extern', '--instcombine', '--adce', '--jump-threading', '--gvn', '--simplifycfg', '--instsimplify', '--inline', '--mergefunc', '--gvn-hoist', '--gvn-hoist', '--instcombine', '--globalopt', '--elim-avail-extern', '--indvars', '--elim-avail-extern', '--simplifycfg', '--gvn', '--gvn', '--ipsccp', '--gvn', '--nary-reassociate', '--loop-instsimplify', '--early-cse', '--mem2reg', '--jump-threading', '--globalopt', '--elim-avail-extern', '--instcombine', '--simplifycfg', '--sroa', '--mem2reg', '--globaldce', '--gvn-hoist', '--sccp', '--early-cse', '--lower-constant-intrinsics', '--adce', '--slsr', '--gvn-hoist', '--adce', '--loop-simplify', '--dse', '--scalarizer', '--simplifycfg', '--lower-expect', '--indvars', '--elim-avail-extern', '--lower-constant-intrinsics', '--ipsccp', '--gvn', '--nary-reassociate', '--gvn', '--early-cse', '--mem2reg', '--jump-threading', '--globalopt', '--slp-vectorizer', '--instcombine', '--simplifycfg', '--sroa', '--early-cse', '--lower-expect', '--sroa', '--sroa', '--lower-expect', '--aggressive-instcombine']",74,-3.6424741747990135,0.0,-0.8877907617740016,0.0,1,-3.6424741747990135,-0.8877907617740016,0.5008908414855473,-67.51269035532995,12.119252211155711,11.76470588235294,34
1608,"['--ipsccp', '--speculative-execution', '--sccp', '--early-cse', '--mem2reg', '--jump-threading', '--globalopt', '--elim-avail-extern', '--instcombine', '--adce', '--jump-threading', '--gvn', '--loop-sink', '--simplifycfg', '--instsimplify', '--inline', '--mergefunc', '--gvn-hoist', '--instcombine', '--globalopt', '--elim-avail-extern', '--indvars', '--elim-avail-extern', '--elim-avail-extern', '--gvn', '--gvn', '--ipsccp', '--gvn', '--nary-reassociate', '--loop-instsimplify', '--early-cse', '--mem2reg', '--jump-threading', '--globalopt', '--elim-avail-extern', '--instcombine', '--simplifycfg', '--sroa', '--inferattrs', '--mem2reg', '--globaldce', '--gvn-hoist', '--sccp', '--early-cse', '--lower-constant-intrinsics', '--adce', '--slsr', '--gvn-hoist', '--adce', '--loop-simplify', '--dse', '--scalarizer', '--simplifycfg', '--lower-expect', '--simplifycfg', '--indvars', '--lower-constant-intrinsics', '--ipsccp', '--gvn', '--nary-reassociate', '--gvn', '--early-cse', '--mem2reg', '--jump-threading', '--globalopt', '--slp-vectorizer', '--instcombine', '--simplifycfg', '--sroa', '--early-cse', '--lower-expect', '--sroa', '--sroa', '--lower-expect', '--aggressive-instcombine']",75,-3.6424741747990135,0.0,-0.8877907617740016,0.0,1,-3.6424741747990135,-0.8877907617740016,0.5008908414855473,-67.51269035532995,12.119252211155711,11.76470588235294,34
2465,"['--ipsccp', '--speculative-execution', '--sccp', '--lower-constant-intrinsics', '--early-cse', '--mem2reg', '--jump-threading', '--globalopt', '--elim-avail-extern', '--instcombine', '--loop-instsimplify', '--jump-threading', '--gvn', '--simplifycfg', '--instsimplify', '--inline', '--mergefunc', '--gvn-hoist', '--instcombine', '--mem2reg', '--elim-avail-extern', '--loweratomic', '--indvars', '--indvars', '--gvn', '--gvn', '--ipsccp', '--gvn', '--early-cse', '--nary-reassociate', '--adce', '--early-cse', '--early-cse', '--globalopt', '--jump-threading', '--loop-simplifycfg', '--globalopt', '--elim-avail-extern', '--instcombine', '--simplifycfg', '--sroa', '--mem2reg', '--globaldce', '--gvn-hoist', '--sccp', '--early-cse', '--lower-constant-intrinsics', '--adce', '--slsr', '--gvn-hoist', '--adce', '--loop-simplify', '--dse', '--scalarizer', '--adce', '--loop-simplify', '--dse', '--scalarizer', '--simplifycfg', '--mergereturn', '--lower-expect', '--elim-avail-extern', '--lower-constant-intrinsics', '--nary-reassociate', '--gvn', '--jump-threading', '--globalopt', '--slp-vectorizer', '--instcombine', '--slp-vectorizer', '--instcombine', '--lower-expect', '--sroa', '--sroa', '--aggressive-instcombine']",75,-3.6450761556255795,0.0,-0.8904601902285547,0.0,1,-3.6450761556255795,-0.8904601902285547,0.5620873773639496,-67.00507614213198,12.125251306012228,11.76470588235294,34
2592,"['--ipsccp', '--speculative-execution', '--sccp', '--lower-constant-intrinsics', '--early-cse', '--mem2reg', '--mergefunc', '--jump-threading', '--globalopt', '--lower-constant-intrinsics', '--elim-avail-extern', '--instcombine', '--loop-instsimplify', '--jump-threading', '--gvn', '--simplifycfg', '--instsimplify', '--inline', '--mergefunc', '--gvn-hoist', '--elim-avail-extern', '--loweratomic', '--indvars', '--indvars', '--gvn', '--gvn', '--ipsccp', '--gvn', '--nary-reassociate', '--mem2reg', '--jump-threading', '--correlated-propagation', '--mem2reg', '--memcpyopt', '--globalopt', '--jump-threading', '--bdce', '--elim-avail-extern', '--instcombine', '--simplifycfg', '--sroa', '--lower-constant-intrinsics', '--adce', '--slsr', '--early-cse', '--adce', '--loop-simplify', '--adce', '--loop-simplify', '--dse', '--scalarizer', '--simplifycfg', '--lower-expect', '--simplifycfg', '--elim-avail-extern', '--mergereturn', '--lower-expect', '--elim-avail-extern', '--lower-constant-intrinsics', '--ipsccp', '--nary-reassociate', '--gvn', '--jump-threading', '--globalopt', '--slp-vectorizer', '--instcombine', '--slp-vectorizer', '--instcombine', '--simplifycfg', '--sroa', '--gvn-hoist', '--lower-expect', '--sroa', '--sroa', '--aggressive-instcombine']",75,-3.6450761556255795,0.0,-0.8904601902285547,0.0,1,-3.6450761556255795,-0.8904601902285547,0.5620873773639496,-67.00507614213198,12.125251306012228,11.76470588235294,34
2213,"['--ipsccp', '--speculative-execution', '--sccp', '--early-cse', '--mem2reg', '--jump-threading', '--globalopt', '--elim-avail-extern', '--instcombine', '--adce', '--jump-threading', '--gvn', '--simplifycfg', '--hotcoldsplit', '--inline', '--mergefunc', '--gvn-hoist', '--instcombine', '--globalopt', '--elim-avail-extern', '--indvars', '--indvars', '--gvn-hoist', '--gvn', '--ipsccp', '--gvn', '--nary-reassociate', '--loop-instsimplify', '--early-cse', '--mem2reg', '--jump-threading', '--globalopt', '--jump-threading', '--ipsccp', '--elim-avail-extern', '--instcombine', '--simplifycfg', '--sroa', '--lower-constant-intrinsics', '--sroa', '--loop-simplify', '--adce', '--sccp', '--slsr', '--gvn-hoist', '--adce', '--loop-simplify', '--adce', '--simplifycfg', '--dse', '--scalarizer', '--scalarizer', '--simplifycfg', '--lower-expect', '--simplifycfg', '--elim-avail-extern', '--lower-constant-intrinsics', '--ipsccp', '--gvn', '--nary-reassociate', '--gvn', '--early-cse', '--loop-guard-widening', '--jump-threading', '--globalopt', '--slp-vectorizer', '--instcombine', '--slp-vectorizer', '--instcombine', '--simplifycfg', '--sroa', '--lower-expect', '--sroa', '--sroa', '--aggressive-instcombine']",75,-3.6470499575659865,0.0,-0.9076668923855578,0.0,1,-3.6470499575659865,-0.9076668923855578,0.5008908414855473,-67.00507614213198,12.01593905923877,11.76470588235294,34
1758,"['--ipsccp', '--speculative-execution', '--sccp', '--early-cse', '--mem2reg', '--jump-threading', '--globalopt', '--elim-avail-extern', '--instcombine', '--loop-instsimplify', '--jump-threading', '--gvn', '--simplifycfg', '--instsimplify', '--inline', '--mergefunc', '--gvn-hoist', '--instcombine', '--globalopt', '--elim-avail-extern', '--indvars', '--indvars', '--gvn', '--gvn', '--gvn', '--ipsccp', '--gvn', '--nary-reassociate', '--adce', '--early-cse', '--mem2reg', '--jump-threading', '--globalopt', '--elim-avail-extern', '--instcombine', '--simplifycfg', '--simplifycfg', '--sroa', '--mem2reg', '--globaldce', '--gvn-hoist', '--sccp', '--early-cse', '--lower-constant-intrinsics', '--adce', '--slsr', '--gvn-hoist', '--adce', '--adce', '--loop-simplify', '--dse', '--scalarizer', '--elim-avail-extern', '--lower-expect', '--simplifycfg', '--elim-avail-extern', '--jump-threading', '--lower-constant-intrinsics', '--ipsccp', '--gvn', '--nary-reassociate', '--gvn', '--early-cse', '--mem2reg', '--jump-threading', '--globalopt', '--slp-vectorizer', '--instcombine', '--simplifycfg', '--sroa', '--lower-expect', '--sroa', '--sroa', '--lower-expect', '--aggressive-instcombine']",75,-3.6470499575659865,0.0,-0.9076668923855578,0.0,1,-3.6470499575659865,-0.9076668923855578,0.5008908414855473,-67.00507614213198,12.01593905923877,11.76470588235294,34
1869,"['--ipsccp', '--speculative-execution', '--sccp', '--early-cse', '--mem2reg', '--elim-avail-extern', '--globalopt', '--jump-threading', '--instcombine', '--loop-instsimplify', '--jump-threading', '--gvn', '--simplifycfg', '--instsimplify', '--inline', '--mergefunc', '--gvn-hoist', '--instcombine', '--globalopt', '--elim-avail-extern', '--indvars', '--indvars', '--gvn', '--gvn', '--ipsccp', '--gvn', '--nary-reassociate', '--adce', '--mem2reg', '--jump-threading', '--globalopt', '--elim-avail-extern', '--instcombine', '--simplifycfg', '--sroa', '--mem2reg', '--globaldce', '--gvn-hoist', '--sccp', '--early-cse', '--lower-constant-intrinsics', '--adce', '--slsr', '--gvn-hoist', '--adce', '--loop-simplify', '--adce', '--loop-simplify', '--dse', '--scalarizer', '--scalarizer', '--simplifycfg', '--lower-expect', '--simplifycfg', '--elim-avail-extern', '--lower-constant-intrinsics', '--ipsccp', '--gvn', '--nary-reassociate', '--gvn', '--early-cse', '--mem2reg', '--jump-threading', '--globalopt', '--slp-vectorizer', '--instcombine', '--slp-vectorizer', '--instcombine', '--simplifycfg', '--sroa', '--lower-expect', '--sroa', '--lower-expect', '--aggressive-instcombine']",74,-3.6470499575659865,0.0,-0.9076668923855578,0.0,1,-3.6470499575659865,-0.9076668923855578,0.5008908414855473,-67.00507614213198,12.01593905923877,11.76470588235294,34
1407,"['--ipsccp', '--speculative-execution', '--sccp', '--early-cse', '--mem2reg', '--jump-threading', '--globalopt', '--elim-avail-extern', '--instcombine', '--adce', '--jump-threading', '--gvn', '--simplifycfg', '--instsimplify', '--inline', '--mergefunc', '--gvn-hoist', '--gvn-hoist', '--instcombine', '--globalopt', '--elim-avail-extern', '--indvars', '--gvn', '--gvn', '--ipsccp', '--gvn', '--nary-reassociate', '--loop-instsimplify', '--early-cse', '--mem2reg', '--jump-threading', '--globalopt', '--elim-avail-extern', '--instcombine', '--simplifycfg', '--sroa', '--mem2reg', '--aggressive-instcombine', '--gvn-hoist', '--sccp', '--early-cse', '--lower-constant-intrinsics', '--adce', '--gvn-hoist', '--adce', '--loop-simplify', '--dse', '--scalarizer', '--sink', '--lower-expect', '--simplifycfg', '--gvn-hoist', '--elim-avail-extern', '--lower-constant-intrinsics', '--gvn', '--ipsccp', '--gvn', '--nary-reassociate', '--gvn', '--early-cse', '--mem2reg', '--jump-threading', '--globalopt', '--slp-vectorizer', '--instcombine', '--simplifycfg', '--sroa', '--early-cse', '--lower-expect', '--sroa', '--sroa', '--lower-expect', '--aggressive-instcombine']",73,-3.648719881386018,0.0,-0.8656233961326509,0.0,1,-3.648719881386018,-0.8656233961326509,0.5008908414855473,-68.52791878172589,12.347964519335893,11.76470588235294,34
1729,"['--ipsccp', '--speculative-execution', '--sccp', '--early-cse', '--mem2reg', '--jump-threading', '--globalopt', '--elim-avail-extern', '--instcombine', '--adce', '--jump-threading', '--gvn', '--loop-sink', '--simplifycfg', '--instsimplify', '--inline', '--mergefunc', '--gvn-hoist', '--instcombine', '--globalopt', '--elim-avail-extern', '--indvars', '--indvars', '--gvn', '--gvn', '--ipsccp', '--gvn', '--gvn', '--nary-reassociate', '--loop-instsimplify', '--early-cse', '--mem2reg', '--jump-threading', '--globalopt', '--elim-avail-extern', '--instcombine', '--simplifycfg', '--sroa', '--mem2reg', '--inferattrs', '--mem2reg', '--globaldce', '--gvn-hoist', '--sccp', '--simplifycfg', '--lower-constant-intrinsics', '--adce', '--slsr', '--gvn-hoist', '--adce', '--loop-simplify', '--dse', '--scalarizer', '--simplifycfg', '--lower-expect', '--simplifycfg', '--elim-avail-extern', '--lower-constant-intrinsics', '--ipsccp', '--nary-reassociate', '--gvn', '--jump-threading', '--globalopt', '--slp-vectorizer', '--instcombine', '--early-cse', '--sroa', '--early-cse', '--lower-expect', '--sroa', '--sroa', '--lower-expect', '--aggressive-instcombine']",73,-3.6520190921348745,0.0,-0.8858316916466377,0.0,1,-3.6520190921348745,-0.8858316916466377,0.5008908414855473,-67.51269035532995,12.229394410469553,11.76470588235294,34
1431,"['--speculative-execution', '--speculative-execution', '--sccp', '--early-cse', '--mem2reg', '--jump-threading', '--globalopt', '--elim-avail-extern', '--instcombine', '--adce', '--jump-threading', '--gvn', '--simplifycfg', '--instsimplify', '--inline', '--mergefunc', '--gvn-hoist', '--instcombine', '--globalopt', '--elim-avail-extern', '--indvars', '--indvars', '--gvn', '--gvn', '--gvn', '--nary-reassociate', '--loop-instsimplify', '--early-cse', '--mem2reg', '--jump-threading', '--globalopt', '--elim-avail-extern', '--instcombine', '--simplifycfg', '--sroa', '--mem2reg', '--gvn', '--gvn-hoist', '--sccp', '--early-cse', '--lower-constant-intrinsics', '--adce', '--gvn-hoist', '--adce', '--loop-simplify', '--dse', '--scalarizer', '--simplifycfg', '--lower-expect', '--simplifycfg', '--gvn-hoist', '--elim-avail-extern', '--lower-constant-intrinsics', '--gvn', '--ipsccp', '--gvn', '--nary-reassociate', '--gvn', '--early-cse', '--mem2reg', '--jump-threading', '--globalopt', '--slp-vectorizer', '--instcombine', '--simplifycfg', '--sroa', '--lower-expect', '--sroa', '--sroa', '--lower-expect', '--aggressive-instcombine']",71,-3.655790078606024,0.0,-0.9197456458581993,0.0,1,-3.655790078606024,-0.9197456458581993,0.5008908414855473,-67.00507614213198,12.012749618594336,11.76470588235294,34
1638,"['--ipsccp', '--speculative-execution', '--sccp', '--early-cse', '--mem2reg', '--jump-threading', '--globalopt', '--elim-avail-extern', '--instcombine', '--loop-instsimplify', '--jump-threading', '--gvn', '--simplifycfg', '--instsimplify', '--inline', '--mergefunc', '--gvn-hoist', '--instcombine', '--globalopt', '--elim-avail-extern', '--indvars', '--indvars', '--gvn', '--gvn', '--ipsccp', '--gvn', '--nary-reassociate', '--adce', '--early-cse', '--dse', '--jump-threading', '--globalopt', '--elim-avail-extern', '--instcombine', '--simplifycfg', '--sroa', '--mem2reg', '--globaldce', '--gvn-hoist', '--loop-instsimplify', '--sink', '--early-cse', '--lower-constant-intrinsics', '--adce', '--slsr', '--gvn-hoist', '--adce', '--loop-simplify', '--dse', '--scalarizer', '--simplifycfg', '--lower-expect', '--simplifycfg', '--gvn-hoist', '--elim-avail-extern', '--lower-constant-intrinsics', '--gvn', '--ipsccp', '--gvn', '--nary-reassociate', '--gvn', '--early-cse', '--mem2reg', '--jump-threading', '--globalopt', '--slp-vectorizer', '--instcombine', '--simplifycfg', '--sroa', '--lower-expect', '--sroa', '--sroa', '--lower-expect', '--aggressive-instcombine']",74,-3.656612879296227,0.0,-0.9204546161707241,0.0,1,-3.656612879296227,-0.9204546161707241,0.5008908414855473,-67.00507614213198,12.015660348152432,11.76470588235294,34
1877,"['--ipsccp', '--speculative-execution', '--ipsccp', '--early-cse', '--mem2reg', '--jump-threading', '--globalopt', '--elim-avail-extern', '--instcombine', '--loop-instsimplify', '--jump-threading', '--gvn', '--simplifycfg', '--hotcoldsplit', '--inline', '--mergefunc', '--gvn-hoist', '--loop-vectorize', '--instcombine', '--globalopt', '--elim-avail-extern', '--indvars', '--indvars', '--gvn-hoist', '--gvn', '--gvn', '--ipsccp', '--gvn', '--nary-reassociate', '--loop-instsimplify', '--early-cse', '--mem2reg', '--jump-threading', '--globalopt', '--jump-threading', '--bdce', '--elim-avail-extern', '--instcombine', '--simplifycfg', '--sroa', '--mem2reg', '--globaldce', '--gvn-hoist', '--sccp', '--early-cse', '--lower-constant-intrinsics', '--lower-constant-intrinsics', '--adce', '--slsr', '--gvn-hoist', '--adce', '--loop-simplify', '--dse', '--scalarizer', '--simplifycfg', '--lower-expect', '--simplifycfg', '--elim-avail-extern', '--lower-constant-intrinsics', '--ipsccp', '--nary-reassociate', '--gvn', '--jump-threading', '--globalopt', '--slp-vectorizer', '--instcombine', '--slp-vectorizer', '--instcombine', '--lower-expect', '--sroa', '--sroa', '--lower-expect', '--aggressive-instcombine']",73,-3.6599109355906023,0.0,-0.9105136661643838,0.0,1,-3.6599109355906023,-0.9105136661643838,0.5008908414855473,-67.00507614213198,12.123198036143735,11.76470588235294,34
2391,"['--ipsccp', '--speculative-execution', '--sccp', '--early-cse', '--mem2reg', '--sroa', '--globalopt', '--elim-avail-extern', '--instcombine', '--loop-instsimplify', '--jump-threading', '--gvn', '--simplifycfg', '--instsimplify', '--aggressive-instcombine', '--mergefunc', '--gvn-hoist', '--mergefunc', '--gvn-hoist', '--globalopt', '--elim-avail-extern', '--loweratomic', '--indvars', '--indvars', '--gvn', '--gvn', '--ipsccp', '--gvn', '--nary-reassociate', '--adce', '--early-cse', '--mem2reg', '--jump-threading', '--globalopt', '--elim-avail-extern', '--instcombine', '--simplifycfg', '--sroa', '--mem2reg', '--globaldce', '--gvn-hoist', '--sccp', '--early-cse', '--lower-constant-intrinsics', '--adce', '--slsr', '--gvn-hoist', '--adce', '--gvn-hoist', '--adce', '--loop-simplify', '--dse', '--scalarizer', '--dse', '--scalarizer', '--simplifycfg', '--mergereturn', '--lower-expect', '--elim-avail-extern', '--lower-constant-intrinsics', '--ipsccp', '--nary-reassociate', '--gvn', '--jump-threading', '--globalopt', '--slp-vectorizer', '--instcombine', '--slp-vectorizer', '--instcombine', '--simplifycfg', '--sroa', '--early-cse', '--lower-expect', '--sroa', '--sroa', '--aggressive-instcombine']",76,-3.6625723872566804,0.0,-0.8897213018083088,0.0,1,-3.6625723872566804,-0.8897213018083088,0.5620873773639496,-68.02030456852792,12.30575528547508,11.76470588235294,34
2439,"['--ipsccp', '--speculative-execution', '--sccp', '--lower-constant-intrinsics', '--early-cse', '--mem2reg', '--jump-threading', '--globalopt', '--elim-avail-extern', '--instcombine', '--loop-instsimplify', '--jump-threading', '--gvn', '--simplifycfg', '--instsimplify', '--mergefunc', '--gvn-hoist', '--instcombine', '--globalopt', '--dse', '--loweratomic', '--indvars', '--indvars', '--gvn', '--gvn', '--ipsccp', '--gvn', '--nary-reassociate', '--early-cse', '--mem2reg', '--jump-threading', '--globalopt', '--elim-avail-extern', '--instcombine', '--simplifycfg', '--sroa', '--mem2reg', '--globaldce', '--simplifycfg', '--sccp', '--early-cse', '--lower-constant-intrinsics', '--adce', '--slsr', '--gvn-hoist', '--adce', '--loop-simplify', '--elim-avail-extern', '--scalarizer', '--simplifycfg', '--lower-expect', '--gvn-hoist', '--simplifycfg', '--lower-expect', '--simplifycfg', '--elim-avail-extern', '--lower-constant-intrinsics', '--ipsccp', '--gvn', '--nary-reassociate', '--gvn', '--early-cse', '--loop-guard-widening', '--jump-threading', '--globalopt', '--slp-vectorizer', '--instcombine', '--slp-vectorizer', '--instcombine', '--simplifycfg', '--sroa', '--early-cse', '--lower-expect', '--aggressive-instcombine']",74,-3.6625723872566804,0.0,-0.8897213018083088,0.0,1,-3.6625723872566804,-0.8897213018083088,0.5620873773639496,-68.02030456852792,12.30575528547508,11.76470588235294,34
2384,"['--ipsccp', '--speculative-execution', '--sccp', '--lower-constant-intrinsics', '--early-cse', '--mem2reg', '--jump-threading', '--globalopt', '--elim-avail-extern', '--instcombine', '--loop-instsimplify', '--jump-threading', '--gvn', '--simplifycfg', '--instsimplify', '--mergefunc', '--gvn-hoist', '--instcombine', '--globalopt', '--elim-avail-extern', '--loweratomic', '--indvars', '--indvars', '--gvn', '--gvn', '--ipsccp', '--gvn', '--nary-reassociate', '--adce', '--early-cse', '--mem2reg', '--jump-threading', '--globalopt', '--elim-avail-extern', '--instcombine', '--simplifycfg', '--sroa', '--mem2reg', '--globaldce', '--gvn-hoist', '--sccp', '--early-cse', '--lower-constant-intrinsics', '--adce', '--slsr', '--nary-reassociate', '--adce', '--loop-simplify', '--dse', '--scalarizer', '--adce', '--loop-simplify', '--dse', '--scalarizer', '--simplifycfg', '--mergereturn', '--lower-expect', '--elim-avail-extern', '--lower-constant-intrinsics', '--ipsccp', '--gvn-hoist', '--gvn', '--jump-threading', '--globalopt', '--slp-vectorizer', '--instcombine', '--slp-vectorizer', '--instcombine', '--simplifycfg', '--sroa', '--early-cse', '--early-cse', '--lower-expect', '--aggressive-instcombine']",74,-3.6625723872566804,0.0,-0.8897213018083088,0.0,1,-3.6625723872566804,-0.8897213018083088,0.5620873773639496,-68.02030456852792,12.30575528547508,11.76470588235294,34
2536,"['--ipsccp', '--speculative-execution', '--sccp', '--lower-constant-intrinsics', '--early-cse', '--mem2reg', '--jump-threading', '--instcombine', '--elim-avail-extern', '--instcombine', '--simplifycfg', '--jump-threading', '--gvn', '--loop-instsimplify', '--instsimplify', '--inline', '--mergefunc', '--gvn-hoist', '--instcombine', '--globalopt', '--elim-avail-extern', '--loweratomic', '--indvars', '--indvars', '--gvn', '--gvn', '--ipsccp', '--gvn', '--nary-reassociate', '--adce', '--early-cse', '--early-cse', '--mem2reg', '--jump-threading', '--globalopt', '--elim-avail-extern', '--dse', '--simplifycfg', '--sroa', '--mem2reg', '--globaldce', '--gvn-hoist', '--sccp', '--early-cse', '--lower-constant-intrinsics', '--adce', '--slsr', '--gvn-hoist', '--adce', '--loop-simplify', '--instcombine', '--scalarizer', '--mergefunc', '--loop-simplify', '--dse', '--scalarizer', '--simplifycfg', '--mergereturn', '--lower-expect', '--elim-avail-extern', '--lower-constant-intrinsics', '--nary-reassociate', '--gvn', '--jump-threading', '--globalopt', '--slp-vectorizer', '--aggressive-instcombine', '--slp-vectorizer', '--instcombine', '--simplifycfg', '--sroa', '--early-cse', '--early-cse', '--lower-expect', '--aggressive-instcombine']",75,-3.6633675365262075,0.0,-0.9025017380404199,0.0,1,-3.6633675365262075,-0.9025017380404199,0.5620873773639496,-67.00507614213198,12.217853506429513,11.76470588235294,34
1373,"['--ipsccp', '--sccp', '--early-cse', '--mem2reg', '--jump-threading', '--globalopt', '--elim-avail-extern', '--instcombine', '--adce', '--loop-guard-widening', '--gvn', '--simplifycfg', '--instsimplify', '--inline', '--gvn-hoist', '--mergefunc', '--gvn-hoist', '--instcombine', '--globalopt', '--elim-avail-extern', '--indvars', '--gvn', '--gvn', '--ipsccp', '--aggressive-instcombine', '--nary-reassociate', '--loop-instsimplify', '--early-cse', '--mem2reg', '--jump-threading', '--globalopt', '--instcombine', '--instcombine', '--simplifycfg', '--sroa', '--mem2reg', '--gvn-hoist', '--sccp', '--early-cse', '--lower-constant-intrinsics', '--adce', '--gvn-hoist', '--adce', '--loop-simplify', '--loop-instsimplify', '--dse', '--scalarizer', '--simplifycfg', '--lower-expect', '--simplifycfg', '--gvn-hoist', '--globalopt', '--gvn', '--gvn', '--gvn', '--ipsccp', '--gvn', '--lower-constant-intrinsics', '--loop-instsimplify', '--early-cse', '--mem2reg', '--early-cse-memssa', '--jump-threading', '--globalopt', '--slp-vectorizer', '--instcombine', '--simplifycfg', '--sroa', '--lower-constant-intrinsics', '--early-cse', '--prune-eh', '--lower-expect', '--loweratomic', '--elim-avail-extern', '--elim-avail-extern', '--lower-expect', '--slsr']",77,-3.663745635540266,0.0,-0.8870568786696128,0.0,1,-3.663745635540266,-0.8870568786696128,0.43655874448557375,-68.52791878172589,12.337470941851157,11.76470588235294,34
1484,"['--ipsccp', '--speculative-execution', '--sccp', '--early-cse', '--mem2reg', '--jump-threading', '--globalopt', '--elim-avail-extern', '--instcombine', '--adce', '--jump-threading', '--gvn', '--loop-sink', '--simplifycfg', '--instsimplify', '--inline', '--mergefunc', '--gvn-hoist', '--instcombine', '--globalopt', '--elim-avail-extern', '--indvars', '--indvars', '--gvn', '--gvn', '--ipsccp', '--gvn', '--nary-reassociate', '--loop-instsimplify', '--early-cse', '--mem2reg', '--mem2reg', '--jump-threading', '--globalopt', '--elim-avail-extern', '--instcombine', '--simplifycfg', '--sroa', '--mem2reg', '--gvn', '--gvn-hoist', '--sccp', '--early-cse', '--lower-constant-intrinsics', '--adce', '--gvn-hoist', '--adce', '--loop-simplify', '--dse', '--scalarizer', '--simplifycfg', '--lower-expect', '--simplifycfg', '--gvn-hoist', '--elim-avail-extern', '--lower-constant-intrinsics', '--gvn', '--ipsccp', '--early-cse', '--mem2reg', '--jump-threading', '--mem2reg', '--jump-threading', '--globalopt', '--slp-vectorizer', '--instcombine', '--simplifycfg', '--sroa', '--early-cse', '--lower-expect', '--reassociate', '--sroa', '--lower-expect', '--aggressive-instcombine']",74,-3.6644430951667806,0.0,-0.9258093018347995,0.0,1,-3.6644430951667806,-0.9258093018347995,0.5008908414855473,-67.00507614213198,12.0538023643774,11.76470588235294,34
2264,"['--ipsccp', '--speculative-execution', '--sccp', '--lower-constant-intrinsics', '--early-cse', '--mem2reg', '--jump-threading', '--globalopt', '--elim-avail-extern', '--instcombine', '--loop-instsimplify', '--jump-threading', '--gvn', '--simplifycfg', '--instsimplify', '--mergefunc', '--gvn-hoist', '--instcombine', '--globalopt', '--elim-avail-extern', '--indvars', '--indvars', '--gvn', '--gvn', '--ipsccp', '--gvn', '--instcombine', '--adce', '--early-cse', '--mem2reg', '--jump-threading', '--correlated-propagation', '--mem2reg', '--memcpyopt', '--globalopt', '--jump-threading', '--bdce', '--elim-avail-extern', '--instcombine', '--simplifycfg', '--sroa', '--loop-simplify', '--adce', '--gvn-hoist', '--slsr', '--gvn-hoist', '--adce', '--loop-simplify', '--adce', '--lower-constant-intrinsics', '--dse', '--scalarizer', '--scalarizer', '--simplifycfg', '--lower-expect', '--simplifycfg', '--elim-avail-extern', '--lower-constant-intrinsics', '--ipsccp', '--gvn', '--nary-reassociate', '--gvn', '--early-cse', '--loop-guard-widening', '--jump-threading', '--globalopt', '--slp-vectorizer', '--instcombine', '--slp-vectorizer', '--nary-reassociate', '--simplifycfg', '--sroa', '--early-cse', '--lower-expect', '--aggressive-instcombine']",75,-3.6774102999387672,0.0,-0.9097747777441373,0.0,1,-3.6774102999387672,-0.9097747777441373,0.5008908414855473,-68.02030456852792,12.303733342777234,11.76470588235294,34
1698,"['--ipsccp', '--speculative-execution', '--sccp', '--early-cse', '--mem2reg', '--jump-threading', '--elim-avail-extern', '--instcombine', '--adce', '--loop-interchange', '--aggressive-instcombine', '--gvn', '--simplifycfg', '--instsimplify', '--mergefunc', '--gvn-hoist', '--gvn-hoist', '--instcombine', '--globalopt', '--elim-avail-extern', '--indvars', '--elim-avail-extern', '--indvars', '--gvn', '--gvn', '--nary-reassociate', '--adce', '--early-cse', '--mem2reg', '--jump-threading', '--globalopt', '--elim-avail-extern', '--instcombine', '--simplifycfg', '--sroa', '--mem2reg', '--globaldce', '--gvn-hoist', '--sccp', '--early-cse', '--lower-constant-intrinsics', '--adce', '--slsr', '--gvn-hoist', '--adce', '--loop-simplify', '--adce', '--loop-simplify', '--dse', '--scalarizer', '--simplifycfg', '--lower-expect', '--nary-reassociate', '--elim-avail-extern', '--lower-constant-intrinsics', '--ipsccp', '--gvn', '--nary-reassociate', '--gvn', '--early-cse', '--mem2reg', '--jump-threading', '--globalopt', '--slp-vectorizer', '--instcombine', '--simplifycfg', '--sroa', '--early-cse', '--lower-expect', '--sroa', '--sroa', '--lower-expect', '--simplifycfg', '--aggressive-instcombine']",74,-3.6774102999387672,0.0,-0.9097747777441373,0.0,1,-3.6774102999387672,-0.9097747777441373,0.5008908414855473,-68.02030456852792,12.303733342777234,11.76470588235294,34
1822,"['--simplifycfg', '--speculative-execution', '--sccp', '--early-cse', '--mem2reg', '--jump-threading', '--elim-avail-extern', '--instcombine', '--adce', '--loop-interchange', '--aggressive-instcombine', '--gvn', '--simplifycfg', '--instsimplify', '--mergefunc', '--gvn-hoist', '--gvn-hoist', '--instcombine', '--globalopt', '--elim-avail-extern', '--indvars', '--elim-avail-extern', '--simple-loop-unswitch', '--indvars', '--gvn', '--gvn', '--ipsccp', '--gvn', '--nary-reassociate', '--loop-instsimplify', '--early-cse', '--mem2reg', '--jump-threading', '--globalopt', '--elim-avail-extern', '--instcombine', '--ipsccp', '--sroa', '--inferattrs', '--mem2reg', '--globaldce', '--gvn-hoist', '--sccp', '--early-cse', '--lower-constant-intrinsics', '--adce', '--slsr', '--gvn-hoist', '--adce', '--loop-simplify', '--dse', '--scalarizer', '--simplifycfg', '--lower-expect', '--simplifycfg', '--elim-avail-extern', '--lower-constant-intrinsics', '--ipsccp', '--nary-reassociate', '--gvn', '--jump-threading', '--globalopt', '--slp-vectorizer', '--instcombine', '--simplifycfg', '--sroa', '--early-cse', '--lower-expect', '--sroa', '--sroa', '--lower-expect', '--aggressive-instcombine']",72,-3.6774102999387672,0.0,-0.9097747777441373,0.0,1,-3.6774102999387672,-0.9097747777441373,0.5008908414855473,-68.02030456852792,12.303733342777234,11.76470588235294,34
1852,"['--ipsccp', '--speculative-execution', '--sccp', '--early-cse', '--mergefunc', '--ipsccp', '--mem2reg', '--jump-threading', '--globalopt', '--elim-avail-extern', '--instcombine', '--loop-instsimplify', '--jump-threading', '--gvn', '--simplifycfg', '--instsimplify', '--loop-instsimplify', '--mergefunc', '--gvn-hoist', '--instcombine', '--globalopt', '--elim-avail-extern', '--indvars', '--indvars', '--gvn', '--gvn', '--ipsccp', '--gvn', '--gvn', '--nary-reassociate', '--loop-instsimplify', '--early-cse', '--loop-fusion', '--jump-threading', '--globalopt', '--elim-avail-extern', '--instcombine', '--simplifycfg', '--sroa', '--mem2reg', '--globaldce', '--gvn-hoist', '--sccp', '--early-cse', '--lower-constant-intrinsics', '--adce', '--slsr', '--gvn-hoist', '--adce', '--loop-simplify', '--dse', '--scalarizer', '--simplifycfg', '--lower-expect', '--simplifycfg', '--elim-avail-extern', '--lower-constant-intrinsics', '--ipsccp', '--gvn', '--gvn', '--early-cse', '--mem2reg', '--jump-threading', '--globalopt', '--slp-vectorizer', '--instcombine', '--simplifycfg', '--sroa', '--early-cse', '--lower-expect', '--sroa', '--sroa', '--lower-expect', '--aggressive-instcombine']",74,-3.6774102999387672,0.0,-0.9097747777441373,0.0,1,-3.6774102999387672,-0.9097747777441373,0.5008908414855473,-68.02030456852792,12.303733342777234,11.76470588235294,34
1840,"['--ipsccp', '--speculative-execution', '--sccp', '--early-cse', '--mem2reg', '--jump-threading', '--globalopt', '--elim-avail-extern', '--instcombine', '--adce', '--irce', '--jump-threading', '--gvn', '--loop-sink', '--simplifycfg', '--instsimplify', '--speculative-execution', '--mergefunc', '--gvn-hoist', '--instcombine', '--globalopt', '--elim-avail-extern', '--indvars', '--indvars', '--gvn', '--gvn', '--nary-reassociate', '--adce', '--early-cse', '--mem2reg', '--jump-threading', '--globalopt', '--elim-avail-extern', '--instcombine', '--simplifycfg', '--sroa', '--sroa', '--mem2reg', '--globaldce', '--gvn-hoist', '--sccp', '--early-cse', '--lower-constant-intrinsics', '--adce', '--slsr', '--gvn-hoist', '--adce', '--loop-simplify', '--dse', '--scalarizer', '--scalarizer', '--simplifycfg', '--lower-expect', '--simplifycfg', '--elim-avail-extern', '--lower-constant-intrinsics', '--ipsccp', '--gvn', '--nary-reassociate', '--gvn', '--early-cse', '--mem2reg', '--jump-threading', '--globalopt', '--slp-vectorizer', '--instcombine', '--simplifycfg', '--sroa', '--early-cse', '--lower-expect', '--sroa', '--sroa', '--lower-expect', '--aggressive-instcombine']",74,-3.6774102999387672,0.0,-0.9097747777441373,0.0,1,-3.6774102999387672,-0.9097747777441373,0.5008908414855473,-68.02030456852792,12.303733342777234,11.76470588235294,34
2196,"['--ipsccp', '--speculative-execution', '--sccp', '--lower-constant-intrinsics', '--early-cse', '--mem2reg', '--jump-threading', '--globalopt', '--elim-avail-extern', '--instcombine', '--loop-instsimplify', '--jump-threading', '--gvn', '--simplifycfg', '--instsimplify', '--mergefunc', '--gvn-hoist', '--instcombine', '--globalopt', '--elim-avail-extern', '--indvars', '--indvars', '--gvn', '--gvn', '--ipsccp', '--gvn', '--nary-reassociate', '--loop-instsimplify', '--early-cse', '--mem2reg', '--jump-threading', '--globalopt', '--elim-avail-extern', '--instcombine', '--globalopt', '--simplifycfg', '--simplifycfg', '--sroa', '--mem2reg', '--adce', '--gvn-hoist', '--sccp', '--early-cse', '--lower-constant-intrinsics', '--adce', '--slsr', '--gvn-hoist', '--gvn', '--adce', '--loop-simplify', '--dse', '--scalarizer', '--simplifycfg', '--lower-expect', '--simplifycfg', '--elim-avail-extern', '--lower-constant-intrinsics', '--gvn', '--nary-reassociate', '--elim-avail-extern', '--early-cse', '--mem2reg', '--jump-threading', '--globalopt', '--slp-vectorizer', '--instcombine', '--simplifycfg', '--slp-vectorizer', '--instcombine', '--simplifycfg', '--sroa', '--early-cse', '--lower-expect', '--aggressive-instcombine']",74,-3.6774102999387672,0.0,-0.9097747777441373,0.0,1,-3.6774102999387672,-0.9097747777441373,0.5008908414855473,-68.02030456852792,12.303733342777234,11.76470588235294,34
1701,"['--ipsccp', '--speculative-execution', '--sccp', '--early-cse', '--ipsccp', '--mem2reg', '--jump-threading', '--globalopt', '--elim-avail-extern', '--instcombine', '--loop-instsimplify', '--jump-threading', '--gvn', '--simplifycfg', '--instsimplify', '--aggressive-instcombine', '--mergefunc', '--gvn-hoist', '--instcombine', '--globalopt', '--elim-avail-extern', '--indvars', '--indvars', '--gvn', '--gvn', '--ipsccp', '--gvn', '--nary-reassociate', '--adce', '--early-cse', '--mem2reg', '--jump-threading', '--globalopt', '--elim-avail-extern', '--instcombine', '--simplifycfg', '--sroa', '--mem2reg', '--globaldce', '--gvn-hoist', '--sccp', '--early-cse', '--lower-constant-intrinsics', '--adce', '--slsr', '--gvn-hoist', '--adce', '--loop-simplify', '--dse', '--scalarizer', '--scalarizer', '--simplifycfg', '--lower-expect', '--simplifycfg', '--elim-avail-extern', '--lower-constant-intrinsics', '--ipsccp', '--gvn', '--nary-reassociate', '--gvn', '--early-cse', '--mem2reg', '--jump-threading', '--globalopt', '--slp-vectorizer', '--instcombine', '--simplifycfg', '--sroa', '--early-cse', '--lower-expect', '--sroa', '--sroa', '--lower-expect', '--aggressive-instcombine']",74,-3.6774102999387672,0.0,-0.9097747777441373,0.0,1,-3.6774102999387672,-0.9097747777441373,0.5008908414855473,-68.02030456852792,12.303733342777234,11.76470588235294,34
1537,"['--ipsccp', '--speculative-execution', '--sccp', '--early-cse', '--mem2reg', '--jump-threading', '--globalopt', '--elim-avail-extern', '--instcombine', '--simplifycfg', '--jump-threading', '--gvn', '--simplifycfg', '--instsimplify', '--inline', '--mergefunc', '--gvn-hoist', '--instcombine', '--globalopt', '--elim-avail-extern', '--indvars', '--indvars', '--gvn', '--gvn', '--ipsccp', '--gvn', '--nary-reassociate', '--adce', '--early-cse', '--mem2reg', '--jump-threading', '--globalopt', '--elim-avail-extern', '--instcombine', '--simplifycfg', '--sroa', '--mem2reg', '--globaldce', '--gvn-hoist', '--sccp', '--early-cse', '--lower-constant-intrinsics', '--early-cse', '--lower-constant-intrinsics', '--adce', '--slsr', '--gvn-hoist', '--adce', '--loop-simplify', '--dse', '--scalarizer', '--loop-instsimplify', '--lower-expect', '--simplifycfg', '--elim-avail-extern', '--lower-constant-intrinsics', '--ipsccp', '--gvn', '--nary-reassociate', '--gvn', '--early-cse', '--mem2reg', '--jump-threading', '--globalopt', '--loop-idiom', '--slp-vectorizer', '--instcombine', '--simplifycfg', '--sroa', '--early-cse', '--lower-expect', '--sroa', '--sroa', '--lower-expect', '--aggressive-instcombine']",75,-3.678201896235583,0.0,-0.922555213976249,0.0,1,-3.678201896235583,-0.922555213976249,0.5008908414855473,-67.00507614213198,12.215796034004555,11.76470588235294,34
1408,"['--ipsccp', '--speculative-execution', '--sccp', '--early-cse', '--mem2reg', '--jump-threading', '--globalopt', '--elim-avail-extern', '--instcombine', '--adce', '--jump-threading', '--gvn', '--simplifycfg', '--instsimplify', '--mergereturn', '--mergefunc', '--gvn-hoist', '--instcombine', '--globalopt', '--elim-avail-extern', '--indvars', '--indvars', '--gvn', '--gvn', '--ipsccp', '--gvn', '--nary-reassociate', '--loop-instsimplify', '--early-cse', '--mem2reg', '--jump-threading', '--globalopt', '--elim-avail-extern', '--instcombine', '--simplifycfg', '--sroa', '--mem2reg', '--gvn', '--gvn-hoist', '--sccp', '--early-cse', '--lower-constant-intrinsics', '--adce', '--adce', '--loop-simplify', '--dse', '--scalarizer', '--ipconstprop', '--simplifycfg', '--lower-expect', '--simplifycfg', '--gvn-hoist', '--elim-avail-extern', '--lower-constant-intrinsics', '--gvn', '--ipsccp', '--gvn', '--nary-reassociate', '--gvn', '--early-cse', '--mem2reg', '--jump-threading', '--globalopt', '--slp-vectorizer', '--instcombine', '--simplifycfg', '--sroa', '--early-cse', '--lower-expect', '--sroa', '--sroa', '--lower-expect', '--simplifycfg', '--aggressive-instcombine']",74,-3.6861576762638775,0.0,-0.921853531216779,0.0,1,-3.6861576762638775,-0.921853531216779,0.5008908414855473,-68.02030456852792,12.300616454983523,11.76470588235294,34
1980,"['--ipsccp', '--speculative-execution', '--sccp', '--early-cse', '--mem2reg', '--jump-threading', '--elim-avail-extern', '--instcombine', '--adce', '--loop-interchange', '--aggressive-instcombine', '--gvn', '--simplifycfg', '--instsimplify', '--inline', '--gvn', '--gvn-hoist', '--gvn-hoist', '--instcombine', '--globalopt', '--elim-avail-extern', '--indvars', '--elim-avail-extern', '--indvars', '--nary-reassociate', '--gvn', '--ipsccp', '--gvn', '--nary-reassociate', '--loop-instsimplify', '--early-cse', '--mem2reg', '--jump-threading', '--globalopt', '--elim-avail-extern', '--instcombine', '--simplifycfg', '--sroa', '--mem2reg', '--globaldce', '--gvn-hoist', '--sccp', '--early-cse', '--lower-constant-intrinsics', '--adce', '--slsr', '--gvn-hoist', '--adce', '--loop-simplify', '--dse', '--scalarizer', '--simplifycfg', '--lower-expect', '--simplifycfg', '--elim-avail-extern', '--lower-constant-intrinsics', '--ipsccp', '--gvn', '--gvn', '--mergefunc', '--early-cse', '--mem2reg', '--jump-threading', '--correlated-propagation', '--slp-vectorizer', '--instcombine', '--simplifycfg', '--simplifycfg', '--early-cse', '--lower-expect', '--sroa', '--sroa', '--lower-expect', '--aggressive-instcombine']",74,-3.694604212168614,0.0,-0.9458362942183719,0.0,1,-3.694604212168614,-0.9458362942183719,0.5008908414855473,-67.00507614213198,12.205211091518938,11.76470588235294,34
1847,"['--ipsccp', '--speculative-execution', '--sccp', '--early-cse', '--mem2reg', '--jump-threading', '--globalopt', '--elim-avail-extern', '--instcombine', '--loop-instsimplify', '--jump-threading', '--gvn', '--simplifycfg', '--instsimplify', '--inline', '--mergefunc', '--gvn-hoist', '--instcombine', '--globalopt', '--elim-avail-extern', '--indvars', '--slp-vectorizer', '--gvn', '--ipsccp', '--gvn', '--nary-reassociate', '--adce', '--early-cse', '--mem2reg', '--jump-threading', '--globalopt', '--elim-avail-extern', '--instcombine', '--simplifycfg', '--sroa', '--simplifycfg', '--sroa', '--mem2reg', '--globaldce', '--gvn-hoist', '--sccp', '--early-cse', '--lower-constant-intrinsics', '--adce', '--slsr', '--gvn-hoist', '--adce', '--loop-simplify', '--dse', '--scalarizer', '--simplifycfg', '--bdce', '--simplifycfg', '--gvn-hoist', '--elim-avail-extern', '--lower-constant-intrinsics', '--gvn', '--ipsccp', '--sccp', '--nary-reassociate', '--gvn', '--early-cse', '--mem2reg', '--jump-threading', '--globalopt', '--slp-vectorizer', '--instcombine', '--simplifycfg', '--sroa', '--early-cse', '--lower-expect', '--sroa', '--sroa', '--lower-expect', '--aggressive-instcombine']",75,-3.7040513161671536,0.0,-0.9512913287172116,0.0,1,-3.7040513161671536,-0.9512913287172116,0.5008908414855473,-68.52791878172589,12.258769372763043,11.76470588235294,34
2007,"['--ipsccp', '--speculative-execution', '--sccp', '--early-cse', '--mem2reg', '--jump-threading', '--globalopt', '--elim-avail-extern', '--instcombine', '--loop-instsimplify', '--jump-threading', '--gvn', '--simplifycfg', '--instsimplify', '--inline', '--mergefunc', '--gvn-hoist', '--instcombine', '--globalopt', '--elim-avail-extern', '--indvars', '--indvars', '--gvn', '--gvn', '--ipsccp', '--gvn', '--nary-reassociate', '--adce', '--early-cse', '--mem2reg', '--jump-threading', '--correlated-propagation', '--elim-avail-extern', '--instcombine', '--simplifycfg', '--sroa', '--mem2reg', '--globaldce', '--gvn-hoist', '--sccp', '--early-cse', '--lower-constant-intrinsics', '--adce', '--slsr', '--gvn-hoist', '--adce', '--loop-simplify', '--adce', '--loop-simplify', '--dse', '--scalarizer', '--simplifycfg', '--lower-expect', '--nary-reassociate', '--elim-avail-extern', '--lower-constant-intrinsics', '--gvn', '--nary-reassociate', '--gvn', '--early-cse', '--mem2reg', '--jump-threading', '--globalopt', '--slp-vectorizer', '--instcombine', '--simplifycfg', '--sroa', '--early-cse', '--lower-expect', '--sroa', '--lower-expect', '--simplifycfg']",72,-3.706481492704313,0.0,-0.9778344592014808,0.0,1,-3.706481492704313,-0.9778344592014808,0.0,-67.00507614213198,12.08399765950261,11.76470588235294,34
1692,"['--ipsccp', '--speculative-execution', '--sccp', '--early-cse', '--mem2reg', '--jump-threading', '--globalopt', '--elim-avail-extern', '--instcombine', '--loop-instsimplify', '--jump-threading', '--gvn', '--simplifycfg', '--instsimplify', '--inline', '--mergefunc', '--gvn-hoist', '--instcombine', '--globalopt', '--elim-avail-extern', '--indvars', '--indvars', '--elim-avail-extern', '--indvars', '--gvn', '--gvn', '--nary-reassociate', '--loop-instsimplify', '--early-cse', '--mem2reg', '--jump-threading', '--globalopt', '--jump-threading', '--bdce', '--elim-avail-extern', '--instcombine', '--simplifycfg', '--sroa', '--mem2reg', '--globaldce', '--gvn-hoist', '--sccp', '--early-cse', '--lower-constant-intrinsics', '--adce', '--slsr', '--gvn-hoist', '--adce', '--loop-simplify', '--dse', '--scalarizer', '--simplifycfg', '--lower-expect', '--simplifycfg', '--elim-avail-extern', '--jump-threading', '--lower-constant-intrinsics', '--ipsccp', '--gvn', '--nary-reassociate', '--gvn', '--early-cse', '--mem2reg', '--jump-threading', '--globalopt', '--slp-vectorizer', '--instcombine', '--simplifycfg', '--simplifycfg', '--sroa', '--early-cse', '--lower-expect', '--sroa', '--sroa', '--lower-expect', '--separate-const-offset-from-gep']",76,-3.706481492704313,0.0,-0.9778344592014808,0.0,1,-3.706481492704313,-0.9778344592014808,0.0,-67.00507614213198,12.08399765950261,11.76470588235294,34
1861,"['--ipsccp', '--speculative-execution', '--sccp', '--early-cse', '--mem2reg', '--jump-threading', '--globalopt', '--elim-avail-extern', '--instcombine', '--loop-instsimplify', '--jump-threading', '--gvn', '--simplifycfg', '--instsimplify', '--inline', '--mergefunc', '--gvn-hoist', '--instcombine', '--globalopt', '--elim-avail-extern', '--indvars', '--indvars', '--elim-avail-extern', '--indvars', '--gvn', '--gvn', '--nary-reassociate', '--loop-instsimplify', '--early-cse', '--mem2reg', '--jump-threading', '--globalopt', '--jump-threading', '--bdce', '--elim-avail-extern', '--instcombine', '--simplifycfg', '--sroa', '--mem2reg', '--globaldce', '--gvn-hoist', '--sccp', '--early-cse', '--lower-constant-intrinsics', '--adce', '--slsr', '--gvn-hoist', '--adce', '--loop-simplify', '--dse', '--scalarizer', '--elim-avail-extern', '--lower-expect', '--simplifycfg', '--elim-avail-extern', '--jump-threading', '--lower-constant-intrinsics', '--ipsccp', '--gvn', '--dce', '--gvn', '--early-cse', '--mem2reg', '--globalopt', '--slp-vectorizer', '--instcombine', '--simplifycfg', '--sroa', '--early-cse', '--lower-expect', '--sroa', '--lower-expect']",72,-3.706481492704313,0.0,-0.9778344592014808,0.0,1,-3.706481492704313,-0.9778344592014808,0.0,-67.00507614213198,12.08399765950261,11.76470588235294,34
2124,"['--ipsccp', '--speculative-execution', '--sccp', '--early-cse', '--mem2reg', '--jump-threading', '--globalopt', '--elim-avail-extern', '--instcombine', '--loop-instsimplify', '--jump-threading', '--gvn', '--simplifycfg', '--instsimplify', '--inline', '--mergefunc', '--gvn-hoist', '--instcombine', '--globalopt', '--elim-avail-extern', '--elim-avail-extern', '--indvars', '--indvars', '--gvn', '--gvn', '--ipsccp', '--gvn', '--nary-reassociate', '--adce', '--early-cse', '--mem2reg', '--jump-threading', '--globalopt', '--elim-avail-extern', '--instcombine', '--simplifycfg', '--simplifycfg', '--sroa', '--mem2reg', '--globaldce', '--gvn-hoist', '--sccp', '--early-cse', '--lower-constant-intrinsics', '--adce', '--slsr', '--gvn-hoist', '--gvn', '--adce', '--simplifycfg', '--dse', '--scalarizer', '--simplifycfg', '--lower-expect', '--simplifycfg', '--elim-avail-extern', '--lower-constant-intrinsics', '--gvn', '--nary-reassociate', '--elim-avail-extern', '--early-cse', '--mem2reg', '--jump-threading', '--globalopt', '--slp-vectorizer', '--instcombine', '--simplifycfg', '--sroa', '--early-cse', '--lower-expect', '--sroa', '--lower-expect', '--simplifycfg', '--speculative-execution']",74,-3.706481492704313,0.0,-0.9778344592014808,0.0,1,-3.706481492704313,-0.9778344592014808,0.0,-67.00507614213198,12.08399765950261,11.76470588235294,34
1220,"['--ipsccp', '--speculative-execution', '--sccp', '--early-cse', '--mem2reg', '--jump-threading', '--globalopt', '--elim-avail-extern', '--instcombine', '--adce', '--jump-threading', '--gvn', '--simplifycfg', '--instsimplify', '--inline', '--mergefunc', '--gvn-hoist', '--gvn-hoist', '--instcombine', '--globalopt', '--elim-avail-extern', '--indvars', '--gvn', '--gvn', '--ipsccp', '--gvn', '--nary-reassociate', '--loop-instsimplify', '--early-cse', '--mem2reg', '--jump-threading', '--globalopt', '--elim-avail-extern', '--instcombine', '--simplifycfg', '--sroa', '--mem2reg', '--globaldce', '--gvn-hoist', '--sccp', '--early-cse', '--lower-constant-intrinsics', '--adce', '--gvn-hoist', '--slp-vectorizer', '--loop-simplify', '--sccp', '--dse', '--scalarizer', '--simplifycfg', '--lower-expect', '--simplifycfg', '--gvn-hoist', '--elim-avail-extern', '--lower-constant-intrinsics', '--gvn', '--ipsccp', '--gvn', '--early-cse', '--mem2reg', '--jump-threading', '--globalopt', '--slp-vectorizer', '--instcombine', '--simplifycfg', '--sroa', '--early-cse', '--lower-expect', '--sroa', '--sroa', '--lower-expect', '--adce', '--elim-avail-extern', '--aggressive-instcombine']",74,-3.7127934572165033,0.0,-0.9633700821898533,0.0,1,-3.7127934572165033,-0.9633700821898533,0.5008908414855473,-68.52791878172589,12.25560013221172,11.76470588235294,34
1467,"['--ipsccp', '--speculative-execution', '--sccp', '--early-cse', '--mem2reg', '--jump-threading', '--globalopt', '--elim-avail-extern', '--instcombine', '--loop-instsimplify', '--jump-threading', '--gvn', '--simplifycfg', '--instsimplify', '--inline', '--mergefunc', '--gvn-hoist', '--instcombine', '--globalopt', '--elim-avail-extern', '--indvars', '--indvars', '--gvn', '--gvn', '--ipsccp', '--gvn', '--nary-reassociate', '--adce', '--early-cse', '--mem2reg', '--jump-threading', '--globalopt', '--elim-avail-extern', '--instcombine', '--simplifycfg', '--sroa', '--mem2reg', '--gvn', '--gvn-hoist', '--sccp', '--early-cse', '--lower-constant-intrinsics', '--adce', '--gvn-hoist', '--adce', '--loop-simplify', '--dse', '--scalarizer', '--simplifycfg', '--lower-expect', '--simplifycfg', '--gvn-hoist', '--elim-avail-extern', '--lower-constant-intrinsics', '--gvn', '--ipsccp', '--gvn', '--nary-reassociate', '--gvn', '--early-cse', '--mem2reg', '--jump-threading', '--globalopt', '--slp-vectorizer', '--instcombine', '--simplifycfg', '--sroa', '--early-cse', '--lower-expect', '--sroa', '--sroa', '--lower-expect']",72,-3.715216394977312,0.0,-0.9899132126741225,0.0,1,-3.715216394977312,-0.9899132126741225,0.0,-67.00507614213198,12.080756031187793,11.76470588235294,34
1440,"['--ipsccp', '--speculative-execution', '--sccp', '--early-cse', '--mem2reg', '--jump-threading', '--globalopt', '--elim-avail-extern', '--instcombine', '--adce', '--jump-threading', '--gvn', '--simplifycfg', '--instsimplify', '--inline', '--mergefunc', '--gvn-hoist', '--instcombine', '--globalopt', '--elim-avail-extern', '--indvars', '--indvars', '--gvn', '--gvn', '--gvn', '--nary-reassociate', '--loop-instsimplify', '--early-cse', '--mem2reg', '--jump-threading', '--globalopt', '--elim-avail-extern', '--instcombine', '--simplifycfg', '--sroa', '--mem2reg', '--gvn', '--gvn-hoist', '--sccp', '--early-cse', '--lower-constant-intrinsics', '--adce', '--gvn-hoist', '--adce', '--loop-simplify', '--dse', '--scalarizer', '--simplifycfg', '--lower-expect', '--simplifycfg', '--gvn-hoist', '--elim-avail-extern', '--lower-constant-intrinsics', '--gvn', '--ipsccp', '--gvn', '--nary-reassociate', '--gvn', '--early-cse', '--mem2reg', '--jump-threading', '--globalopt', '--slp-vectorizer', '--instcombine', '--simplifycfg', '--sroa', '--early-cse', '--lower-expect', '--sroa', '--sroa', '--lower-expect']",71,-3.715216394977312,0.0,-0.9899132126741225,0.0,1,-3.715216394977312,-0.9899132126741225,0.0,-67.00507614213198,12.080756031187793,11.76470588235294,34
1420,"['--ipsccp', '--speculative-execution', '--sccp', '--early-cse', '--mem2reg', '--jump-threading', '--globalopt', '--elim-avail-extern', '--instcombine', '--adce', '--jump-threading', '--gvn', '--simplifycfg', '--instsimplify', '--inline', '--mergefunc', '--gvn-hoist', '--instcombine', '--globalopt', '--elim-avail-extern', '--indvars', '--indvars', '--gvn', '--gvn', '--ipsccp', '--gvn', '--nary-reassociate', '--loop-instsimplify', '--early-cse', '--mem2reg', '--jump-threading', '--globalopt', '--elim-avail-extern', '--instcombine', '--simplifycfg', '--sroa', '--mem2reg', '--gvn', '--gvn-hoist', '--sccp', '--early-cse', '--lower-constant-intrinsics', '--adce', '--gvn-hoist', '--adce', '--loop-simplify', '--dse', '--scalarizer', '--simplifycfg', '--lower-expect', '--simplifycfg', '--gvn-hoist', '--elim-avail-extern', '--lower-constant-intrinsics', '--gvn', '--ipsccp', '--gvn', '--nary-reassociate', '--gvn', '--early-cse', '--mem2reg', '--jump-threading', '--globalopt', '--slp-vectorizer', '--instcombine', '--simplifycfg', '--sroa', '--early-cse', '--lower-expect', '--early-cse', '--lower-expect', '--sroa', '--sroa', '--lower-expect', '--gvn-hoist']",75,-3.715216394977312,0.0,-0.9899132126741225,0.0,1,-3.715216394977312,-0.9899132126741225,0.0,-67.00507614213198,12.080756031187793,11.76470588235294,34
1344,"['--ipsccp', '--speculative-execution', '--sccp', '--early-cse', '--mem2reg', '--jump-threading', '--globalopt', '--elim-avail-extern', '--instcombine', '--adce', '--jump-threading', '--gvn', '--simplifycfg', '--instsimplify', '--inline', '--mergefunc', '--gvn-hoist', '--gvn-hoist', '--instcombine', '--globalopt', '--elim-avail-extern', '--indvars', '--gvn', '--gvn', '--ipsccp', '--gvn', '--nary-reassociate', '--loop-instsimplify', '--early-cse', '--mem2reg', '--jump-threading', '--globalopt', '--elim-avail-extern', '--instcombine', '--simplifycfg', '--sroa', '--mem2reg', '--globaldce', '--gvn-hoist', '--sccp', '--early-cse', '--reassociate', '--lower-constant-intrinsics', '--adce', '--gvn-hoist', '--adce', '--loop-instsimplify', '--dse', '--scalarizer', '--simplifycfg', '--lower-expect', '--simplifycfg', '--gvn-hoist', '--elim-avail-extern', '--lower-constant-intrinsics', '--gvn', '--early-cse', '--gvn', '--nary-reassociate', '--gvn', '--early-cse', '--mem2reg', '--jump-threading', '--globalopt', '--slp-vectorizer', '--instcombine', '--simplifycfg', '--sroa', '--ipsccp', '--lower-expect', '--sroa', '--sroa', '--lower-expect', '--aggressive-instcombine']",74,-3.733478481718568,0.0,-0.99337019869516,0.0,1,-3.733478481718568,-0.99337019869516,0.5008908414855473,-68.52791878172589,12.237449503442573,11.76470588235294,34
1303,"['--ipsccp', '--speculative-execution', '--sccp', '--early-cse', '--mem2reg', '--jump-threading', '--globalopt', '--elim-avail-extern', '--instcombine', '--adce', '--jump-threading', '--gvn', '--simplifycfg', '--instsimplify', '--inline', '--mergefunc', '--gvn-hoist', '--gvn-hoist', '--instcombine', '--globalopt', '--elim-avail-extern', '--indvars', '--gvn', '--gvn', '--ipsccp', '--gvn', '--nary-reassociate', '--loop-simplify', '--early-cse', '--mem2reg', '--jump-threading', '--globalopt', '--elim-avail-extern', '--instcombine', '--simplifycfg', '--sroa', '--mem2reg', '--globaldce', '--gvn-hoist', '--sccp', '--early-cse', '--lower-constant-intrinsics', '--adce', '--gvn-hoist', '--adce', '--loop-instsimplify', '--dse', '--scalarizer', '--simplifycfg', '--lower-expect', '--simplifycfg', '--gvn-hoist', '--elim-avail-extern', '--lower-constant-intrinsics', '--gvn', '--early-cse', '--gvn', '--nary-reassociate', '--gvn', '--early-cse', '--mem2reg', '--jump-threading', '--globalopt', '--slp-vectorizer', '--instcombine', '--simplifycfg', '--sroa', '--ipsccp', '--lower-expect', '--sroa', '--sroa', '--lower-expect', '--aggressive-instcombine']",73,-3.733478481718568,0.0,-0.99337019869516,0.0,1,-3.733478481718568,-0.99337019869516,0.5008908414855473,-68.52791878172589,12.237449503442573,11.76470588235294,34
1423,"['--ipsccp', '--speculative-execution', '--sccp', '--early-cse', '--mem2reg', '--jump-threading', '--globalopt', '--elim-avail-extern', '--instcombine', '--adce', '--jump-threading', '--gvn', '--simplifycfg', '--instsimplify', '--inline', '--mergefunc', '--gvn-hoist', '--gvn-hoist', '--instcombine', '--globalopt', '--elim-avail-extern', '--indvars', '--gvn', '--gvn', '--ipsccp', '--gvn', '--nary-reassociate', '--loop-instsimplify', '--early-cse', '--mem2reg', '--jump-threading', '--globalopt', '--elim-avail-extern', '--instcombine', '--simplifycfg', '--sroa', '--mem2reg', '--globaldce', '--gvn-hoist', '--sccp', '--early-cse', '--lower-constant-intrinsics', '--adce', '--slsr', '--gvn-hoist', '--adce', '--loop-simplify', '--dse', '--scalarizer', '--simplifycfg', '--strip', '--simplifycfg', '--gvn-hoist', '--elim-avail-extern', '--lower-constant-intrinsics', '--gvn', '--ipsccp', '--gvn', '--nary-reassociate', '--functionattrs', '--gvn', '--early-cse', '--jump-threading', '--globalopt', '--slp-vectorizer', '--instcombine', '--simplifycfg', '--sroa', '--lower-constant-intrinsics', '--early-cse', '--prune-eh', '--lower-expect', '--loweratomic', '--elim-avail-extern', '--elim-avail-extern', '--lower-expect', '--slsr']",77,-3.7645722725630812,0.0,-1.0226239486013016,0.0,1,-3.7645722725630812,-1.0226239486013016,0.0,-68.52791878172589,12.328984287591641,11.76470588235294,34
1290,"['--ipsccp', '--speculative-execution', '--sccp', '--early-cse', '--mem2reg', '--jump-threading', '--globalopt', '--elim-avail-extern', '--instcombine', '--adce', '--jump-threading', '--gvn', '--simplifycfg', '--instsimplify', '--inline', '--mergefunc', '--gvn-hoist', '--gvn-hoist', '--instcombine', '--globalopt', '--elim-avail-extern', '--indvars', '--gvn', '--gvn', '--ipsccp', '--gvn', '--nary-reassociate', '--loop-simplify', '--early-cse', '--mem2reg', '--jump-threading', '--globalopt', '--elim-avail-extern', '--instcombine', '--simplifycfg', '--sroa', '--mem2reg', '--globaldce', '--gvn-hoist', '--sccp', '--early-cse', '--lower-constant-intrinsics', '--adce', '--gvn-hoist', '--adce', '--loop-instsimplify', '--dse', '--scalarizer', '--simplifycfg', '--lower-expect', '--simplifycfg', '--gvn-hoist', '--elim-avail-extern', '--lower-constant-intrinsics', '--gvn', '--ipsccp', '--gvn', '--nary-reassociate', '--gvn', '--lower-constant-intrinsics', '--loop-instsimplify', '--early-cse', '--mem2reg', '--early-cse-memssa', '--jump-threading', '--globalopt', '--slp-vectorizer', '--instcombine', '--simplifycfg', '--sroa', '--lower-constant-intrinsics', '--early-cse', '--lower-expect', '--lower-expect', '--loweratomic', '--elim-avail-extern', '--elim-avail-extern', '--lower-expect', '--slsr']",79,-3.7645722725630812,0.0,-1.0226239486013016,0.0,1,-3.7645722725630812,-1.0226239486013016,0.0,-68.52791878172589,12.328984287591641,11.76470588235294,34
1297,"['--ipsccp', '--speculative-execution', '--sccp', '--early-cse', '--mem2reg', '--jump-threading', '--globalopt', '--elim-avail-extern', '--instcombine', '--adce', '--loop-guard-widening', '--gvn', '--simplifycfg', '--instsimplify', '--inline', '--gvn-hoist', '--mergefunc', '--gvn-hoist', '--instcombine', '--globalopt', '--elim-avail-extern', '--indvars', '--gvn', '--gvn', '--ipsccp', '--gvn', '--nary-reassociate', '--loop-instsimplify', '--early-cse', '--mem2reg', '--jump-threading', '--globalopt', '--instcombine', '--instcombine', '--simplifycfg', '--sroa', '--mem2reg', '--gvn-hoist', '--sccp', '--early-cse', '--lower-constant-intrinsics', '--adce', '--gvn-hoist', '--adce', '--loop-simplify', '--loop-instsimplify', '--dse', '--scalarizer', '--simplifycfg', '--lower-expect', '--simplifycfg', '--gvn-hoist', '--elim-avail-extern', '--lower-constant-intrinsics', '--gvn', '--ipsccp', '--gvn', '--nary-reassociate', '--gvn', '--early-cse', '--mem2reg', '--jump-threading', '--globalopt', '--slp-vectorizer', '--instcombine', '--simplifycfg', '--instcombine', '--simplifycfg', '--mem2reg', '--sroa', '--lower-constant-intrinsics', '--early-cse', '--lower-expect', '--lower-expect', '--loweratomic', '--elim-avail-extern', '--elim-avail-extern', '--memcpyopt', '--slsr']",79,-3.7645722725630812,0.0,-1.0226239486013016,0.0,1,-3.7645722725630812,-1.0226239486013016,0.0,-68.52791878172589,12.328984287591641,11.76470588235294,34
1343,"['--ipsccp', '--speculative-execution', '--sccp', '--early-cse', '--mem2reg', '--jump-threading', '--globalopt', '--elim-avail-extern', '--instcombine', '--adce', '--jump-threading', '--gvn', '--simplifycfg', '--inline', '--mergefunc', '--gvn-hoist', '--gvn-hoist', '--instcombine', '--globalopt', '--elim-avail-extern', '--indvars', '--gvn', '--gvn', '--ipsccp', '--gvn', '--nary-reassociate', '--loop-instsimplify', '--early-cse', '--mem2reg', '--jump-threading', '--globalopt', '--elim-avail-extern', '--instcombine', '--instcombine', '--simplifycfg', '--sroa', '--mem2reg', '--gvn-hoist', '--sccp', '--early-cse', '--lower-constant-intrinsics', '--adce', '--gvn-hoist', '--adce', '--loop-simplify', '--loop-instsimplify', '--dse', '--scalarizer', '--simplifycfg', '--lower-expect', '--simplifycfg', '--gvn-hoist', '--elim-avail-extern', '--lower-constant-intrinsics', '--gvn', '--ipsccp', '--gvn', '--nary-reassociate', '--gvn', '--early-cse', '--mem2reg', '--jump-threading', '--globalopt', '--slp-vectorizer', '--instcombine', '--simplifycfg', '--instcombine', '--simplifycfg', '--mem2reg', '--sroa', '--lower-constant-intrinsics', '--early-cse', '--lower-expect', '--lower-expect', '--loweratomic', '--elim-avail-extern', '--elim-avail-extern', '--memcpyopt', '--slsr']",79,-3.7645722725630812,0.0,-1.0226239486013016,0.0,1,-3.7645722725630812,-1.0226239486013016,0.0,-68.52791878172589,12.328984287591641,11.76470588235294,34
1340,"['--ipsccp', '--simplifycfg', '--sccp', '--early-cse', '--mem2reg', '--jump-threading', '--globalopt', '--elim-avail-extern', '--instcombine', '--adce', '--jump-threading', '--gvn', '--simplifycfg', '--instsimplify', '--inline', '--mergefunc', '--gvn-hoist', '--gvn-hoist', '--instcombine', '--globalopt', '--elim-avail-extern', '--indvars', '--gvn', '--gvn', '--ipsccp', '--gvn', '--loop-instsimplify', '--early-cse', '--mem2reg', '--jump-threading', '--globalopt', '--elim-avail-extern', '--instcombine', '--speculative-execution', '--sroa', '--mem2reg', '--globaldce', '--gvn-hoist', '--sccp', '--early-cse', '--lower-constant-intrinsics', '--adce', '--gvn-hoist', '--adce', '--loop-simplify', '--dse', '--scalarizer', '--simplifycfg', '--lower-expect', '--simplifycfg', '--gvn-hoist', '--elim-avail-extern', '--lower-constant-intrinsics', '--gvn', '--ipsccp', '--gvn', '--nary-reassociate', '--gvn', '--gvn', '--early-cse', '--mem2reg', '--jump-threading', '--globalopt', '--slp-vectorizer', '--instcombine', '--simplifycfg', '--sroa', '--instcombine', '--simplifycfg', '--mem2reg', '--sroa', '--lower-constant-intrinsics', '--early-cse', '--lower-expect', '--lower-expect', '--loweratomic', '--elim-avail-extern', '--elim-avail-extern', '--slsr']",79,-3.7645722725630812,0.0,-1.0226239486013016,0.0,1,-3.7645722725630812,-1.0226239486013016,0.0,-68.52791878172589,12.328984287591641,11.76470588235294,34
1406,"['--ipsccp', '--speculative-execution', '--sccp', '--early-cse', '--mem2reg', '--jump-threading', '--globalopt', '--elim-avail-extern', '--instcombine', '--adce', '--jump-threading', '--gvn', '--simplifycfg', '--instsimplify', '--inline', '--mergefunc', '--gvn-hoist', '--gvn-hoist', '--instcombine', '--globalopt', '--elim-avail-extern', '--indvars', '--gvn', '--gvn', '--ipsccp', '--sroa', '--nary-reassociate', '--loop-instsimplify', '--early-cse', '--mem2reg', '--jump-threading', '--globalopt', '--elim-avail-extern', '--instcombine', '--simplifycfg', '--sroa', '--mem2reg', '--globaldce', '--gvn-hoist', '--sccp', '--early-cse', '--lower-constant-intrinsics', '--adce', '--slsr', '--adce', '--loop-simplify', '--dse', '--scalarizer', '--simplifycfg', '--lower-expect', '--simplifycfg', '--gvn-hoist', '--elim-avail-extern', '--lower-constant-intrinsics', '--gvn', '--ipsccp', '--gvn', '--nary-reassociate', '--gvn', '--early-cse', '--sccp', '--mem2reg', '--jump-threading', '--globalopt', '--slp-vectorizer', '--instcombine', '--simplifycfg', '--sroa', '--early-cse', '--lower-expect', '--sroa', '--sroa', '--lower-expect', '--globaldce']",74,-3.7645722725630812,0.0,-1.0226239486013016,0.0,1,-3.7645722725630812,-1.0226239486013016,0.0,-68.52791878172589,12.328984287591641,11.76470588235294,34
1317,"['--ipsccp', '--speculative-execution', '--sccp', '--early-cse', '--mem2reg', '--jump-threading', '--globalopt', '--elim-avail-extern', '--instcombine', '--adce', '--jump-threading', '--gvn', '--simplifycfg', '--instsimplify', '--inline', '--mergefunc', '--gvn-hoist', '--gvn-hoist', '--instcombine', '--globalopt', '--elim-avail-extern', '--indvars', '--gvn', '--ipsccp', '--gvn', '--nary-reassociate', '--loop-instsimplify', '--early-cse', '--mem2reg', '--jump-threading', '--globalopt', '--elim-avail-extern', '--instcombine', '--simplifycfg', '--sroa', '--mem2reg', '--globaldce', '--gvn-hoist', '--sccp', '--early-cse', '--lower-constant-intrinsics', '--adce', '--gvn-hoist', '--adce', '--loop-simplify', '--dse', '--scalarizer', '--simplifycfg', '--lower-expect', '--simplifycfg', '--gvn-hoist', '--elim-avail-extern', '--lower-constant-intrinsics', '--gvn', '--ipsccp', '--gvn', '--early-cse', '--gvn', '--nary-reassociate', '--mem2reg', '--jump-threading', '--globalopt', '--slp-vectorizer', '--instcombine', '--globalopt', '--loop-interchange', '--slp-vectorizer', '--instcombine', '--simplifycfg', '--mem2reg', '--sroa', '--lower-constant-intrinsics', '--early-cse', '--lower-expect', '--lower-expect', '--loweratomic', '--elim-avail-extern', '--elim-avail-extern', '--slsr']",79,-3.7645722725630812,0.0,-1.0226239486013016,0.0,1,-3.7645722725630812,-1.0226239486013016,0.0,-68.52791878172589,12.328984287591641,11.76470588235294,34
1418,"['--ipsccp', '--speculative-execution', '--sccp', '--early-cse', '--mem2reg', '--jump-threading', '--globalopt', '--elim-avail-extern', '--instcombine', '--adce', '--jump-threading', '--gvn', '--simplifycfg', '--instsimplify', '--inline', '--mergefunc', '--gvn-hoist', '--gvn-hoist', '--instcombine', '--globalopt', '--elim-avail-extern', '--indvars', '--gvn', '--gvn', '--ipsccp', '--gvn', '--nary-reassociate', '--loop-instsimplify', '--early-cse', '--mem2reg', '--jump-threading', '--globalopt', '--elim-avail-extern', '--instcombine', '--simplifycfg', '--sroa', '--mem2reg', '--globaldce', '--gvn-hoist', '--sccp', '--early-cse', '--lower-constant-intrinsics', '--adce', '--nary-reassociate', '--slsr', '--gvn-hoist', '--adce', '--loop-simplify', '--dse', '--scalarizer', '--simplifycfg', '--lower-expect', '--simplifycfg', '--gvn-hoist', '--elim-avail-extern', '--lower-constant-intrinsics', '--gvn', '--ipsccp', '--gvn', '--nary-reassociate', '--gvn', '--early-cse', '--irce', '--mem2reg', '--jump-threading', '--globalopt', '--slp-vectorizer', '--instcombine', '--simplifycfg', '--sroa', '--early-cse', '--lower-expect', '--sroa', '--sroa', '--lower-expect', '--gvn-hoist']",76,-3.7645722725630812,0.0,-1.0226239486013016,0.0,1,-3.7645722725630812,-1.0226239486013016,0.0,-68.52791878172589,12.328984287591641,11.76470588235294,34
1347,"['--ipsccp', '--speculative-execution', '--sccp', '--early-cse', '--mem2reg', '--jump-threading', '--globalopt', '--elim-avail-extern', '--instcombine', '--adce', '--jump-threading', '--gvn', '--simplifycfg', '--inline', '--mergefunc', '--gvn-hoist', '--gvn-hoist', '--instcombine', '--globalopt', '--elim-avail-extern', '--indvars', '--gvn', '--gvn', '--ipsccp', '--gvn', '--nary-reassociate', '--loop-instsimplify', '--early-cse', '--mem2reg', '--jump-threading', '--globalopt', '--elim-avail-extern', '--instcombine', '--simplifycfg', '--sroa', '--mem2reg', '--globaldce', '--gvn-hoist', '--gvn-hoist', '--sccp', '--early-cse', '--lower-constant-intrinsics', '--adce', '--gvn-hoist', '--adce', '--early-cse', '--dse', '--scalarizer', '--simplifycfg', '--lower-expect', '--simplifycfg', '--gvn-hoist', '--elim-avail-extern', '--lower-constant-intrinsics', '--gvn', '--ipsccp', '--gvn', '--nary-reassociate', '--gvn', '--early-cse', '--mem2reg', '--jump-threading', '--globalopt', '--slp-vectorizer', '--instcombine', '--simplifycfg', '--sroa', '--instcombine', '--simplifycfg', '--mem2reg', '--sroa', '--lower-constant-intrinsics', '--early-cse', '--lower-expect', '--lower-expect', '--loweratomic', '--elim-avail-extern', '--elim-avail-extern', '--slsr']",79,-3.7645722725630812,0.0,-1.0226239486013016,0.0,1,-3.7645722725630812,-1.0226239486013016,0.0,-68.52791878172589,12.328984287591641,11.76470588235294,34
1346,"['--ipsccp', '--speculative-execution', '--sccp', '--early-cse', '--mem2reg', '--jump-threading', '--globalopt', '--elim-avail-extern', '--instcombine', '--adce', '--jump-threading', '--gvn', '--simplifycfg', '--instsimplify', '--inline', '--mergefunc', '--gvn-hoist', '--gvn-hoist', '--instcombine', '--globalopt', '--elim-avail-extern', '--indvars', '--globaldce', '--gvn', '--ipsccp', '--gvn', '--nary-reassociate', '--loop-instsimplify', '--early-cse', '--mem2reg', '--jump-threading', '--globalopt', '--elim-avail-extern', '--instcombine', '--simplifycfg', '--sroa', '--mem2reg', '--gvn', '--gvn-hoist', '--sccp', '--early-cse', '--lower-constant-intrinsics', '--adce', '--gvn-hoist', '--adce', '--loop-simplify', '--dse', '--scalarizer', '--simplifycfg', '--lower-expect', '--simplifycfg', '--gvn-hoist', '--elim-avail-extern', '--lower-constant-intrinsics', '--gvn', '--ipsccp', '--gvn', '--nary-reassociate', '--gvn', '--early-cse', '--mem2reg', '--jump-threading', '--globalopt', '--slp-vectorizer', '--instcombine', '--simplifycfg', '--sroa', '--early-cse', '--simplifycfg', '--sroa', '--hotcoldsplit', '--early-cse', '--lower-expect', '--lower-expect', '--loweratomic', '--elim-avail-extern', '--elim-avail-extern', '--lower-expect', '--slsr']",79,-3.7645722725630812,0.0,-1.0226239486013016,0.0,1,-3.7645722725630812,-1.0226239486013016,0.0,-68.52791878172589,12.328984287591641,11.76470588235294,34
1348,"['--ipsccp', '--speculative-execution', '--sccp', '--early-cse', '--mem2reg', '--jump-threading', '--globalopt', '--elim-avail-extern', '--instcombine', '--adce', '--jump-threading', '--gvn', '--simplifycfg', '--instsimplify', '--inline', '--mergefunc', '--gvn-hoist', '--gvn-hoist', '--instcombine', '--globalopt', '--elim-avail-extern', '--indvars', '--gvn', '--gvn', '--ipsccp', '--sroa', '--nary-reassociate', '--loop-instsimplify', '--early-cse', '--mem2reg', '--jump-threading', '--globalopt', '--elim-avail-extern', '--instcombine', '--simplifycfg', '--sroa', '--mem2reg', '--globaldce', '--gvn-hoist', '--sccp', '--early-cse', '--adce', '--gvn-hoist', '--adce', '--loop-simplify', '--dse', '--scalarizer', '--simplifycfg', '--lower-expect', '--simplifycfg', '--gvn-hoist', '--elim-avail-extern', '--gvn', '--elim-avail-extern', '--ipsccp', '--gvn', '--ipsccp', '--gvn', '--nary-reassociate', '--lower-constant-intrinsics', '--loop-instsimplify', '--early-cse', '--mem2reg', '--jump-threading', '--globalopt', '--slp-vectorizer', '--instcombine', '--simplifycfg', '--sroa', '--lower-constant-intrinsics', '--early-cse', '--jump-threading']",72,-3.7733092287016037,0.0,-1.0347027020739432,0.0,1,-3.7733092287016037,-1.0347027020739432,0.0,-68.52791878172589,12.325763197932048,11.76470588235294,34
1321,"['--ipsccp', '--speculative-execution', '--sccp', '--early-cse', '--mem2reg', '--jump-threading', '--globalopt', '--elim-avail-extern', '--instcombine', '--adce', '--jump-threading', '--simplifycfg', '--instsimplify', '--partially-inline-libcalls', '--inline', '--mergefunc', '--gvn-hoist', '--gvn-hoist', '--instcombine', '--globalopt', '--elim-avail-extern', '--indvars', '--globaldce', '--gvn', '--ipsccp', '--gvn', '--nary-reassociate', '--loop-instsimplify', '--early-cse', '--mem2reg', '--jump-threading', '--globalopt', '--elim-avail-extern', '--instcombine', '--simplifycfg', '--sroa', '--mem2reg', '--gvn', '--gvn-hoist', '--sccp', '--early-cse', '--early-cse', '--lower-constant-intrinsics', '--adce', '--gvn-hoist', '--adce', '--loop-simplify', '--dse', '--scalarizer', '--simplifycfg', '--lower-expect', '--simplifycfg', '--gvn-hoist', '--elim-avail-extern', '--lower-constant-intrinsics', '--gvn', '--ipsccp', '--gvn', '--nary-reassociate', '--gvn', '--early-cse', '--mem2reg', '--jump-threading', '--globalopt', '--slp-vectorizer', '--instcombine', '--simplifycfg', '--sroa', '--early-cse', '--lower-expect', '--sroa', '--sroa', '--lower-expect', '--globaldce']",74,-3.776284459293061,0.0,-1.02635145163176,0.0,1,-3.776284459293061,-1.02635145163176,0.0,-69.03553299492386,12.418149882162997,11.76470588235294,34
2594,"['--ipsccp', '--speculative-execution', '--sccp', '--lower-constant-intrinsics', '--early-cse', '--mem2reg', '--mergefunc', '--jump-threading', '--globalopt', '--lower-constant-intrinsics', '--elim-avail-extern', '--instcombine', '--loop-instsimplify', '--jump-threading', '--gvn', '--simplifycfg', '--instsimplify', '--inline', '--mergefunc', '--gvn-hoist', '--elim-avail-extern', '--loweratomic', '--indvars', '--indvars', '--gvn', '--gvn', '--ipsccp', '--gvn', '--nary-reassociate', '--mem2reg', '--jump-threading', '--correlated-propagation', '--mem2reg', '--memcpyopt', '--jump-threading', '--bdce', '--elim-avail-extern', '--instcombine', '--memcpyopt', '--simplifycfg', '--sroa', '--lower-constant-intrinsics', '--adce', '--slsr', '--gvn-hoist', '--adce', '--loop-simplifycfg', '--loop-simplify', '--adce', '--loop-simplify', '--dse', '--scalarizer', '--scalarizer', '--simplifycfg', '--lower-expect', '--simplifycfg', '--elim-avail-extern', '--lower-constant-intrinsics', '--lower-constant-intrinsics', '--ipsccp', '--nary-reassociate', '--adce', '--early-cse', '--loop-guard-widening', '--globalopt', '--slp-vectorizer', '--instcombine', '--slp-vectorizer', '--instcombine', '--simplifycfg', '--sroa', '--early-cse', '--lower-expect', '--inline', '--sroa', '--lower-expect', '--aggressive-instcombine']",77,-3.778083267129115,0.0,-1.0945414045195856,0.0,1,-3.778083267129115,-1.0945414045195856,0.5500100826779593,-67.00507614213198,11.924713313864848,11.76470588235294,34
2300,"['--ipsccp', '--speculative-execution', '--sccp', '--lower-constant-intrinsics', '--early-cse', '--mem2reg', '--jump-threading', '--globalopt', '--elim-avail-extern', '--instcombine', '--loop-instsimplify', '--jump-threading', '--gvn', '--simplifycfg', '--instsimplify', '--adce', '--mergefunc', '--gvn-hoist', '--instcombine', '--globalopt', '--elim-avail-extern', '--loweratomic', '--indvars', '--indvars', '--gvn', '--gvn', '--ipsccp', '--gvn', '--nary-reassociate', '--inline', '--mem2reg', '--jump-threading', '--correlated-propagation', '--mem2reg', '--memcpyopt', '--globalopt', '--jump-threading', '--bdce', '--elim-avail-extern', '--instcombine', '--simplifycfg', '--sroa', '--lower-constant-intrinsics', '--adce', '--slsr', '--gvn-hoist', '--adce', '--loop-simplify', '--adce', '--loop-simplify', '--dse', '--scalarizer', '--scalarizer', '--simplifycfg', '--lower-expect', '--simplifycfg', '--elim-avail-extern', '--lower-constant-intrinsics', '--lower-constant-intrinsics', '--ipsccp', '--nary-reassociate', '--adce', '--early-cse', '--loop-guard-widening', '--jump-threading', '--slp-vectorizer', '--instcombine', '--slp-vectorizer', '--instcombine', '--simplifycfg', '--sroa', '--early-cse', '--lower-expect', '--sroa', '--lower-expect', '--aggressive-instcombine']",76,-3.778083267129115,0.0,-1.0945414045195856,0.0,1,-3.778083267129115,-1.0945414045195856,0.5500100826779593,-67.00507614213198,11.924713313864848,11.76470588235294,34
2597,"['--ipsccp', '--speculative-execution', '--sccp', '--lower-constant-intrinsics', '--early-cse', '--mem2reg', '--jump-threading', '--jump-threading', '--globalopt', '--elim-avail-extern', '--instcombine', '--loop-instsimplify', '--jump-threading', '--gvn', '--simplifycfg', '--instsimplify', '--sroa', '--mergefunc', '--gvn-hoist', '--instcombine', '--globalopt', '--elim-avail-extern', '--loweratomic', '--indvars', '--indvars', '--gvn', '--gvn', '--ipsccp', '--gvn', '--nary-reassociate', '--adce', '--mem2reg', '--jump-threading', '--globalopt', '--elim-avail-extern', '--instcombine', '--simplifycfg', '--inline', '--mem2reg', '--globaldce', '--gvn-hoist', '--sccp', '--early-cse', '--lower-constant-intrinsics', '--adce', '--slsr', '--globaldce', '--gvn-hoist', '--adce', '--loop-simplify', '--dse', '--scalarizer', '--adce', '--loop-simplify', '--dse', '--scalarizer', '--simplifycfg', '--mergereturn', '--lower-expect', '--elim-avail-extern', '--lower-constant-intrinsics', '--correlated-propagation', '--irce', '--ipsccp', '--nary-reassociate', '--jump-threading', '--globalopt', '--slp-vectorizer', '--instcombine', '--slp-vectorizer', '--instcombine', '--simplifycfg', '--sroa', '--sroa', '--early-cse', '--aggressive-instcombine']",76,-3.778083267129115,0.0,-1.0945414045195856,0.0,1,-3.778083267129115,-1.0945414045195856,0.5500100826779593,-67.00507614213198,11.924713313864848,11.76470588235294,34
2609,"['--ipsccp', '--speculative-execution', '--sccp', '--lower-constant-intrinsics', '--early-cse', '--mem2reg', '--jump-threading', '--globalopt', '--elim-avail-extern', '--instcombine', '--loop-instsimplify', '--jump-threading', '--gvn', '--simplifycfg', '--instsimplify', '--inline', '--mergefunc', '--gvn-hoist', '--instcombine', '--globalopt', '--elim-avail-extern', '--loweratomic', '--indvars', '--indvars', '--gvn', '--gvn', '--ipsccp', '--gvn', '--nary-reassociate', '--adce', '--early-cse', '--mem2reg', '--jump-threading', '--elim-avail-extern', '--instcombine', '--simplifycfg', '--sroa', '--mem2reg', '--globaldce', '--gvn-hoist', '--sccp', '--early-cse', '--lower-constant-intrinsics', '--adce', '--slsr', '--gvn-hoist', '--adce', '--gvn-hoist', '--adce', '--loop-simplify', '--dse', '--scalarizer', '--adce', '--inline', '--dse', '--scalarizer', '--simplifycfg', '--mergereturn', '--lower-expect', '--elim-avail-extern', '--lower-constant-intrinsics', '--correlated-propagation', '--irce', '--ipsccp', '--nary-reassociate', '--jump-threading', '--globalopt', '--slp-vectorizer', '--instcombine', '--slp-vectorizer', '--instcombine', '--simplifycfg', '--sroa', '--sroa', '--early-cse', '--lower-expect', '--sroa', '--lower-expect', '--aggressive-instcombine']",79,-3.778083267129115,0.0,-1.0945414045195856,0.0,1,-3.778083267129115,-1.0945414045195856,0.5500100826779593,-67.00507614213198,11.924713313864848,11.76470588235294,34
2632,"['--ipsccp', '--speculative-execution', '--sccp', '--lower-constant-intrinsics', '--early-cse', '--mem2reg', '--jump-threading', '--globalopt', '--elim-avail-extern', '--instcombine', '--loop-instsimplify', '--gvn', '--simplifycfg', '--instsimplify', '--mergefunc', '--inline', '--gvn-hoist', '--instcombine', '--globalopt', '--dse', '--loweratomic', '--indvars', '--indvars', '--gvn', '--gvn', '--ipsccp', '--gvn', '--adce', '--early-cse', '--mem2reg', '--jump-threading', '--globalopt', '--globalopt', '--elim-avail-extern', '--instcombine', '--simplifycfg', '--sroa', '--mem2reg', '--globaldce', '--gvn-hoist', '--sccp', '--early-cse', '--lower-constant-intrinsics', '--adce', '--slsr', '--gvn-hoist', '--adce', '--ipsccp', '--dse', '--scalarizer', '--scalarizer', '--simplifycfg', '--lower-expect', '--gvn-hoist', '--simplifycfg', '--lower-expect', '--simplifycfg', '--elim-avail-extern', '--lower-constant-intrinsics', '--ipsccp', '--gvn', '--nary-reassociate', '--loop-guard-widening', '--jump-threading', '--globalopt', '--slp-vectorizer', '--instcombine', '--slp-vectorizer', '--instcombine', '--simplifycfg', '--sroa', '--early-cse', '--lower-expect', '--sroa', '--lower-expect', '--aggressive-instcombine']",76,-3.778083267129115,0.0,-1.0945414045195856,0.0,1,-3.778083267129115,-1.0945414045195856,0.5500100826779593,-67.00507614213198,11.924713313864848,11.76470588235294,34
2663,"['--ipsccp', '--speculative-execution', '--sccp', '--early-cse', '--early-cse', '--mem2reg', '--jump-threading', '--loop-unroll-and-jam', '--globalopt', '--elim-avail-extern', '--instcombine', '--loop-instsimplify', '--jump-threading', '--gvn', '--gvn', '--simplifycfg', '--instsimplify', '--ipsccp', '--mergefunc', '--gvn-hoist', '--elim-avail-extern', '--loweratomic', '--indvars', '--indvars', '--gvn', '--gvn', '--ipsccp', '--gvn', '--nary-reassociate', '--mem2reg', '--jump-threading', '--correlated-propagation', '--mem2reg', '--memcpyopt', '--jump-threading', '--bdce', '--elim-avail-extern', '--instcombine', '--memcpyopt', '--simplifycfg', '--sroa', '--lower-constant-intrinsics', '--adce', '--early-cse', '--slsr', '--gvn-hoist', '--adce', '--loop-simplifycfg', '--loop-simplify', '--adce', '--loop-simplify', '--dse', '--scalarizer', '--scalarizer', '--simplifycfg', '--lower-expect', '--simplifycfg', '--elim-avail-extern', '--lower-constant-intrinsics', '--lower-constant-intrinsics', '--inline', '--nary-reassociate', '--adce', '--early-cse', '--loop-guard-widening', '--jump-threading', '--slp-vectorizer', '--instcombine', '--slp-vectorizer', '--instcombine', '--simplifycfg', '--sroa', '--early-cse', '--early-cse', '--lower-expect', '--aggressive-instcombine']",76,-3.778083267129115,0.0,-1.0945414045195856,0.0,1,-3.778083267129115,-1.0945414045195856,0.5500100826779593,-67.00507614213198,11.924713313864848,11.76470588235294,34
2269,"['--ipsccp', '--speculative-execution', '--sccp', '--lower-constant-intrinsics', '--early-cse', '--mem2reg', '--jump-threading', '--globalopt', '--elim-avail-extern', '--instcombine', '--loop-instsimplify', '--jump-threading', '--gvn', '--simplifycfg', '--instsimplify', '--inline', '--mergefunc', '--gvn-hoist', '--instcombine', '--globalopt', '--elim-avail-extern', '--loweratomic', '--indvars', '--indvars', '--gvn', '--gvn', '--ipsccp', '--gvn', '--nary-reassociate', '--adce', '--early-cse', '--mem2reg', '--mem2reg', '--jump-threading', '--globalopt', '--elim-avail-extern', '--instcombine', '--simplifycfg', '--sroa', '--mem2reg', '--globaldce', '--gvn-hoist', '--sccp', '--early-cse', '--lower-constant-intrinsics', '--adce', '--adce', '--loop-simplify', '--adce', '--loop-simplify', '--dse', '--simplifycfg', '--elim-avail-extern', '--nary-reassociate', '--elim-avail-extern', '--lower-constant-intrinsics', '--ipsccp', '--loop-simplify', '--nary-reassociate', '--gvn', '--early-cse', '--mem2reg', '--jump-threading', '--globalopt', '--slp-vectorizer', '--instcombine', '--simplifycfg', '--nary-reassociate', '--sroa', '--early-cse', '--lower-expect', '--early-cse', '--lower-expect', '--aggressive-instcombine']",74,-3.778788001138345,0.0,-1.0852242037314128,0.0,1,-3.778788001138345,-1.0852242037314128,0.6131413958092724,-67.00507614213198,12.001639659868445,11.76470588235294,34
1366,"['--ipsccp', '--speculative-execution', '--sccp', '--early-cse', '--mem2reg', '--jump-threading', '--globalopt', '--elim-avail-extern', '--instcombine', '--adce', '--jump-threading', '--gvn', '--simplifycfg', '--instsimplify', '--inline', '--mergefunc', '--gvn-hoist', '--gvn-hoist', '--instcombine', '--globalopt', '--elim-avail-extern', '--indvars', '--gvn', '--ipsccp', '--gvn', '--nary-reassociate', '--loop-instsimplify', '--early-cse', '--mem2reg', '--jump-threading', '--speculative-execution', '--elim-avail-extern', '--instcombine', '--simplifycfg', '--sroa', '--mem2reg', '--globaldce', '--gvn-hoist', '--sccp', '--early-cse', '--lower-constant-intrinsics', '--adce', '--gvn-hoist', '--adce', '--loop-simplify', '--dse', '--scalarizer', '--simplifycfg', '--lower-expect', '--simplifycfg', '--gvn-hoist', '--elim-avail-extern', '--lower-constant-intrinsics', '--gvn', '--ipsccp', '--gvn', '--nary-reassociate', '--gvn', '--early-cse', '--mem2reg', '--jump-threading', '--globalopt', '--early-cse-memssa', '--jump-threading', '--globalopt', '--slp-vectorizer', '--instcombine', '--simplifycfg', '--sroa', '--lower-constant-intrinsics', '--early-cse', '--lower-expect', '--lower-expect', '--loweratomic', '--elim-avail-extern', '--elim-avail-extern', '--lower-expect', '--slsr']",78,-3.7834306812397847,0.0,-1.0514590120384408,0.0,1,-3.7834306812397847,-1.0514590120384408,0.0,-68.52791878172589,12.30130539858013,11.76470588235294,34
1190,"['--ipsccp', '--speculative-execution', '--sccp', '--early-cse', '--mem2reg', '--globalopt', '--elim-avail-extern', '--instcombine', '--adce', '--jump-threading', '--gvn', '--simplifycfg', '--instsimplify', '--inline', '--gvn-hoist', '--mergefunc', '--gvn-hoist', '--instcombine', '--globalopt', '--elim-avail-extern', '--indvars', '--indvars', '--gvn', '--gvn', '--ipsccp', '--gvn', '--nary-reassociate', '--loop-instsimplify', '--early-cse', '--mem2reg', '--jump-threading', '--globalopt', '--instcombine', '--simplifycfg', '--sroa', '--gvn-hoist', '--sccp', '--sccp', '--early-cse', '--lower-constant-intrinsics', '--adce', '--gvn-hoist', '--adce', '--loop-simplify', '--dse', '--newgvn', '--simplifycfg', '--newgvn', '--lower-expect', '--simplifycfg', '--gvn-hoist', '--instcombine', '--globalopt', '--aggressive-instcombine', '--gvn', '--gvn', '--ipsccp', '--gvn', '--lower-constant-intrinsics', '--loop-instsimplify', '--early-cse', '--mem2reg', '--early-cse-memssa', '--jump-threading', '--globalopt', '--slp-vectorizer', '--instcombine', '--simplifycfg', '--sroa', '--lower-constant-intrinsics', '--early-cse', '--lower-expect', '--lower-expect', '--loweratomic', '--elim-avail-extern', '--elim-avail-extern', '--lower-expect', '--slsr']",78,-3.7848670258738704,0.0,-1.0931989261945998,0.0,1,-3.7848670258738704,-1.0931989261945998,0.5008908414855473,-67.00507614213198,12.002619488749792,11.76470588235294,34
1249,"['--ipsccp', '--speculative-execution', '--sccp', '--early-cse', '--mem2reg', '--globalopt', '--elim-avail-extern', '--instcombine', '--adce', '--jump-threading', '--gvn', '--simplifycfg', '--instsimplify', '--inline', '--gvn-hoist', '--mergefunc', '--gvn-hoist', '--instcombine', '--globalopt', '--elim-avail-extern', '--indvars', '--indvars', '--gvn', '--gvn', '--gvn', '--nary-reassociate', '--loop-instsimplify', '--early-cse', '--mem2reg', '--jump-threading', '--globalopt', '--instcombine', '--simplifycfg', '--sroa', '--gvn-hoist', '--early-cse', '--sccp', '--early-cse', '--lower-constant-intrinsics', '--globalopt', '--gvn-hoist', '--adce', '--gvn-hoist', '--adce', '--dse', '--loop-sink', '--simplifycfg', '--simplifycfg', '--gvn-hoist', '--instcombine', '--globalopt', '--aggressive-instcombine', '--gvn', '--gvn', '--ipsccp', '--gvn', '--lower-constant-intrinsics', '--loop-instsimplify', '--early-cse', '--mem2reg', '--jump-threading', '--globalopt', '--slp-vectorizer', '--instcombine', '--simplifycfg', '--sroa', '--lower-constant-intrinsics', '--early-cse', '--lower-expect', '--lower-expect', '--loweratomic', '--elim-avail-extern', '--elim-avail-extern', '--lower-expect', '--slsr']",75,-3.7848670258738704,0.0,-1.0931989261945998,0.0,1,-3.7848670258738704,-1.0931989261945998,0.5008908414855473,-67.00507614213198,12.002619488749792,11.76470588235294,34
1197,"['--ipsccp', '--speculative-execution', '--sccp', '--early-cse', '--mem2reg', '--jump-threading', '--globalopt', '--elim-avail-extern', '--instcombine', '--adce', '--jump-threading', '--gvn', '--simplifycfg', '--instsimplify', '--inline', '--gvn-hoist', '--mergefunc', '--gvn-hoist', '--instcombine', '--globalopt', '--elim-avail-extern', '--indvars', '--gvn', '--gvn', '--ipsccp', '--gvn', '--nary-reassociate', '--loop-instsimplify', '--early-cse', '--mem2reg', '--jump-threading', '--globalopt', '--instcombine', '--instcombine', '--simplifycfg', '--sroa', '--mem2reg', '--gvn-hoist', '--sccp', '--early-cse', '--lower-constant-intrinsics', '--adce', '--gvn-hoist', '--adce', '--loop-simplify', '--dse', '--loop-sink', '--simplifycfg', '--lower-expect', '--simplifycfg', '--indvars', '--instcombine', '--globalopt', '--aggressive-instcombine', '--gvn', '--gvn', '--ipsccp', '--gvn', '--lower-constant-intrinsics', '--loop-instsimplify', '--early-cse', '--mem2reg', '--early-cse-memssa', '--jump-threading', '--globalopt', '--slp-vectorizer', '--instcombine', '--simplifycfg', '--mem2reg', '--sroa', '--lower-constant-intrinsics', '--early-cse', '--lower-expect', '--lower-expect', '--loweratomic', '--elim-avail-extern', '--elim-avail-extern', '--slsr']",78,-3.7848670258738704,0.0,-1.0931989261945998,0.0,1,-3.7848670258738704,-1.0931989261945998,0.5008908414855473,-67.00507614213198,12.002619488749792,11.76470588235294,34
1221,"['--ipsccp', '--speculative-execution', '--sccp', '--early-cse', '--mem2reg', '--jump-threading', '--globalopt', '--elim-avail-extern', '--instcombine', '--adce', '--jump-threading', '--gvn', '--simplifycfg', '--instsimplify', '--inline', '--mergefunc', '--gvn-hoist', '--gvn-hoist', '--instcombine', '--globalopt', '--elim-avail-extern', '--indvars', '--gvn', '--gvn', '--ipsccp', '--gvn', '--nary-reassociate', '--loop-simplify', '--early-cse', '--mem2reg', '--jump-threading', '--globalopt', '--elim-avail-extern', '--instcombine', '--simplifycfg', '--sroa', '--mem2reg', '--globaldce', '--gvn-hoist', '--sccp', '--early-cse', '--lower-constant-intrinsics', '--adce', '--gvn-hoist', '--adce', '--dse', '--loop-sink', '--simplifycfg', '--lower-expect', '--simplifycfg', '--indvars', '--instcombine', '--globalopt', '--aggressive-instcombine', '--gvn', '--gvn', '--ipsccp', '--gvn', '--lower-constant-intrinsics', '--loop-instsimplify', '--early-cse', '--mem2reg', '--die', '--early-cse-memssa', '--jump-threading', '--globalopt', '--slp-vectorizer', '--instcombine', '--simplifycfg', '--sroa', '--lower-constant-intrinsics', '--early-cse', '--lower-expect', '--lower-expect', '--loweratomic', '--elim-avail-extern', '--elim-avail-extern', '--lower-expect', '--slsr']",79,-3.7848670258738704,0.0,-1.0931989261945998,0.0,1,-3.7848670258738704,-1.0931989261945998,0.5008908414855473,-67.00507614213198,12.002619488749792,11.76470588235294,34
1254,"['--ipsccp', '--speculative-execution', '--sccp', '--early-cse', '--mem2reg', '--jump-threading', '--globalopt', '--elim-avail-extern', '--instcombine', '--adce', '--jump-threading', '--gvn', '--simplifycfg', '--instsimplify', '--inline', '--mergefunc', '--gvn-hoist', '--instcombine', '--globalopt', '--elim-avail-extern', '--elim-avail-extern', '--indvars', '--gvn', '--gvn', '--ipsccp', '--gvn', '--nary-reassociate', '--loop-instsimplify', '--early-cse', '--mem2reg', '--jump-threading', '--globalopt', '--instcombine', '--instcombine', '--simplifycfg', '--sroa', '--mem2reg', '--gvn-hoist', '--sccp', '--early-cse', '--lower-constant-intrinsics', '--adce', '--gvn-hoist', '--adce', '--loop-simplify', '--dse', '--loop-sink', '--simplifycfg', '--lower-expect', '--simplifycfg', '--indvars', '--instcombine', '--globalopt', '--aggressive-instcombine', '--gvn', '--gvn', '--ipsccp', '--gvn', '--lower-constant-intrinsics', '--loop-instsimplify', '--early-cse', '--mem2reg', '--early-cse-memssa', '--jump-threading', '--globalopt', '--slp-vectorizer', '--instcombine', '--simplifycfg', '--mem2reg', '--sroa', '--lower-constant-intrinsics', '--early-cse', '--lower-expect', '--lower-expect', '--loweratomic', '--elim-avail-extern', '--elim-avail-extern', '--memcpyopt', '--slsr']",79,-3.7848670258738704,0.0,-1.0931989261945998,0.0,1,-3.7848670258738704,-1.0931989261945998,0.5008908414855473,-67.00507614213198,12.002619488749792,11.76470588235294,34
1264,"['--ipsccp', '--speculative-execution', '--sccp', '--early-cse', '--mem2reg', '--globalopt', '--elim-avail-extern', '--instcombine', '--adce', '--jump-threading', '--gvn', '--simplifycfg', '--instsimplify', '--inline', '--gvn-hoist', '--mergefunc', '--gvn-hoist', '--instcombine', '--globalopt', '--elim-avail-extern', '--indvars', '--indvars', '--gvn', '--gvn', '--ipsccp', '--gvn', '--nary-reassociate', '--loop-instsimplify', '--sccp', '--mem2reg', '--jump-threading', '--globalopt', '--instcombine', '--simplifycfg', '--sroa', '--gvn-hoist', '--early-cse', '--sccp', '--early-cse', '--lower-constant-intrinsics', '--adce', '--gvn-hoist', '--adce', '--loop-simplify', '--dse', '--newgvn', '--simplifycfg', '--newgvn', '--lower-expect', '--simplifycfg', '--gvn-hoist', '--instcombine', '--globalopt', '--aggressive-instcombine', '--gvn', '--gvn', '--ipsccp', '--gvn', '--lower-constant-intrinsics', '--loop-instsimplify', '--early-cse', '--mem2reg', '--early-cse-memssa', '--jump-threading', '--globalopt', '--slp-vectorizer', '--instcombine', '--simplifycfg', '--sroa', '--lower-constant-intrinsics', '--early-cse', '--lower-expect', '--lower-expect', '--loweratomic', '--elim-avail-extern', '--elim-avail-extern', '--lower-expect', '--slsr']",78,-3.7848670258738704,0.0,-1.0931989261945998,0.0,1,-3.7848670258738704,-1.0931989261945998,0.5008908414855473,-67.00507614213198,12.002619488749792,11.76470588235294,34
1224,"['--ipsccp', '--speculative-execution', '--sccp', '--early-cse', '--mem2reg', '--jump-threading', '--globalopt', '--elim-avail-extern', '--instcombine', '--adce', '--jump-threading', '--gvn', '--simplifycfg', '--instsimplify', '--inline', '--mergefunc', '--gvn-hoist', '--instcombine', '--globalopt', '--elim-avail-extern', '--indvars', '--indvars', '--gvn', '--gvn', '--gvn', '--nary-reassociate', '--loop-instsimplify', '--early-cse', '--mem2reg', '--jump-threading', '--globalopt', '--instcombine', '--simplifycfg', '--sroa', '--gvn-hoist', '--early-cse', '--sccp', '--early-cse', '--lower-constant-intrinsics', '--globalopt', '--gvn-hoist', '--adce', '--lower-constant-intrinsics', '--dse', '--inferattrs', '--newgvn', '--simplifycfg', '--newgvn', '--elim-avail-extern', '--simplifycfg', '--gvn-hoist', '--instcombine', '--globalopt', '--aggressive-instcombine', '--globalopt', '--instcombine', '--gvn', '--gvn', '--ipsccp', '--gvn', '--lower-constant-intrinsics', '--loop-instsimplify', '--early-cse', '--mem2reg', '--early-cse-memssa', '--jump-threading', '--globalopt', '--slp-vectorizer', '--instcombine', '--simplifycfg', '--sroa', '--lower-constant-intrinsics', '--early-cse', '--lower-expect', '--lower-expect', '--loweratomic', '--elim-avail-extern', '--elim-avail-extern', '--lower-expect', '--slsr']",80,-3.7848670258738704,0.0,-1.0931989261945998,0.0,1,-3.7848670258738704,-1.0931989261945998,0.5008908414855473,-67.00507614213198,12.002619488749792,11.76470588235294,34
1229,"['--ipsccp', '--speculative-execution', '--sccp', '--early-cse', '--mem2reg', '--jump-threading', '--globalopt', '--elim-avail-extern', '--instcombine', '--adce', '--jump-threading', '--gvn', '--simplifycfg', '--instsimplify', '--inline', '--gvn-hoist', '--mergefunc', '--gvn-hoist', '--instcombine', '--globalopt', '--elim-avail-extern', '--indvars', '--gvn', '--gvn', '--ipsccp', '--gvn', '--nary-reassociate', '--loop-instsimplify', '--early-cse', '--mem2reg', '--jump-threading', '--globalopt', '--instcombine', '--instcombine', '--simplifycfg', '--sroa', '--mem2reg', '--gvn-hoist', '--sccp', '--early-cse', '--lower-constant-intrinsics', '--adce', '--gvn-hoist', '--adce', '--loop-simplify', '--dse', '--simplifycfg', '--lower-expect', '--simplifycfg', '--indvars', '--instcombine', '--globalopt', '--aggressive-instcombine', '--gvn', '--gvn', '--ipsccp', '--gvn', '--lower-constant-intrinsics', '--loop-instsimplify', '--early-cse', '--mem2reg', '--early-cse-memssa', '--jump-threading', '--globalopt', '--slp-vectorizer', '--instcombine', '--simplifycfg', '--mem2reg', '--sroa', '--lower-constant-intrinsics', '--early-cse', '--lower-expect', '--lower-expect', '--loweratomic', '--elim-avail-extern', '--elim-avail-extern', '--slsr']",77,-3.7848670258738704,0.0,-1.0931989261945998,0.0,1,-3.7848670258738704,-1.0931989261945998,0.5008908414855473,-67.00507614213198,12.002619488749792,11.76470588235294,34
1233,"['--ipsccp', '--speculative-execution', '--sccp', '--early-cse', '--mem2reg', '--globalopt', '--elim-avail-extern', '--instcombine', '--adce', '--jump-threading', '--gvn', '--simplifycfg', '--instsimplify', '--inline', '--gvn-hoist', '--mergefunc', '--gvn-hoist', '--instcombine', '--globalopt', '--elim-avail-extern', '--indvars', '--indvars', '--gvn', '--gvn', '--ipsccp', '--gvn', '--nary-reassociate', '--loop-instsimplify', '--early-cse', '--mem2reg', '--jump-threading', '--globalopt', '--instcombine', '--simplifycfg', '--sroa', '--gvn-hoist', '--sccp', '--sccp', '--early-cse', '--lower-constant-intrinsics', '--adce', '--gvn-hoist', '--adce', '--loop-simplify', '--dse', '--newgvn', '--simplifycfg', '--newgvn', '--lower-expect', '--simplifycfg', '--gvn-hoist', '--instcombine', '--globalopt', '--aggressive-instcombine', '--gvn', '--gvn', '--ipsccp', '--gvn', '--lower-constant-intrinsics', '--loop-instsimplify', '--early-cse', '--mem2reg', '--early-cse-memssa', '--jump-threading', '--globalopt', '--slp-vectorizer', '--instcombine', '--simplifycfg', '--sroa', '--lower-constant-intrinsics', '--early-cse', '--prune-eh', '--lower-expect', '--loweratomic', '--elim-avail-extern', '--elim-avail-extern', '--lower-expect', '--slsr']",78,-3.7848670258738704,0.0,-1.0931989261945998,0.0,1,-3.7848670258738704,-1.0931989261945998,0.5008908414855473,-67.00507614213198,12.002619488749792,11.76470588235294,34
1261,"['--ipsccp', '--speculative-execution', '--sccp', '--early-cse', '--mem2reg', '--globalopt', '--elim-avail-extern', '--instcombine', '--adce', '--jump-threading', '--gvn', '--simplifycfg', '--instsimplify', '--inline', '--gvn-hoist', '--mergefunc', '--gvn-hoist', '--instcombine', '--globalopt', '--elim-avail-extern', '--indvars', '--indvars', '--gvn', '--gvn', '--ipsccp', '--gvn', '--nary-reassociate', '--loop-instsimplify', '--early-cse', '--mem2reg', '--jump-threading', '--memcpyopt', '--globalopt', '--instcombine', '--instcombine', '--simplifycfg', '--sroa', '--mem2reg', '--gvn-hoist', '--sccp', '--early-cse', '--lower-constant-intrinsics', '--adce', '--gvn-hoist', '--adce', '--loop-simplify', '--dse', '--loop-sink', '--simplifycfg', '--lower-expect', '--simplifycfg', '--indvars', '--instcombine', '--globalopt', '--aggressive-instcombine', '--gvn', '--gvn', '--ipsccp', '--gvn', '--lower-constant-intrinsics', '--loop-instsimplify', '--early-cse', '--mem2reg', '--early-cse-memssa', '--jump-threading', '--globalopt', '--slp-vectorizer', '--instcombine', '--simplifycfg', '--sroa', '--lower-constant-intrinsics', '--early-cse', '--lower-expect', '--lower-expect', '--loweratomic', '--elim-avail-extern', '--elim-avail-extern', '--lower-expect', '--slsr']",79,-3.7848670258738704,0.0,-1.0931989261945998,0.0,1,-3.7848670258738704,-1.0931989261945998,0.5008908414855473,-67.00507614213198,12.002619488749792,11.76470588235294,34
1238,"['--ipsccp', '--speculative-execution', '--sccp', '--early-cse', '--mem2reg', '--jump-threading', '--globalopt', '--elim-avail-extern', '--instcombine', '--adce', '--jump-threading', '--gvn', '--simplifycfg', '--instsimplify', '--inline', '--mergefunc', '--gvn-hoist', '--instcombine', '--globalopt', '--globalopt', '--elim-avail-extern', '--indvars', '--gvn', '--gvn', '--ipsccp', '--gvn', '--nary-reassociate', '--loop-instsimplify', '--early-cse', '--mem2reg', '--jump-threading', '--globalopt', '--instcombine', '--instcombine', '--simplifycfg', '--sroa', '--mem2reg', '--gvn-hoist', '--sccp', '--early-cse', '--lower-constant-intrinsics', '--adce', '--gvn-hoist', '--adce', '--loop-simplify', '--dse', '--loop-sink', '--simplifycfg', '--lower-expect', '--simplifycfg', '--indvars', '--instcombine', '--globalopt', '--aggressive-instcombine', '--gvn', '--gvn', '--ipsccp', '--gvn', '--lower-constant-intrinsics', '--loop-instsimplify', '--early-cse', '--mem2reg', '--early-cse-memssa', '--jump-threading', '--globalopt', '--slp-vectorizer', '--instcombine', '--simplifycfg', '--sroa', '--lower-constant-intrinsics', '--early-cse', '--lower-expect', '--lower-expect', '--loweratomic', '--elim-avail-extern', '--elim-avail-extern', '--lower-expect', '--slsr']",78,-3.7848670258738704,0.0,-1.0931989261945998,0.0,1,-3.7848670258738704,-1.0931989261945998,0.5008908414855473,-67.00507614213198,12.002619488749792,11.76470588235294,34
1240,"['--ipsccp', '--speculative-execution', '--sccp', '--early-cse', '--mem2reg', '--jump-threading', '--globalopt', '--elim-avail-extern', '--instcombine', '--adce', '--jump-threading', '--gvn', '--simplifycfg', '--instsimplify', '--inline', '--gvn-hoist', '--mergefunc', '--gvn-hoist', '--instcombine', '--globalopt', '--elim-avail-extern', '--indvars', '--gvn', '--gvn', '--ipsccp', '--gvn', '--nary-reassociate', '--loop-instsimplify', '--early-cse', '--mem2reg', '--jump-threading', '--globalopt', '--instcombine', '--instcombine', '--simplifycfg', '--sroa', '--mem2reg', '--gvn-hoist', '--sccp', '--early-cse', '--lower-constant-intrinsics', '--adce', '--gvn-hoist', '--adce', '--loop-simplify', '--dse', '--loop-sink', '--simplifycfg', '--lower-expect', '--simplifycfg', '--indvars', '--instcombine', '--globalopt', '--aggressive-instcombine', '--gvn', '--gvn', '--ipsccp', '--gvn', '--lower-constant-intrinsics', '--loop-instsimplify', '--early-cse', '--mem2reg', '--early-cse-memssa', '--separate-const-offset-from-gep', '--jump-threading', '--globalopt', '--slp-vectorizer', '--instcombine', '--simplifycfg', '--mem2reg', '--sroa', '--lower-constant-intrinsics', '--early-cse', '--lower-expect', '--lower-expect', '--loweratomic', '--elim-avail-extern', '--elim-avail-extern', '--slsr']",79,-3.7848670258738704,0.0,-1.0931989261945998,0.0,1,-3.7848670258738704,-1.0931989261945998,0.5008908414855473,-67.00507614213198,12.002619488749792,11.76470588235294,34
1258,"['--ipsccp', '--speculative-execution', '--sccp', '--early-cse', '--mem2reg', '--jump-threading', '--globalopt', '--elim-avail-extern', '--instcombine', '--adce', '--jump-threading', '--gvn', '--simplifycfg', '--instsimplify', '--inline', '--gvn-hoist', '--mergefunc', '--gvn-hoist', '--elim-avail-extern', '--indvars', '--gvn', '--gvn', '--ipsccp', '--gvn', '--nary-reassociate', '--loop-instsimplify', '--nary-reassociate', '--loop-instsimplify', '--early-cse', '--mem2reg', '--jump-threading', '--globalopt', '--instcombine', '--instcombine', '--simplifycfg', '--sroa', '--mem2reg', '--gvn-hoist', '--sccp', '--early-cse', '--lower-constant-intrinsics', '--adce', '--gvn-hoist', '--adce', '--loop-simplify', '--dse', '--loop-sink', '--simplifycfg', '--lower-expect', '--simplifycfg', '--indvars', '--instcombine', '--globalopt', '--aggressive-instcombine', '--gvn', '--gvn', '--ipsccp', '--gvn', '--lower-constant-intrinsics', '--loop-instsimplify', '--early-cse', '--mem2reg', '--early-cse-memssa', '--jump-threading', '--globalopt', '--loop-interchange', '--slp-vectorizer', '--instcombine', '--simplifycfg', '--mem2reg', '--sroa', '--lower-constant-intrinsics', '--early-cse', '--lower-expect', '--lower-expect', '--loweratomic', '--elim-avail-extern', '--elim-avail-extern', '--slsr']",79,-3.7848670258738704,0.0,-1.0931989261945998,0.0,1,-3.7848670258738704,-1.0931989261945998,0.5008908414855473,-67.00507614213198,12.002619488749792,11.76470588235294,34
1251,"['--ipsccp', '--speculative-execution', '--sccp', '--early-cse', '--mem2reg', '--jump-threading', '--globalopt', '--elim-avail-extern', '--instcombine', '--adce', '--jump-threading', '--gvn', '--simplifycfg', '--instsimplify', '--inline', '--gvn-hoist', '--mergefunc', '--gvn-hoist', '--instcombine', '--globalopt', '--elim-avail-extern', '--indvars', '--gvn', '--ipsccp', '--gvn', '--nary-reassociate', '--loop-instsimplify', '--early-cse', '--mem2reg', '--jump-threading', '--globalopt', '--instcombine', '--simplifycfg', '--sroa', '--gvn-hoist', '--sccp', '--sccp', '--early-cse', '--lower-constant-intrinsics', '--early-cse', '--lower-constant-intrinsics', '--adce', '--gvn-hoist', '--adce', '--loop-simplify', '--dse', '--loop-sink', '--simplifycfg', '--lower-expect', '--simplifycfg', '--indvars', '--loop-simplify', '--instcombine', '--globalopt', '--aggressive-instcombine', '--gvn', '--gvn', '--ipsccp', '--gvn', '--lower-constant-intrinsics', '--loop-instsimplify', '--early-cse', '--mem2reg', '--early-cse-memssa', '--jump-threading', '--globalopt', '--slp-vectorizer', '--instcombine', '--simplifycfg', '--mem2reg', '--sroa', '--lower-constant-intrinsics', '--early-cse', '--lower-expect', '--lower-expect', '--loweratomic', '--elim-avail-extern', '--elim-avail-extern', '--slsr']",79,-3.7848670258738704,0.0,-1.0931989261945998,0.0,1,-3.7848670258738704,-1.0931989261945998,0.5008908414855473,-67.00507614213198,12.002619488749792,11.76470588235294,34
1276,"['--ipsccp', '--speculative-execution', '--sccp', '--early-cse', '--mem2reg', '--jump-threading', '--globalopt', '--elim-avail-extern', '--instcombine', '--adce', '--jump-threading', '--gvn', '--simplifycfg', '--instsimplify', '--inline', '--gvn-hoist', '--mergefunc', '--gvn-hoist', '--instcombine', '--globalopt', '--elim-avail-extern', '--indvars', '--gvn', '--gvn', '--ipsccp', '--gvn', '--nary-reassociate', '--loop-instsimplify', '--early-cse', '--mem2reg', '--jump-threading', '--globalopt', '--instcombine', '--instcombine', '--simplifycfg', '--sroa', '--mem2reg', '--gvn-hoist', '--sccp', '--early-cse', '--lower-constant-intrinsics', '--adce', '--gvn-hoist', '--adce', '--dse', '--simplifycfg', '--lower-expect', '--simplifycfg', '--indvars', '--instcombine', '--globalopt', '--aggressive-instcombine', '--gvn', '--gvn', '--ipsccp', '--gvn', '--lower-constant-intrinsics', '--loop-instsimplify', '--early-cse', '--mem2reg', '--early-cse-memssa', '--jump-threading', '--globalopt', '--slp-vectorizer', '--instcombine', '--simplifycfg', '--mem2reg', '--sroa', '--lower-constant-intrinsics', '--early-cse', '--lower-expect', '--lower-expect', '--loweratomic', '--elim-avail-extern', '--elim-avail-extern', '--slsr']",76,-3.7848670258738704,0.0,-1.0931989261945998,0.0,1,-3.7848670258738704,-1.0931989261945998,0.5008908414855473,-67.00507614213198,12.002619488749792,11.76470588235294,34
1211,"['--ipsccp', '--speculative-execution', '--sccp', '--early-cse', '--mem2reg', '--jump-threading', '--globalopt', '--elim-avail-extern', '--instcombine', '--mem2reg', '--jump-threading', '--gvn', '--simplifycfg', '--instsimplify', '--inline', '--gvn-hoist', '--mergefunc', '--gvn-hoist', '--instcombine', '--globalopt', '--elim-avail-extern', '--indvars', '--gvn', '--gvn', '--ipsccp', '--gvn', '--nary-reassociate', '--loop-instsimplify', '--early-cse', '--mem2reg', '--jump-threading', '--globalopt', '--instcombine', '--instcombine', '--simplifycfg', '--sroa', '--mem2reg', '--gvn-hoist', '--sccp', '--early-cse', '--lower-constant-intrinsics', '--adce', '--gvn-hoist', '--adce', '--loop-simplify', '--dse', '--loop-sink', '--simplifycfg', '--lower-expect', '--simplifycfg', '--indvars', '--instcombine', '--globalopt', '--aggressive-instcombine', '--gvn', '--gvn', '--ipsccp', '--gvn', '--lower-constant-intrinsics', '--loop-instsimplify', '--early-cse', '--mem2reg', '--early-cse-memssa', '--jump-threading', '--globalopt', '--slp-vectorizer', '--instcombine', '--simplifycfg', '--sroa', '--lower-constant-intrinsics', '--early-cse', '--lower-expect', '--lower-expect', '--loweratomic', '--elim-avail-extern', '--elim-avail-extern', '--lower-expect', '--slsr']",78,-3.7848670258738704,0.0,-1.0931989261945998,0.0,1,-3.7848670258738704,-1.0931989261945998,0.5008908414855473,-67.00507614213198,12.002619488749792,11.76470588235294,34
1327,"['--ipsccp', '--speculative-execution', '--sccp', '--early-cse', '--mem2reg', '--jump-threading', '--globalopt', '--elim-avail-extern', '--instcombine', '--mem2reg', '--jump-threading', '--gvn', '--simplifycfg', '--instsimplify', '--inline', '--gvn-hoist', '--mergefunc', '--gvn-hoist', '--instcombine', '--globalopt', '--elim-avail-extern', '--indvars', '--gvn', '--gvn', '--ipsccp', '--gvn', '--nary-reassociate', '--loop-instsimplify', '--early-cse', '--mem2reg', '--jump-threading', '--globalopt', '--instcombine', '--instcombine', '--simplifycfg', '--sroa', '--mem2reg', '--gvn-hoist', '--sccp', '--early-cse', '--lower-constant-intrinsics', '--adce', '--gvn-hoist', '--adce', '--loop-simplify', '--dse', '--loop-sink', '--simplifycfg', '--lower-expect', '--simplifycfg', '--indvars', '--instcombine', '--globalopt', '--aggressive-instcombine', '--gvn', '--gvn', '--ipsccp', '--gvn', '--lower-constant-intrinsics', '--loop-instsimplify', '--mem2reg', '--die', '--early-cse-memssa', '--jump-threading', '--globalopt', '--slp-vectorizer', '--instcombine', '--simplifycfg', '--sroa', '--lower-constant-intrinsics', '--early-cse', '--lower-expect', '--lower-expect', '--loweratomic', '--elim-avail-extern', '--elim-avail-extern', '--lower-expect', '--slsr']",78,-3.7848670258738704,0.0,-1.0931989261945998,0.0,1,-3.7848670258738704,-1.0931989261945998,0.5008908414855473,-67.00507614213198,12.002619488749792,11.76470588235294,34
2064,"['--ipsccp', '--speculative-execution', '--sccp', '--early-cse', '--mem2reg', '--jump-threading', '--globalopt', '--elim-avail-extern', '--instcombine', '--loop-instsimplify', '--jump-threading', '--gvn', '--simplifycfg', '--instsimplify', '--inline', '--mergefunc', '--gvn-hoist', '--tailcallelim', '--globalopt', '--elim-avail-extern', '--indvars', '--indvars', '--gvn', '--gvn', '--gvn', '--gvn', '--ipsccp', '--gvn', '--nary-reassociate', '--nary-reassociate', '--loop-instsimplify', '--early-cse', '--ipsccp', '--mem2reg', '--jump-threading', '--globalopt', '--elim-avail-extern', '--instcombine', '--simplifycfg', '--sroa', '--mem2reg', '--globaldce', '--gvn-hoist', '--sccp', '--early-cse', '--lower-constant-intrinsics', '--adce', '--slsr', '--gvn-hoist', '--adce', '--loop-simplify', '--dse', '--dse', '--simplifycfg', '--lower-expect', '--simplifycfg', '--elim-avail-extern', '--lower-constant-intrinsics', '--ipsccp', '--gvn', '--gvn', '--gvn', '--early-cse', '--mem2reg', '--jump-threading', '--correlated-propagation', '--slp-vectorizer', '--instcombine', '--simplifycfg', '--early-cse-memssa', '--sroa', '--early-cse', '--lower-expect', '--sroa', '--sroa', '--lower-expect', '--aggressive-instcombine']",77,-3.7848670258738704,0.0,-1.0931989261945998,0.0,1,-3.7848670258738704,-1.0931989261945998,0.5008908414855473,-67.00507614213198,12.002619488749792,11.76470588235294,34
1567,"['--ipsccp', '--speculative-execution', '--sccp', '--early-cse', '--mem2reg', '--jump-threading', '--elim-avail-extern', '--instcombine', '--adce', '--loop-interchange', '--aggressive-instcombine', '--gvn', '--simplifycfg', '--instsimplify', '--inline', '--mergefunc', '--gvn-hoist', '--gvn-hoist', '--instcombine', '--globalopt', '--elim-avail-extern', '--indvars', '--elim-avail-extern', '--indvars', '--gvn', '--gvn', '--ipsccp', '--gvn', '--nary-reassociate', '--loop-instsimplify', '--early-cse', '--loop-idiom', '--mem2reg', '--jump-threading', '--globalopt', '--elim-avail-extern', '--instcombine', '--simplifycfg', '--sroa', '--inferattrs', '--mem2reg', '--globaldce', '--gvn-hoist', '--sccp', '--early-cse', '--lower-constant-intrinsics', '--adce', '--slsr', '--gvn-hoist', '--adce', '--loop-simplify', '--dse', '--simplifycfg', '--lower-expect', '--simplifycfg', '--elim-avail-extern', '--lower-constant-intrinsics', '--ipsccp', '--gvn', '--nary-reassociate', '--gvn', '--early-cse', '--mem2reg', '--jump-threading', '--globalopt', '--slp-vectorizer', '--instcombine', '--simplifycfg', '--sroa', '--early-cse', '--lower-expect', '--sroa', '--sroa', '--lower-expect', '--aggressive-instcombine']",75,-3.7848670258738704,0.0,-1.0931989261945998,0.0,1,-3.7848670258738704,-1.0931989261945998,0.5008908414855473,-67.00507614213198,12.002619488749792,11.76470588235294,34
1588,"['--ipsccp', '--speculative-execution', '--sccp', '--early-cse', '--mem2reg', '--jump-threading', '--elim-avail-extern', '--instcombine', '--adce', '--loop-interchange', '--aggressive-instcombine', '--gvn', '--simplifycfg', '--instsimplify', '--inline', '--mergefunc', '--gvn-hoist', '--gvn-hoist', '--instcombine', '--elim-avail-extern', '--indvars', '--indvars', '--gvn', '--gvn', '--ipsccp', '--gvn', '--nary-reassociate', '--adce', '--early-cse', '--mem2reg', '--jump-threading', '--globalopt', '--elim-avail-extern', '--instcombine', '--simplifycfg', '--sroa', '--mem2reg', '--globaldce', '--gvn-hoist', '--sccp', '--sink', '--early-cse', '--lower-constant-intrinsics', '--adce', '--slsr', '--gvn-hoist', '--adce', '--loop-simplify', '--dse', '--separate-const-offset-from-gep', '--simplifycfg', '--lower-expect', '--simplifycfg', '--gvn-hoist', '--elim-avail-extern', '--lower-constant-intrinsics', '--gvn', '--ipsccp', '--gvn', '--nary-reassociate', '--gvn', '--early-cse', '--mem2reg', '--jump-threading', '--globalopt', '--slp-vectorizer', '--instcombine', '--simplifycfg', '--sroa', '--early-cse', '--lower-expect', '--sroa', '--lower-expect', '--aggressive-instcombine', '--nary-reassociate']",75,-3.7848670258738704,0.0,-1.0931989261945998,0.0,1,-3.7848670258738704,-1.0931989261945998,0.5008908414855473,-67.00507614213198,12.002619488749792,11.76470588235294,34
2223,"['--ipsccp', '--speculative-execution', '--sccp', '--early-cse', '--mem2reg', '--jump-threading', '--globalopt', '--elim-avail-extern', '--instcombine', '--loop-instsimplify', '--jump-threading', '--gvn', '--simplifycfg', '--instsimplify', '--inline', '--mergefunc', '--gvn-hoist', '--instcombine', '--globalopt', '--elim-avail-extern', '--indvars', '--indvars', '--gvn', '--gvn', '--ipsccp', '--gvn', '--nary-reassociate', '--loop-instsimplify', '--early-cse', '--mem2reg', '--jump-threading', '--globalopt', '--elim-avail-extern', '--instcombine', '--globalopt', '--simplifycfg', '--simplifycfg', '--sroa', '--mem2reg', '--globaldce', '--gvn-hoist', '--sccp', '--early-cse', '--lower-constant-intrinsics', '--adce', '--slsr', '--gvn-hoist', '--gvn', '--adce', '--loop-simplify', '--dse', '--lowerinvoke', '--simplifycfg', '--lower-expect', '--simplifycfg', '--elim-avail-extern', '--lower-constant-intrinsics', '--gvn', '--nary-reassociate', '--elim-avail-extern', '--early-cse', '--mem2reg', '--jump-threading', '--globalopt', '--slp-vectorizer', '--instcombine', '--simplifycfg', '--slp-vectorizer', '--instcombine', '--simplifycfg', '--sroa', '--early-cse', '--lower-expect', '--aggressive-instcombine']",74,-3.7848670258738704,0.0,-1.0931989261945998,0.0,1,-3.7848670258738704,-1.0931989261945998,0.5008908414855473,-67.00507614213198,12.002619488749792,11.76470588235294,34
1316,"['--ipsccp', '--speculative-execution', '--sccp', '--early-cse', '--mem2reg', '--globalopt', '--elim-avail-extern', '--instcombine', '--adce', '--jump-threading', '--gvn', '--simplifycfg', '--instsimplify', '--inline', '--gvn-hoist', '--mergefunc', '--gvn-hoist', '--instcombine', '--globalopt', '--elim-avail-extern', '--indvars', '--indvars', '--gvn', '--gvn', '--ipsccp', '--gvn', '--nary-reassociate', '--loop-instsimplify', '--early-cse', '--mem2reg', '--jump-threading', '--globalopt', '--instcombine', '--simplifycfg', '--sroa', '--gvn-hoist', '--sccp', '--sccp', '--early-cse', '--lower-constant-intrinsics', '--adce', '--gvn-hoist', '--adce', '--loop-simplify', '--dse', '--newgvn', '--simplifycfg', '--newgvn', '--lower-expect', '--simplifycfg', '--gvn-hoist', '--instcombine', '--globalopt', '--aggressive-instcombine', '--gvn', '--gvn', '--ipsccp', '--gvn', '--lower-constant-intrinsics', '--loop-instsimplify', '--early-cse', '--mem2reg', '--early-cse-memssa', '--jump-threading', '--globalopt', '--slp-vectorizer', '--instcombine', '--simplifycfg', '--sroa', '--sroa', '--lower-constant-intrinsics', '--early-cse', '--lower-expect', '--lower-expect', '--loweratomic', '--elim-avail-extern', '--elim-avail-extern', '--memcpyopt', '--slsr']",79,-3.7848670258738704,0.0,-1.0931989261945998,0.0,1,-3.7848670258738704,-1.0931989261945998,0.5008908414855473,-67.00507614213198,12.002619488749792,11.76470588235294,34
1315,"['--ipsccp', '--speculative-execution', '--sccp', '--dce', '--early-cse', '--mem2reg', '--jump-threading', '--globalopt', '--elim-avail-extern', '--instcombine', '--adce', '--jump-threading', '--gvn', '--simplifycfg', '--instsimplify', '--inline', '--mergefunc', '--gvn-hoist', '--instcombine', '--globalopt', '--elim-avail-extern', '--indvars', '--indvars', '--gvn', '--gvn', '--gvn', '--nary-reassociate', '--loop-instsimplify', '--early-cse', '--mem2reg', '--jump-threading', '--globalopt', '--instcombine', '--simplifycfg', '--sroa', '--gvn-hoist', '--early-cse', '--sccp', '--early-cse', '--lower-constant-intrinsics', '--globalopt', '--gvn-hoist', '--adce', '--lower-constant-intrinsics', '--dse', '--inferattrs', '--newgvn', '--simplifycfg', '--newgvn', '--elim-avail-extern', '--simplifycfg', '--gvn-hoist', '--instcombine', '--globalopt', '--aggressive-instcombine', '--globalopt', '--instcombine', '--gvn', '--gvn', '--ipsccp', '--gvn', '--lower-constant-intrinsics', '--loop-instsimplify', '--early-cse', '--mem2reg', '--early-cse-memssa', '--jump-threading', '--globalopt', '--slp-vectorizer', '--instcombine', '--simplifycfg', '--sroa', '--lower-constant-intrinsics', '--early-cse', '--lower-expect', '--lower-expect', '--loweratomic', '--elim-avail-extern', '--elim-avail-extern', '--lower-expect', '--slsr']",81,-3.7848670258738704,0.0,-1.0931989261945998,0.0,1,-3.7848670258738704,-1.0931989261945998,0.5008908414855473,-67.00507614213198,12.002619488749792,11.76470588235294,34
1314,"['--ipsccp', '--speculative-execution', '--sccp', '--early-cse', '--mem2reg', '--jump-threading', '--globalopt', '--elim-avail-extern', '--instcombine', '--adce', '--jump-threading', '--gvn', '--simplifycfg', '--instsimplify', '--inline', '--mergefunc', '--gvn-hoist', '--instcombine', '--globalopt', '--globalopt', '--elim-avail-extern', '--indvars', '--gvn', '--gvn', '--ipsccp', '--gvn', '--nary-reassociate', '--loop-instsimplify', '--early-cse', '--mem2reg', '--jump-threading', '--globalopt', '--instcombine', '--instcombine', '--simplifycfg', '--sroa', '--mem2reg', '--gvn-hoist', '--sccp', '--early-cse', '--lower-constant-intrinsics', '--adce', '--gvn-hoist', '--adce', '--loop-simplify', '--dse', '--loop-sink', '--simplifycfg', '--lower-expect', '--simplifycfg', '--instsimplify', '--indvars', '--instcombine', '--globalopt', '--aggressive-instcombine', '--gvn', '--gvn', '--ipsccp', '--gvn', '--lower-constant-intrinsics', '--loop-instsimplify', '--early-cse', '--mem2reg', '--early-cse-memssa', '--jump-threading', '--globalopt', '--slp-vectorizer', '--instcombine', '--simplifycfg', '--sroa', '--lower-constant-intrinsics', '--early-cse', '--lower-expect', '--lower-expect', '--loweratomic', '--elim-avail-extern', '--elim-avail-extern', '--lower-expect', '--slsr']",79,-3.7848670258738704,0.0,-1.0931989261945998,0.0,1,-3.7848670258738704,-1.0931989261945998,0.5008908414855473,-67.00507614213198,12.002619488749792,11.76470588235294,34
1138,"['--ipsccp', '--speculative-execution', '--sccp', '--early-cse', '--mem2reg', '--jump-threading', '--globalopt', '--elim-avail-extern', '--instcombine', '--adce', '--jump-threading', '--gvn', '--simplifycfg', '--instsimplify', '--inline', '--gvn-hoist', '--mergefunc', '--gvn-hoist', '--instcombine', '--globalopt', '--elim-avail-extern', '--indvars', '--gvn', '--gvn', '--ipsccp', '--gvn', '--nary-reassociate', '--loop-instsimplify', '--early-cse', '--mem2reg', '--jump-threading', '--globalopt', '--instcombine', '--instcombine', '--simplifycfg', '--sroa', '--mem2reg', '--gvn-hoist', '--sccp', '--early-cse', '--lower-constant-intrinsics', '--adce', '--gvn-hoist', '--adce', '--loop-simplify', '--dse', '--loop-sink', '--simplifycfg', '--lower-expect', '--simplifycfg', '--indvars', '--instcombine', '--globalopt', '--aggressive-instcombine', '--gvn', '--gvn', '--ipsccp', '--gvn', '--lower-constant-intrinsics', '--loop-instsimplify', '--early-cse', '--mem2reg', '--early-cse-memssa', '--jump-threading', '--globalopt', '--slp-vectorizer', '--instcombine', '--simplifycfg', '--sroa', '--lower-constant-intrinsics', '--early-cse', '--lower-expect', '--lower-expect', '--loweratomic', '--elim-avail-extern', '--elim-avail-extern', '--lower-expect', '--slsr']",78,-3.7848670258738704,0.0,-1.0931989261945998,0.0,1,-3.7848670258738704,-1.0931989261945998,0.5008908414855473,-67.00507614213198,12.002619488749792,11.76470588235294,34
1312,"['--ipsccp', '--speculative-execution', '--sccp', '--early-cse', '--mem2reg', '--jump-threading', '--globalopt', '--elim-avail-extern', '--instcombine', '--adce', '--jump-threading', '--gvn', '--simplifycfg', '--instsimplify', '--inline', '--mergefunc', '--gvn-hoist', '--instcombine', '--globalopt', '--elim-avail-extern', '--elim-avail-extern', '--indvars', '--gvn', '--gvn', '--ipsccp', '--gvn', '--nary-reassociate', '--loop-instsimplify', '--early-cse', '--mem2reg', '--jump-threading', '--globalopt', '--instcombine', '--instcombine', '--simplifycfg', '--sroa', '--mem2reg', '--gvn-hoist', '--sccp', '--early-cse', '--lower-constant-intrinsics', '--adce', '--gvn-hoist', '--adce', '--loop-simplify', '--dse', '--loop-sink', '--simplifycfg', '--lower-expect', '--simplifycfg', '--indvars', '--instcombine', '--globalopt', '--aggressive-instcombine', '--gvn', '--gvn', '--ipsccp', '--gvn', '--lower-constant-intrinsics', '--loop-instsimplify', '--early-cse', '--mem2reg', '--early-cse-memssa', '--jump-threading', '--globalopt', '--slp-vectorizer', '--instcombine', '--simplifycfg', '--mem2reg', '--lower-constant-intrinsics', '--early-cse', '--prune-eh', '--lower-expect', '--loweratomic', '--elim-avail-extern', '--elim-avail-extern', '--lower-expect', '--slsr']",78,-3.7848670258738704,0.0,-1.0931989261945998,0.0,1,-3.7848670258738704,-1.0931989261945998,0.5008908414855473,-67.00507614213198,12.002619488749792,11.76470588235294,34
1661,"['--ipsccp', '--speculative-execution', '--sccp', '--early-cse', '--mem2reg', '--jump-threading', '--elim-avail-extern', '--instcombine', '--adce', '--loop-interchange', '--aggressive-instcombine', '--gvn', '--simplifycfg', '--instsimplify', '--inline', '--mergefunc', '--gvn-hoist', '--gvn-hoist', '--instcombine', '--globalopt', '--elim-avail-extern', '--indvars', '--elim-avail-extern', '--indvars', '--gvn', '--gvn', '--ipsccp', '--gvn', '--nary-reassociate', '--loop-instsimplify', '--early-cse', '--loop-fusion', '--jump-threading', '--globalopt', '--elim-avail-extern', '--instcombine', '--simplifycfg', '--sroa', '--mem2reg', '--globaldce', '--gvn-hoist', '--sccp', '--early-cse', '--lower-constant-intrinsics', '--adce', '--slsr', '--gvn-hoist', '--adce', '--loop-simplify', '--dse', '--simplifycfg', '--lower-expect', '--simplifycfg', '--gvn-hoist', '--elim-avail-extern', '--lower-constant-intrinsics', '--gvn', '--ipsccp', '--gvn', '--nary-reassociate', '--gvn', '--early-cse', '--mem2reg', '--jump-threading', '--globalopt', '--slp-vectorizer', '--instcombine', '--simplifycfg', '--sroa', '--early-cse', '--lower-expect', '--sroa', '--lower-expect', '--aggressive-instcombine']",74,-3.7848670258738704,0.0,-1.0931989261945998,0.0,1,-3.7848670258738704,-1.0931989261945998,0.5008908414855473,-67.00507614213198,12.002619488749792,11.76470588235294,34
1301,"['--ipsccp', '--speculative-execution', '--sccp', '--early-cse', '--mem2reg', '--jump-threading', '--globalopt', '--elim-avail-extern', '--instcombine', '--adce', '--jump-threading', '--gvn', '--simplifycfg', '--instsimplify', '--inline', '--mergefunc', '--gvn-hoist', '--instcombine', '--globalopt', '--globalopt', '--elim-avail-extern', '--indvars', '--gvn', '--gvn', '--ipsccp', '--gvn', '--nary-reassociate', '--loop-instsimplify', '--early-cse', '--mem2reg', '--jump-threading', '--globalopt', '--instcombine', '--instcombine', '--simplifycfg', '--sroa', '--mem2reg', '--gvn-hoist', '--sccp', '--early-cse', '--lower-constant-intrinsics', '--adce', '--gvn-hoist', '--early-cse', '--loop-simplify', '--dse', '--loop-sink', '--simplifycfg', '--lower-expect', '--simplifycfg', '--indvars', '--instcombine', '--globalopt', '--aggressive-instcombine', '--gvn', '--gvn', '--ipsccp', '--gvn', '--lower-constant-intrinsics', '--loop-instsimplify', '--early-cse', '--mem2reg', '--early-cse-memssa', '--jump-threading', '--globalopt', '--slp-vectorizer', '--instcombine', '--simplifycfg', '--sroa', '--lower-constant-intrinsics', '--early-cse', '--lower-expect', '--lower-expect', '--loweratomic', '--elim-avail-extern', '--elim-avail-extern', '--lower-expect', '--slsr']",78,-3.7848670258738704,0.0,-1.0931989261945998,0.0,1,-3.7848670258738704,-1.0931989261945998,0.5008908414855473,-67.00507614213198,12.002619488749792,11.76470588235294,34
1307,"['--ipsccp', '--speculative-execution', '--sccp', '--early-cse', '--mem2reg', '--jump-threading', '--globalopt', '--elim-avail-extern', '--instcombine', '--adce', '--jump-threading', '--gvn', '--simplifycfg', '--instsimplify', '--inline', '--mergefunc', '--gvn-hoist', '--instcombine', '--globalopt', '--globalopt', '--elim-avail-extern', '--indvars', '--gvn', '--gvn', '--ipsccp', '--gvn', '--nary-reassociate', '--loop-instsimplify', '--early-cse', '--mem2reg', '--jump-threading', '--globalopt', '--instcombine', '--instcombine', '--simplifycfg', '--sroa', '--mem2reg', '--gvn-hoist', '--sccp', '--early-cse', '--lower-constant-intrinsics', '--adce', '--gvn-hoist', '--adce', '--loop-simplify', '--dse', '--loop-sink', '--simplifycfg', '--lower-expect', '--simplifycfg', '--indvars', '--instcombine', '--globalopt', '--aggressive-instcombine', '--gvn', '--ipsccp', '--gvn', '--lower-constant-intrinsics', '--loop-instsimplify', '--early-cse', '--mem2reg', '--early-cse-memssa', '--jump-threading', '--globalopt', '--slp-vectorizer', '--instcombine', '--simplifycfg', '--sroa', '--lower-constant-intrinsics', '--early-cse', '--lower-expect', '--lower-expect', '--loweratomic', '--elim-avail-extern', '--elim-avail-extern', '--lower-expect', '--slsr']",77,-3.7848670258738704,0.0,-1.0931989261945998,0.0,1,-3.7848670258738704,-1.0931989261945998,0.5008908414855473,-67.00507614213198,12.002619488749792,11.76470588235294,34
1851,"['--ipsccp', '--speculative-execution', '--sccp', '--early-cse', '--mem2reg', '--jump-threading', '--globalopt', '--elim-avail-extern', '--instcombine', '--loop-instsimplify', '--jump-threading', '--gvn', '--simplifycfg', '--instsimplify', '--inline', '--mergefunc', '--gvn-hoist', '--instcombine', '--globalopt', '--elim-avail-extern', '--indvars', '--indvars', '--gvn', '--gvn', '--ipsccp', '--gvn', '--ipsccp', '--gvn', '--nary-reassociate', '--loop-instsimplify', '--early-cse', '--mem2reg', '--jump-threading', '--globalopt', '--elim-avail-extern', '--instcombine', '--simplifycfg', '--sroa', '--mem2reg', '--globaldce', '--newgvn', '--sccp', '--early-cse', '--lower-constant-intrinsics', '--adce', '--slsr', '--gvn-hoist', '--adce', '--loop-simplify', '--dse', '--simplifycfg', '--lower-expect', '--nary-reassociate', '--elim-avail-extern', '--lower-constant-intrinsics', '--ipsccp', '--gvn', '--nary-reassociate', '--gvn', '--early-cse', '--mem2reg', '--jump-threading', '--globalopt', '--slp-vectorizer', '--instcombine', '--simplifycfg', '--sroa', '--early-cse', '--lower-expect', '--sroa', '--sroa', '--lower-expect', '--simplifycfg', '--aggressive-instcombine']",74,-3.7848670258738704,0.0,-1.0931989261945998,0.0,1,-3.7848670258738704,-1.0931989261945998,0.5008908414855473,-67.00507614213198,12.002619488749792,11.76470588235294,34
1291,"['--ipsccp', '--speculative-execution', '--sccp', '--early-cse', '--mem2reg', '--jump-threading', '--globalopt', '--elim-avail-extern', '--instcombine', '--adce', '--jump-threading', '--gvn', '--simplifycfg', '--instsimplify', '--inline', '--gvn-hoist', '--mergefunc', '--gvn-hoist', '--elim-avail-extern', '--indvars', '--gvn', '--gvn', '--ipsccp', '--gvn', '--nary-reassociate', '--loop-instsimplify', '--loop-instsimplify', '--early-cse', '--mem2reg', '--jump-threading', '--globalopt', '--instcombine', '--instcombine', '--simplifycfg', '--sroa', '--mem2reg', '--gvn-hoist', '--sccp', '--early-cse', '--lower-constant-intrinsics', '--adce', '--gvn-hoist', '--adce', '--loop-simplify', '--dse', '--simplifycfg', '--lower-expect', '--simplifycfg', '--indvars', '--instcombine', '--globalopt', '--aggressive-instcombine', '--gvn', '--gvn', '--ipsccp', '--gvn', '--lower-constant-intrinsics', '--loop-instsimplify', '--early-cse', '--mem2reg', '--early-cse-memssa', '--jump-threading', '--globalopt', '--slp-vectorizer', '--instcombine', '--simplifycfg', '--mem2reg', '--sroa', '--lower-constant-intrinsics', '--early-cse', '--lower-expect', '--lower-expect', '--loweratomic', '--elim-avail-extern', '--elim-avail-extern', '--slsr']",76,-3.7848670258738704,0.0,-1.0931989261945998,0.0,1,-3.7848670258738704,-1.0931989261945998,0.5008908414855473,-67.00507614213198,12.002619488749792,11.76470588235294,34
1288,"['--ipsccp', '--speculative-execution', '--sccp', '--early-cse', '--mem2reg', '--jump-threading', '--globalopt', '--elim-avail-extern', '--instcombine', '--adce', '--jump-threading', '--gvn', '--simplifycfg', '--instsimplify', '--inline', '--gvn-hoist', '--mergefunc', '--gvn-hoist', '--instcombine', '--globalopt', '--elim-avail-extern', '--indvars', '--gvn', '--gvn', '--ipsccp', '--gvn', '--nary-reassociate', '--loop-instsimplify', '--early-cse', '--mem2reg', '--jump-threading', '--globalopt', '--instcombine', '--instcombine', '--simplifycfg', '--sroa', '--mem2reg', '--gvn-hoist', '--sccp', '--early-cse', '--lower-constant-intrinsics', '--adce', '--gvn-hoist', '--adce', '--dse', '--loop-sink', '--simplifycfg', '--lower-expect', '--simplifycfg', '--indvars', '--instcombine', '--globalopt', '--aggressive-instcombine', '--gvn', '--gvn', '--ipsccp', '--gvn', '--lower-constant-intrinsics', '--loop-instsimplify', '--early-cse', '--mem2reg', '--early-cse-memssa', '--separate-const-offset-from-gep', '--jump-threading', '--globalopt', '--slp-vectorizer', '--instcombine', '--simplifycfg', '--mem2reg', '--sroa', '--lower-constant-intrinsics', '--early-cse', '--lower-expect', '--lower-expect', '--loweratomic', '--elim-avail-extern', '--elim-avail-extern', '--slsr']",78,-3.7848670258738704,0.0,-1.0931989261945998,0.0,1,-3.7848670258738704,-1.0931989261945998,0.5008908414855473,-67.00507614213198,12.002619488749792,11.76470588235294,34
1285,"['--ipsccp', '--speculative-execution', '--sccp', '--early-cse', '--mem2reg', '--jump-threading', '--globalopt', '--elim-avail-extern', '--instcombine', '--adce', '--jump-threading', '--gvn', '--simplifycfg', '--instsimplify', '--inline', '--gvn-hoist', '--mergefunc', '--gvn-hoist', '--elim-avail-extern', '--indvars', '--gvn', '--ipsccp', '--gvn', '--nary-reassociate', '--loop-instsimplify', '--nary-reassociate', '--loop-instsimplify', '--early-cse', '--mem2reg', '--jump-threading', '--globalopt', '--instcombine', '--instcombine', '--simplifycfg', '--sroa', '--mem2reg', '--gvn-hoist', '--sccp', '--early-cse', '--lower-constant-intrinsics', '--adce', '--gvn-hoist', '--adce', '--loop-simplify', '--dse', '--loop-sink', '--simplifycfg', '--lower-expect', '--simplifycfg', '--indvars', '--instcombine', '--globalopt', '--aggressive-instcombine', '--gvn', '--gvn', '--ipsccp', '--gvn', '--lower-constant-intrinsics', '--loop-instsimplify', '--early-cse', '--mem2reg', '--early-cse-memssa', '--jump-threading', '--globalopt', '--slp-vectorizer', '--instcombine', '--simplifycfg', '--mem2reg', '--sroa', '--lower-constant-intrinsics', '--early-cse', '--lower-expect', '--lower-expect', '--loweratomic', '--elim-avail-extern', '--elim-avail-extern', '--memcpyopt', '--slsr']",78,-3.7848670258738704,0.0,-1.0931989261945998,0.0,1,-3.7848670258738704,-1.0931989261945998,0.5008908414855473,-67.00507614213198,12.002619488749792,11.76470588235294,34
1283,"['--ipsccp', '--speculative-execution', '--sccp', '--early-cse', '--mem2reg', '--jump-threading', '--globalopt', '--elim-avail-extern', '--instcombine', '--mem2reg', '--jump-threading', '--gvn', '--simplifycfg', '--instsimplify', '--inline', '--gvn-hoist', '--mergefunc', '--gvn-hoist', '--instcombine', '--globalopt', '--elim-avail-extern', '--indvars', '--gvn', '--gvn', '--ipsccp', '--gvn', '--nary-reassociate', '--loop-instsimplify', '--early-cse', '--mem2reg', '--jump-threading', '--globalopt', '--instcombine', '--instcombine', '--simplifycfg', '--sroa', '--mem2reg', '--gvn-hoist', '--sccp', '--early-cse', '--lower-constant-intrinsics', '--adce', '--gvn-hoist', '--adce', '--loop-simplify', '--dse', '--loop-sink', '--simplifycfg', '--lower-expect', '--simplifycfg', '--indvars', '--instcombine', '--globalopt', '--aggressive-instcombine', '--gvn', '--gvn', '--ipsccp', '--gvn', '--lower-constant-intrinsics', '--loop-instsimplify', '--early-cse', '--mem2reg', '--die', '--early-cse-memssa', '--jump-threading', '--globalopt', '--slp-vectorizer', '--instcombine', '--simplifycfg', '--sroa', '--lower-constant-intrinsics', '--early-cse', '--lower-expect', '--lower-expect', '--loweratomic', '--elim-avail-extern', '--elim-avail-extern', '--lower-expect', '--slsr']",79,-3.7848670258738704,0.0,-1.0931989261945998,0.0,1,-3.7848670258738704,-1.0931989261945998,0.5008908414855473,-67.00507614213198,12.002619488749792,11.76470588235294,34
1282,"['--ipsccp', '--speculative-execution', '--sccp', '--early-cse', '--mem2reg', '--jump-threading', '--globalopt', '--elim-avail-extern', '--instcombine', '--adce', '--jump-threading', '--gvn', '--simplifycfg', '--instsimplify', '--inline', '--mergefunc', '--gvn-hoist', '--gvn-hoist', '--instcombine', '--globalopt', '--elim-avail-extern', '--indvars', '--gvn', '--gvn', '--ipsccp', '--gvn', '--nary-reassociate', '--loop-simplify', '--early-cse', '--mem2reg', '--jump-threading', '--globalopt', '--elim-avail-extern', '--instcombine', '--simplifycfg', '--sroa', '--mem2reg', '--globaldce', '--gvn-hoist', '--sccp', '--early-cse', '--lower-constant-intrinsics', '--adce', '--gvn-hoist', '--adce', '--dse', '--loop-sink', '--simplifycfg', '--lower-expect', '--simplifycfg', '--indvars', '--instcombine', '--globalopt', '--aggressive-instcombine', '--gvn', '--gvn', '--ipsccp', '--gvn', '--lower-constant-intrinsics', '--loop-instsimplify', '--early-cse', '--mem2reg', '--early-cse-memssa', '--jump-threading', '--globalopt', '--slp-vectorizer', '--instcombine', '--simplifycfg', '--sroa', '--lower-constant-intrinsics', '--early-cse', '--lower-expect', '--lower-expect', '--loweratomic', '--elim-avail-extern', '--elim-avail-extern', '--lower-expect', '--slsr']",78,-3.7848670258738704,0.0,-1.0931989261945998,0.0,1,-3.7848670258738704,-1.0931989261945998,0.5008908414855473,-67.00507614213198,12.002619488749792,11.76470588235294,34
1280,"['--ipsccp', '--speculative-execution', '--sccp', '--early-cse', '--mem2reg', '--jump-threading', '--globalopt', '--elim-avail-extern', '--instcombine', '--adce', '--jump-threading', '--gvn', '--simplifycfg', '--instsimplify', '--inline', '--mergefunc', '--gvn-hoist', '--instcombine', '--globalopt', '--elim-avail-extern', '--elim-avail-extern', '--indvars', '--gvn', '--gvn', '--ipsccp', '--gvn', '--nary-reassociate', '--loop-instsimplify', '--early-cse', '--mem2reg', '--jump-threading', '--globalopt', '--instcombine', '--instcombine', '--simplifycfg', '--sroa', '--mem2reg', '--gvn-hoist', '--sccp', '--early-cse', '--lower-constant-intrinsics', '--adce', '--gvn-hoist', '--adce', '--loop-simplify', '--dse', '--loop-sink', '--simplifycfg', '--lower-expect', '--simplifycfg', '--indvars', '--instcombine', '--globalopt', '--aggressive-instcombine', '--gvn', '--gvn', '--ipsccp', '--gvn', '--lower-constant-intrinsics', '--loop-instsimplify', '--early-cse', '--mem2reg', '--early-cse-memssa', '--jump-threading', '--globalopt', '--loop-interchange', '--slp-vectorizer', '--instcombine', '--simplifycfg', '--mem2reg', '--sroa', '--lower-constant-intrinsics', '--early-cse', '--lower-expect', '--lower-expect', '--loweratomic', '--elim-avail-extern', '--elim-avail-extern', '--slsr']",79,-3.7848670258738704,0.0,-1.0931989261945998,0.0,1,-3.7848670258738704,-1.0931989261945998,0.5008908414855473,-67.00507614213198,12.002619488749792,11.76470588235294,34
2012,"['--ipsccp', '--speculative-execution', '--speculative-execution', '--sccp', '--early-cse', '--mem2reg', '--jump-threading', '--elim-avail-extern', '--instcombine', '--adce', '--loop-interchange', '--aggressive-instcombine', '--gvn', '--simplifycfg', '--instsimplify', '--inline', '--mergefunc', '--gvn-hoist', '--instcombine', '--globalopt', '--elim-avail-extern', '--indvars', '--indvars', '--gvn', '--gvn', '--ipsccp', '--gvn', '--nary-reassociate', '--loop-instsimplify', '--early-cse', '--mem2reg', '--jump-threading', '--globalopt', '--jump-threading', '--bdce', '--elim-avail-extern', '--instcombine', '--simplifycfg', '--sroa', '--mem2reg', '--globaldce', '--gvn-hoist', '--sccp', '--early-cse', '--lower-constant-intrinsics', '--adce', '--slsr', '--gvn-hoist', '--adce', '--loop-simplify', '--dse', '--scalarizer', '--simplifycfg', '--inline', '--simplifycfg', '--elim-avail-extern', '--lower-constant-intrinsics', '--ipsccp', '--gvn', '--nary-reassociate', '--gvn', '--early-cse', '--mem2reg', '--jump-threading', '--globalopt', '--slp-vectorizer', '--instcombine', '--simplifycfg', '--sroa', '--early-cse', '--lower-expect', '--sroa', '--sroa', '--lower-expect', '--aggressive-instcombine']",75,-3.792880267205372,0.0,-1.1145948804554147,0.0,1,-3.792880267205372,-1.1145948804554147,0.5008908414855473,-67.00507614213198,11.922282245108702,11.76470588235294,34
1803,"['--ipsccp', '--speculative-execution', '--sccp', '--early-cse', '--mem2reg', '--jump-threading', '--globalopt', '--elim-avail-extern', '--instcombine', '--loop-instsimplify', '--jump-threading', '--gvn', '--simplifycfg', '--instsimplify', '--inline', '--mergefunc', '--gvn-hoist', '--instcombine', '--globalopt', '--elim-avail-extern', '--indvars', '--indvars', '--gvn', '--gvn', '--ipsccp', '--gvn', '--nary-reassociate', '--adce', '--early-cse', '--mem2reg', '--jump-threading', '--globalopt', '--elim-avail-extern', '--loop-interchange', '--instcombine', '--simplifycfg', '--inline', '--simplifycfg', '--sroa', '--inferattrs', '--mem2reg', '--globaldce', '--gvn-hoist', '--sccp', '--early-cse', '--lower-constant-intrinsics', '--adce', '--slsr', '--gvn-hoist', '--adce', '--loop-simplify', '--dse', '--scalarizer', '--lower-expect', '--simplifycfg', '--elim-avail-extern', '--lower-constant-intrinsics', '--ipsccp', '--gvn', '--ipsccp', '--gvn', '--nary-reassociate', '--gvn', '--early-cse', '--mem2reg', '--jump-threading', '--globalopt', '--slp-vectorizer', '--instcombine', '--simplifycfg', '--sroa', '--early-cse', '--lower-expect', '--sroa', '--lower-expect', '--aggressive-instcombine']",76,-3.792880267205372,0.0,-1.1145948804554147,0.0,1,-3.792880267205372,-1.1145948804554147,0.5008908414855473,-67.00507614213198,11.922282245108702,11.76470588235294,34
2229,"['--ipsccp', '--speculative-execution', '--simplifycfg', '--early-cse', '--mem2reg', '--jump-threading', '--elim-avail-extern', '--instcombine', '--adce', '--loop-interchange', '--aggressive-instcombine', '--gvn', '--simplifycfg', '--instsimplify', '--inline', '--mergefunc', '--gvn-hoist', '--gvn-hoist', '--instcombine', '--globalopt', '--elim-avail-extern', '--indvars', '--elim-avail-extern', '--indvars', '--nary-reassociate', '--gvn', '--ipsccp', '--gvn', '--nary-reassociate', '--loop-instsimplify', '--early-cse', '--mem2reg', '--jump-threading', '--globalopt', '--elim-avail-extern', '--instcombine', '--simplifycfg', '--sroa', '--mem2reg', '--globaldce', '--inline', '--gvn-hoist', '--sccp', '--early-cse', '--lower-constant-intrinsics', '--adce', '--slsr', '--gvn-hoist', '--adce', '--loop-simplify', '--dse', '--scalarizer', '--simplifycfg', '--lower-expect', '--sccp', '--elim-avail-extern', '--lower-constant-intrinsics', '--ipsccp', '--gvn', '--gvn', '--gvn', '--early-cse', '--mem2reg', '--jump-threading', '--correlated-propagation', '--slp-vectorizer', '--instcombine', '--simplifycfg', '--early-cse-memssa', '--sroa', '--early-cse', '--lower-expect', '--sroa', '--sroa', '--lower-expect', '--aggressive-instcombine']",76,-3.792880267205372,0.0,-1.1145948804554147,0.0,1,-3.792880267205372,-1.1145948804554147,0.5008908414855473,-67.00507614213198,11.922282245108702,11.76470588235294,34
1782,"['--ipsccp', '--speculative-execution', '--sccp', '--early-cse', '--mergefunc', '--ipsccp', '--mem2reg', '--jump-threading', '--globalopt', '--elim-avail-extern', '--instcombine', '--mergefunc', '--jump-threading', '--gvn', '--simplifycfg', '--instsimplify', '--inline', '--loop-instsimplify', '--gvn-hoist', '--instcombine', '--indvars', '--indvars', '--gvn', '--gvn', '--gvn', '--gvn', '--ipsccp', '--gvn', '--nary-reassociate', '--loop-instsimplify', '--early-cse', '--mem2reg', '--jump-threading', '--globalopt', '--elim-avail-extern', '--instcombine', '--simplifycfg', '--sroa', '--mem2reg', '--globaldce', '--gvn-hoist', '--sccp', '--early-cse', '--lower-constant-intrinsics', '--adce', '--slsr', '--gvn-hoist', '--adce', '--loop-simplify', '--dse', '--scalarizer', '--simplifycfg', '--lower-expect', '--simplifycfg', '--elim-avail-extern', '--lower-constant-intrinsics', '--ipsccp', '--gvn', '--nary-reassociate', '--gvn', '--early-cse', '--mem2reg', '--jump-threading', '--globalopt', '--slp-vectorizer', '--instcombine', '--simplifycfg', '--early-cse', '--lower-expect', '--sroa', '--sroa', '--lower-expect', '--aggressive-instcombine']",73,-3.792880267205372,0.0,-1.1145948804554147,0.0,1,-3.792880267205372,-1.1145948804554147,0.5008908414855473,-67.00507614213198,11.922282245108702,11.76470588235294,34
1939,"['--ipsccp', '--speculative-execution', '--sccp', '--early-cse', '--mem2reg', '--jump-threading', '--globalopt', '--elim-avail-extern', '--instcombine', '--loop-instsimplify', '--jump-threading', '--gvn', '--simplifycfg', '--instsimplify', '--loop-simplify', '--mergefunc', '--gvn-hoist', '--instcombine', '--globalopt', '--elim-avail-extern', '--indvars', '--indvars', '--loop-unroll-and-jam', '--elim-avail-extern', '--gvn', '--gvn', '--gvn', '--gvn', '--ipsccp', '--gvn', '--nary-reassociate', '--loop-instsimplify', '--early-cse', '--mem2reg', '--jump-threading', '--globalopt', '--elim-avail-extern', '--instcombine', '--simplifycfg', '--sroa', '--mem2reg', '--globaldce', '--gvn-hoist', '--sccp', '--early-cse', '--lower-constant-intrinsics', '--adce', '--slsr', '--gvn-hoist', '--adce', '--inline', '--dse', '--scalarizer', '--simplifycfg', '--lower-expect', '--simplifycfg', '--elim-avail-extern', '--lower-constant-intrinsics', '--ipsccp', '--gvn', '--nary-reassociate', '--gvn', '--early-cse', '--mem2reg', '--jump-threading', '--globalopt', '--slp-vectorizer', '--instcombine', '--simplifycfg', '--early-cse', '--lower-expect', '--sroa', '--sroa', '--lower-expect', '--aggressive-instcombine']",75,-3.792880267205372,0.0,-1.1145948804554147,0.0,1,-3.792880267205372,-1.1145948804554147,0.5008908414855473,-67.00507614213198,11.922282245108702,11.76470588235294,34
1216,"['--ipsccp', '--speculative-execution', '--sccp', '--early-cse', '--mem2reg', '--globalopt', '--elim-avail-extern', '--instcombine', '--adce', '--jump-threading', '--gvn', '--simplifycfg', '--instsimplify', '--inline', '--gvn-hoist', '--mergefunc', '--gvn-hoist', '--instcombine', '--globalopt', '--elim-avail-extern', '--indvars', '--indvars', '--gvn', '--gvn', '--gvn', '--nary-reassociate', '--loop-instsimplify', '--early-cse', '--mem2reg', '--jump-threading', '--globalopt', '--instcombine', '--simplifycfg', '--sroa', '--gvn-hoist', '--early-cse', '--sccp', '--early-cse', '--lower-constant-intrinsics', '--globalopt', '--gvn-hoist', '--adce', '--partially-inline-libcalls', '--lower-constant-intrinsics', '--dse', '--newgvn', '--simplifycfg', '--lower-expect', '--simplifycfg', '--inferattrs', '--instcombine', '--globalopt', '--globalopt', '--early-cse-memssa', '--elim-avail-extern', '--gvn', '--ipsccp', '--gvn', '--early-cse', '--mem2reg', '--jump-threading', '--globalopt', '--slp-vectorizer', '--instcombine', '--simplifycfg', '--sroa', '--early-cse', '--lower-expect', '--sroa', '--sroa', '--lower-expect', '--adce', '--elim-avail-extern', '--aggressive-instcombine']",74,-3.7935881168785217,0.0,-1.1052776796672414,0.0,1,-3.7935881168785217,-1.1052776796672414,0.5008908414855473,-67.00507614213198,11.999239747751497,11.76470588235294,34
2210,"['--ipsccp', '--speculative-execution', '--sccp', '--early-cse', '--mem2reg', '--jump-threading', '--elim-avail-extern', '--instcombine', '--adce', '--loop-interchange', '--jump-threading', '--gvn', '--simplifycfg', '--instsimplify', '--inline', '--mergefunc', '--tailcallelim', '--globalopt', '--elim-avail-extern', '--globalopt', '--indvars', '--indvars', '--gvn', '--gvn', '--ipsccp', '--gvn', '--nary-reassociate', '--adce', '--early-cse', '--instcombine', '--jump-threading', '--globalopt', '--elim-avail-extern', '--loop-interchange', '--instcombine', '--simplifycfg', '--instcombine', '--simplifycfg', '--sroa', '--inferattrs', '--mem2reg', '--globaldce', '--gvn-hoist', '--sccp', '--loop-vectorize', '--lower-constant-intrinsics', '--adce', '--slsr', '--gvn-hoist', '--adce', '--loop-simplify', '--dse', '--lower-expect', '--simplifycfg', '--elim-avail-extern', '--lower-constant-intrinsics', '--ipsccp', '--gvn', '--elim-avail-extern', '--gvn', '--early-cse', '--mem2reg', '--jump-threading', '--globalopt', '--slp-vectorizer', '--instcombine', '--simplifycfg', '--sroa', '--early-cse', '--lower-expect', '--sroa', '--sroa', '--lower-expect', '--aggressive-instcombine']",74,-3.7935881168785217,0.0,-1.1052776796672414,0.0,1,-3.7935881168785217,-1.1052776796672414,0.5008908414855473,-67.00507614213198,11.999239747751497,11.76470588235294,34
1237,"['--ipsccp', '--speculative-execution', '--sccp', '--early-cse', '--mem2reg', '--jump-threading', '--globalopt', '--elim-avail-extern', '--instcombine', '--adce', '--jump-threading', '--gvn', '--simplifycfg', '--instsimplify', '--inline', '--mergefunc', '--gvn-hoist', '--instcombine', '--globalopt', '--elim-avail-extern', '--indvars', '--indvars', '--gvn', '--gvn', '--gvn', '--nary-reassociate', '--loop-instsimplify', '--early-cse', '--mem2reg', '--jump-threading', '--globalopt', '--instcombine', '--simplifycfg', '--sroa', '--gvn-hoist', '--early-cse', '--sccp', '--early-cse', '--lower-constant-intrinsics', '--globalopt', '--gvn-hoist', '--adce', '--adce', '--loop-simplify', '--dse', '--newgvn', '--simplifycfg', '--newgvn', '--simplifycfg', '--indvars', '--simplifycfg', '--gvn-hoist', '--instcombine', '--globalopt', '--elim-avail-extern', '--ipsccp', '--gvn', '--ipsccp', '--gvn', '--nary-reassociate', '--lower-constant-intrinsics', '--loop-instsimplify', '--early-cse', '--mem2reg', '--jump-threading', '--globalopt', '--slp-vectorizer', '--instcombine', '--simplifycfg', '--sroa', '--lower-constant-intrinsics', '--early-cse', '--aggressive-instcombine']",73,-3.7935881168785217,0.0,-1.1052776796672414,0.0,1,-3.7935881168785217,-1.1052776796672414,0.5008908414855473,-67.00507614213198,11.999239747751497,11.76470588235294,34
1427,"['--speculative-execution', '--speculative-execution', '--sccp', '--ipconstprop', '--early-cse', '--mem2reg', '--jump-threading', '--globalopt', '--elim-avail-extern', '--instcombine', '--adce', '--jump-threading', '--gvn', '--simplifycfg', '--instsimplify', '--inline', '--mergefunc', '--gvn-hoist', '--globalopt', '--elim-avail-extern', '--indvars', '--indvars', '--gvn', '--gvn', '--elim-avail-extern', '--ipsccp', '--gvn', '--nary-reassociate', '--loop-instsimplify', '--early-cse', '--jump-threading', '--globalopt', '--elim-avail-extern', '--instcombine', '--simplifycfg', '--sroa', '--mem2reg', '--gvn', '--gvn-hoist', '--sccp', '--early-cse', '--lower-constant-intrinsics', '--adce', '--gvn-hoist', '--adce', '--loop-simplify', '--dse', '--simplifycfg', '--lower-expect', '--simplifycfg', '--gvn-hoist', '--elim-avail-extern', '--lower-constant-intrinsics', '--gvn', '--ipsccp', '--gvn', '--nary-reassociate', '--gvn', '--early-cse', '--mem2reg', '--jump-threading', '--globalopt', '--slp-vectorizer', '--instcombine', '--simplifycfg', '--sroa', '--early-cse', '--lower-expect', '--sroa', '--sroa', '--lower-expect', '--aggressive-instcombine']",72,-3.7935881168785217,0.0,-1.1052776796672414,0.0,1,-3.7935881168785217,-1.1052776796672414,0.5008908414855473,-67.00507614213198,11.999239747751497,11.76470588235294,34
1279,"['--ipsccp', '--speculative-execution', '--sccp', '--early-cse', '--mem2reg', '--jump-threading', '--globalopt', '--elim-avail-extern', '--instcombine', '--adce', '--jump-threading', '--gvn', '--simplifycfg', '--instsimplify', '--inline', '--gvn-hoist', '--mergefunc', '--gvn-hoist', '--instcombine', '--globalopt', '--elim-avail-extern', '--indvars', '--gvn', '--gvn', '--gvn', '--nary-reassociate', '--loop-instsimplify', '--early-cse', '--mem2reg', '--jump-threading', '--globalopt', '--instcombine', '--simplifycfg', '--sroa', '--gvn-hoist', '--sccp', '--sccp', '--early-cse', '--lower-constant-intrinsics', '--adce', '--gvn-hoist', '--adce', '--loop-simplify', '--dse', '--newgvn', '--lower-expect', '--newgvn', '--simplifycfg', '--indvars', '--lower-expect', '--simplifycfg', '--gvn-hoist', '--elim-avail-extern', '--lower-constant-intrinsics', '--gvn', '--ipsccp', '--gvn', '--nary-reassociate', '--gvn', '--early-cse', '--mem2reg', '--jump-threading', '--globalopt', '--slp-vectorizer', '--instcombine', '--simplifycfg', '--sroa', '--early-cse', '--simplifycfg', '--sroa', '--sroa', '--lower-expect', '--aggressive-instcombine']",73,-3.7935881168785217,0.0,-1.1052776796672414,0.0,1,-3.7935881168785217,-1.1052776796672414,0.5008908414855473,-67.00507614213198,11.999239747751497,11.76470588235294,34
1214,"['--ipsccp', '--speculative-execution', '--sccp', '--early-cse', '--mem2reg', '--jump-threading', '--globalopt', '--elim-avail-extern', '--instcombine', '--adce', '--jump-threading', '--gvn', '--simplifycfg', '--loop-unroll-and-jam', '--instsimplify', '--inline', '--gvn-hoist', '--mergefunc', '--gvn-hoist', '--instcombine', '--globalopt', '--elim-avail-extern', '--indvars', '--gvn', '--gvn', '--ipsccp', '--gvn', '--nary-reassociate', '--loop-instsimplify', '--early-cse', '--mem2reg', '--jump-threading', '--globalopt', '--instcombine', '--simplifycfg', '--sroa', '--gvn-hoist', '--sccp', '--sccp', '--early-cse', '--lower-constant-intrinsics', '--adce', '--gvn-hoist', '--adce', '--loop-simplify', '--dse', '--newgvn', '--simplifycfg', '--newgvn', '--simplifycfg', '--indvars', '--simplifycfg', '--gvn-hoist', '--instcombine', '--globalopt', '--elim-avail-extern', '--ipsccp', '--gvn', '--ipsccp', '--gvn', '--nary-reassociate', '--lower-constant-intrinsics', '--loop-instsimplify', '--early-cse', '--mem2reg', '--jump-threading', '--globalopt', '--slp-vectorizer', '--instcombine', '--simplifycfg', '--sroa', '--lower-constant-intrinsics', '--early-cse', '--aggressive-instcombine']",74,-3.7935881168785217,0.0,-1.1052776796672414,0.0,1,-3.7935881168785217,-1.1052776796672414,0.5008908414855473,-67.00507614213198,11.999239747751497,11.76470588235294,34
1374,"['--ipsccp', '--speculative-execution', '--sccp', '--early-cse', '--mem2reg', '--jump-threading', '--globalopt', '--elim-avail-extern', '--instcombine', '--adce', '--jump-threading', '--gvn', '--simplifycfg', '--instsimplify', '--inline', '--mergefunc', '--gvn-hoist', '--instcombine', '--globalopt', '--elim-avail-extern', '--indvars', '--indvars', '--gvn', '--gvn', '--ipsccp', '--gvn', '--nary-reassociate', '--loop-instsimplify', '--early-cse', '--mem2reg', '--jump-threading', '--globalopt', '--elim-avail-extern', '--instcombine', '--simplifycfg', '--sroa', '--mem2reg', '--gvn', '--gvn-hoist', '--sccp', '--early-cse', '--lower-constant-intrinsics', '--adce', '--gvn-hoist', '--adce', '--loop-simplify', '--dse', '--simplifycfg', '--lower-expect', '--simplifycfg', '--gvn-hoist', '--elim-avail-extern', '--lower-constant-intrinsics', '--gvn', '--ipsccp', '--gvn', '--nary-reassociate', '--gvn', '--early-cse', '--mem2reg', '--jump-threading', '--globalopt', '--slp-vectorizer', '--instcombine', '--simplifycfg', '--sroa', '--early-cse', '--lower-expect', '--sroa', '--sroa', '--lower-expect', '--aggressive-instcombine']",72,-3.7935881168785217,0.0,-1.1052776796672414,0.0,1,-3.7935881168785217,-1.1052776796672414,0.5008908414855473,-67.00507614213198,11.999239747751497,11.76470588235294,34
1243,"['--ipsccp', '--speculative-execution', '--sccp', '--early-cse', '--mem2reg', '--globalopt', '--elim-avail-extern', '--instcombine', '--adce', '--jump-threading', '--gvn', '--simplifycfg', '--instsimplify', '--inline', '--gvn-hoist', '--mergefunc', '--gvn-hoist', '--instcombine', '--globalopt', '--elim-avail-extern', '--indvars', '--indvars', '--gvn', '--early-cse', '--ipsccp', '--gvn', '--nary-reassociate', '--loop-instsimplify', '--early-cse', '--mem2reg', '--jump-threading', '--globalopt', '--instcombine', '--simplifycfg', '--sroa', '--gvn-hoist', '--sccp', '--sccp', '--early-cse', '--lower-constant-intrinsics', '--adce', '--gvn-hoist', '--adce', '--loop-simplify', '--dse', '--newgvn', '--simplifycfg', '--newgvn', '--lower-expect', '--simplifycfg', '--gvn-hoist', '--instcombine', '--globalopt', '--aggressive-instcombine', '--gvn', '--gvn', '--ipsccp', '--gvn', '--lower-constant-intrinsics', '--loop-instsimplify', '--gvn', '--mem2reg', '--early-cse-memssa', '--jump-threading', '--globalopt', '--slp-vectorizer', '--instcombine', '--simplifycfg', '--sroa', '--lower-constant-intrinsics', '--early-cse', '--lower-expect', '--aggressive-instcombine']",73,-3.7935881168785217,0.0,-1.1052776796672414,0.0,1,-3.7935881168785217,-1.1052776796672414,0.5008908414855473,-67.00507614213198,11.999239747751497,11.76470588235294,34
1244,"['--ipsccp', '--speculative-execution', '--sccp', '--early-cse', '--mem2reg', '--jump-threading', '--globalopt', '--elim-avail-extern', '--instcombine', '--adce', '--jump-threading', '--gvn', '--simplifycfg', '--instsimplify', '--inline', '--gvn-hoist', '--mergefunc', '--gvn-hoist', '--instcombine', '--globalopt', '--elim-avail-extern', '--indvars', '--gvn', '--gvn', '--ipsccp', '--gvn', '--nary-reassociate', '--loop-instsimplify', '--early-cse', '--mem2reg', '--jump-threading', '--jump-threading', '--globalopt', '--instcombine', '--simplifycfg', '--sroa', '--gvn-hoist', '--sccp', '--sccp', '--early-cse', '--lower-constant-intrinsics', '--adce', '--gvn-hoist', '--adce', '--loop-simplify', '--dse', '--newgvn', '--simplifycfg', '--newgvn', '--simplifycfg', '--indvars', '--simplifycfg', '--gvn-hoist', '--instcombine', '--globalopt', '--elim-avail-extern', '--ipsccp', '--gvn', '--ipsccp', '--gvn', '--nary-reassociate', '--lower-constant-intrinsics', '--loop-instsimplify', '--globalopt', '--early-cse', '--mem2reg', '--jump-threading', '--globalopt', '--slp-vectorizer', '--instcombine', '--simplifycfg', '--sroa', '--lower-constant-intrinsics', '--early-cse', '--aggressive-instcombine']",75,-3.7935881168785217,0.0,-1.1052776796672414,0.0,1,-3.7935881168785217,-1.1052776796672414,0.5008908414855473,-67.00507614213198,11.999239747751497,11.76470588235294,34
1248,"['--ipsccp', '--speculative-execution', '--sccp', '--early-cse', '--mem2reg', '--jump-threading', '--globalopt', '--elim-avail-extern', '--instcombine', '--adce', '--jump-threading', '--gvn', '--simplifycfg', '--instsimplify', '--inline', '--gvn-hoist', '--mergefunc', '--gvn-hoist', '--instcombine', '--globalopt', '--indvars', '--indvars', '--gvn', '--gvn', '--gvn', '--nary-reassociate', '--loop-instsimplify', '--early-cse', '--mem2reg', '--jump-threading', '--globalopt', '--instcombine', '--simplifycfg', '--sroa', '--gvn-hoist', '--early-cse', '--sccp', '--early-cse', '--lower-constant-intrinsics', '--globalopt', '--gvn-hoist', '--adce', '--lower-constant-intrinsics', '--dse', '--newgvn', '--simplifycfg', '--lower-expect', '--simplifycfg', '--inferattrs', '--instcombine', '--globalopt', '--globalopt', '--early-cse-memssa', '--elim-avail-extern', '--gvn', '--ipsccp', '--gvn', '--early-cse', '--mem2reg', '--jump-threading', '--globalopt', '--slp-vectorizer', '--instcombine', '--simplifycfg', '--sroa', '--early-cse', '--lower-expect', '--sroa', '--sroa', '--lower-expect', '--adce', '--elim-avail-extern', '--aggressive-instcombine']",73,-3.7935881168785217,0.0,-1.1052776796672414,0.0,1,-3.7935881168785217,-1.1052776796672414,0.5008908414855473,-67.00507614213198,11.999239747751497,11.76470588235294,34
1364,"['--ipsccp', '--speculative-execution', '--sccp', '--early-cse', '--mem2reg', '--jump-threading', '--globalopt', '--elim-avail-extern', '--instcombine', '--adce', '--jump-threading', '--gvn', '--simplifycfg', '--instsimplify', '--inline', '--mergefunc', '--gvn-hoist', '--instcombine', '--globalopt', '--globalopt', '--elim-avail-extern', '--indvars', '--gvn', '--gvn', '--ipsccp', '--gvn', '--nary-reassociate', '--loop-instsimplify', '--early-cse', '--mem2reg', '--jump-threading', '--globalopt', '--instcombine', '--instcombine', '--simplifycfg', '--sroa', '--mem2reg', '--gvn-hoist', '--sccp', '--early-cse', '--lower-constant-intrinsics', '--adce', '--gvn-hoist', '--early-cse', '--loop-simplify', '--dse', '--loop-sink', '--simplifycfg', '--lower-expect', '--simplifycfg', '--indvars', '--instcombine', '--globalopt', '--aggressive-instcombine', '--gvn', '--gvn', '--ipsccp', '--gvn', '--lower-constant-intrinsics', '--loop-instsimplify', '--early-cse', '--mem2reg', '--slp-vectorizer', '--instcombine', '--simplifycfg', '--sroa', '--early-cse', '--lower-expect', '--sroa', '--sroa', '--lower-expect', '--aggressive-instcombine']",72,-3.7935881168785217,0.0,-1.1052776796672414,0.0,1,-3.7935881168785217,-1.1052776796672414,0.5008908414855473,-67.00507614213198,11.999239747751497,11.76470588235294,34
1278,"['--ipsccp', '--speculative-execution', '--sccp', '--early-cse', '--mem2reg', '--jump-threading', '--globalopt', '--elim-avail-extern', '--instcombine', '--adce', '--jump-threading', '--gvn', '--simplifycfg', '--instsimplify', '--inline', '--mergefunc', '--gvn-hoist', '--instcombine', '--globalopt', '--elim-avail-extern', '--indvars', '--indvars', '--gvn', '--gvn', '--gvn', '--nary-reassociate', '--loop-instsimplify', '--early-cse', '--mem2reg', '--jump-threading', '--globalopt', '--instcombine', '--simplifycfg', '--sroa', '--gvn-hoist', '--early-cse', '--sccp', '--early-cse', '--indvars', '--globalopt', '--gvn-hoist', '--adce', '--adce', '--loop-simplify', '--dse', '--newgvn', '--simplifycfg', '--newgvn', '--simplifycfg', '--lower-constant-intrinsics', '--simplifycfg', '--gvn-hoist', '--instcombine', '--globalopt', '--ipsccp', '--gvn', '--nary-reassociate', '--gvn', '--early-cse', '--mem2reg', '--jump-threading', '--globalopt', '--slp-vectorizer', '--instcombine', '--simplifycfg', '--sroa', '--early-cse', '--lower-expect', '--sroa', '--sroa', '--lower-expect', '--aggressive-instcombine']",72,-3.7935881168785217,0.0,-1.1052776796672414,0.0,1,-3.7935881168785217,-1.1052776796672414,0.5008908414855473,-67.00507614213198,11.999239747751497,11.76470588235294,34
1313,"['--ipsccp', '--speculative-execution', '--sccp', '--early-cse', '--mem2reg', '--globalopt', '--elim-avail-extern', '--instcombine', '--adce', '--jump-threading', '--gvn', '--simplifycfg', '--instsimplify', '--inline', '--gvn-hoist', '--mergefunc', '--gvn-hoist', '--instcombine', '--globalopt', '--elim-avail-extern', '--indvars', '--indvars', '--gvn', '--gvn', '--ipsccp', '--gvn', '--nary-reassociate', '--loop-instsimplify', '--early-cse', '--mem2reg', '--jump-threading', '--globalopt', '--instcombine', '--simplifycfg', '--nary-reassociate', '--gvn-hoist', '--sccp', '--sccp', '--early-cse', '--lower-constant-intrinsics', '--adce', '--gvn-hoist', '--adce', '--loop-simplify', '--dse', '--newgvn', '--simplifycfg', '--newgvn', '--lower-expect', '--simplifycfg', '--gvn-hoist', '--instcombine', '--elim-avail-extern', '--lower-constant-intrinsics', '--gvn', '--ipsccp', '--gvn', '--sroa', '--gvn', '--early-cse', '--mem2reg', '--jump-threading', '--globalopt', '--slp-vectorizer', '--instcombine', '--simplifycfg', '--sroa', '--early-cse', '--lower-expect', '--sroa', '--sroa', '--lower-expect', '--aggressive-instcombine']",73,-3.7935881168785217,0.0,-1.1052776796672414,0.0,1,-3.7935881168785217,-1.1052776796672414,0.5008908414855473,-67.00507614213198,11.999239747751497,11.76470588235294,34
1310,"['--ipsccp', '--speculative-execution', '--sccp', '--early-cse', '--mem2reg', '--jump-threading', '--globalopt', '--elim-avail-extern', '--instcombine', '--adce', '--jump-threading', '--gvn', '--simplifycfg', '--instsimplify', '--inline', '--mergefunc', '--gvn-hoist', '--gvn-hoist', '--instcombine', '--globalopt', '--elim-avail-extern', '--indvars', '--gvn', '--ipsccp', '--gvn', '--nary-reassociate', '--loop-instsimplify', '--early-cse', '--mem2reg', '--jump-threading', '--globalopt', '--instcombine', '--simplifycfg', '--sroa', '--mem2reg', '--globaldce', '--gvn-hoist', '--sccp', '--early-cse', '--lower-constant-intrinsics', '--adce', '--gvn-hoist', '--adce', '--loop-simplify', '--dse', '--newgvn', '--simplifycfg', '--newgvn', '--simplifycfg', '--indvars', '--simplifycfg', '--gvn-hoist', '--instcombine', '--globalopt', '--ipsccp', '--gvn', '--ipsccp', '--gvn', '--nary-reassociate', '--lower-constant-intrinsics', '--loop-instsimplify', '--early-cse', '--mem2reg', '--jump-threading', '--globalopt', '--slp-vectorizer', '--instcombine', '--simplifycfg', '--sroa', '--lower-constant-intrinsics', '--early-cse', '--aggressive-instcombine']",72,-3.7935881168785217,0.0,-1.1052776796672414,0.0,1,-3.7935881168785217,-1.1052776796672414,0.5008908414855473,-67.00507614213198,11.999239747751497,11.76470588235294,34
1265,"['--ipsccp', '--speculative-execution', '--sccp', '--early-cse', '--mem2reg', '--jump-threading', '--globalopt', '--elim-avail-extern', '--instcombine', '--adce', '--jump-threading', '--gvn', '--simplifycfg', '--loop-unroll-and-jam', '--instsimplify', '--inline', '--gvn-hoist', '--mergefunc', '--gvn-hoist', '--instcombine', '--globalopt', '--elim-avail-extern', '--indvars', '--gvn', '--gvn', '--ipsccp', '--gvn', '--nary-reassociate', '--loop-instsimplify', '--early-cse', '--mem2reg', '--mem2reg', '--jump-threading', '--globalopt', '--instcombine', '--simplifycfg', '--sroa', '--gvn-hoist', '--sccp', '--sccp', '--early-cse', '--lower-constant-intrinsics', '--adce', '--gvn-hoist', '--adce', '--loop-simplify', '--dse', '--newgvn', '--simplifycfg', '--newgvn', '--simplifycfg', '--indvars', '--simplifycfg', '--gvn-hoist', '--instcombine', '--globalopt', '--elim-avail-extern', '--ipsccp', '--gvn', '--ipsccp', '--gvn', '--nary-reassociate', '--lower-constant-intrinsics', '--loop-instsimplify', '--early-cse', '--mem2reg', '--jump-threading', '--globalopt', '--slp-vectorizer', '--instcombine', '--simplifycfg', '--sroa', '--lower-constant-intrinsics', '--early-cse', '--aggressive-instcombine']",75,-3.7935881168785217,0.0,-1.1052776796672414,0.0,1,-3.7935881168785217,-1.1052776796672414,0.5008908414855473,-67.00507614213198,11.999239747751497,11.76470588235294,34
1266,"['--ipsccp', '--speculative-execution', '--sccp', '--early-cse', '--mem2reg', '--jump-threading', '--globalopt', '--elim-avail-extern', '--instcombine', '--adce', '--jump-threading', '--gvn', '--simplifycfg', '--loop-unroll-and-jam', '--instsimplify', '--inline', '--gvn-hoist', '--mergefunc', '--gvn-hoist', '--instcombine', '--globalopt', '--elim-avail-extern', '--indvars', '--gvn', '--gvn', '--ipsccp', '--gvn', '--nary-reassociate', '--loop-instsimplify', '--early-cse', '--mem2reg', '--jump-threading', '--globalopt', '--instcombine', '--simplifycfg', '--sroa', '--gvn-hoist', '--sccp', '--sccp', '--early-cse', '--lower-constant-intrinsics', '--adce', '--gvn-hoist', '--adce', '--loop-simplify', '--dse', '--newgvn', '--simplifycfg', '--newgvn', '--simplifycfg', '--indvars', '--simplifycfg', '--gvn-hoist', '--instcombine', '--globalopt', '--ipsccp', '--gvn', '--ipsccp', '--gvn', '--nary-reassociate', '--lower-constant-intrinsics', '--loop-instsimplify', '--early-cse', '--mem2reg', '--jump-threading', '--globalopt', '--slp-vectorizer', '--instcombine', '--simplifycfg', '--sroa', '--lower-constant-intrinsics', '--early-cse', '--aggressive-instcombine']",73,-3.7935881168785217,0.0,-1.1052776796672414,0.0,1,-3.7935881168785217,-1.1052776796672414,0.5008908414855473,-67.00507614213198,11.999239747751497,11.76470588235294,34
1284,"['--ipsccp', '--speculative-execution', '--sccp', '--early-cse', '--mem2reg', '--jump-threading', '--globalopt', '--elim-avail-extern', '--instcombine', '--adce', '--jump-threading', '--gvn', '--simplifycfg', '--loop-unroll-and-jam', '--instsimplify', '--inline', '--gvn-hoist', '--mergefunc', '--gvn-hoist', '--instcombine', '--globalopt', '--elim-avail-extern', '--indvars', '--gvn', '--gvn', '--ipsccp', '--gvn', '--nary-reassociate', '--loop-instsimplify', '--early-cse', '--mem2reg', '--jump-threading', '--globalopt', '--instcombine', '--simplifycfg', '--sroa', '--gvn-hoist', '--sccp', '--sccp', '--early-cse', '--lower-constant-intrinsics', '--adce', '--gvn-hoist', '--adce', '--loop-simplify', '--dse', '--simplifycfg', '--newgvn', '--simplifycfg', '--indvars', '--simplifycfg', '--gvn-hoist', '--instcombine', '--globalopt', '--ipsccp', '--gvn', '--ipsccp', '--gvn', '--nary-reassociate', '--lower-constant-intrinsics', '--loop-instsimplify', '--early-cse', '--mem2reg', '--jump-threading', '--globalopt', '--slp-vectorizer', '--instcombine', '--simplifycfg', '--sroa', '--lower-constant-intrinsics', '--early-cse', '--aggressive-instcombine']",72,-3.7935881168785217,0.0,-1.1052776796672414,0.0,1,-3.7935881168785217,-1.1052776796672414,0.5008908414855473,-67.00507614213198,11.999239747751497,11.76470588235294,34
1281,"['--ipsccp', '--speculative-execution', '--sccp', '--early-cse', '--mem2reg', '--globalopt', '--elim-avail-extern', '--instcombine', '--adce', '--jump-threading', '--gvn', '--simplifycfg', '--instsimplify', '--inline', '--gvn-hoist', '--mergefunc', '--gvn-hoist', '--instcombine', '--globalopt', '--elim-avail-extern', '--indvars', '--gvn', '--gvn', '--ipsccp', '--gvn', '--nary-reassociate', '--loop-instsimplify', '--early-cse', '--mem2reg', '--jump-threading', '--memcpyopt', '--globalopt', '--instcombine', '--instcombine', '--simplifycfg', '--sroa', '--mem2reg', '--gvn-hoist', '--sccp', '--early-cse', '--lower-constant-intrinsics', '--adce', '--gvn-hoist', '--adce', '--loop-simplify', '--dse', '--loop-sink', '--simplifycfg', '--lower-expect', '--simplifycfg', '--indvars', '--instcombine', '--globalopt', '--aggressive-instcombine', '--gvn', '--gvn', '--ipsccp', '--gvn', '--early-cse', '--mem2reg', '--jump-threading', '--globalopt', '--slp-vectorizer', '--instcombine', '--simplifycfg', '--sroa', '--early-cse', '--lower-expect', '--sroa', '--sroa', '--lower-expect', '--aggressive-instcombine']",72,-3.7935881168785217,0.0,-1.1052776796672414,0.0,1,-3.7935881168785217,-1.1052776796672414,0.5008908414855473,-67.00507614213198,11.999239747751497,11.76470588235294,34
1359,"['--ipsccp', '--speculative-execution', '--sccp', '--early-cse', '--mem2reg', '--jump-threading', '--globalopt', '--elim-avail-extern', '--instcombine', '--adce', '--jump-threading', '--gvn', '--simplifycfg', '--instsimplify', '--inline', '--mergefunc', '--gvn-hoist', '--instcombine', '--globalopt', '--elim-avail-extern', '--elim-avail-extern', '--indvars', '--gvn', '--gvn', '--ipsccp', '--gvn', '--nary-reassociate', '--loop-instsimplify', '--early-cse', '--mem2reg', '--jump-threading', '--globalopt', '--instcombine', '--instcombine', '--simplifycfg', '--sroa', '--mem2reg', '--gvn-hoist', '--sccp', '--early-cse', '--lower-constant-intrinsics', '--adce', '--gvn-hoist', '--loop-simplify', '--dse', '--loop-sink', '--simplifycfg', '--lower-expect', '--simplifycfg', '--indvars', '--instcombine', '--gvn-hoist', '--elim-avail-extern', '--lower-constant-intrinsics', '--gvn', '--ipsccp', '--gvn', '--nary-reassociate', '--gvn', '--early-cse', '--mem2reg', '--jump-threading', '--globalopt', '--slp-vectorizer', '--instcombine', '--simplifycfg', '--sroa', '--early-cse', '--lower-expect', '--sroa', '--sroa', '--lower-expect', '--aggressive-instcombine']",73,-3.7935881168785217,0.0,-1.1052776796672414,0.0,1,-3.7935881168785217,-1.1052776796672414,0.5008908414855473,-67.00507614213198,11.999239747751497,11.76470588235294,34
1219,"['--ipsccp', '--speculative-execution', '--sccp', '--early-cse', '--mem2reg', '--jump-threading', '--globalopt', '--elim-avail-extern', '--instcombine', '--adce', '--jump-threading', '--gvn', '--simplifycfg', '--instsimplify', '--inline', '--gvn-hoist', '--mergefunc', '--gvn-hoist', '--instcombine', '--elim-avail-extern', '--indvars', '--indvars', '--gvn', '--gvn', '--gvn', '--nary-reassociate', '--loop-instsimplify', '--early-cse', '--mem2reg', '--jump-threading', '--globalopt', '--instcombine', '--simplifycfg', '--sroa', '--gvn-hoist', '--early-cse', '--sccp', '--early-cse', '--lower-constant-intrinsics', '--globalopt', '--gvn-hoist', '--adce', '--lower-constant-intrinsics', '--dse', '--newgvn', '--simplifycfg', '--lower-expect', '--simplifycfg', '--simplifycfg', '--instcombine', '--globalopt', '--globalopt', '--early-cse-memssa', '--elim-avail-extern', '--gvn', '--ipsccp', '--gvn', '--early-cse', '--mem2reg', '--jump-threading', '--globalopt', '--slp-vectorizer', '--instcombine', '--inferattrs', '--sroa', '--early-cse', '--lower-expect', '--sroa', '--sroa', '--lower-expect', '--adce', '--elim-avail-extern', '--aggressive-instcombine']",73,-3.7935881168785217,0.0,-1.1052776796672414,0.0,1,-3.7935881168785217,-1.1052776796672414,0.5008908414855473,-67.00507614213198,11.999239747751497,11.76470588235294,34
1188,"['--ipsccp', '--speculative-execution', '--sccp', '--early-cse', '--mem2reg', '--jump-threading', '--globalopt', '--elim-avail-extern', '--instcombine', '--adce', '--jump-threading', '--gvn', '--simplifycfg', '--instsimplify', '--inline', '--gvn-hoist', '--mergefunc', '--gvn-hoist', '--instcombine', '--globalopt', '--elim-avail-extern', '--indvars', '--gvn', '--gvn', '--ipsccp', '--gvn', '--nary-reassociate', '--loop-instsimplify', '--early-cse', '--mem2reg', '--jump-threading', '--globalopt', '--instcombine', '--simplifycfg', '--sroa', '--hotcoldsplit', '--gvn-hoist', '--sccp', '--sccp', '--early-cse', '--lower-constant-intrinsics', '--adce', '--gvn-hoist', '--adce', '--loop-simplify', '--dse', '--newgvn', '--simplifycfg', '--newgvn', '--simplifycfg', '--indvars', '--simplifycfg', '--gvn-hoist', '--instcombine', '--globalopt', '--elim-avail-extern', '--ipsccp', '--gvn', '--ipsccp', '--gvn', '--nary-reassociate', '--lower-constant-intrinsics', '--loop-instsimplify', '--early-cse', '--mem2reg', '--jump-threading', '--globalopt', '--slp-vectorizer', '--instcombine', '--simplifycfg', '--sroa', '--lower-constant-intrinsics', '--early-cse', '--aggressive-instcombine']",74,-3.7935881168785217,0.0,-1.1052776796672414,0.0,1,-3.7935881168785217,-1.1052776796672414,0.5008908414855473,-67.00507614213198,11.999239747751497,11.76470588235294,34
1118,"['--ipsccp', '--speculative-execution', '--sccp', '--early-cse', '--mem2reg', '--globalopt', '--elim-avail-extern', '--instcombine', '--adce', '--jump-threading', '--gvn', '--simplifycfg', '--instsimplify', '--inline', '--gvn-hoist', '--mergefunc', '--gvn-hoist', '--instcombine', '--globalopt', '--elim-avail-extern', '--indvars', '--indvars', '--gvn', '--gvn', '--ipsccp', '--gvn', '--nary-reassociate', '--loop-instsimplify', '--early-cse', '--mem2reg', '--jump-threading', '--globalopt', '--instcombine', '--simplifycfg', '--sroa', '--gvn-hoist', '--early-cse', '--sccp', '--early-cse', '--lower-constant-intrinsics', '--globalopt', '--gvn-hoist', '--adce', '--lower-constant-intrinsics', '--dse', '--newgvn', '--simplifycfg', '--lower-expect', '--simplifycfg', '--inferattrs', '--instcombine', '--globalopt', '--globalopt', '--early-cse-memssa', '--elim-avail-extern', '--gvn', '--ipsccp', '--gvn', '--early-cse', '--mem2reg', '--jump-threading', '--globalopt', '--slp-vectorizer', '--instcombine', '--simplifycfg', '--sroa', '--early-cse', '--lower-expect', '--sroa', '--sroa', '--lower-expect', '--adce', '--elim-avail-extern', '--aggressive-instcombine']",74,-3.7935881168785217,0.0,-1.1052776796672414,0.0,1,-3.7935881168785217,-1.1052776796672414,0.5008908414855473,-67.00507614213198,11.999239747751497,11.76470588235294,34
1161,"['--ipsccp', '--speculative-execution', '--sccp', '--early-cse', '--mem2reg', '--jump-threading', '--globalopt', '--elim-avail-extern', '--instcombine', '--adce', '--jump-threading', '--gvn', '--simplifycfg', '--instsimplify', '--inline', '--mergefunc', '--gvn-hoist', '--instcombine', '--globalopt', '--elim-avail-extern', '--indvars', '--indvars', '--gvn', '--gvn', '--gvn', '--nary-reassociate', '--loop-instsimplify', '--early-cse', '--mem2reg', '--jump-threading', '--globalopt', '--instcombine', '--simplifycfg', '--sroa', '--gvn-hoist', '--early-cse', '--sccp', '--early-cse', '--lower-constant-intrinsics', '--globalopt', '--gvn-hoist', '--adce', '--lower-constant-intrinsics', '--dse', '--newgvn', '--simplifycfg', '--lower-expect', '--simplifycfg', '--inferattrs', '--instcombine', '--globalopt', '--globalopt', '--early-cse-memssa', '--elim-avail-extern', '--gvn', '--ipsccp', '--gvn', '--early-cse', '--mem2reg', '--jump-threading', '--globalopt', '--slp-vectorizer', '--instcombine', '--simplifycfg', '--sroa', '--early-cse', '--lower-expect', '--sroa', '--sroa', '--lower-expect', '--adce', '--elim-avail-extern', '--aggressive-instcombine']",73,-3.7935881168785217,0.0,-1.1052776796672414,0.0,1,-3.7935881168785217,-1.1052776796672414,0.5008908414855473,-67.00507614213198,11.999239747751497,11.76470588235294,34
1208,"['--ipsccp', '--speculative-execution', '--sccp', '--early-cse', '--mem2reg', '--jump-threading', '--globalopt', '--elim-avail-extern', '--instcombine', '--adce', '--jump-threading', '--gvn', '--simplifycfg', '--instsimplify', '--inline', '--gvn-hoist', '--mergefunc', '--gvn-hoist', '--instcombine', '--globalopt', '--elim-avail-extern', '--indvars', '--gvn', '--gvn', '--gvn', '--nary-reassociate', '--loop-instsimplify', '--early-cse', '--mem2reg', '--jump-threading', '--globalopt', '--instcombine', '--simplifycfg', '--sroa', '--gvn-hoist', '--sccp', '--sccp', '--early-cse', '--lower-constant-intrinsics', '--adce', '--gvn-hoist', '--adce', '--loop-simplify', '--dse', '--newgvn', '--simplifycfg', '--newgvn', '--simplifycfg', '--indvars', '--simplifycfg', '--gvn-hoist', '--instcombine', '--globalopt', '--elim-avail-extern', '--ipsccp', '--gvn', '--ipsccp', '--gvn', '--nary-reassociate', '--lower-constant-intrinsics', '--loop-instsimplify', '--early-cse', '--mem2reg', '--jump-threading', '--globalopt', '--slp-vectorizer', '--instcombine', '--simplifycfg', '--sroa', '--lower-constant-intrinsics', '--early-cse', '--aggressive-instcombine']",72,-3.7935881168785217,0.0,-1.1052776796672414,0.0,1,-3.7935881168785217,-1.1052776796672414,0.5008908414855473,-67.00507614213198,11.999239747751497,11.76470588235294,34
1085,"['--ipsccp', '--speculative-execution', '--sccp', '--early-cse', '--mem2reg', '--jump-threading', '--globalopt', '--elim-avail-extern', '--instcombine', '--adce', '--jump-threading', '--gvn', '--simplifycfg', '--instsimplify', '--inline', '--gvn-hoist', '--mergefunc', '--gvn-hoist', '--instcombine', '--globalopt', '--elim-avail-extern', '--indvars', '--gvn', '--gvn', '--ipsccp', '--gvn', '--nary-reassociate', '--loop-instsimplify', '--early-cse', '--mem2reg', '--jump-threading', '--globalopt', '--instcombine', '--simplifycfg', '--sroa', '--gvn-hoist', '--sccp', '--sccp', '--early-cse', '--lower-constant-intrinsics', '--adce', '--gvn-hoist', '--adce', '--loop-simplify', '--dse', '--newgvn', '--simplifycfg', '--newgvn', '--simplifycfg', '--indvars', '--simplifycfg', '--gvn-hoist', '--instcombine', '--globalopt', '--elim-avail-extern', '--ipsccp', '--gvn', '--ipsccp', '--gvn', '--nary-reassociate', '--lower-constant-intrinsics', '--loop-instsimplify', '--early-cse', '--mem2reg', '--jump-threading', '--globalopt', '--slp-vectorizer', '--instcombine', '--simplifycfg', '--sroa', '--lower-constant-intrinsics', '--early-cse', '--aggressive-instcombine']",73,-3.7935881168785217,0.0,-1.1052776796672414,0.0,1,-3.7935881168785217,-1.1052776796672414,0.5008908414855473,-67.00507614213198,11.999239747751497,11.76470588235294,34
1193,"['--ipsccp', '--speculative-execution', '--sccp', '--early-cse', '--mem2reg', '--globalopt', '--elim-avail-extern', '--instcombine', '--adce', '--jump-threading', '--gvn', '--simplifycfg', '--instsimplify', '--inline', '--gvn-hoist', '--mergefunc', '--gvn-hoist', '--instcombine', '--globalopt', '--elim-avail-extern', '--indvars', '--indvars', '--gvn', '--gvn', '--gvn', '--nary-reassociate', '--loop-instsimplify', '--early-cse', '--mem2reg', '--jump-threading', '--globalopt', '--instcombine', '--simplifycfg', '--sroa', '--gvn-hoist', '--early-cse', '--sccp', '--early-cse', '--lower-constant-intrinsics', '--globalopt', '--gvn-hoist', '--adce', '--lower-constant-intrinsics', '--dse', '--newgvn', '--simplifycfg', '--lower-expect', '--simplifycfg', '--inferattrs', '--instcombine', '--globalopt', '--globalopt', '--early-cse-memssa', '--elim-avail-extern', '--gvn', '--ipsccp', '--gvn', '--early-cse', '--mem2reg', '--jump-threading', '--globalopt', '--slp-vectorizer', '--instcombine', '--simplifycfg', '--sroa', '--early-cse', '--lower-expect', '--sroa', '--sroa', '--lower-expect', '--adce', '--elim-avail-extern', '--aggressive-instcombine']",73,-3.7935881168785217,0.0,-1.1052776796672414,0.0,1,-3.7935881168785217,-1.1052776796672414,0.5008908414855473,-67.00507614213198,11.999239747751497,11.76470588235294,34
2606,"['--ipsccp', '--speculative-execution', '--sccp', '--lower-constant-intrinsics', '--early-cse', '--mem2reg', '--jump-threading', '--globalopt', '--elim-avail-extern', '--instcombine', '--loop-instsimplify', '--jump-threading', '--gvn', '--simplifycfg', '--instsimplify', '--inline', '--mergefunc', '--gvn-hoist', '--instcombine', '--globalopt', '--elim-avail-extern', '--loweratomic', '--indvars', '--indvars', '--gvn', '--gvn', '--ipsccp', '--gvn', '--nary-reassociate', '--adce', '--early-cse', '--mem2reg', '--jump-threading', '--globalopt', '--inline', '--elim-avail-extern', '--instcombine', '--simplifycfg', '--sroa', '--mem2reg', '--globaldce', '--gvn-hoist', '--sccp', '--early-cse', '--lower-constant-intrinsics', '--adce', '--slsr', '--gvn-hoist', '--adce', '--gvn-hoist', '--adce', '--loop-simplify', '--dse', '--scalarizer', '--simplifycfg', '--lower-expect', '--simplifycfg', '--elim-avail-extern', '--lower-constant-intrinsics', '--ipsccp', '--nary-reassociate', '--gvn', '--early-cse', '--gvn', '--early-cse', '--loop-guard-widening', '--jump-threading', '--globalopt', '--slp-vectorizer', '--instcombine', '--slp-vectorizer', '--instcombine', '--simplifycfg', '--sroa', '--early-cse', '--lower-expect', '--aggressive-instcombine']",77,-3.7968301846824355,0.0,-1.1233764679567253,0.0,1,-3.7968301846824355,-1.1233764679567253,0.5500100826779593,-67.00507614213198,11.895919513619505,11.76470588235294,34
2562,"['--ipsccp', '--speculative-execution', '--sccp', '--lower-constant-intrinsics', '--early-cse', '--mem2reg', '--jump-threading', '--instcombine', '--elim-avail-extern', '--instcombine', '--loop-instsimplify', '--jump-threading', '--gvn', '--simplifycfg', '--instsimplify', '--sroa', '--mergefunc', '--gvn-hoist', '--instcombine', '--globalopt', '--elim-avail-extern', '--loweratomic', '--indvars', '--indvars', '--gvn', '--gvn', '--ipsccp', '--gvn', '--nary-reassociate', '--mem2reg', '--jump-threading', '--correlated-propagation', '--mem2reg', '--memcpyopt', '--globalopt', '--jump-threading', '--bdce', '--elim-avail-extern', '--instcombine', '--memcpyopt', '--simplifycfg', '--sroa', '--lower-constant-intrinsics', '--adce', '--slsr', '--gvn-hoist', '--adce', '--loop-simplifycfg', '--loop-simplify', '--adce', '--loop-simplify', '--dse', '--scalarizer', '--scalarizer', '--simplifycfg', '--lower-expect', '--simplifycfg', '--elim-avail-extern', '--lower-constant-intrinsics', '--lower-constant-intrinsics', '--ipsccp', '--nary-reassociate', '--jump-threading', '--globalopt', '--slp-vectorizer', '--instcombine', '--slp-vectorizer', '--instcombine', '--simplifycfg', '--inline', '--early-cse', '--lower-expect', '--sroa', '--sroa', '--aggressive-instcombine']",75,-3.7975349613671625,0.0,-1.1094712343195263,0.0,1,-3.7975349613671625,-1.1094712343195263,0.5500100826779593,-67.51269035532995,12.007256532745771,11.76470588235294,34
2702,"['--ipsccp', '--sccp', '--lower-constant-intrinsics', '--lower-constant-intrinsics', '--early-cse', '--mem2reg', '--mergefunc', '--jump-threading', '--loop-simplifycfg', '--lower-constant-intrinsics', '--elim-avail-extern', '--instcombine', '--loop-instsimplify', '--jump-threading', '--gvn', '--simplifycfg', '--instsimplify', '--inline', '--globalopt', '--elim-avail-extern', '--loweratomic', '--loweratomic', '--indvars', '--indvars', '--gvn', '--gvn', '--ipsccp', '--gvn', '--mem2reg', '--nary-reassociate', '--jump-threading', '--correlated-propagation', '--mem2reg', '--memcpyopt', '--globalopt', '--jump-threading', '--bdce', '--elim-avail-extern', '--instcombine', '--memcpyopt', '--simplifycfg', '--sroa', '--lower-constant-intrinsics', '--adce', '--slsr', '--gvn-hoist', '--adce', '--globalopt', '--loop-simplify', '--adce', '--loop-simplify', '--dse', '--scalarizer', '--scalarizer', '--simplifycfg', '--lower-expect', '--simplifycfg', '--elim-avail-extern', '--lower-constant-intrinsics', '--lower-constant-intrinsics', '--ipsccp', '--nary-reassociate', '--adce', '--early-cse', '--loop-guard-widening', '--jump-threading', '--slp-vectorizer', '--instcombine', '--slp-vectorizer', '--instcombine', '--simplifycfg', '--sroa', '--early-cse', '--early-cse', '--lower-expect', '--aggressive-instcombine']",76,-3.811285818963288,0.0,-1.1408413643143551,0.0,1,-3.811285818963288,-1.1408413643143551,0.5008908414855473,-67.00507614213198,11.909489133745806,11.76470588235294,34
2236,"['--ipsccp', '--speculative-execution', '--sccp', '--mem2reg', '--jump-threading', '--globalopt', '--elim-avail-extern', '--instcombine', '--adce', '--jump-threading', '--gvn', '--simplifycfg', '--instsimplify', '--inline', '--mergefunc', '--gvn-hoist', '--instcombine', '--globalopt', '--elim-avail-extern', '--indvars', '--indvars', '--gvn', '--gvn', '--lowerinvoke', '--ipsccp', '--gvn', '--nary-reassociate', '--loop-instsimplify', '--early-cse', '--mem2reg', '--jump-threading', '--jump-threading', '--bdce', '--bdce', '--elim-avail-extern', '--instcombine', '--simplifycfg', '--sroa', '--mem2reg', '--globaldce', '--gvn-hoist', '--sccp', '--early-cse', '--lower-constant-intrinsics', '--adce', '--slsr', '--gvn-hoist', '--adce', '--loop-simplify', '--lower-constant-intrinsics', '--dse', '--nary-reassociate', '--elim-avail-extern', '--lower-expect', '--simplifycfg', '--elim-avail-extern', '--ipsccp', '--nary-reassociate', '--gvn', '--jump-threading', '--loop-reroll', '--globalopt', '--slp-vectorizer', '--instcombine', '--simplifycfg', '--slp-vectorizer', '--instcombine', '--sroa', '--early-cse', '--lower-expect', '--sroa', '--lower-expect', '--aggressive-instcombine']",73,-3.8179751741385193,0.0,-1.1394988859893695,0.0,1,-3.8179751741385193,-1.1394988859893695,0.43655874448557375,-67.00507614213198,11.98645127293551,11.76470588235294,34
2659,"['--ipsccp', '--speculative-execution', '--sccp', '--lower-constant-intrinsics', '--early-cse', '--mem2reg', '--jump-threading', '--jump-threading', '--globalopt', '--elim-avail-extern', '--instcombine', '--loop-instsimplify', '--jump-threading', '--gvn', '--simplifycfg', '--instsimplify', '--inline', '--gvn-hoist', '--instcombine', '--lower-expect', '--elim-avail-extern', '--loweratomic', '--indvars', '--indvars', '--gvn', '--gvn', '--ipsccp', '--gvn', '--nary-reassociate', '--mem2reg', '--jump-threading', '--correlated-propagation', '--mem2reg', '--memcpyopt', '--globalopt', '--bdce', '--elim-avail-extern', '--instcombine', '--simplifycfg', '--sroa', '--lower-constant-intrinsics', '--adce', '--slsr', '--gvn-hoist', '--adce', '--loop-simplify', '--adce', '--loop-simplify', '--dse', '--scalarizer', '--dce', '--simplifycfg', '--globalopt', '--simplifycfg', '--elim-avail-extern', '--lower-constant-intrinsics', '--lower-constant-intrinsics', '--ipsccp', '--nary-reassociate', '--adce', '--early-cse', '--loop-guard-widening', '--jump-threading', '--slp-vectorizer', '--instcombine', '--slp-vectorizer', '--instcombine', '--instcombine', '--simplifycfg', '--sroa', '--early-cse', '--elim-avail-extern', '--sroa', '--sroa', '--aggressive-instcombine']",75,-3.8181129616884286,0.0,-1.1487617984390888,0.0,1,-3.8181129616884286,-1.1487617984390888,0.33965251356555703,-67.00507614213198,11.918357305061706,11.76470588235294,34
2463,"['--ipsccp', '--speculative-execution', '--sccp', '--lower-constant-intrinsics', '--early-cse', '--mem2reg', '--jump-threading', '--globalopt', '--elim-avail-extern', '--instcombine', '--loop-instsimplify', '--jump-threading', '--gvn', '--simplifycfg', '--instsimplify', '--inline', '--loop-simplify', '--gvn-hoist', '--instcombine', '--globalopt', '--elim-avail-extern', '--loweratomic', '--indvars', '--indvars', '--gvn', '--ipsccp', '--gvn', '--nary-reassociate', '--adce', '--early-cse', '--mem2reg', '--jump-threading', '--globalopt', '--elim-avail-extern', '--instcombine', '--simplifycfg', '--sroa', '--mem2reg', '--globaldce', '--gvn-hoist', '--sccp', '--early-cse', '--lower-constant-intrinsics', '--adce', '--slsr', '--gvn-hoist', '--adce', '--loop-simplify', '--dse', '--scalarizer', '--adce', '--loop-simplify', '--dse', '--scalarizer', '--simplifycfg', '--mergereturn', '--lower-expect', '--elim-avail-extern', '--lower-constant-intrinsics', '--ipsccp', '--nary-reassociate', '--gvn', '--jump-threading', '--globalopt', '--slp-vectorizer', '--instcombine', '--slp-vectorizer', '--instcombine', '--simplifycfg', '--sroa', '--early-cse', '--simplifycfg', '--sroa', '--early-cse', '--early-cse', '--lower-expect', '--aggressive-instcombine']",77,-3.8181129616884286,0.0,-1.1487617984390888,0.0,1,-3.8181129616884286,-1.1487617984390888,0.33965251356555703,-67.00507614213198,11.918357305061706,11.76470588235294,34
2523,"['--ipsccp', '--speculative-execution', '--sccp', '--lower-constant-intrinsics', '--early-cse', '--mem2reg', '--jump-threading', '--globalopt', '--elim-avail-extern', '--instcombine', '--loop-instsimplify', '--jump-threading', '--gvn', '--simplifycfg', '--instsimplify', '--inline', '--adce', '--gvn-hoist', '--instcombine', '--globalopt', '--elim-avail-extern', '--loweratomic', '--indvars', '--indvars', '--gvn', '--gvn', '--ipsccp', '--gvn', '--nary-reassociate', '--adce', '--early-cse', '--mem2reg', '--jump-threading', '--globalopt', '--elim-avail-extern', '--instcombine', '--simplifycfg', '--sroa', '--mem2reg', '--globaldce', '--gvn-hoist', '--sccp', '--early-cse', '--lower-constant-intrinsics', '--adce', '--slsr', '--gvn-hoist', '--adce', '--gvn-hoist', '--adce', '--loop-simplify', '--dse', '--scalarizer', '--simplifycfg', '--lower-expect', '--simplifycfg', '--elim-avail-extern', '--lower-constant-intrinsics', '--ipsccp', '--nary-reassociate', '--gvn', '--early-cse', '--loop-guard-widening', '--jump-threading', '--globalopt', '--slp-vectorizer', '--instcombine', '--slp-vectorizer', '--instcombine', '--simplifycfg', '--sroa', '--early-cse', '--lower-expect', '--sroa', '--lower-expect', '--aggressive-instcombine']",76,-3.8181129616884286,0.0,-1.1487617984390888,0.0,1,-3.8181129616884286,-1.1487617984390888,0.33965251356555703,-67.00507614213198,11.918357305061706,11.76470588235294,34
2533,"['--ipsccp', '--speculative-execution', '--sccp', '--lower-constant-intrinsics', '--early-cse', '--mem2reg', '--jump-threading', '--globalopt', '--elim-avail-extern', '--instcombine', '--loop-instsimplify', '--jump-threading', '--gvn', '--simplifycfg', '--instsimplify', '--inline', '--adce', '--gvn-hoist', '--instcombine', '--globalopt', '--elim-avail-extern', '--loweratomic', '--indvars', '--indvars', '--gvn', '--gvn', '--ipsccp', '--gvn', '--nary-reassociate', '--mem2reg', '--jump-threading', '--correlated-propagation', '--mem2reg', '--memcpyopt', '--globalopt', '--jump-threading', '--bdce', '--elim-avail-extern', '--instcombine', '--memcpyopt', '--simplifycfg', '--sroa', '--lower-constant-intrinsics', '--adce', '--slsr', '--gvn-hoist', '--adce', '--loop-simplifycfg', '--loop-simplify', '--adce', '--loop-simplify', '--dse', '--scalarizer', '--scalarizer', '--simplifycfg', '--lower-expect', '--simplifycfg', '--elim-avail-extern', '--lower-constant-intrinsics', '--lower-constant-intrinsics', '--ipsccp', '--nary-reassociate', '--adce', '--early-cse', '--loop-guard-widening', '--jump-threading', '--slp-vectorizer', '--instcombine', '--slp-vectorizer', '--instcombine', '--simplifycfg', '--sroa', '--early-cse', '--early-cse', '--lower-expect', '--aggressive-instcombine']",76,-3.8181129616884286,0.0,-1.1487617984390888,0.0,1,-3.8181129616884286,-1.1487617984390888,0.33965251356555703,-67.00507614213198,11.918357305061706,11.76470588235294,34
2593,"['--ipsccp', '--speculative-execution', '--sccp', '--lower-constant-intrinsics', '--early-cse', '--mem2reg', '--jump-threading', '--jump-threading', '--globalopt', '--elim-avail-extern', '--instcombine', '--loop-instsimplify', '--jump-threading', '--gvn', '--simplifycfg', '--instsimplify', '--inline', '--instcombine', '--dse', '--loweratomic', '--indvars', '--indvars', '--gvn', '--gvn', '--ipsccp', '--gvn', '--adce', '--early-cse', '--mem2reg', '--jump-threading', '--globalopt', '--globalopt', '--elim-avail-extern', '--instcombine', '--simplifycfg', '--sroa', '--mem2reg', '--globaldce', '--gvn-hoist', '--sccp', '--early-cse', '--lower-constant-intrinsics', '--adce', '--slsr', '--gvn-hoist', '--adce', '--ipsccp', '--dse', '--scalarizer', '--adce', '--loop-simplify', '--dse', '--scalarizer', '--simplifycfg', '--mergereturn', '--lower-expect', '--elim-avail-extern', '--lower-constant-intrinsics', '--loop-simplify', '--nary-reassociate', '--gvn', '--jump-threading', '--globalopt', '--slp-vectorizer', '--instcombine', '--slp-vectorizer', '--instcombine', '--simplifycfg', '--sroa', '--early-cse', '--lower-expect', '--sroa', '--sroa', '--aggressive-instcombine']",74,-3.8181129616884286,0.0,-1.1487617984390888,0.0,1,-3.8181129616884286,-1.1487617984390888,0.33965251356555703,-67.00507614213198,11.918357305061706,11.76470588235294,34
2317,"['--ipsccp', '--speculative-execution', '--sccp', '--lower-constant-intrinsics', '--early-cse', '--mem2reg', '--jump-threading', '--globalopt', '--elim-avail-extern', '--instcombine', '--loop-instsimplify', '--jump-threading', '--gvn', '--simplifycfg', '--instsimplify', '--inline', '--gvn-hoist', '--gvn-hoist', '--instcombine', '--globalopt', '--elim-avail-extern', '--loweratomic', '--indvars', '--indvars', '--gvn', '--gvn', '--ipsccp', '--gvn', '--nary-reassociate', '--adce', '--early-cse', '--jump-threading', '--globalopt', '--elim-avail-extern', '--instcombine', '--simplifycfg', '--sroa', '--mem2reg', '--globaldce', '--gvn-hoist', '--sccp', '--early-cse', '--lower-constant-intrinsics', '--adce', '--slsr', '--gvn-hoist', '--adce', '--loop-simplify', '--dse', '--scalarizer', '--adce', '--loop-simplify', '--dse', '--scalarizer', '--simplifycfg', '--mergereturn', '--lower-expect', '--elim-avail-extern', '--lower-constant-intrinsics', '--ipsccp', '--nary-reassociate', '--gvn', '--jump-threading', '--globalopt', '--slp-vectorizer', '--instcombine', '--slp-vectorizer', '--instcombine', '--simplifycfg', '--sroa', '--early-cse', '--early-cse', '--lower-expect', '--aggressive-instcombine']",74,-3.8181129616884286,0.0,-1.1487617984390888,0.0,1,-3.8181129616884286,-1.1487617984390888,0.33965251356555703,-67.00507614213198,11.918357305061706,11.76470588235294,34
2303,"['--ipsccp', '--speculative-execution', '--sccp', '--lower-constant-intrinsics', '--early-cse', '--mem2reg', '--jump-threading', '--globalopt', '--elim-avail-extern', '--instcombine', '--loop-instsimplify', '--jump-threading', '--gvn', '--simplifycfg', '--instsimplify', '--inline', '--mem2reg', '--gvn-hoist', '--instcombine', '--globalopt', '--elim-avail-extern', '--loweratomic', '--indvars', '--indvars', '--gvn', '--gvn', '--ipsccp', '--gvn', '--nary-reassociate', '--adce', '--early-cse', '--mem2reg', '--jump-threading', '--globalopt', '--elim-avail-extern', '--instcombine', '--simplifycfg', '--sroa', '--mem2reg', '--globaldce', '--gvn-hoist', '--sccp', '--early-cse', '--lower-constant-intrinsics', '--adce', '--slsr', '--nary-reassociate', '--adce', '--loop-simplify', '--dse', '--scalarizer', '--adce', '--loop-simplify', '--dse', '--scalarizer', '--simplifycfg', '--mergereturn', '--lower-expect', '--elim-avail-extern', '--lower-constant-intrinsics', '--ipsccp', '--gvn-hoist', '--gvn', '--jump-threading', '--globalopt', '--slp-vectorizer', '--instcombine', '--slp-vectorizer', '--instcombine', '--simplifycfg', '--sroa', '--early-cse', '--early-cse', '--lower-expect', '--aggressive-instcombine']",75,-3.8181129616884286,0.0,-1.1487617984390888,0.0,1,-3.8181129616884286,-1.1487617984390888,0.33965251356555703,-67.00507614213198,11.918357305061706,11.76470588235294,34
2707,"['--ipsccp', '--speculative-execution', '--sccp', '--lower-constant-intrinsics', '--early-cse', '--mem2reg', '--jump-threading', '--jump-threading', '--globalopt', '--elim-avail-extern', '--instcombine', '--loop-instsimplify', '--jump-threading', '--gvn', '--simplifycfg', '--instsimplify', '--inline', '--instcombine', '--globalopt', '--dse', '--loweratomic', '--indvars', '--indvars', '--gvn', '--gvn', '--early-cse-memssa', '--gvn', '--adce', '--early-cse', '--mem2reg', '--jump-threading', '--globalopt', '--globalopt', '--elim-avail-extern', '--instcombine', '--simplifycfg', '--sroa', '--mem2reg', '--globaldce', '--gvn-hoist', '--gvn-hoist', '--sccp', '--early-cse', '--scalarizer', '--lower-constant-intrinsics', '--adce', '--slsr', '--gvn-hoist', '--adce', '--loop-simplify', '--dse', '--scalarizer', '--adce', '--loop-simplify', '--early-cse', '--simplifycfg', '--mergereturn', '--lower-expect', '--ipsccp', '--gvn', '--nary-reassociate', '--gvn', '--early-cse', '--mem2reg', '--jump-threading', '--globalopt', '--slp-vectorizer', '--instcombine', '--simplifycfg', '--sroa', '--early-cse', '--lower-expect', '--sroa', '--sroa', '--lower-expect', '--aggressive-instcombine']",76,-3.8181129616884286,0.0,-1.1487617984390888,0.0,1,-3.8181129616884286,-1.1487617984390888,0.33965251356555703,-67.00507614213198,11.918357305061706,11.76470588235294,34
2457,"['--ipsccp', '--speculative-execution', '--sccp', '--lower-constant-intrinsics', '--early-cse', '--mem2reg', '--simplifycfg', '--globalopt', '--elim-avail-extern', '--instcombine', '--loop-instsimplify', '--gvn', '--simplifycfg', '--instsimplify', '--inline', '--mergefunc', '--gvn-hoist', '--instcombine', '--globalopt', '--elim-avail-extern', '--loweratomic', '--indvars', '--indvars', '--gvn', '--gvn', '--ipsccp', '--gvn', '--nary-reassociate', '--adce', '--early-cse', '--mem2reg', '--jump-threading', '--globalopt', '--elim-avail-extern', '--instcombine', '--elim-avail-extern', '--instcombine', '--jump-threading', '--sroa', '--mem2reg', '--globaldce', '--simplifycfg', '--sccp', '--early-cse', '--lower-constant-intrinsics', '--adce', '--slsr', '--gvn-hoist', '--adce', '--loop-simplify', '--dse', '--scalarizer', '--simplifycfg', '--lower-expect', '--simplifycfg', '--elim-avail-extern', '--lower-constant-intrinsics', '--ipsccp', '--gvn', '--nary-reassociate', '--gvn', '--mem2reg', '--jump-threading', '--globalopt', '--slp-vectorizer', '--instcombine', '--simplifycfg', '--sroa', '--early-cse', '--lower-expect', '--sroa', '--sroa', '--lower-expect', '--aggressive-instcombine']",74,-3.8246281495025425,0.0,-1.089837818969607,0.0,1,-3.8246281495025425,-1.089837818969607,0.5620873773639496,-67.00507614213198,12.425439029223964,11.76470588235294,34
1428,"['--ipsccp', '--speculative-execution', '--sccp', '--early-cse', '--mem2reg', '--jump-threading', '--globalopt', '--elim-avail-extern', '--instcombine', '--adce', '--jump-threading', '--gvn', '--simplifycfg', '--instsimplify', '--inline', '--mergefunc', '--gvn-hoist', '--gvn-hoist', '--instcombine', '--globalopt', '--elim-avail-extern', '--indvars', '--gvn', '--gvn', '--ipsccp', '--sroa', '--nary-reassociate', '--loop-instsimplify', '--early-cse', '--mem2reg', '--jump-threading', '--globalopt', '--elim-avail-extern', '--instcombine', '--simplifycfg', '--sroa', '--loweratomic', '--globaldce', '--gvn-hoist', '--sccp', '--loop-guard-widening', '--lower-constant-intrinsics', '--adce', '--slsr', '--gvn-hoist', '--adce', '--loop-simplify', '--dse', '--simplifycfg', '--lower-expect', '--simplifycfg', '--gvn-hoist', '--elim-avail-extern', '--lower-constant-intrinsics', '--gvn', '--ipsccp', '--gvn', '--nary-reassociate', '--gvn', '--early-cse', '--mem2reg', '--jump-threading', '--globalopt', '--slp-vectorizer', '--instcombine', '--simplifycfg', '--sroa', '--early-cse', '--lower-expect', '--sroa', '--sroa', '--lower-expect', '--simplifycfg', '--aggressive-instcombine']",74,-3.8282787399077787,0.0,-1.1179349396585918,0.0,1,-3.8282787399077787,-1.1179349396585918,0.6131413958092724,-68.52791878172589,12.25121652810894,11.76470588235294,34
1236,"['--ipsccp', '--speculative-execution', '--sccp', '--early-cse', '--mem2reg', '--jump-threading', '--globalopt', '--elim-avail-extern', '--instcombine', '--adce', '--jump-threading', '--gvn', '--simplifycfg', '--instsimplify', '--inline', '--gvn-hoist', '--mergefunc', '--gvn-hoist', '--instcombine', '--globalopt', '--elim-avail-extern', '--indvars', '--gvn', '--gvn', '--ipsccp', '--gvn', '--nary-reassociate', '--loop-instsimplify', '--early-cse', '--mem2reg', '--jump-threading', '--globalopt', '--elim-avail-extern', '--instcombine', '--simplifycfg', '--sroa', '--mem2reg', '--gvn-hoist', '--sccp', '--early-cse', '--lower-constant-intrinsics', '--loweratomic', '--gvn-hoist', '--adce', '--dse', '--loop-sink', '--simplifycfg', '--lower-expect', '--simplifycfg', '--gvn-hoist', '--instcombine', '--globalopt', '--aggressive-instcombine', '--gvn', '--gvn', '--ipsccp', '--gvn', '--lower-constant-intrinsics', '--loop-instsimplify', '--early-cse', '--mem2reg', '--jump-threading', '--globalopt', '--slp-vectorizer', '--instcombine', '--simplifycfg', '--sroa', '--lower-constant-intrinsics', '--early-cse', '--lower-expect', '--lower-expect', '--adce', '--elim-avail-extern', '--elim-avail-extern', '--lower-expect', '--slsr']",76,-3.8282787399077787,0.0,-1.1179349396585918,0.0,1,-3.8282787399077787,-1.1179349396585918,0.6131413958092724,-68.52791878172589,12.25121652810894,11.76470588235294,34
2150,"['--ipsccp', '--speculative-execution', '--sccp', '--lower-constant-intrinsics', '--early-cse', '--mem2reg', '--jump-threading', '--globalopt', '--elim-avail-extern', '--instcombine', '--loop-instsimplify', '--jump-threading', '--gvn', '--simplifycfg', '--instsimplify', '--inline', '--gvn-hoist', '--instcombine', '--globalopt', '--elim-avail-extern', '--indvars', '--indvars', '--gvn', '--gvn', '--ipsccp', '--gvn', '--nary-reassociate', '--adce', '--loop-instsimplify', '--early-cse', '--mem2reg', '--jump-threading', '--globalopt', '--elim-avail-extern', '--instcombine', '--simplifycfg', '--sroa', '--mem2reg', '--globaldce', '--gvn-hoist', '--sccp', '--early-cse', '--loop-sink', '--lower-constant-intrinsics', '--adce', '--slsr', '--gvn-hoist', '--adce', '--loop-simplify', '--dse', '--scalarizer', '--simplifycfg', '--lower-expect', '--simplifycfg', '--elim-avail-extern', '--lower-constant-intrinsics', '--ipsccp', '--gvn', '--gvn', '--gvn', '--early-cse', '--mem2reg', '--jump-threading', '--correlated-propagation', '--slp-vectorizer', '--instcombine', '--simplifycfg', '--early-cse-memssa', '--sroa', '--early-cse', '--lower-expect', '--sroa', '--sroa', '--lower-expect', '--aggressive-instcombine']",75,-3.832900707229876,0.0,-1.1688152743749178,0.0,1,-3.832900707229876,-1.1688152743749178,0.13175230566534915,-67.00507614213198,11.915833690957461,11.76470588235294,34
2065,"['--ipsccp', '--speculative-execution', '--sccp', '--early-cse', '--mem2reg', '--jump-threading', '--elim-avail-extern', '--instcombine', '--instsimplify', '--adce', '--loop-interchange', '--aggressive-instcombine', '--gvn', '--instsimplify', '--simplifycfg', '--inline', '--globaldce', '--instcombine', '--globalopt', '--elim-avail-extern', '--loop-sink', '--indvars', '--indvars', '--gvn', '--gvn', '--ipsccp', '--gvn', '--nary-reassociate', '--adce', '--early-cse', '--mem2reg', '--jump-threading', '--correlated-propagation', '--elim-avail-extern', '--instcombine', '--simplifycfg', '--sroa', '--mem2reg', '--globaldce', '--gvn-hoist', '--sccp', '--early-cse', '--lower-constant-intrinsics', '--adce', '--slsr', '--gvn-hoist', '--adce', '--loop-simplify', '--adce', '--loop-simplify', '--dse', '--scalarizer', '--simplifycfg', '--lower-expect', '--nary-reassociate', '--elim-avail-extern', '--lower-constant-intrinsics', '--gvn', '--nary-reassociate', '--gvn', '--early-cse', '--mem2reg', '--jump-threading', '--globalopt', '--slp-vectorizer', '--instcombine', '--simplifycfg', '--sroa', '--early-cse', '--lower-expect', '--sroa', '--lower-expect', '--simplifycfg', '--aggressive-instcombine']",74,-3.832900707229876,0.0,-1.1688152743749178,0.0,1,-3.832900707229876,-1.1688152743749178,0.13175230566534915,-67.00507614213198,11.915833690957461,11.76470588235294,34
1749,"['--ipsccp', '--speculative-execution', '--sccp', '--early-cse', '--mem2reg', '--jump-threading', '--globalopt', '--elim-avail-extern', '--instcombine', '--adce', '--irce', '--jump-threading', '--gvn', '--loop-sink', '--simplifycfg', '--instsimplify', '--inline', '--loop-versioning-licm', '--gvn-hoist', '--instcombine', '--globalopt', '--elim-avail-extern', '--indvars', '--indvars', '--gvn', '--gvn', '--ipsccp', '--gvn', '--gvn', '--nary-reassociate', '--loop-instsimplify', '--early-cse', '--loop-fusion', '--jump-threading', '--globalopt', '--elim-avail-extern', '--instcombine', '--simplifycfg', '--sroa', '--mem2reg', '--globaldce', '--gvn-hoist', '--sccp', '--early-cse', '--lower-constant-intrinsics', '--adce', '--slsr', '--gvn-hoist', '--adce', '--loop-simplify', '--dse', '--scalarizer', '--simplifycfg', '--lower-expect', '--simplifycfg', '--lower-constant-intrinsics', '--ipsccp', '--gvn', '--nary-reassociate', '--gvn', '--early-cse', '--mem2reg', '--jump-threading', '--globalopt', '--slp-vectorizer', '--instcombine', '--simplifycfg', '--sroa', '--early-cse', '--lower-expect', '--sroa', '--sroa', '--lower-expect', '--aggressive-instcombine']",74,-3.832900707229876,0.0,-1.1688152743749178,0.0,1,-3.832900707229876,-1.1688152743749178,0.13175230566534915,-67.00507614213198,11.915833690957461,11.76470588235294,34
2289,"['--ipsccp', '--speculative-execution', '--sccp', '--adce', '--early-cse', '--mem2reg', '--jump-threading', '--globalopt', '--elim-avail-extern', '--instcombine', '--loop-instsimplify', '--gvn', '--simplifycfg', '--instsimplify', '--inline', '--loop-unroll', '--lower-constant-intrinsics', '--gvn-hoist', '--gvn-hoist', '--instcombine', '--globalopt', '--elim-avail-extern', '--indvars', '--elim-avail-extern', '--indvars', '--nary-reassociate', '--gvn', '--ipsccp', '--gvn', '--nary-reassociate', '--loop-instsimplify', '--early-cse', '--mem2reg', '--jump-threading', '--globalopt', '--elim-avail-extern', '--instcombine', '--simplifycfg', '--sroa', '--gvn-hoist', '--sccp', '--early-cse', '--lower-constant-intrinsics', '--adce', '--slsr', '--newgvn', '--slsr', '--gvn-hoist', '--adce', '--loop-simplify', '--dse', '--scalarizer', '--adce', '--loop-simplify', '--dse', '--scalarizer', '--simplifycfg', '--mergereturn', '--lower-expect', '--elim-avail-extern', '--lower-constant-intrinsics', '--ipsccp', '--nary-reassociate', '--gvn', '--jump-threading', '--globalopt', '--slp-vectorizer', '--instcombine', '--slp-vectorizer', '--instcombine', '--simplifycfg', '--sroa', '--early-cse', '--lower-expect', '--sroa', '--sroa', '--aggressive-instcombine']",77,-3.832900707229876,0.0,-1.1688152743749178,0.0,1,-3.832900707229876,-1.1688152743749178,0.13175230566534915,-67.00507614213198,11.915833690957461,11.76470588235294,34
1201,"['--ipsccp', '--speculative-execution', '--sccp', '--early-cse', '--mem2reg', '--jump-threading', '--globalopt', '--elim-avail-extern', '--instcombine', '--adce', '--jump-threading', '--gvn', '--simplifycfg', '--instsimplify', '--inline', '--mergefunc', '--gvn-hoist', '--gvn-hoist', '--instcombine', '--globalopt', '--elim-avail-extern', '--indvars', '--gvn', '--gvn', '--ipsccp', '--gvn', '--nary-reassociate', '--loop-instsimplify', '--early-cse', '--mem2reg', '--jump-threading', '--globalopt', '--elim-avail-extern', '--instcombine', '--simplifycfg', '--sroa', '--mem2reg', '--globaldce', '--gvn-hoist', '--sccp', '--early-cse', '--lower-constant-intrinsics', '--adce', '--gvn-hoist', '--slp-vectorizer', '--loop-simplify', '--dse', '--scalarizer', '--simplifycfg', '--lower-expect', '--simplifycfg', '--gvn-hoist', '--elim-avail-extern', '--lower-constant-intrinsics', '--gvn', '--ipsccp', '--gvn', '--nary-reassociate', '--gvn', '--early-cse', '--mem2reg', '--jump-threading', '--globalopt', '--slp-vectorizer', '--jump-threading', '--globalopt', '--adce', '--instcombine', '--simplifycfg', '--sroa', '--lower-constant-intrinsics', '--early-cse', '--lower-expect', '--lower-expect', '--loweratomic', '--elim-avail-extern', '--elim-avail-extern', '--lower-expect', '--slsr']",79,-3.8380472906818106,0.0,-1.1331583584436697,0.0,1,-3.8380472906818106,-1.1331583584436697,0.0,-68.52791878172589,12.234726394961175,11.76470588235294,34
1368,"['--ipsccp', '--speculative-execution', '--sccp', '--early-cse', '--mem2reg', '--jump-threading', '--globalopt', '--elim-avail-extern', '--instcombine', '--adce', '--jump-threading', '--gvn', '--simplifycfg', '--instsimplify', '--inline', '--mergefunc', '--gvn-hoist', '--gvn-hoist', '--instcombine', '--globalopt', '--elim-avail-extern', '--indvars', '--gvn', '--ipsccp', '--gvn', '--nary-reassociate', '--loop-instsimplify', '--early-cse', '--mem2reg', '--jump-threading', '--speculative-execution', '--elim-avail-extern', '--instcombine', '--simplifycfg', '--sroa', '--mem2reg', '--globaldce', '--gvn-hoist', '--sccp', '--early-cse', '--lower-constant-intrinsics', '--adce', '--gvn-hoist', '--adce', '--loop-simplify', '--dse', '--scalarizer', '--simplifycfg', '--lower-expect', '--simplifycfg', '--gvn-hoist', '--elim-avail-extern', '--lower-constant-intrinsics', '--gvn', '--ipsccp', '--gvn', '--early-cse', '--gvn', '--nary-reassociate', '--mem2reg', '--jump-threading', '--globalopt', '--slp-vectorizer', '--instcombine', '--globalopt', '--loop-interchange', '--slp-vectorizer', '--instcombine', '--simplifycfg', '--mem2reg', '--sroa', '--lower-constant-intrinsics', '--lower-expect', '--lower-expect', '--loweratomic', '--elim-avail-extern', '--elim-avail-extern', '--slsr']",78,-3.839297331980399,0.0,-1.1343234115118368,0.0,1,-3.839297331980399,-1.1343234115118368,0.0,-68.52791878172589,12.238488909935803,11.76470588235294,34
1584,"['--ipsccp', '--speculative-execution', '--sccp', '--early-cse', '--mem2reg', '--simplifycfg', '--globalopt', '--elim-avail-extern', '--instcombine', '--adce', '--jump-threading', '--gvn', '--simplifycfg', '--instsimplify', '--inline', '--mergefunc', '--gvn-hoist', '--instcombine', '--globalopt', '--elim-avail-extern', '--indvars', '--indvars', '--gvn', '--gvn', '--ipsccp', '--gvn', '--nary-reassociate', '--loop-instsimplify', '--early-cse', '--mem2reg', '--jump-threading', '--globalopt', '--jump-threading', '--bdce', '--simplifycfg', '--instcombine', '--simplifycfg', '--sroa', '--mem2reg', '--globaldce', '--gvn-hoist', '--sccp', '--early-cse', '--lower-constant-intrinsics', '--adce', '--slsr', '--gvn-hoist', '--adce', '--loop-simplify', '--dse', '--scalarizer', '--scalarizer', '--simplifycfg', '--lower-expect', '--jump-threading', '--elim-avail-extern', '--lower-constant-intrinsics', '--ipsccp', '--gvn', '--nary-reassociate', '--gvn', '--early-cse', '--mem2reg', '--jump-threading', '--globalopt', '--slp-vectorizer', '--instcombine', '--simplifycfg', '--sroa', '--early-cse', '--lower-expect', '--sroa', '--lower-expect', '--aggressive-instcombine']",74,-3.839435707539579,0.0,-1.109891294905436,0.0,1,-3.839435707539579,-1.109891294905436,0.5008908414855473,-67.00507614213198,12.42311354007561,11.76470588235294,34
2618,"['--ipsccp', '--speculative-execution', '--sccp', '--early-cse', '--early-cse', '--mem2reg', '--jump-threading', '--loop-unroll-and-jam', '--globalopt', '--elim-avail-extern', '--instcombine', '--loop-instsimplify', '--jump-threading', '--gvn', '--gvn', '--simplifycfg', '--instsimplify', '--inline', '--mergefunc', '--gvn-hoist', '--elim-avail-extern', '--loweratomic', '--indvars', '--indvars', '--gvn', '--gvn', '--ipsccp', '--gvn', '--nary-reassociate', '--mem2reg', '--jump-threading', '--correlated-propagation', '--mem2reg', '--memcpyopt', '--jump-threading', '--bdce', '--elim-avail-extern', '--instcombine', '--memcpyopt', '--simplifycfg', '--sroa', '--lower-constant-intrinsics', '--adce', '--early-cse', '--slsr', '--inferattrs', '--adce', '--loop-simplify', '--adce', '--loop-simplify', '--dse', '--scalarizer', '--scalarizer', '--simplifycfg', '--lower-expect', '--simplifycfg', '--mergereturn', '--lower-expect', '--elim-avail-extern', '--loop-deletion', '--lower-constant-intrinsics', '--ipsccp', '--nary-reassociate', '--gvn', '--die', '--globalopt', '--slp-vectorizer', '--instcombine', '--slp-vectorizer', '--instcombine', '--simplifycfg', '--sroa', '--early-cse', '--early-cse', '--lower-expect', '--aggressive-instcombine']",76,-3.84101696974889,0.0,-1.1131188992117302,0.0,1,-3.84101696974889,-1.1131188992117302,0.5620873773639496,-67.00507614213198,12.414719129871512,11.76470588235294,34
1464,"['--ipsccp', '--speculative-execution', '--sccp', '--early-cse', '--mem2reg', '--jump-threading', '--globalopt', '--elim-avail-extern', '--instcombine', '--adce', '--jump-threading', '--gvn', '--simplifycfg', '--instsimplify', '--inline', '--elim-avail-extern', '--gvn-hoist', '--instcombine', '--globalopt', '--elim-avail-extern', '--indvars', '--indvars', '--gvn', '--gvn', '--ipsccp', '--gvn', '--nary-reassociate', '--loop-instsimplify', '--early-cse', '--mem2reg', '--jump-threading', '--globalopt', '--elim-avail-extern', '--instcombine', '--simplifycfg', '--sroa', '--mem2reg', '--gvn', '--gvn-hoist', '--sccp', '--early-cse', '--lower-constant-intrinsics', '--adce', '--gvn-hoist', '--adce', '--loop-simplify', '--dse', '--scalarizer', '--simplifycfg', '--lower-expect', '--simplifycfg', '--gvn-hoist', '--elim-avail-extern', '--lower-constant-intrinsics', '--gvn', '--ipsccp', '--gvn', '--nary-reassociate', '--gvn', '--early-cse', '--mem2reg', '--jump-threading', '--globalopt', '--slp-vectorizer', '--instcombine', '--simplifycfg', '--sroa', '--early-cse', '--lower-expect', '--sroa', '--sroa', '--lower-expect', '--aggressive-instcombine']",73,-3.841611668752538,0.0,-1.1808940278475593,0.0,1,-3.841611668752538,-1.1808940278475593,0.13175230566534915,-67.00507614213198,11.912352655139273,11.76470588235294,34
1555,"['--ipsccp', '--speculative-execution', '--sccp', '--early-cse', '--mem2reg', '--jump-threading', '--globalopt', '--elim-avail-extern', '--instcombine', '--adce', '--jump-threading', '--gvn', '--simplifycfg', '--loop-unroll-and-jam', '--instsimplify', '--inline', '--gvn-hoist', '--instcombine', '--globalopt', '--elim-avail-extern', '--indvars', '--indvars', '--gvn', '--gvn', '--ipsccp', '--gvn', '--nary-reassociate', '--loop-instsimplify', '--early-cse', '--mem2reg', '--jump-threading', '--globalopt', '--elim-avail-extern', '--instcombine', '--simplifycfg', '--sroa', '--mem2reg', '--gvn', '--gvn-hoist', '--sccp', '--early-cse', '--lower-constant-intrinsics', '--adce', '--gvn-hoist', '--adce', '--lower-constant-intrinsics', '--dse', '--scalarizer', '--simplifycfg', '--lower-expect', '--simplifycfg', '--gvn-hoist', '--elim-avail-extern', '--globalopt', '--gvn', '--ipsccp', '--gvn', '--nary-reassociate', '--gvn', '--early-cse', '--mem2reg', '--jump-threading', '--globalopt', '--slp-vectorizer', '--instcombine', '--simplifycfg', '--sroa', '--early-cse', '--lower-expect', '--sroa', '--sroa', '--gvn', '--lower-expect', '--aggressive-instcombine']",74,-3.841611668752538,0.0,-1.1808940278475593,0.0,1,-3.841611668752538,-1.1808940278475593,0.13175230566534915,-67.00507614213198,11.912352655139273,11.76470588235294,34
1100,"['--ipsccp', '--speculative-execution', '--sccp', '--early-cse', '--mem2reg', '--jump-threading', '--globalopt', '--elim-avail-extern', '--instcombine', '--adce', '--jump-threading', '--gvn', '--simplifycfg', '--instsimplify', '--inline', '--gvn-hoist', '--mergefunc', '--gvn-hoist', '--instcombine', '--elim-avail-extern', '--indvars', '--gvn', '--gvn', '--ipsccp', '--gvn', '--nary-reassociate', '--loop-instsimplify', '--early-cse', '--mem2reg', '--jump-threading', '--globalopt', '--elim-avail-extern', '--instcombine', '--simplifycfg', '--sroa', '--mem2reg', '--gvn-hoist', '--sccp', '--early-cse', '--lower-constant-intrinsics', '--adce', '--gvn-hoist', '--adce', '--loop-simplify', '--dse', '--loop-sink', '--simplifycfg', '--lower-expect', '--simplifycfg', '--gvn-hoist', '--instcombine', '--globalopt', '--aggressive-instcombine', '--gvn', '--gvn', '--ipsccp', '--gvn', '--lower-constant-intrinsics', '--loop-instsimplify', '--early-cse', '--mem2reg', '--early-cse-memssa', '--jump-threading', '--globalopt', '--slp-vectorizer', '--instcombine', '--simplifycfg', '--sroa', '--lower-constant-intrinsics', '--early-cse', '--lower-expect', '--lower-expect', '--loweratomic', '--elim-avail-extern', '--elim-avail-extern', '--lower-expect', '--slsr']",77,-3.8430783902853154,0.0,-1.1379884155944209,0.0,1,-3.8430783902853154,-1.1379884155944209,0.5008908414855473,-68.52791878172589,12.248811962365586,11.76470588235294,34
1145,"['--ipsccp', '--speculative-execution', '--prune-eh', '--sccp', '--early-cse', '--mem2reg', '--jump-threading', '--globalopt', '--elim-avail-extern', '--instcombine', '--adce', '--jump-threading', '--gvn', '--simplifycfg', '--instsimplify', '--inline', '--gvn-hoist', '--mergefunc', '--gvn-hoist', '--instcombine', '--globalopt', '--elim-avail-extern', '--indvars', '--gvn', '--gvn', '--ipsccp', '--lower-expect', '--nary-reassociate', '--loop-instsimplify', '--early-cse', '--mem2reg', '--jump-threading', '--globalopt', '--elim-avail-extern', '--instcombine', '--simplifycfg', '--sroa', '--mem2reg', '--gvn-hoist', '--sccp', '--early-cse', '--lower-constant-intrinsics', '--adce', '--gvn-hoist', '--adce', '--loop-simplify', '--dse', '--loop-sink', '--simplifycfg', '--lower-expect', '--simplifycfg', '--gvn-hoist', '--instcombine', '--globalopt', '--aggressive-instcombine', '--gvn', '--ipsccp', '--gvn', '--lower-constant-intrinsics', '--loop-instsimplify', '--early-cse', '--mem2reg', '--jump-threading', '--globalopt', '--slp-vectorizer', '--instcombine', '--simplifycfg', '--sroa', '--lower-constant-intrinsics', '--early-cse', '--lower-expect', '--lower-expect', '--loweratomic', '--elim-avail-extern', '--elim-avail-extern', '--lower-expect', '--slsr']",77,-3.8430783902853154,0.0,-1.1379884155944209,0.0,1,-3.8430783902853154,-1.1379884155944209,0.5008908414855473,-68.52791878172589,12.248811962365586,11.76470588235294,34
1169,"['--speculative-execution', '--sccp', '--early-cse', '--mem2reg', '--jump-threading', '--globalopt', '--elim-avail-extern', '--instcombine', '--adce', '--jump-threading', '--gvn', '--simplifycfg', '--adce', '--inline', '--gvn-hoist', '--mergefunc', '--gvn-hoist', '--instcombine', '--globalopt', '--elim-avail-extern', '--indvars', '--gvn', '--ipsccp', '--gvn', '--nary-reassociate', '--nary-reassociate', '--lower-constant-intrinsics', '--loop-instsimplify', '--strip', '--mem2reg', '--jump-threading', '--globalopt', '--elim-avail-extern', '--instcombine', '--simplifycfg', '--sroa', '--mem2reg', '--gvn-hoist', '--sccp', '--early-cse', '--lower-constant-intrinsics', '--instsimplify', '--gvn-hoist', '--adce', '--early-cse', '--dse', '--loop-sink', '--simplifycfg', '--lower-expect', '--simplifycfg', '--gvn-hoist', '--instcombine', '--globalopt', '--aggressive-instcombine', '--gvn', '--gvn', '--ipsccp', '--gvn', '--lower-constant-intrinsics', '--loop-instsimplify', '--early-cse', '--mem2reg', '--early-cse-memssa', '--jump-threading', '--globalopt', '--slp-vectorizer', '--instcombine', '--simplifycfg', '--sroa', '--lower-constant-intrinsics', '--early-cse', '--lower-expect', '--lower-expect', '--loweratomic', '--elim-avail-extern', '--elim-avail-extern', '--lower-expect', '--slsr']",78,-3.8430783902853154,0.0,-1.1379884155944209,0.0,1,-3.8430783902853154,-1.1379884155944209,0.5008908414855473,-68.52791878172589,12.248811962365586,11.76470588235294,34
1168,"['--ipsccp', '--speculative-execution', '--sccp', '--early-cse', '--mem2reg', '--jump-threading', '--globalopt', '--elim-avail-extern', '--instcombine', '--adce', '--jump-threading', '--gvn', '--simplifycfg', '--instsimplify', '--inline', '--gvn-hoist', '--mergefunc', '--gvn-hoist', '--instcombine', '--globalopt', '--elim-avail-extern', '--indvars', '--gvn', '--gvn', '--ipsccp', '--ipsccp', '--lower-expect', '--nary-reassociate', '--loop-instsimplify', '--early-cse', '--mem2reg', '--jump-threading', '--globalopt', '--elim-avail-extern', '--instcombine', '--simplifycfg', '--sroa', '--mem2reg', '--mem2reg', '--sccp', '--early-cse', '--lower-constant-intrinsics', '--adce', '--gvn-hoist', '--adce', '--loop-simplify', '--dse', '--loop-sink', '--simplifycfg', '--lower-expect', '--simplifycfg', '--gvn-hoist', '--instcombine', '--globalopt', '--aggressive-instcombine', '--gvn', '--ipsccp', '--gvn', '--lower-constant-intrinsics', '--loop-instsimplify', '--early-cse', '--gvn-hoist', '--jump-threading', '--globalopt', '--slp-vectorizer', '--instcombine', '--simplifycfg', '--sroa', '--lower-constant-intrinsics', '--early-cse', '--lower-expect', '--lower-expect', '--loweratomic', '--elim-avail-extern', '--elim-avail-extern', '--lower-expect', '--slsr']",77,-3.8430783902853154,0.0,-1.1379884155944209,0.0,1,-3.8430783902853154,-1.1379884155944209,0.5008908414855473,-68.52791878172589,12.248811962365586,11.76470588235294,34
1167,"['--strip', '--ipsccp', '--speculative-execution', '--sccp', '--early-cse', '--mem2reg', '--jump-threading', '--globalopt', '--elim-avail-extern', '--instcombine', '--mem2reg', '--jump-threading', '--gvn', '--simplifycfg', '--instsimplify', '--inline', '--gvn-hoist', '--mergefunc', '--gvn-hoist', '--instcombine', '--globalopt', '--elim-avail-extern', '--indvars', '--gvn', '--gvn', '--ipsccp', '--nary-reassociate', '--lower-constant-intrinsics', '--loop-instsimplify', '--strip', '--adce', '--jump-threading', '--globalopt', '--instcombine', '--simplifycfg', '--sroa', '--mem2reg', '--gvn-hoist', '--sccp', '--early-cse', '--lower-constant-intrinsics', '--adce', '--gvn-hoist', '--adce', '--lower-constant-intrinsics', '--dse', '--dse', '--loop-sink', '--newgvn', '--simplifycfg', '--lower-expect', '--simplifycfg', '--gvn-hoist', '--instcombine', '--globalopt', '--aggressive-instcombine', '--gvn', '--gvn', '--ipsccp', '--gvn', '--loop-instsimplify', '--early-cse', '--mem2reg', '--jump-threading', '--globalopt', '--slp-vectorizer', '--instcombine', '--ipsccp', '--simplifycfg', '--sroa', '--lower-constant-intrinsics', '--early-cse', '--lower-expect', '--lower-expect', '--elim-avail-extern', '--elim-avail-extern', '--slsr']",77,-3.8430783902853154,0.0,-1.1379884155944209,0.0,1,-3.8430783902853154,-1.1379884155944209,0.5008908414855473,-68.52791878172589,12.248811962365586,11.76470588235294,34
1166,"['--ipsccp', '--speculative-execution', '--sccp', '--early-cse', '--mem2reg', '--jump-threading', '--globalopt', '--elim-avail-extern', '--instcombine', '--adce', '--jump-threading', '--gvn', '--simplifycfg', '--instsimplify', '--inline', '--gvn-hoist', '--mergefunc', '--mem2reg', '--instcombine', '--globalopt', '--elim-avail-extern', '--indvars', '--gvn', '--gvn', '--ipsccp', '--gvn', '--nary-reassociate', '--loop-instsimplify', '--early-cse', '--mem2reg', '--jump-threading', '--globalopt', '--elim-avail-extern', '--instcombine', '--simplifycfg', '--sroa', '--gvn-hoist', '--gvn-hoist', '--sccp', '--early-cse', '--lower-constant-intrinsics', '--adce', '--gvn-hoist', '--adce', '--dse', '--loop-sink', '--simplifycfg', '--lower-expect', '--simplifycfg', '--gvn-hoist', '--instcombine', '--globalopt', '--aggressive-instcombine', '--gvn', '--gvn', '--ipsccp', '--gvn', '--lower-constant-intrinsics', '--loop-instsimplify', '--early-cse', '--mem2reg', '--jump-threading', '--globalopt', '--slp-vectorizer', '--instcombine', '--simplifycfg', '--sroa', '--lower-constant-intrinsics', '--early-cse', '--lower-expect', '--lower-expect', '--loweratomic', '--elim-avail-extern', '--elim-avail-extern', '--lower-expect', '--slsr']",76,-3.8430783902853154,0.0,-1.1379884155944209,0.0,1,-3.8430783902853154,-1.1379884155944209,0.5008908414855473,-68.52791878172589,12.248811962365586,11.76470588235294,34
1165,"['--ipsccp', '--speculative-execution', '--sccp', '--early-cse', '--mem2reg', '--jump-threading', '--globalopt', '--elim-avail-extern', '--instcombine', '--mem2reg', '--jump-threading', '--gvn', '--simplifycfg', '--instsimplify', '--inline', '--gvn-hoist', '--mergefunc', '--gvn-hoist', '--instcombine', '--globalopt', '--elim-avail-extern', '--indvars', '--gvn', '--gvn', '--ipsccp', '--gvn', '--nary-reassociate', '--loop-instsimplify', '--early-cse', '--mem2reg', '--jump-threading', '--globalopt', '--elim-avail-extern', '--instcombine', '--simplifycfg', '--sroa', '--mem2reg', '--gvn-hoist', '--sccp', '--early-cse', '--lower-constant-intrinsics', '--adce', '--gvn-hoist', '--adce', '--dse', '--loop-sink', '--simplifycfg', '--lower-expect', '--gvn-hoist', '--instcombine', '--globalopt', '--aggressive-instcombine', '--gvn', '--gvn', '--ipsccp', '--gvn', '--lower-constant-intrinsics', '--loop-instsimplify', '--early-cse', '--mem2reg', '--jump-threading', '--globalopt', '--slp-vectorizer', '--instcombine', '--simplifycfg', '--sroa', '--lower-constant-intrinsics', '--early-cse', '--lower-expect', '--lower-expect', '--loweratomic', '--elim-avail-extern', '--elim-avail-extern', '--lower-expect', '--slsr']",75,-3.8430783902853154,0.0,-1.1379884155944209,0.0,1,-3.8430783902853154,-1.1379884155944209,0.5008908414855473,-68.52791878172589,12.248811962365586,11.76470588235294,34
1117,"['--ipsccp', '--speculative-execution', '--sccp', '--early-cse', '--mem2reg', '--globalopt', '--elim-avail-extern', '--instcombine', '--adce', '--jump-threading', '--gvn', '--simplifycfg', '--instsimplify', '--inline', '--gvn-hoist', '--mergefunc', '--gvn-hoist', '--instcombine', '--globalopt', '--elim-avail-extern', '--indvars', '--gvn', '--gvn', '--ipsccp', '--gvn', '--nary-reassociate', '--loop-instsimplify', '--early-cse', '--mem2reg', '--jump-threading', '--globalopt', '--elim-avail-extern', '--dce', '--instcombine', '--simplifycfg', '--sroa', '--mem2reg', '--gvn-hoist', '--sccp', '--early-cse', '--lower-constant-intrinsics', '--adce', '--gvn-hoist', '--adce', '--loop-simplify', '--dse', '--loop-sink', '--simplifycfg', '--lower-expect', '--simplifycfg', '--gvn-hoist', '--instcombine', '--globalopt', '--aggressive-instcombine', '--gvn', '--gvn', '--ipsccp', '--gvn', '--lower-constant-intrinsics', '--loop-instsimplify', '--early-cse', '--mem2reg', '--jump-threading', '--globalopt', '--slp-vectorizer', '--instcombine', '--simplifycfg', '--sroa', '--lower-constant-intrinsics', '--early-cse', '--lower-expect', '--lower-expect', '--loweratomic', '--elim-avail-extern', '--elim-avail-extern', '--lower-expect', '--elim-avail-extern', '--slsr']",78,-3.8430783902853154,0.0,-1.1379884155944209,0.0,1,-3.8430783902853154,-1.1379884155944209,0.5008908414855473,-68.52791878172589,12.248811962365586,11.76470588235294,34
1162,"['--ipsccp', '--speculative-execution', '--sccp', '--early-cse', '--mem2reg', '--jump-threading', '--globalopt', '--elim-avail-extern', '--instcombine', '--mem2reg', '--jump-threading', '--gvn', '--simplifycfg', '--instsimplify', '--inline', '--gvn-hoist', '--mergefunc', '--gvn-hoist', '--instcombine', '--globalopt', '--elim-avail-extern', '--indvars', '--mergefunc', '--gvn', '--gvn', '--ipsccp', '--nary-reassociate', '--lower-constant-intrinsics', '--loop-instsimplify', '--strip', '--adce', '--jump-threading', '--globalopt', '--instcombine', '--simplifycfg', '--sroa', '--mem2reg', '--gvn-hoist', '--sccp', '--early-cse', '--lower-constant-intrinsics', '--adce', '--gvn-hoist', '--adce', '--lower-constant-intrinsics', '--dse', '--dse', '--loop-sink', '--newgvn', '--simplifycfg', '--lower-expect', '--simplifycfg', '--gvn-hoist', '--instcombine', '--globalopt', '--aggressive-instcombine', '--gvn', '--gvn', '--loop-instsimplify', '--early-cse', '--mem2reg', '--jump-threading', '--globalopt', '--slp-vectorizer', '--instcombine', '--simplifycfg', '--sroa', '--lower-constant-intrinsics', '--early-cse', '--lower-expect', '--lower-expect', '--loweratomic', '--elim-avail-extern', '--elim-avail-extern', '--lower-expect', '--slsr']",76,-3.8430783902853154,0.0,-1.1379884155944209,0.0,1,-3.8430783902853154,-1.1379884155944209,0.5008908414855473,-68.52791878172589,12.248811962365586,11.76470588235294,34
1109,"['--ipsccp', '--speculative-execution', '--sccp', '--early-cse', '--mem2reg', '--jump-threading', '--globalopt', '--elim-avail-extern', '--instcombine', '--adce', '--jump-threading', '--gvn', '--simplifycfg', '--instsimplify', '--inline', '--gvn-hoist', '--mergefunc', '--gvn-hoist', '--globalopt', '--elim-avail-extern', '--indvars', '--gvn', '--gvn', '--ipsccp', '--gvn', '--nary-reassociate', '--loop-instsimplify', '--early-cse', '--mem2reg', '--jump-threading', '--globalopt', '--elim-avail-extern', '--instcombine', '--simplifycfg', '--sroa', '--mem2reg', '--gvn-hoist', '--sccp', '--early-cse', '--lower-constant-intrinsics', '--adce', '--gvn-hoist', '--adce', '--dse', '--loop-sink', '--simplifycfg', '--lower-expect', '--simplifycfg', '--gvn-hoist', '--instcombine', '--globalopt', '--aggressive-instcombine', '--gvn', '--gvn', '--ipsccp', '--gvn', '--lower-constant-intrinsics', '--loop-instsimplify', '--early-cse', '--mem2reg', '--jump-threading', '--globalopt', '--slp-vectorizer', '--instcombine', '--simplifycfg', '--sroa', '--lower-constant-intrinsics', '--early-cse', '--lower-expect', '--lower-expect', '--loweratomic', '--elim-avail-extern', '--elim-avail-extern', '--lower-expect', '--slsr']",75,-3.8430783902853154,0.0,-1.1379884155944209,0.0,1,-3.8430783902853154,-1.1379884155944209,0.5008908414855473,-68.52791878172589,12.248811962365586,11.76470588235294,34
1122,"['--ipsccp', '--speculative-execution', '--sccp', '--early-cse', '--mem2reg', '--jump-threading', '--globalopt', '--elim-avail-extern', '--instcombine', '--adce', '--jump-threading', '--gvn', '--simplifycfg', '--instsimplify', '--inline', '--gvn-hoist', '--mergefunc', '--gvn-hoist', '--instcombine', '--globalopt', '--elim-avail-extern', '--indvars', '--gvn', '--gvn', '--ipsccp', '--gvn', '--nary-reassociate', '--loop-instsimplify', '--early-cse', '--mem2reg', '--jump-threading', '--globalopt', '--elim-avail-extern', '--irce', '--instcombine', '--speculative-execution', '--sroa', '--mem2reg', '--gvn-hoist', '--sccp', '--early-cse', '--lower-constant-intrinsics', '--adce', '--gvn-hoist', '--adce', '--loop-simplify', '--dse', '--loop-sink', '--simplifycfg', '--lower-expect', '--simplifycfg', '--gvn-hoist', '--instcombine', '--globalopt', '--aggressive-instcombine', '--gvn', '--gvn', '--ipsccp', '--gvn', '--lower-constant-intrinsics', '--loop-instsimplify', '--early-cse', '--mem2reg', '--jump-threading', '--globalopt', '--slp-vectorizer', '--instcombine', '--simplifycfg', '--sroa', '--lower-constant-intrinsics', '--early-cse', '--lower-expect', '--lower-expect', '--loweratomic', '--elim-avail-extern', '--elim-avail-extern', '--lower-expect', '--slsr']",78,-3.8430783902853154,0.0,-1.1379884155944209,0.0,1,-3.8430783902853154,-1.1379884155944209,0.5008908414855473,-68.52791878172589,12.248811962365586,11.76470588235294,34
956,"['--ipsccp', '--speculative-execution', '--sccp', '--early-cse', '--mem2reg', '--jump-threading', '--globalopt', '--elim-avail-extern', '--instcombine', '--adce', '--jump-threading', '--gvn', '--simplifycfg', '--instsimplify', '--inline', '--gvn-hoist', '--mergefunc', '--gvn-hoist', '--instcombine', '--globalopt', '--elim-avail-extern', '--indvars', '--gvn', '--gvn', '--ipsccp', '--gvn', '--nary-reassociate', '--loop-instsimplify', '--early-cse', '--mem2reg', '--jump-threading', '--globalopt', '--elim-avail-extern', '--instcombine', '--simplifycfg', '--sroa', '--mem2reg', '--gvn-hoist', '--sccp', '--early-cse', '--lower-constant-intrinsics', '--adce', '--gvn-hoist', '--adce', '--loop-simplify', '--dse', '--loop-sink', '--simplifycfg', '--lower-expect', '--simplifycfg', '--gvn-hoist', '--instcombine', '--globalopt', '--aggressive-instcombine', '--gvn', '--gvn', '--ipsccp', '--gvn', '--lower-constant-intrinsics', '--loop-instsimplify', '--early-cse', '--mem2reg', '--jump-threading', '--globalopt', '--slp-vectorizer', '--instcombine', '--simplifycfg', '--sroa', '--lower-constant-intrinsics', '--early-cse', '--lower-expect', '--lower-expect', '--loweratomic', '--elim-avail-extern', '--elim-avail-extern', '--lower-expect', '--slsr']",77,-3.8430783902853154,0.0,-1.1379884155944209,0.0,1,-3.8430783902853154,-1.1379884155944209,0.5008908414855473,-68.52791878172589,12.248811962365586,11.76470588235294,34
1124,"['--ipsccp', '--speculative-execution', '--sccp', '--early-cse', '--mem2reg', '--jump-threading', '--globalopt', '--elim-avail-extern', '--instcombine', '--adce', '--jump-threading', '--gvn', '--simplifycfg', '--instsimplify', '--inline', '--gvn-hoist', '--mergefunc', '--gvn-hoist', '--instcombine', '--globalopt', '--elim-avail-extern', '--indvars', '--gvn', '--gvn', '--ipsccp', '--gvn', '--nary-reassociate', '--loop-instsimplify', '--early-cse', '--mem2reg', '--jump-threading', '--globalopt', '--elim-avail-extern', '--instcombine', '--simplifycfg', '--sroa', '--mem2reg', '--gvn-hoist', '--dse', '--early-cse', '--lower-constant-intrinsics', '--adce', '--gvn-hoist', '--adce', '--loop-simplify', '--sccp', '--loop-sink', '--simplifycfg', '--lower-expect', '--simplifycfg', '--gvn-hoist', '--instcombine', '--globalopt', '--aggressive-instcombine', '--gvn', '--gvn', '--ipsccp', '--gvn', '--lower-constant-intrinsics', '--loop-instsimplify', '--early-cse', '--mem2reg', '--early-cse-memssa', '--jump-threading', '--globalopt', '--slp-vectorizer', '--instcombine', '--ipsccp', '--simplifycfg', '--sroa', '--lower-constant-intrinsics', '--early-cse', '--lower-expect', '--lower-expect', '--elim-avail-extern', '--elim-avail-extern', '--slsr']",77,-3.8430783902853154,0.0,-1.1379884155944209,0.0,1,-3.8430783902853154,-1.1379884155944209,0.5008908414855473,-68.52791878172589,12.248811962365586,11.76470588235294,34
1125,"['--ipsccp', '--speculative-execution', '--sccp', '--early-cse', '--mem2reg', '--jump-threading', '--globalopt', '--elim-avail-extern', '--instcombine', '--adce', '--jump-threading', '--gvn', '--simplifycfg', '--instsimplify', '--inline', '--gvn-hoist', '--mergefunc', '--gvn-hoist', '--instcombine', '--globalopt', '--elim-avail-extern', '--indvars', '--gvn', '--gvn', '--ipsccp', '--nary-reassociate', '--lower-constant-intrinsics', '--loop-instsimplify', '--strip', '--adce', '--jump-threading', '--globalopt', '--instcombine', '--simplifycfg', '--sroa', '--mem2reg', '--gvn-hoist', '--sccp', '--early-cse', '--lower-constant-intrinsics', '--adce', '--gvn-hoist', '--adce', '--lower-constant-intrinsics', '--dse', '--dse', '--loop-sink', '--newgvn', '--simplifycfg', '--lower-expect', '--simplifycfg', '--gvn-hoist', '--instcombine', '--globalopt', '--aggressive-instcombine', '--gvn', '--gvn', '--ipsccp', '--gvn', '--lower-constant-intrinsics', '--loop-instsimplify', '--early-cse', '--mem2reg', '--jump-threading', '--globalopt', '--slp-vectorizer', '--instcombine', '--ipsccp', '--simplifycfg', '--sroa', '--lower-constant-intrinsics', '--early-cse', '--lower-expect', '--lower-expect', '--elim-avail-extern', '--elim-avail-extern', '--slsr']",77,-3.8430783902853154,0.0,-1.1379884155944209,0.0,1,-3.8430783902853154,-1.1379884155944209,0.5008908414855473,-68.52791878172589,12.248811962365586,11.76470588235294,34
1158,"['--ipsccp', '--speculative-execution', '--sccp', '--early-cse', '--mem2reg', '--jump-threading', '--globalopt', '--elim-avail-extern', '--instcombine', '--adce', '--jump-threading', '--gvn', '--simplifycfg', '--instsimplify', '--inline', '--gvn-hoist', '--mergefunc', '--gvn-hoist', '--instcombine', '--globalopt', '--elim-avail-extern', '--indvars', '--gvn', '--gvn', '--ipsccp', '--gvn', '--nary-reassociate', '--loop-instsimplify', '--early-cse', '--mem2reg', '--jump-threading', '--globalopt', '--instcombine', '--simplifycfg', '--sroa', '--gvn-hoist', '--sccp', '--sccp', '--early-cse', '--lower-constant-intrinsics', '--adce', '--gvn-hoist', '--adce', '--loop-simplify', '--dse', '--newgvn', '--simplifycfg', '--newgvn', '--lower-expect', '--simplifycfg', '--gvn-hoist', '--instcombine', '--globalopt', '--aggressive-instcombine', '--gvn', '--gvn', '--ipsccp', '--gvn', '--lower-constant-intrinsics', '--loop-instsimplify', '--early-cse', '--mem2reg', '--early-cse-memssa', '--jump-threading', '--globalopt', '--slp-vectorizer', '--instcombine', '--simplifycfg', '--sroa', '--lower-constant-intrinsics', '--early-cse', '--lower-expect', '--lower-expect', '--loweratomic', '--elim-avail-extern', '--elim-avail-extern', '--lower-expect', '--slsr']",78,-3.8430783902853154,0.0,-1.1379884155944209,0.0,1,-3.8430783902853154,-1.1379884155944209,0.5008908414855473,-68.52791878172589,12.248811962365586,11.76470588235294,34
1127,"['--ipsccp', '--speculative-execution', '--sccp', '--early-cse', '--mem2reg', '--jump-threading', '--globalopt', '--elim-avail-extern', '--instcombine', '--adce', '--jump-threading', '--gvn', '--simplifycfg', '--instsimplify', '--inline', '--gvn-hoist', '--mergefunc', '--gvn-hoist', '--instcombine', '--globalopt', '--elim-avail-extern', '--indvars', '--gvn', '--gvn', '--loop-simplify', '--gvn', '--nary-reassociate', '--loop-instsimplify', '--ipsccp', '--mem2reg', '--jump-threading', '--globalopt', '--elim-avail-extern', '--instcombine', '--simplifycfg', '--sroa', '--mem2reg', '--gvn-hoist', '--sccp', '--early-cse', '--lower-constant-intrinsics', '--adce', '--gvn-hoist', '--adce', '--early-cse', '--dse', '--loop-sink', '--simplifycfg', '--lower-expect', '--simplifycfg', '--gvn-hoist', '--instcombine', '--globalopt', '--aggressive-instcombine', '--gvn', '--gvn', '--ipsccp', '--gvn', '--lower-constant-intrinsics', '--loop-instsimplify', '--early-cse', '--mem2reg', '--early-cse-memssa', '--jump-threading', '--globalopt', '--slp-vectorizer', '--instcombine', '--simplifycfg', '--sroa', '--lower-constant-intrinsics', '--early-cse', '--lower-expect', '--lower-expect', '--loweratomic', '--elim-avail-extern', '--elim-avail-extern', '--lower-expect', '--slsr']",78,-3.8430783902853154,0.0,-1.1379884155944209,0.0,1,-3.8430783902853154,-1.1379884155944209,0.5008908414855473,-68.52791878172589,12.248811962365586,11.76470588235294,34
1105,"['--ipsccp', '--speculative-execution', '--sccp', '--early-cse', '--mem2reg', '--jump-threading', '--globalopt', '--elim-avail-extern', '--instcombine', '--adce', '--jump-threading', '--gvn', '--simplifycfg', '--instsimplify', '--inline', '--gvn-hoist', '--mergefunc', '--gvn-hoist', '--instcombine', '--globalopt', '--elim-avail-extern', '--indvars', '--gvn', '--gvn', '--ipsccp', '--gvn', '--nary-reassociate', '--loop-instsimplify', '--early-cse', '--mem2reg', '--jump-threading', '--globalopt', '--elim-avail-extern', '--instcombine', '--simplifycfg', '--sroa', '--mem2reg', '--gvn-hoist', '--sccp', '--early-cse', '--lower-constant-intrinsics', '--adce', '--gvn-hoist', '--adce', '--dse', '--loop-sink', '--simplifycfg', '--lower-expect', '--simplifycfg', '--gvn-hoist', '--instcombine', '--globalopt', '--aggressive-instcombine', '--gvn', '--gvn', '--ipsccp', '--gvn', '--lower-constant-intrinsics', '--loop-instsimplify', '--early-cse', '--mem2reg', '--jump-threading', '--globalopt', '--slp-vectorizer', '--instcombine', '--simplifycfg', '--sroa', '--lower-constant-intrinsics', '--early-cse', '--lower-expect', '--lower-expect', '--loweratomic', '--elim-avail-extern', '--elim-avail-extern', '--lower-expect', '--slsr']",76,-3.8430783902853154,0.0,-1.1379884155944209,0.0,1,-3.8430783902853154,-1.1379884155944209,0.5008908414855473,-68.52791878172589,12.248811962365586,11.76470588235294,34
1131,"['--ipsccp', '--speculative-execution', '--sccp', '--early-cse', '--mem2reg', '--jump-threading', '--elim-avail-extern', '--instcombine', '--adce', '--jump-threading', '--gvn', '--simplifycfg', '--instsimplify', '--inline', '--gvn-hoist', '--mergefunc', '--gvn-hoist', '--instcombine', '--globalopt', '--elim-avail-extern', '--indvars', '--gvn', '--gvn', '--ipsccp', '--adce', '--nary-reassociate', '--loop-instsimplify', '--early-cse', '--mem2reg', '--jump-threading', '--globalopt', '--elim-avail-extern', '--instcombine', '--simplifycfg', '--sroa', '--mem2reg', '--gvn-hoist', '--sccp', '--early-cse', '--lower-constant-intrinsics', '--adce', '--gvn-hoist', '--gvn', '--loop-simplify', '--dse', '--loop-sink', '--simplifycfg', '--lower-expect', '--simplifycfg', '--gvn-hoist', '--instcombine', '--globalopt', '--aggressive-instcombine', '--gvn', '--gvn', '--ipsccp', '--gvn', '--lower-constant-intrinsics', '--loop-instsimplify', '--early-cse', '--mem2reg', '--jump-threading', '--globalopt', '--slp-vectorizer', '--instcombine', '--simplifycfg', '--sroa', '--lower-constant-intrinsics', '--early-cse', '--lower-expect', '--lower-expect', '--loweratomic', '--elim-avail-extern', '--elim-avail-extern', '--lower-expect', '--slsr']",76,-3.8430783902853154,0.0,-1.1379884155944209,0.0,1,-3.8430783902853154,-1.1379884155944209,0.5008908414855473,-68.52791878172589,12.248811962365586,11.76470588235294,34
1022,"['--ipsccp', '--speculative-execution', '--sccp', '--early-cse', '--mem2reg', '--jump-threading', '--globalopt', '--elim-avail-extern', '--instcombine', '--adce', '--jump-threading', '--gvn', '--simplifycfg', '--instsimplify', '--inline', '--gvn-hoist', '--mergefunc', '--gvn-hoist', '--instcombine', '--globalopt', '--elim-avail-extern', '--indvars', '--gvn', '--gvn', '--ipsccp', '--gvn', '--nary-reassociate', '--loop-instsimplify', '--early-cse', '--mem2reg', '--jump-threading', '--globalopt', '--elim-avail-extern', '--instcombine', '--simplifycfg', '--sroa', '--mem2reg', '--gvn-hoist', '--sccp', '--early-cse', '--lower-constant-intrinsics', '--adce', '--gvn-hoist', '--adce', '--loop-simplify', '--dse', '--loop-sink', '--simplifycfg', '--lower-expect', '--simplifycfg', '--gvn-hoist', '--instcombine', '--globalopt', '--aggressive-instcombine', '--gvn', '--gvn', '--ipsccp', '--gvn', '--lower-constant-intrinsics', '--loop-instsimplify', '--early-cse', '--mem2reg', '--early-cse-memssa', '--jump-threading', '--globalopt', '--slp-vectorizer', '--instcombine', '--simplifycfg', '--sroa', '--lower-constant-intrinsics', '--early-cse', '--lower-expect', '--lower-expect', '--loweratomic', '--elim-avail-extern', '--elim-avail-extern', '--lower-expect', '--slsr']",78,-3.8430783902853154,0.0,-1.1379884155944209,0.0,1,-3.8430783902853154,-1.1379884155944209,0.5008908414855473,-68.52791878172589,12.248811962365586,11.76470588235294,34
1133,"['--ipsccp', '--speculative-execution', '--sccp', '--early-cse', '--mem2reg', '--jump-threading', '--globalopt', '--elim-avail-extern', '--instcombine', '--mem2reg', '--jump-threading', '--gvn', '--simplifycfg', '--instsimplify', '--inline', '--loop-vectorize', '--mergefunc', '--gvn-hoist', '--instcombine', '--globalopt', '--elim-avail-extern', '--indvars', '--gvn', '--gvn', '--ipsccp', '--nary-reassociate', '--lower-constant-intrinsics', '--loop-instsimplify', '--strip', '--adce', '--jump-threading', '--globalopt', '--instcombine', '--simplifycfg', '--sroa', '--mem2reg', '--gvn-hoist', '--sccp', '--early-cse', '--lower-constant-intrinsics', '--adce', '--gvn-hoist', '--adce', '--lower-constant-intrinsics', '--dse', '--dse', '--loop-sink', '--newgvn', '--simplifycfg', '--lower-expect', '--simplifycfg', '--gvn-hoist', '--instcombine', '--globalopt', '--aggressive-instcombine', '--gvn', '--gvn', '--ipsccp', '--gvn', '--lower-constant-intrinsics', '--loop-instsimplify', '--early-cse', '--mem2reg', '--jump-threading', '--globalopt', '--slp-vectorizer', '--instcombine', '--ipsccp', '--simplifycfg', '--sroa', '--lower-constant-intrinsics', '--early-cse', '--lower-expect', '--lower-expect', '--elim-avail-extern', '--slsr']",76,-3.8430783902853154,0.0,-1.1379884155944209,0.0,1,-3.8430783902853154,-1.1379884155944209,0.5008908414855473,-68.52791878172589,12.248811962365586,11.76470588235294,34
1156,"['--ipsccp', '--speculative-execution', '--sccp', '--early-cse', '--mem2reg', '--jump-threading', '--globalopt', '--elim-avail-extern', '--instcombine', '--adce', '--jump-threading', '--gvn', '--simplifycfg', '--instsimplify', '--inline', '--gvn-hoist', '--mergefunc', '--gvn-hoist', '--instcombine', '--globalopt', '--elim-avail-extern', '--indvars', '--gvn', '--gvn', '--ipsccp', '--gvn', '--nary-reassociate', '--loop-instsimplify', '--early-cse', '--mem2reg', '--jump-threading', '--loop-guard-widening', '--globalopt', '--elim-avail-extern', '--instcombine', '--simplifycfg', '--sroa', '--mem2reg', '--gvn-hoist', '--sccp', '--early-cse', '--lower-constant-intrinsics', '--adce', '--gvn-hoist', '--adce', '--dse', '--loop-sink', '--simplifycfg', '--lower-expect', '--simplifycfg', '--gvn-hoist', '--instcombine', '--globalopt', '--aggressive-instcombine', '--gvn', '--gvn', '--ipsccp', '--gvn', '--lower-constant-intrinsics', '--loop-instsimplify', '--early-cse', '--mem2reg', '--jump-threading', '--globalopt', '--slp-vectorizer', '--instcombine', '--simplifycfg', '--sroa', '--lower-constant-intrinsics', '--early-cse', '--lower-expect', '--lower-expect', '--loweratomic', '--elim-avail-extern', '--elim-avail-extern', '--lower-expect', '--slsr']",77,-3.8430783902853154,0.0,-1.1379884155944209,0.0,1,-3.8430783902853154,-1.1379884155944209,0.5008908414855473,-68.52791878172589,12.248811962365586,11.76470588235294,34
1134,"['--ipsccp', '--speculative-execution', '--sccp', '--early-cse', '--mem2reg', '--jump-threading', '--globalopt', '--elim-avail-extern', '--instcombine', '--mem2reg', '--jump-threading', '--gvn', '--simplifycfg', '--instsimplify', '--inline', '--gvn-hoist', '--mergefunc', '--gvn-hoist', '--instcombine', '--globalopt', '--elim-avail-extern', '--indvars', '--gvn', '--gvn', '--loop-simplify', '--gvn', '--nary-reassociate', '--loop-instsimplify', '--early-cse', '--mem2reg', '--jump-threading', '--globalopt', '--elim-avail-extern', '--instcombine', '--simplifycfg', '--sroa', '--mem2reg', '--gvn-hoist', '--sccp', '--early-cse', '--lower-constant-intrinsics', '--adce', '--gvn-hoist', '--loop-instsimplify', '--ipsccp', '--dse', '--loop-sink', '--simplifycfg', '--lower-expect', '--simplifycfg', '--gvn-hoist', '--instcombine', '--globalopt', '--aggressive-instcombine', '--gvn', '--gvn', '--ipsccp', '--gvn', '--lower-constant-intrinsics', '--adce', '--early-cse', '--mem2reg', '--early-cse-memssa', '--jump-threading', '--globalopt', '--slp-vectorizer', '--instcombine', '--simplifycfg', '--sroa', '--lower-constant-intrinsics', '--early-cse', '--lower-expect', '--lower-expect', '--loweratomic', '--elim-avail-extern', '--elim-avail-extern', '--lower-expect', '--slsr']",78,-3.8430783902853154,0.0,-1.1379884155944209,0.0,1,-3.8430783902853154,-1.1379884155944209,0.5008908414855473,-68.52791878172589,12.248811962365586,11.76470588235294,34
1137,"['--ipsccp', '--speculative-execution', '--sccp', '--early-cse', '--mem2reg', '--jump-threading', '--globalopt', '--elim-avail-extern', '--instcombine', '--adce', '--jump-threading', '--gvn', '--simplifycfg', '--instsimplify', '--inline', '--gvn-hoist', '--mergefunc', '--gvn-hoist', '--instcombine', '--elim-avail-extern', '--indvars', '--gvn', '--gvn', '--ipsccp', '--gvn', '--nary-reassociate', '--loop-instsimplify', '--early-cse', '--mem2reg', '--jump-threading', '--globalopt', '--lower-expect', '--instcombine', '--simplifycfg', '--globaldce', '--sroa', '--mem2reg', '--gvn-hoist', '--sccp', '--early-cse', '--lower-constant-intrinsics', '--adce', '--gvn-hoist', '--adce', '--lower-constant-intrinsics', '--dse', '--newgvn', '--elim-avail-extern', '--simplifycfg', '--gvn-hoist', '--instcombine', '--globalopt', '--instcombine', '--globalopt', '--aggressive-instcombine', '--gvn', '--gvn', '--ipsccp', '--gvn', '--lower-constant-intrinsics', '--loop-instsimplify', '--early-cse', '--mem2reg', '--early-cse-memssa', '--jump-threading', '--globalopt', '--slp-vectorizer', '--instcombine', '--simplifycfg', '--sroa', '--lower-constant-intrinsics', '--early-cse', '--lower-expect', '--lower-expect', '--loweratomic', '--elim-avail-extern', '--elim-avail-extern', '--lower-expect', '--slsr']",79,-3.8430783902853154,0.0,-1.1379884155944209,0.0,1,-3.8430783902853154,-1.1379884155944209,0.5008908414855473,-68.52791878172589,12.248811962365586,11.76470588235294,34
1103,"['--ipsccp', '--speculative-execution', '--sccp', '--early-cse', '--mem2reg', '--jump-threading', '--globalopt', '--elim-avail-extern', '--instcombine', '--adce', '--jump-threading', '--gvn', '--simplifycfg', '--instsimplify', '--inline', '--gvn-hoist', '--mergefunc', '--gvn-hoist', '--instcombine', '--globalopt', '--elim-avail-extern', '--indvars', '--gvn', '--gvn', '--loop-simplify', '--gvn', '--nary-reassociate', '--loop-instsimplify', '--early-cse', '--mem2reg', '--jump-threading', '--globalopt', '--elim-avail-extern', '--instcombine', '--simplifycfg', '--sroa', '--mem2reg', '--gvn-hoist', '--sccp', '--early-cse', '--lower-constant-intrinsics', '--adce', '--gvn-hoist', '--adce', '--ipsccp', '--dse', '--loop-sink', '--simplifycfg', '--lower-expect', '--simplifycfg', '--gvn-hoist', '--instcombine', '--globalopt', '--aggressive-instcombine', '--gvn', '--gvn', '--ipsccp', '--gvn', '--lower-constant-intrinsics', '--loop-instsimplify', '--early-cse', '--mem2reg', '--early-cse-memssa', '--jump-threading', '--globalopt', '--slp-vectorizer', '--instcombine', '--simplifycfg', '--sroa', '--lower-constant-intrinsics', '--early-cse', '--lower-expect', '--lower-expect', '--loweratomic', '--elim-avail-extern', '--elim-avail-extern', '--lower-expect', '--slsr']",78,-3.8430783902853154,0.0,-1.1379884155944209,0.0,1,-3.8430783902853154,-1.1379884155944209,0.5008908414855473,-68.52791878172589,12.248811962365586,11.76470588235294,34
1149,"['--ipsccp', '--speculative-execution', '--sccp', '--early-cse', '--mem2reg', '--jump-threading', '--globalopt', '--elim-avail-extern', '--instcombine', '--mem2reg', '--jump-threading', '--gvn', '--simplifycfg', '--instsimplify', '--inline', '--gvn-hoist', '--mergefunc', '--gvn-hoist', '--instcombine', '--globalopt', '--elim-avail-extern', '--indvars', '--gvn', '--gvn', '--ipsccp', '--gvn', '--nary-reassociate', '--loop-instsimplify', '--early-cse', '--mem2reg', '--jump-threading', '--globalopt', '--elim-avail-extern', '--instcombine', '--simplifycfg', '--sroa', '--mem2reg', '--gvn-hoist', '--sccp', '--early-cse', '--lower-constant-intrinsics', '--adce', '--gvn-hoist', '--adce', '--dse', '--loop-sink', '--simplifycfg', '--lower-expect', '--simplifycfg', '--gvn-hoist', '--instcombine', '--globalopt', '--aggressive-instcombine', '--gvn', '--gvn', '--ipsccp', '--gvn', '--lower-constant-intrinsics', '--loop-instsimplify', '--early-cse', '--mem2reg', '--jump-threading', '--globalopt', '--slp-vectorizer', '--instcombine', '--simplifycfg', '--sroa', '--lower-constant-intrinsics', '--early-cse', '--lower-expect', '--lower-expect', '--loweratomic', '--elim-avail-extern', '--elim-avail-extern', '--lower-expect', '--slsr']",76,-3.8430783902853154,0.0,-1.1379884155944209,0.0,1,-3.8430783902853154,-1.1379884155944209,0.5008908414855473,-68.52791878172589,12.248811962365586,11.76470588235294,34
1146,"['--ipsccp', '--speculative-execution', '--sccp', '--early-cse', '--mem2reg', '--jump-threading', '--globalopt', '--elim-avail-extern', '--instcombine', '--mem2reg', '--jump-threading', '--gvn', '--simplifycfg', '--instsimplify', '--inline', '--gvn-hoist', '--mergefunc', '--gvn-hoist', '--instcombine', '--globalopt', '--elim-avail-extern', '--indvars', '--gvn', '--gvn', '--ipsccp', '--nary-reassociate', '--lower-constant-intrinsics', '--loop-instsimplify', '--strip', '--adce', '--jump-threading', '--globalopt', '--instcombine', '--simplifycfg', '--sroa', '--mem2reg', '--gvn-hoist', '--sccp', '--early-cse', '--lower-constant-intrinsics', '--adce', '--gvn-hoist', '--adce', '--lower-constant-intrinsics', '--dse', '--dse', '--loop-sink', '--newgvn', '--simplifycfg', '--lower-expect', '--simplifycfg', '--gvn-hoist', '--instcombine', '--globalopt', '--aggressive-instcombine', '--gvn', '--gvn', '--ipsccp', '--gvn', '--loop-instsimplify', '--early-cse', '--mem2reg', '--jump-threading', '--globalopt', '--slp-vectorizer', '--instcombine', '--ipsccp', '--simplifycfg', '--sroa', '--lower-constant-intrinsics', '--early-cse', '--lower-expect', '--lower-expect', '--elim-avail-extern', '--elim-avail-extern', '--slsr']",76,-3.8430783902853154,0.0,-1.1379884155944209,0.0,1,-3.8430783902853154,-1.1379884155944209,0.5008908414855473,-68.52791878172589,12.248811962365586,11.76470588235294,34
1173,"['--ipsccp', '--speculative-execution', '--sccp', '--early-cse', '--mem2reg', '--jump-threading', '--globalopt', '--elim-avail-extern', '--instcombine', '--adce', '--jump-threading', '--gvn', '--simplifycfg', '--instsimplify', '--inline', '--gvn-hoist', '--mergefunc', '--gvn-hoist', '--instcombine', '--globalopt', '--elim-avail-extern', '--indvars', '--gvn', '--gvn', '--ipsccp', '--gvn', '--nary-reassociate', '--loop-instsimplify', '--early-cse', '--mem2reg', '--jump-threading', '--globalopt', '--elim-avail-extern', '--instcombine', '--simplifycfg', '--sroa', '--mem2reg', '--gvn-hoist', '--sccp', '--early-cse', '--lower-constant-intrinsics', '--adce', '--gvn-hoist', '--adce', '--loop-simplify', '--dse', '--loop-sink', '--lower-expect', '--simplifycfg', '--gvn-hoist', '--instcombine', '--globalopt', '--aggressive-instcombine', '--gvn', '--gvn', '--ipsccp', '--gvn', '--lower-constant-intrinsics', '--loop-instsimplify', '--early-cse', '--mem2reg', '--jump-threading', '--globalopt', '--slp-vectorizer', '--instcombine', '--simplifycfg', '--sroa', '--lower-constant-intrinsics', '--early-cse', '--lower-expect', '--lower-expect', '--loweratomic', '--elim-avail-extern', '--elim-avail-extern', '--elim-avail-extern', '--lower-expect', '--slsr']",77,-3.8430783902853154,0.0,-1.1379884155944209,0.0,1,-3.8430783902853154,-1.1379884155944209,0.5008908414855473,-68.52791878172589,12.248811962365586,11.76470588235294,34
1113,"['--ipsccp', '--speculative-execution', '--sccp', '--early-cse', '--mem2reg', '--jump-threading', '--globalopt', '--elim-avail-extern', '--instcombine', '--adce', '--jump-threading', '--gvn', '--simplifycfg', '--instsimplify', '--inline', '--gvn-hoist', '--mergefunc', '--gvn-hoist', '--instcombine', '--globalopt', '--elim-avail-extern', '--indvars', '--gvn', '--gvn', '--ipsccp', '--gvn', '--nary-reassociate', '--loop-instsimplify', '--early-cse', '--mem2reg', '--jump-threading', '--globalopt', '--elim-avail-extern', '--instcombine', '--simplifycfg', '--sroa', '--mem2reg', '--gvn-hoist', '--sccp', '--early-cse', '--lower-constant-intrinsics', '--adce', '--gvn-hoist', '--adce', '--dse', '--loop-sink', '--simplifycfg', '--lower-expect', '--simplifycfg', '--instcombine', '--globalopt', '--aggressive-instcombine', '--gvn', '--gvn', '--ipsccp', '--gvn', '--lower-constant-intrinsics', '--loop-instsimplify', '--early-cse', '--mem2reg', '--jump-threading', '--globalopt', '--slp-vectorizer', '--instcombine', '--simplifycfg', '--sroa', '--lower-constant-intrinsics', '--early-cse', '--lower-expect', '--lower-expect', '--loweratomic', '--elim-avail-extern', '--elim-avail-extern', '--lower-expect', '--slsr']",75,-3.8430783902853154,0.0,-1.1379884155944209,0.0,1,-3.8430783902853154,-1.1379884155944209,0.5008908414855473,-68.52791878172589,12.248811962365586,11.76470588235294,34
1213,"['--ipsccp', '--speculative-execution', '--sccp', '--early-cse', '--mem2reg', '--jump-threading', '--globalopt', '--elim-avail-extern', '--instcombine', '--adce', '--jump-threading', '--gvn', '--simplifycfg', '--instsimplify', '--inline', '--gvn-hoist', '--mergefunc', '--gvn-hoist', '--instcombine', '--globalopt', '--elim-avail-extern', '--indvars', '--gvn', '--correlated-propagation', '--gvn', '--ipsccp', '--nary-reassociate', '--lower-constant-intrinsics', '--loop-instsimplify', '--strip', '--adce', '--jump-threading', '--globalopt', '--instcombine', '--simplifycfg', '--sroa', '--mem2reg', '--gvn-hoist', '--sccp', '--early-cse', '--lower-constant-intrinsics', '--adce', '--gvn-hoist', '--adce', '--lower-constant-intrinsics', '--dse', '--dse', '--loop-sink', '--newgvn', '--simplifycfg', '--lower-expect', '--simplifycfg', '--gvn-hoist', '--instcombine', '--globalopt', '--aggressive-instcombine', '--gvn', '--gvn', '--ipsccp', '--gvn', '--lower-constant-intrinsics', '--loop-instsimplify', '--early-cse', '--mem2reg', '--jump-threading', '--globalopt', '--slp-vectorizer', '--instcombine', '--ipsccp', '--simplifycfg', '--sroa', '--lower-constant-intrinsics', '--early-cse', '--lower-expect', '--lower-expect', '--elim-avail-extern', '--elim-avail-extern', '--slsr']",78,-3.8430783902853154,0.0,-1.1379884155944209,0.0,1,-3.8430783902853154,-1.1379884155944209,0.5008908414855473,-68.52791878172589,12.248811962365586,11.76470588235294,34
1174,"['--ipsccp', '--speculative-execution', '--sccp', '--early-cse', '--mem2reg', '--jump-threading', '--globalopt', '--elim-avail-extern', '--instcombine', '--adce', '--jump-threading', '--gvn', '--simplifycfg', '--instsimplify', '--inline', '--gvn-hoist', '--mergefunc', '--gvn-hoist', '--instcombine', '--globalopt', '--elim-avail-extern', '--indvars', '--gvn', '--gvn', '--ipsccp', '--nary-reassociate', '--lower-constant-intrinsics', '--loop-instsimplify', '--strip', '--adce', '--jump-threading', '--globalopt', '--instcombine', '--simplifycfg', '--sroa', '--mem2reg', '--gvn-hoist', '--sccp', '--early-cse', '--lower-constant-intrinsics', '--adce', '--gvn-hoist', '--adce', '--lower-constant-intrinsics', '--dse', '--dse', '--loop-sink', '--newgvn', '--simplifycfg', '--lower-expect', '--simplifycfg', '--gvn-hoist', '--instcombine', '--globalopt', '--aggressive-instcombine', '--gvn', '--gvn', '--ipsccp', '--gvn', '--lower-constant-intrinsics', '--loop-instsimplify', '--early-cse', '--mem2reg', '--jump-threading', '--globalopt', '--slp-vectorizer', '--instcombine', '--ipsccp', '--simplifycfg', '--sroa', '--lower-constant-intrinsics', '--early-cse', '--lower-expect', '--lower-expect', '--elim-avail-extern', '--slsr']",76,-3.8430783902853154,0.0,-1.1379884155944209,0.0,1,-3.8430783902853154,-1.1379884155944209,0.5008908414855473,-68.52791878172589,12.248811962365586,11.76470588235294,34
1195,"['--ipsccp', '--speculative-execution', '--sccp', '--early-cse', '--mem2reg', '--jump-threading', '--globalopt', '--elim-avail-extern', '--instcombine', '--mem2reg', '--jump-threading', '--gvn', '--simplifycfg', '--instsimplify', '--inline', '--loop-vectorize', '--mergefunc', '--gvn-hoist', '--instcombine', '--globalopt', '--elim-avail-extern', '--indvars', '--gvn', '--gvn', '--ipsccp', '--nary-reassociate', '--lower-constant-intrinsics', '--loop-instsimplify', '--strip', '--adce', '--jump-threading', '--globalopt', '--instcombine', '--simplifycfg', '--sroa', '--simplifycfg', '--sroa', '--mem2reg', '--gvn-hoist', '--sccp', '--early-cse', '--lower-constant-intrinsics', '--adce', '--gvn-hoist', '--adce', '--loop-simplify', '--dse', '--loop-sink', '--simplifycfg', '--lower-expect', '--simplifycfg', '--gvn-hoist', '--instcombine', '--globalopt', '--aggressive-instcombine', '--gvn', '--ipsccp', '--gvn', '--lower-constant-intrinsics', '--loop-instsimplify', '--early-cse', '--mem2reg', '--jump-threading', '--globalopt', '--slp-vectorizer', '--instcombine', '--simplifycfg', '--sroa', '--lower-constant-intrinsics', '--early-cse', '--lower-expect', '--lower-expect', '--loweratomic', '--elim-avail-extern', '--elim-avail-extern', '--lower-expect', '--slsr']",77,-3.8430783902853154,0.0,-1.1379884155944209,0.0,1,-3.8430783902853154,-1.1379884155944209,0.5008908414855473,-68.52791878172589,12.248811962365586,11.76470588235294,34
1081,"['--ipsccp', '--speculative-execution', '--sccp', '--early-cse', '--mem2reg', '--jump-threading', '--globalopt', '--elim-avail-extern', '--instcombine', '--mem2reg', '--jump-threading', '--gvn', '--simplifycfg', '--instsimplify', '--inline', '--gvn-hoist', '--mergefunc', '--gvn-hoist', '--instcombine', '--globalopt', '--elim-avail-extern', '--indvars', '--gvn', '--gvn', '--ipsccp', '--nary-reassociate', '--lower-constant-intrinsics', '--loop-instsimplify', '--strip', '--adce', '--jump-threading', '--globalopt', '--instcombine', '--simplifycfg', '--sroa', '--mem2reg', '--gvn-hoist', '--sccp', '--early-cse', '--lower-constant-intrinsics', '--adce', '--gvn-hoist', '--adce', '--lower-constant-intrinsics', '--dse', '--dse', '--loop-sink', '--newgvn', '--simplifycfg', '--lower-expect', '--simplifycfg', '--gvn-hoist', '--instcombine', '--globalopt', '--aggressive-instcombine', '--gvn', '--gvn', '--ipsccp', '--gvn', '--lower-constant-intrinsics', '--loop-instsimplify', '--early-cse', '--mem2reg', '--jump-threading', '--globalopt', '--slp-vectorizer', '--instcombine', '--ipsccp', '--simplifycfg', '--sroa', '--lower-constant-intrinsics', '--early-cse', '--lower-expect', '--lower-expect', '--elim-avail-extern', '--elim-avail-extern', '--slsr']",77,-3.8430783902853154,0.0,-1.1379884155944209,0.0,1,-3.8430783902853154,-1.1379884155944209,0.5008908414855473,-68.52791878172589,12.248811962365586,11.76470588235294,34
1189,"['--ipsccp', '--speculative-execution', '--sccp', '--early-cse', '--mem2reg', '--jump-threading', '--globalopt', '--elim-avail-extern', '--instcombine', '--mem2reg', '--jump-threading', '--gvn', '--simplifycfg', '--instsimplify', '--inline', '--loop-vectorize', '--mergefunc', '--gvn-hoist', '--instcombine', '--globalopt', '--elim-avail-extern', '--indvars', '--gvn', '--gvn', '--ipsccp', '--gvn', '--nary-reassociate', '--loop-instsimplify', '--early-cse', '--mem2reg', '--jump-threading', '--globalopt', '--elim-avail-extern', '--instcombine', '--simplifycfg', '--sroa', '--mem2reg', '--gvn-hoist', '--sccp', '--early-cse', '--lower-constant-intrinsics', '--adce', '--gvn-hoist', '--adce', '--loop-simplify', '--dse', '--loop-sink', '--simplifycfg', '--lower-expect', '--simplifycfg', '--gvn-hoist', '--instcombine', '--globalopt', '--aggressive-instcombine', '--gvn', '--gvn', '--ipsccp', '--gvn', '--lower-constant-intrinsics', '--loop-instsimplify', '--early-cse', '--mem2reg', '--early-cse-memssa', '--jump-threading', '--globalopt', '--slp-vectorizer', '--instcombine', '--simplifycfg', '--sroa', '--lower-constant-intrinsics', '--early-cse', '--lower-expect', '--lower-expect', '--loweratomic', '--elim-avail-extern', '--elim-avail-extern', '--lower-expect', '--slsr']",78,-3.8430783902853154,0.0,-1.1379884155944209,0.0,1,-3.8430783902853154,-1.1379884155944209,0.5008908414855473,-68.52791878172589,12.248811962365586,11.76470588235294,34
1191,"['--ipsccp', '--speculative-execution', '--sccp', '--early-cse', '--mem2reg', '--jump-threading', '--globalopt', '--elim-avail-extern', '--instcombine', '--adce', '--jump-threading', '--gvn', '--simplifycfg', '--instsimplify', '--inline', '--gvn-hoist', '--mergefunc', '--gvn-hoist', '--instcombine', '--globalopt', '--elim-avail-extern', '--indvars', '--gvn', '--gvn', '--loop-instsimplify', '--ipsccp', '--gvn', '--nary-reassociate', '--loop-instsimplify', '--early-cse', '--mem2reg', '--jump-threading', '--globalopt', '--instcombine', '--simplifycfg', '--sroa', '--gvn-hoist', '--sccp', '--sccp', '--early-cse', '--lower-constant-intrinsics', '--adce', '--gvn-hoist', '--adce', '--loop-simplify', '--dse', '--newgvn', '--simplifycfg', '--newgvn', '--lower-expect', '--simplifycfg', '--gvn-hoist', '--instcombine', '--globalopt', '--aggressive-instcombine', '--gvn', '--gvn', '--ipsccp', '--gvn', '--lower-constant-intrinsics', '--loop-instsimplify', '--early-cse', '--mem2reg', '--early-cse-memssa', '--jump-threading', '--globalopt', '--slp-vectorizer', '--instcombine', '--simplifycfg', '--sroa', '--lower-constant-intrinsics', '--early-cse', '--lower-expect', '--lower-expect', '--loweratomic', '--elim-avail-extern', '--elim-avail-extern', '--lower-expect', '--slsr']",79,-3.8430783902853154,0.0,-1.1379884155944209,0.0,1,-3.8430783902853154,-1.1379884155944209,0.5008908414855473,-68.52791878172589,12.248811962365586,11.76470588235294,34
1192,"['--ipsccp', '--speculative-execution', '--sccp', '--early-cse', '--mem2reg', '--jump-threading', '--globalopt', '--elim-avail-extern', '--instcombine', '--adce', '--jump-threading', '--gvn', '--simplifycfg', '--instsimplify', '--inline', '--gvn-hoist', '--mergefunc', '--gvn-hoist', '--instcombine', '--globalopt', '--elim-avail-extern', '--indvars', '--gvn', '--ipsccp', '--gvn', '--nary-reassociate', '--loop-instsimplify', '--early-cse', '--mem2reg', '--jump-threading', '--globalopt', '--instcombine', '--simplifycfg', '--sroa', '--gvn-hoist', '--sccp', '--sccp', '--early-cse', '--lower-constant-intrinsics', '--adce', '--gvn-hoist', '--adce', '--loop-simplify', '--dse', '--newgvn', '--simplifycfg', '--newgvn', '--lower-expect', '--simplifycfg', '--gvn-hoist', '--instcombine', '--globalopt', '--aggressive-instcombine', '--gvn', '--gvn', '--ipsccp', '--gvn', '--lower-constant-intrinsics', '--loop-instsimplify', '--early-cse', '--mem2reg', '--early-cse-memssa', '--jump-threading', '--globalopt', '--slp-vectorizer', '--instcombine', '--simplifycfg', '--sroa', '--lower-constant-intrinsics', '--early-cse', '--lower-expect', '--lower-expect', '--loweratomic', '--elim-avail-extern', '--elim-avail-extern', '--lower-expect', '--slsr']",77,-3.8430783902853154,0.0,-1.1379884155944209,0.0,1,-3.8430783902853154,-1.1379884155944209,0.5008908414855473,-68.52791878172589,12.248811962365586,11.76470588235294,34
1245,"['--ipsccp', '--speculative-execution', '--sccp', '--early-cse', '--mem2reg', '--jump-threading', '--globalopt', '--elim-avail-extern', '--instcombine', '--mem2reg', '--jump-threading', '--gvn', '--simplifycfg', '--instsimplify', '--inline', '--loop-vectorize', '--mergefunc', '--gvn-hoist', '--instcombine', '--globalopt', '--elim-avail-extern', '--indvars', '--gvn', '--gvn', '--ipsccp', '--gvn', '--nary-reassociate', '--loop-instsimplify', '--early-cse', '--mem2reg', '--jump-threading', '--globalopt', '--elim-avail-extern', '--instcombine', '--simplifycfg', '--sroa', '--mem2reg', '--gvn-hoist', '--early-cse', '--lower-constant-intrinsics', '--adce', '--gvn-hoist', '--adce', '--loop-simplify', '--dse', '--newgvn', '--simplifycfg', '--newgvn', '--lower-expect', '--simplifycfg', '--gvn-hoist', '--instcombine', '--globalopt', '--aggressive-instcombine', '--gvn', '--gvn', '--ipsccp', '--gvn', '--lower-constant-intrinsics', '--loop-instsimplify', '--early-cse', '--mem2reg', '--early-cse-memssa', '--jump-threading', '--globalopt', '--slp-vectorizer', '--instcombine', '--simplifycfg', '--sroa', '--lower-constant-intrinsics', '--early-cse', '--lower-expect', '--lower-expect', '--loweratomic', '--elim-avail-extern', '--elim-avail-extern', '--lower-expect', '--slsr']",78,-3.8430783902853154,0.0,-1.1379884155944209,0.0,1,-3.8430783902853154,-1.1379884155944209,0.5008908414855473,-68.52791878172589,12.248811962365586,11.76470588235294,34
1194,"['--ipsccp', '--speculative-execution', '--sccp', '--early-cse', '--mem2reg', '--jump-threading', '--globalopt', '--elim-avail-extern', '--instcombine', '--adce', '--jump-threading', '--gvn', '--simplifycfg', '--instsimplify', '--inline', '--gvn-hoist', '--mergefunc', '--gvn-hoist', '--instcombine', '--globalopt', '--elim-avail-extern', '--indvars', '--gvn', '--gvn', '--ipsccp', '--nary-reassociate', '--lower-constant-intrinsics', '--loop-instsimplify', '--strip', '--adce', '--jump-threading', '--globalopt', '--instcombine', '--sroa', '--mem2reg', '--gvn-hoist', '--sccp', '--early-cse', '--lower-constant-intrinsics', '--adce', '--gvn-hoist', '--adce', '--lower-constant-intrinsics', '--dse', '--dse', '--loop-sink', '--newgvn', '--simplifycfg', '--lower-expect', '--simplifycfg', '--gvn-hoist', '--instcombine', '--globalopt', '--aggressive-instcombine', '--gvn', '--gvn', '--ipsccp', '--gvn', '--lower-constant-intrinsics', '--loop-instsimplify', '--early-cse', '--mem2reg', '--jump-threading', '--globalopt', '--slp-vectorizer', '--instcombine', '--ipsccp', '--simplifycfg', '--sroa', '--lower-constant-intrinsics', '--early-cse', '--lower-expect', '--lower-expect', '--elim-avail-extern', '--elim-avail-extern', '--lower-expect', '--slsr']",77,-3.8430783902853154,0.0,-1.1379884155944209,0.0,1,-3.8430783902853154,-1.1379884155944209,0.5008908414855473,-68.52791878172589,12.248811962365586,11.76470588235294,34
1078,"['--ipsccp', '--speculative-execution', '--sccp', '--early-cse', '--mem2reg', '--jump-threading', '--globalopt', '--elim-avail-extern', '--instcombine', '--adce', '--jump-threading', '--gvn', '--simplifycfg', '--instsimplify', '--inline', '--gvn-hoist', '--mergefunc', '--gvn-hoist', '--instcombine', '--globalopt', '--elim-avail-extern', '--indvars', '--gvn', '--gvn', '--ipsccp', '--gvn', '--nary-reassociate', '--loop-instsimplify', '--early-cse', '--mem2reg', '--jump-threading', '--globalopt', '--elim-avail-extern', '--instcombine', '--simplifycfg', '--sroa', '--mem2reg', '--gvn-hoist', '--sccp', '--early-cse', '--lower-constant-intrinsics', '--adce', '--gvn-hoist', '--instsimplify', '--loop-simplify', '--dse', '--newgvn', '--simplifycfg', '--instcombine', '--globalopt', '--elim-avail-extern', '--gvn', '--gvn', '--ipsccp', '--gvn', '--nary-reassociate', '--lower-constant-intrinsics', '--early-cse', '--mem2reg', '--jump-threading', '--globalopt', '--slp-vectorizer', '--instcombine', '--slsr', '--simplifycfg', '--sroa', '--lower-expect', '--sroa', '--sroa', '--lower-expect', '--globalopt', '--elim-avail-extern', '--aggressive-instcombine']",73,-3.8430783902853154,0.0,-1.1379884155944209,0.0,1,-3.8430783902853154,-1.1379884155944209,0.5008908414855473,-68.52791878172589,12.248811962365586,11.76470588235294,34
1196,"['--ipsccp', '--speculative-execution', '--sccp', '--early-cse', '--mem2reg', '--jump-threading', '--globalopt', '--elim-avail-extern', '--instcombine', '--adce', '--jump-threading', '--gvn', '--simplifycfg', '--instsimplify', '--inline', '--gvn-hoist', '--mergefunc', '--gvn-hoist', '--instcombine', '--globalopt', '--elim-avail-extern', '--indvars', '--gvn', '--gvn', '--ipsccp', '--gvn', '--nary-reassociate', '--loop-instsimplify', '--early-cse', '--mem2reg', '--jump-threading', '--loop-guard-widening', '--globalopt', '--elim-avail-extern', '--instcombine', '--simplifycfg', '--sroa', '--mem2reg', '--gvn-hoist', '--sccp', '--early-cse', '--lower-constant-intrinsics', '--adce', '--gvn-hoist', '--adce', '--dse', '--loop-sink', '--simplifycfg', '--lower-expect', '--simplifycfg', '--gvn-hoist', '--instcombine', '--globalopt', '--aggressive-instcombine', '--gvn', '--gvn', '--ipsccp', '--gvn', '--lower-constant-intrinsics', '--early-cse', '--mem2reg', '--jump-threading', '--globalopt', '--slp-vectorizer', '--instcombine', '--simplifycfg', '--sroa', '--lower-constant-intrinsics', '--early-cse', '--lower-expect', '--lower-expect', '--loweratomic', '--elim-avail-extern', '--elim-avail-extern', '--lower-expect', '--slsr']",76,-3.8430783902853154,0.0,-1.1379884155944209,0.0,1,-3.8430783902853154,-1.1379884155944209,0.5008908414855473,-68.52791878172589,12.248811962365586,11.76470588235294,34
1186,"['--ipsccp', '--speculative-execution', '--sccp', '--early-cse', '--mem2reg', '--jump-threading', '--globalopt', '--elim-avail-extern', '--instcombine', '--adce', '--jump-threading', '--gvn', '--simplifycfg', '--instsimplify', '--inline', '--gvn-hoist', '--mergefunc', '--gvn-hoist', '--instcombine', '--globalopt', '--elim-avail-extern', '--sroa', '--indvars', '--gvn', '--gvn', '--ipsccp', '--gvn', '--nary-reassociate', '--loop-instsimplify', '--early-cse', '--mem2reg', '--jump-threading', '--globalopt', '--instcombine', '--simplifycfg', '--sroa', '--gvn-hoist', '--sccp', '--sccp', '--early-cse', '--lower-constant-intrinsics', '--adce', '--gvn-hoist', '--adce', '--loop-simplify', '--dse', '--newgvn', '--simplifycfg', '--newgvn', '--lower-expect', '--simplifycfg', '--gvn-hoist', '--instcombine', '--globalopt', '--aggressive-instcombine', '--gvn', '--gvn', '--ipsccp', '--gvn', '--lower-constant-intrinsics', '--loop-instsimplify', '--early-cse', '--mem2reg', '--early-cse-memssa', '--jump-threading', '--globalopt', '--slp-vectorizer', '--instcombine', '--simplifycfg', '--sroa', '--lower-constant-intrinsics', '--early-cse', '--lower-expect', '--lower-expect', '--loweratomic', '--elim-avail-extern', '--elim-avail-extern', '--lower-expect', '--slsr']",79,-3.8430783902853154,0.0,-1.1379884155944209,0.0,1,-3.8430783902853154,-1.1379884155944209,0.5008908414855473,-68.52791878172589,12.248811962365586,11.76470588235294,34
1239,"['--ipsccp', '--speculative-execution', '--sccp', '--early-cse', '--mem2reg', '--jump-threading', '--globalopt', '--elim-avail-extern', '--instcombine', '--adce', '--jump-threading', '--gvn', '--simplifycfg', '--instsimplify', '--inline', '--gvn-hoist', '--mergefunc', '--mem2reg', '--instcombine', '--globalopt', '--elim-avail-extern', '--indvars', '--gvn', '--gvn', '--ipsccp', '--gvn', '--nary-reassociate', '--loop-instsimplify', '--early-cse', '--mem2reg', '--jump-threading', '--globalopt', '--instcombine', '--simplifycfg', '--sroa', '--gvn-hoist', '--sccp', '--sccp', '--early-cse', '--lower-constant-intrinsics', '--adce', '--gvn-hoist', '--adce', '--loop-simplify', '--dse', '--newgvn', '--simplifycfg', '--newgvn', '--lower-expect', '--simplifycfg', '--gvn-hoist', '--instcombine', '--globalopt', '--aggressive-instcombine', '--gvn', '--gvn', '--ipsccp', '--gvn', '--lower-constant-intrinsics', '--loop-instsimplify', '--early-cse', '--mem2reg', '--early-cse-memssa', '--jump-threading', '--globalopt', '--slp-vectorizer', '--instcombine', '--simplifycfg', '--sroa', '--lower-constant-intrinsics', '--early-cse', '--lower-expect', '--lower-expect', '--loweratomic', '--elim-avail-extern', '--elim-avail-extern', '--lower-expect', '--slsr']",78,-3.8430783902853154,0.0,-1.1379884155944209,0.0,1,-3.8430783902853154,-1.1379884155944209,0.5008908414855473,-68.52791878172589,12.248811962365586,11.76470588235294,34
1075,"['--ipsccp', '--speculative-execution', '--sccp', '--early-cse', '--mem2reg', '--jump-threading', '--globalopt', '--elim-avail-extern', '--instcombine', '--adce', '--jump-threading', '--gvn', '--simplifycfg', '--instsimplify', '--inline', '--gvn-hoist', '--mergefunc', '--gvn-hoist', '--instcombine', '--globalopt', '--elim-avail-extern', '--indvars', '--gvn', '--gvn', '--ipsccp', '--gvn', '--nary-reassociate', '--loop-instsimplify', '--early-cse', '--mem2reg', '--jump-threading', '--globalopt', '--elim-avail-extern', '--irce', '--instcombine', '--simplifycfg', '--sroa', '--mem2reg', '--gvn-hoist', '--sccp', '--early-cse', '--lower-constant-intrinsics', '--adce', '--gvn-hoist', '--adce', '--loop-simplify', '--dse', '--loop-sink', '--simplifycfg', '--lower-expect', '--simplifycfg', '--gvn-hoist', '--instcombine', '--globalopt', '--aggressive-instcombine', '--gvn', '--gvn', '--ipsccp', '--gvn', '--lower-constant-intrinsics', '--loop-instsimplify', '--early-cse', '--mem2reg', '--jump-threading', '--globalopt', '--slp-vectorizer', '--instcombine', '--simplifycfg', '--sroa', '--lower-constant-intrinsics', '--early-cse', '--lower-expect', '--lower-expect', '--loweratomic', '--elim-avail-extern', '--elim-avail-extern', '--lower-expect', '--slsr']",78,-3.8430783902853154,0.0,-1.1379884155944209,0.0,1,-3.8430783902853154,-1.1379884155944209,0.5008908414855473,-68.52791878172589,12.248811962365586,11.76470588235294,34
1231,"['--ipsccp', '--speculative-execution', '--sccp', '--early-cse', '--mem2reg', '--jump-threading', '--globalopt', '--elim-avail-extern', '--instcombine', '--adce', '--jump-threading', '--gvn', '--simplifycfg', '--instsimplify', '--inline', '--gvn-hoist', '--mergefunc', '--gvn-hoist', '--instcombine', '--globalopt', '--elim-avail-extern', '--indvars', '--gvn', '--gvn', '--ipsccp', '--gvn', '--nary-reassociate', '--loop-instsimplify', '--early-cse', '--mem2reg', '--jump-threading', '--globalopt', '--elim-avail-extern', '--irce', '--instcombine', '--speculative-execution', '--sroa', '--mem2reg', '--gvn-hoist', '--sccp', '--early-cse', '--lower-constant-intrinsics', '--adce', '--gvn-hoist', '--adce', '--loop-simplify', '--dse', '--loop-sink', '--simplifycfg', '--lower-expect', '--simplifycfg', '--gvn-hoist', '--instcombine', '--globalopt', '--aggressive-instcombine', '--gvn', '--gvn', '--ipsccp', '--gvn', '--lower-constant-intrinsics', '--loop-instsimplify', '--early-cse', '--mem2reg', '--early-cse-memssa', '--globalopt', '--slp-vectorizer', '--instcombine', '--simplifycfg', '--sroa', '--lower-constant-intrinsics', '--early-cse', '--lower-expect', '--lower-expect', '--loweratomic', '--elim-avail-extern', '--elim-avail-extern', '--lower-expect', '--slsr']",78,-3.8430783902853154,0.0,-1.1379884155944209,0.0,1,-3.8430783902853154,-1.1379884155944209,0.5008908414855473,-68.52791878172589,12.248811962365586,11.76470588235294,34
1230,"['--ipsccp', '--speculative-execution', '--sccp', '--early-cse', '--mem2reg', '--globalopt', '--elim-avail-extern', '--instcombine', '--adce', '--jump-threading', '--gvn', '--simplifycfg', '--instsimplify', '--inline', '--gvn-hoist', '--gvn-hoist', '--mergefunc', '--gvn-hoist', '--instcombine', '--globalopt', '--elim-avail-extern', '--indvars', '--bdce', '--gvn', '--gvn', '--loop-simplify', '--gvn', '--nary-reassociate', '--loop-instsimplify', '--early-cse', '--mem2reg', '--jump-threading', '--globalopt', '--elim-avail-extern', '--instcombine', '--simplifycfg', '--sroa', '--mem2reg', '--gvn-hoist', '--sccp', '--early-cse', '--lower-constant-intrinsics', '--adce', '--gvn-hoist', '--adce', '--ipsccp', '--dse', '--loop-sink', '--simplifycfg', '--lower-expect', '--simplifycfg', '--gvn-hoist', '--instcombine', '--globalopt', '--aggressive-instcombine', '--gvn', '--gvn', '--ipsccp', '--gvn', '--lower-constant-intrinsics', '--loop-instsimplify', '--early-cse', '--mem2reg', '--early-cse-memssa', '--jump-threading', '--globalopt', '--slp-vectorizer', '--instcombine', '--simplifycfg', '--sroa', '--lower-constant-intrinsics', '--early-cse', '--lower-expect', '--lower-expect', '--loweratomic', '--elim-avail-extern', '--elim-avail-extern', '--lower-expect', '--slsr']",79,-3.8430783902853154,0.0,-1.1379884155944209,0.0,1,-3.8430783902853154,-1.1379884155944209,0.5008908414855473,-68.52791878172589,12.248811962365586,11.76470588235294,34
1203,"['--ipsccp', '--speculative-execution', '--sccp', '--early-cse', '--mem2reg', '--adce', '--globalopt', '--elim-avail-extern', '--instcombine', '--adce', '--jump-threading', '--gvn', '--simplifycfg', '--instsimplify', '--inline', '--gvn-hoist', '--mergefunc', '--gvn-hoist', '--instcombine', '--globalopt', '--elim-avail-extern', '--indvars', '--gvn', '--gvn', '--loop-simplify', '--gvn', '--nary-reassociate', '--loop-instsimplify', '--ipsccp', '--mem2reg', '--jump-threading', '--globalopt', '--elim-avail-extern', '--instcombine', '--simplifycfg', '--sroa', '--mem2reg', '--gvn-hoist', '--sccp', '--early-cse', '--lower-constant-intrinsics', '--adce', '--gvn-hoist', '--jump-threading', '--early-cse', '--dse', '--loop-sink', '--simplifycfg', '--lower-expect', '--simplifycfg', '--gvn-hoist', '--instcombine', '--globalopt', '--aggressive-instcombine', '--gvn', '--gvn', '--ipsccp', '--gvn', '--lower-constant-intrinsics', '--loop-instsimplify', '--early-cse', '--mem2reg', '--early-cse-memssa', '--jump-threading', '--globalopt', '--slp-vectorizer', '--instcombine', '--simplifycfg', '--sroa', '--lower-constant-intrinsics', '--early-cse', '--lower-expect', '--lower-expect', '--loweratomic', '--elim-avail-extern', '--elim-avail-extern', '--lower-expect', '--slsr']",78,-3.8430783902853154,0.0,-1.1379884155944209,0.0,1,-3.8430783902853154,-1.1379884155944209,0.5008908414855473,-68.52791878172589,12.248811962365586,11.76470588235294,34
1206,"['--ipsccp', '--speculative-execution', '--sccp', '--early-cse', '--mem2reg', '--jump-threading', '--globalopt', '--elim-avail-extern', '--instcombine', '--adce', '--jump-threading', '--gvn', '--simplifycfg', '--instsimplify', '--inline', '--gvn-hoist', '--mergefunc', '--gvn-hoist', '--instcombine', '--globalopt', '--elim-avail-extern', '--indvars', '--gvn', '--gvn', '--loop-simplify', '--gvn', '--nary-reassociate', '--loop-instsimplify', '--early-cse', '--mem2reg', '--jump-threading', '--sccp', '--elim-avail-extern', '--instcombine', '--simplifycfg', '--sroa', '--mem2reg', '--gvn-hoist', '--globalopt', '--early-cse', '--lower-constant-intrinsics', '--adce', '--gvn-hoist', '--adce', '--ipsccp', '--dse', '--loop-sink', '--simplifycfg', '--lower-expect', '--simplifycfg', '--gvn-hoist', '--instcombine', '--globalopt', '--aggressive-instcombine', '--gvn', '--gvn', '--ipsccp', '--gvn', '--lower-constant-intrinsics', '--loop-instsimplify', '--early-cse', '--mem2reg', '--early-cse-memssa', '--jump-threading', '--globalopt', '--slp-vectorizer', '--instcombine', '--simplifycfg', '--sroa', '--lower-constant-intrinsics', '--early-cse', '--lower-expect', '--lower-expect', '--loweratomic', '--elim-avail-extern', '--elim-avail-extern', '--lower-expect', '--slsr']",78,-3.8430783902853154,0.0,-1.1379884155944209,0.0,1,-3.8430783902853154,-1.1379884155944209,0.5008908414855473,-68.52791878172589,12.248811962365586,11.76470588235294,34
1209,"['--ipsccp', '--speculative-execution', '--sccp', '--early-cse', '--mem2reg', '--jump-threading', '--globalopt', '--elim-avail-extern', '--instcombine', '--adce', '--jump-threading', '--gvn', '--simplifycfg', '--instsimplify', '--inline', '--gvn-hoist', '--mergefunc', '--gvn-hoist', '--instcombine', '--globalopt', '--elim-avail-extern', '--indvars', '--gvn', '--gvn', '--ipsccp', '--gvn', '--nary-reassociate', '--loop-instsimplify', '--early-cse', '--mem2reg', '--jump-threading', '--globalopt', '--elim-avail-extern', '--irce', '--instcombine', '--speculative-execution', '--sroa', '--gvn-hoist', '--sccp', '--early-cse', '--lower-constant-intrinsics', '--adce', '--gvn-hoist', '--adce', '--loop-simplify', '--dse', '--loop-sink', '--simplifycfg', '--lower-expect', '--simplifycfg', '--gvn-hoist', '--instcombine', '--globalopt', '--aggressive-instcombine', '--gvn', '--gvn', '--ipsccp', '--gvn', '--lower-constant-intrinsics', '--loop-instsimplify', '--early-cse', '--mem2reg', '--early-cse-memssa', '--jump-threading', '--globalopt', '--slp-vectorizer', '--instcombine', '--simplifycfg', '--sroa', '--lower-constant-intrinsics', '--early-cse', '--lower-expect', '--lower-expect', '--loweratomic', '--elim-avail-extern', '--elim-avail-extern', '--lower-expect', '--slsr']",78,-3.8430783902853154,0.0,-1.1379884155944209,0.0,1,-3.8430783902853154,-1.1379884155944209,0.5008908414855473,-68.52791878172589,12.248811962365586,11.76470588235294,34
1187,"['--ipsccp', '--speculative-execution', '--sccp', '--early-cse', '--mem2reg', '--jump-threading', '--globalopt', '--elim-avail-extern', '--instcombine', '--adce', '--jump-threading', '--gvn', '--simplifycfg', '--instsimplify', '--inline', '--gvn-hoist', '--mergefunc', '--gvn-hoist', '--instcombine', '--globalopt', '--elim-avail-extern', '--indvars', '--gvn', '--gvn', '--loop-simplify', '--gvn', '--nary-reassociate', '--loop-instsimplify', '--ipsccp', '--mem2reg', '--jump-threading', '--globalopt', '--elim-avail-extern', '--instcombine', '--simplifycfg', '--sroa', '--mem2reg', '--gvn-hoist', '--sccp', '--early-cse', '--lower-constant-intrinsics', '--adce', '--gvn-hoist', '--adce', '--early-cse', '--dse', '--loop-sink', '--simplifycfg', '--lower-expect', '--simplifycfg', '--gvn-hoist', '--instcombine', '--globalopt', '--aggressive-instcombine', '--gvn', '--gvn', '--ipsccp', '--gvn', '--lower-constant-intrinsics', '--loop-instsimplify', '--early-cse', '--mem2reg', '--early-cse-memssa', '--jump-threading', '--globalopt', '--slp-vectorizer', '--instcombine', '--simplifycfg', '--sroa', '--lower-constant-intrinsics', '--early-cse', '--lower-expect', '--lower-expect', '--loweratomic', '--elim-avail-extern', '--lower-expect', '--slsr']",77,-3.8430783902853154,0.0,-1.1379884155944209,0.0,1,-3.8430783902853154,-1.1379884155944209,0.5008908414855473,-68.52791878172589,12.248811962365586,11.76470588235294,34
1170,"['--ipsccp', '--speculative-execution', '--sccp', '--early-cse', '--mem2reg', '--jump-threading', '--globalopt', '--elim-avail-extern', '--instcombine', '--adce', '--jump-threading', '--gvn', '--simplifycfg', '--instsimplify', '--inline', '--gvn-hoist', '--mergefunc', '--gvn-hoist', '--instcombine', '--globalopt', '--elim-avail-extern', '--indvars', '--gvn', '--gvn', '--ipsccp', '--gvn', '--nary-reassociate', '--loop-instsimplify', '--early-cse', '--mem2reg', '--jump-threading', '--globalopt', '--elim-avail-extern', '--instcombine', '--simplifycfg', '--sroa', '--mem2reg', '--gvn-hoist', '--sccp', '--early-cse', '--lower-constant-intrinsics', '--adce', '--gvn-hoist', '--adce', '--dse', '--loop-sink', '--simplifycfg', '--lower-expect', '--simplifycfg', '--instcombine', '--globalopt', '--aggressive-instcombine', '--gvn', '--gvn', '--ipsccp', '--gvn', '--lower-constant-intrinsics', '--loop-instsimplify', '--early-cse', '--jump-threading', '--globalopt', '--slp-vectorizer', '--instcombine', '--simplifycfg', '--sroa', '--lower-constant-intrinsics', '--early-cse', '--lower-expect', '--lower-expect', '--loweratomic', '--elim-avail-extern', '--elim-avail-extern', '--lower-expect', '--slsr']",74,-3.8430783902853154,0.0,-1.1379884155944209,0.0,1,-3.8430783902853154,-1.1379884155944209,0.5008908414855473,-68.52791878172589,12.248811962365586,11.76470588235294,34
1263,"['--ipsccp', '--speculative-execution', '--sccp', '--early-cse', '--mem2reg', '--jump-threading', '--globalopt', '--elim-avail-extern', '--instcombine', '--mem2reg', '--jump-threading', '--gvn', '--simplifycfg', '--instsimplify', '--inline', '--gvn-hoist', '--mergefunc', '--gvn-hoist', '--instcombine', '--globalopt', '--elim-avail-extern', '--indvars', '--gvn', '--gvn', '--ipsccp', '--gvn', '--nary-reassociate', '--loop-instsimplify', '--early-cse', '--mem2reg', '--jump-threading', '--globalopt', '--instcombine', '--simplifycfg', '--sroa', '--gvn-hoist', '--sccp', '--sccp', '--early-cse', '--lower-constant-intrinsics', '--adce', '--gvn-hoist', '--adce', '--loop-simplify', '--dse', '--newgvn', '--simplifycfg', '--newgvn', '--lower-expect', '--simplifycfg', '--gvn-hoist', '--instcombine', '--globalopt', '--aggressive-instcombine', '--gvn', '--gvn', '--ipsccp', '--gvn', '--lower-constant-intrinsics', '--early-cse', '--mem2reg', '--early-cse-memssa', '--jump-threading', '--globalopt', '--slp-vectorizer', '--instcombine', '--simplifycfg', '--sroa', '--lower-constant-intrinsics', '--early-cse', '--lower-expect', '--lower-expect', '--loweratomic', '--elim-avail-extern', '--elim-avail-extern', '--lower-expect', '--slsr']",77,-3.8430783902853154,0.0,-1.1379884155944209,0.0,1,-3.8430783902853154,-1.1379884155944209,0.5008908414855473,-68.52791878172589,12.248811962365586,11.76470588235294,34
1256,"['--ipsccp', '--speculative-execution', '--sccp', '--early-cse', '--mem2reg', '--jump-threading', '--globalopt', '--elim-avail-extern', '--instcombine', '--adce', '--jump-threading', '--gvn', '--simplifycfg', '--instsimplify', '--inline', '--gvn-hoist', '--mergefunc', '--gvn-hoist', '--instcombine', '--globalopt', '--elim-avail-extern', '--indvars', '--gvn', '--gvn', '--ipsccp', '--gvn', '--nary-reassociate', '--loop-instsimplify', '--early-cse', '--mem2reg', '--jump-threading', '--globalopt', '--elim-avail-extern', '--irce', '--instcombine', '--speculative-execution', '--sroa', '--gvn-hoist', '--sccp', '--early-cse', '--lower-constant-intrinsics', '--adce', '--gvn-hoist', '--adce', '--loop-simplify', '--dse', '--loop-sink', '--simplifycfg', '--lower-expect', '--simplifycfg', '--gvn-hoist', '--globalopt', '--aggressive-instcombine', '--gvn', '--gvn', '--ipsccp', '--gvn', '--lower-constant-intrinsics', '--loop-instsimplify', '--early-cse', '--mem2reg', '--early-cse-memssa', '--jump-threading', '--globalopt', '--slp-vectorizer', '--instcombine', '--simplifycfg', '--sroa', '--lower-constant-intrinsics', '--early-cse', '--lower-expect', '--lower-expect', '--loweratomic', '--elim-avail-extern', '--elim-avail-extern', '--lower-expect', '--slsr']",77,-3.8430783902853154,0.0,-1.1379884155944209,0.0,1,-3.8430783902853154,-1.1379884155944209,0.5008908414855473,-68.52791878172589,12.248811962365586,11.76470588235294,34
1183,"['--ipsccp', '--speculative-execution', '--sccp', '--early-cse', '--mem2reg', '--globalopt', '--elim-avail-extern', '--instcombine', '--adce', '--jump-threading', '--gvn', '--simplifycfg', '--instsimplify', '--inline', '--gvn-hoist', '--gvn-hoist', '--mergefunc', '--gvn-hoist', '--instcombine', '--globalopt', '--elim-avail-extern', '--indvars', '--gvn', '--gvn', '--loop-simplify', '--gvn', '--nary-reassociate', '--loop-instsimplify', '--early-cse', '--mem2reg', '--jump-threading', '--globalopt', '--elim-avail-extern', '--instcombine', '--simplifycfg', '--sroa', '--mem2reg', '--gvn-hoist', '--sccp', '--early-cse', '--lower-constant-intrinsics', '--adce', '--gvn-hoist', '--adce', '--ipsccp', '--dse', '--loop-sink', '--simplifycfg', '--lower-expect', '--simplifycfg', '--gvn-hoist', '--instcombine', '--globalopt', '--aggressive-instcombine', '--gvn', '--gvn', '--ipsccp', '--gvn', '--lower-constant-intrinsics', '--loop-instsimplify', '--early-cse', '--mem2reg', '--early-cse-memssa', '--jump-threading', '--globalopt', '--slp-vectorizer', '--instcombine', '--simplifycfg', '--sroa', '--lower-constant-intrinsics', '--early-cse', '--lower-expect', '--lower-expect', '--loweratomic', '--elim-avail-extern', '--elim-avail-extern', '--lower-expect', '--slsr']",78,-3.8430783902853154,0.0,-1.1379884155944209,0.0,1,-3.8430783902853154,-1.1379884155944209,0.5008908414855473,-68.52791878172589,12.248811962365586,11.76470588235294,34
1177,"['--ipsccp', '--speculative-execution', '--sccp', '--early-cse', '--mem2reg', '--jump-threading', '--globalopt', '--elim-avail-extern', '--instcombine', '--adce', '--jump-threading', '--gvn', '--simplifycfg', '--instsimplify', '--inline', '--gvn-hoist', '--mergefunc', '--gvn-hoist', '--elim-avail-extern', '--indvars', '--gvn', '--gvn', '--ipsccp', '--gvn', '--nary-reassociate', '--loop-instsimplify', '--early-cse', '--mem2reg', '--jump-threading', '--globalopt', '--lower-expect', '--instcombine', '--simplifycfg', '--globaldce', '--sroa', '--mem2reg', '--gvn-hoist', '--sccp', '--early-cse', '--lower-constant-intrinsics', '--adce', '--gvn-hoist', '--adce', '--lower-constant-intrinsics', '--dse', '--newgvn', '--elim-avail-extern', '--simplifycfg', '--gvn-hoist', '--instcombine', '--globalopt', '--instcombine', '--globalopt', '--aggressive-instcombine', '--gvn', '--gvn', '--ipsccp', '--gvn', '--lower-constant-intrinsics', '--loop-instsimplify', '--early-cse', '--mem2reg', '--early-cse-memssa', '--jump-threading', '--globalopt', '--slp-vectorizer', '--instcombine', '--simplifycfg', '--sroa', '--lower-constant-intrinsics', '--early-cse', '--lower-expect', '--lower-expect', '--loweratomic', '--elim-avail-extern', '--elim-avail-extern', '--lower-expect', '--slsr']",78,-3.8430783902853154,0.0,-1.1379884155944209,0.0,1,-3.8430783902853154,-1.1379884155944209,0.5008908414855473,-68.52791878172589,12.248811962365586,11.76470588235294,34
1087,"['--ipsccp', '--speculative-execution', '--sccp', '--early-cse', '--mem2reg', '--globalopt', '--elim-avail-extern', '--instcombine', '--adce', '--jump-threading', '--gvn', '--simplifycfg', '--instsimplify', '--inline', '--gvn-hoist', '--mergefunc', '--gvn-hoist', '--instcombine', '--globalopt', '--elim-avail-extern', '--indvars', '--gvn', '--gvn', '--ipsccp', '--gvn', '--nary-reassociate', '--loop-instsimplify', '--early-cse', '--mem2reg', '--jump-threading', '--globalopt', '--elim-avail-extern', '--instcombine', '--simplifycfg', '--sroa', '--mem2reg', '--gvn-hoist', '--sccp', '--early-cse', '--lower-constant-intrinsics', '--adce', '--gvn-hoist', '--adce', '--loop-simplify', '--dse', '--loop-sink', '--simplifycfg', '--lower-expect', '--simplifycfg', '--gvn-hoist', '--instcombine', '--globalopt', '--aggressive-instcombine', '--gvn', '--gvn', '--ipsccp', '--gvn', '--lower-constant-intrinsics', '--loop-instsimplify', '--early-cse', '--mem2reg', '--jump-threading', '--globalopt', '--slp-vectorizer', '--instcombine', '--simplifycfg', '--sroa', '--lower-constant-intrinsics', '--early-cse', '--lower-expect', '--lower-expect', '--loweratomic', '--elim-avail-extern', '--elim-avail-extern', '--lower-expect', '--slsr']",76,-3.8430783902853154,0.0,-1.1379884155944209,0.0,1,-3.8430783902853154,-1.1379884155944209,0.5008908414855473,-68.52791878172589,12.248811962365586,11.76470588235294,34
1178,"['--ipsccp', '--speculative-execution', '--sccp', '--early-cse', '--mem2reg', '--jump-threading', '--globalopt', '--elim-avail-extern', '--instcombine', '--adce', '--jump-threading', '--gvn', '--simplifycfg', '--instsimplify', '--inline', '--gvn-hoist', '--mergefunc', '--gvn-hoist', '--instcombine', '--globalopt', '--elim-avail-extern', '--indvars', '--gvn', '--gvn', '--ipsccp', '--gvn', '--nary-reassociate', '--loop-instsimplify', '--early-cse', '--mem2reg', '--jump-threading', '--globalopt', '--instcombine', '--simplifycfg', '--sroa', '--gvn-hoist', '--sccp', '--sccp', '--early-cse', '--lower-constant-intrinsics', '--adce', '--gvn-hoist', '--adce', '--loop-simplify', '--dse', '--newgvn', '--simplifycfg', '--newgvn', '--lower-expect', '--simplifycfg', '--gvn-hoist', '--globalopt', '--aggressive-instcombine', '--gvn', '--gvn', '--ipsccp', '--gvn', '--lower-constant-intrinsics', '--loop-instsimplify', '--early-cse', '--mem2reg', '--early-cse-memssa', '--jump-threading', '--globalopt', '--slp-vectorizer', '--instcombine', '--simplifycfg', '--sroa', '--lower-constant-intrinsics', '--early-cse', '--lower-expect', '--lower-expect', '--loweratomic', '--elim-avail-extern', '--elim-avail-extern', '--lower-expect', '--slsr']",77,-3.8430783902853154,0.0,-1.1379884155944209,0.0,1,-3.8430783902853154,-1.1379884155944209,0.5008908414855473,-68.52791878172589,12.248811962365586,11.76470588235294,34
1259,"['--ipsccp', '--speculative-execution', '--sccp', '--early-cse', '--mem2reg', '--jump-threading', '--globalopt', '--elim-avail-extern', '--instcombine', '--adce', '--jump-threading', '--gvn', '--simplifycfg', '--instsimplify', '--inline', '--gvn-hoist', '--mergefunc', '--gvn-hoist', '--instcombine', '--globalopt', '--elim-avail-extern', '--indvars', '--gvn', '--gvn', '--ipsccp', '--gvn', '--nary-reassociate', '--loop-instsimplify', '--early-cse', '--mem2reg', '--jump-threading', '--globalopt', '--instcombine', '--instcombine', '--simplifycfg', '--sroa', '--mem2reg', '--gvn-hoist', '--sccp', '--adce', '--gvn-hoist', '--adce', '--loop-simplify', '--dse', '--newgvn', '--simplifycfg', '--newgvn', '--lower-expect', '--simplifycfg', '--gvn-hoist', '--instcombine', '--globalopt', '--aggressive-instcombine', '--gvn', '--gvn', '--ipsccp', '--gvn', '--lower-constant-intrinsics', '--loop-instsimplify', '--early-cse', '--mem2reg', '--early-cse-memssa', '--jump-threading', '--globalopt', '--slp-vectorizer', '--instcombine', '--simplifycfg', '--sroa', '--lower-constant-intrinsics', '--early-cse', '--lower-expect', '--lower-expect', '--loweratomic', '--elim-avail-extern', '--elim-avail-extern', '--lower-expect', '--slsr']",77,-3.8430783902853154,0.0,-1.1379884155944209,0.0,1,-3.8430783902853154,-1.1379884155944209,0.5008908414855473,-68.52791878172589,12.248811962365586,11.76470588235294,34
1179,"['--ipsccp', '--speculative-execution', '--sccp', '--early-cse', '--mem2reg', '--jump-threading', '--globalopt', '--elim-avail-extern', '--instcombine', '--adce', '--jump-threading', '--gvn', '--simplifycfg', '--instsimplify', '--inline', '--gvn-hoist', '--mergefunc', '--gvn-hoist', '--instcombine', '--elim-avail-extern', '--indvars', '--gvn', '--gvn', '--ipsccp', '--gvn', '--nary-reassociate', '--loop-instsimplify', '--early-cse', '--mem2reg', '--jump-threading', '--globalopt', '--lower-expect', '--instcombine', '--simplifycfg', '--globaldce', '--sroa', '--mem2reg', '--gvn-hoist', '--sccp', '--early-cse', '--lower-constant-intrinsics', '--adce', '--gvn-hoist', '--adce', '--lower-constant-intrinsics', '--dse', '--newgvn', '--elim-avail-extern', '--simplifycfg', '--gvn-hoist', '--instcombine', '--globalopt', '--aggressive-instcombine', '--globalopt', '--instcombine', '--gvn', '--gvn', '--ipsccp', '--gvn', '--lower-constant-intrinsics', '--loop-instsimplify', '--early-cse', '--mem2reg', '--early-cse-memssa', '--jump-threading', '--globalopt', '--slp-vectorizer', '--instcombine', '--simplifycfg', '--sroa', '--lower-constant-intrinsics', '--early-cse', '--lower-expect', '--lower-expect', '--loweratomic', '--elim-avail-extern', '--elim-avail-extern', '--lower-expect', '--slsr']",79,-3.8430783902853154,0.0,-1.1379884155944209,0.0,1,-3.8430783902853154,-1.1379884155944209,0.5008908414855473,-68.52791878172589,12.248811962365586,11.76470588235294,34
1175,"['--ipsccp', '--speculative-execution', '--sccp', '--early-cse', '--mem2reg', '--jump-threading', '--globalopt', '--elim-avail-extern', '--instcombine', '--adce', '--jump-threading', '--gvn', '--simplifycfg', '--instsimplify', '--inline', '--gvn-hoist', '--mergefunc', '--gvn-hoist', '--instcombine', '--globalopt', '--elim-avail-extern', '--indvars', '--gvn', '--gvn', '--loop-simplify', '--gvn', '--nary-reassociate', '--loop-instsimplify', '--ipsccp', '--mem2reg', '--jump-threading', '--globalopt', '--elim-avail-extern', '--instcombine', '--simplifycfg', '--sroa', '--mem2reg', '--gvn-hoist', '--sccp', '--early-cse', '--lower-constant-intrinsics', '--adce', '--gvn-hoist', '--adce', '--early-cse', '--dse', '--loop-sink', '--simplifycfg', '--lower-expect', '--simplifycfg', '--gvn-hoist', '--instcombine', '--simplifycfg', '--globalopt', '--aggressive-instcombine', '--gvn', '--gvn', '--ipsccp', '--gvn', '--lower-constant-intrinsics', '--loop-instsimplify', '--early-cse', '--mem2reg', '--early-cse-memssa', '--jump-threading', '--globalopt', '--slp-vectorizer', '--instcombine', '--simplifycfg', '--sroa', '--lower-constant-intrinsics', '--early-cse', '--lower-expect', '--lower-expect', '--loweratomic', '--elim-avail-extern', '--elim-avail-extern', '--lower-expect', '--slsr']",79,-3.8430783902853154,0.0,-1.1379884155944209,0.0,1,-3.8430783902853154,-1.1379884155944209,0.5008908414855473,-68.52791878172589,12.248811962365586,11.76470588235294,34
1182,"['--ipsccp', '--speculative-execution', '--sccp', '--early-cse', '--mem2reg', '--jump-threading', '--globalopt', '--elim-avail-extern', '--instcombine', '--adce', '--jump-threading', '--gvn', '--simplifycfg', '--instsimplify', '--inline', '--gvn-hoist', '--mergefunc', '--gvn-hoist', '--instcombine', '--globalopt', '--elim-avail-extern', '--indvars', '--gvn', '--gvn', '--ipsccp', '--gvn', '--nary-reassociate', '--loop-instsimplify', '--early-cse', '--mem2reg', '--jump-threading', '--globalopt', '--elim-avail-extern', '--instcombine', '--simplifycfg', '--sroa', '--mem2reg', '--gvn-hoist', '--sccp', '--early-cse', '--lower-constant-intrinsics', '--adce', '--gvn-hoist', '--adce', '--dse', '--loop-sink', '--simplifycfg', '--lower-expect', '--simplifycfg', '--instcombine', '--globalopt', '--aggressive-instcombine', '--gvn', '--gvn', '--ipsccp', '--gvn', '--lower-constant-intrinsics', '--ipsccp', '--gvn', '--lower-constant-intrinsics', '--loop-instsimplify', '--early-cse', '--mem2reg', '--jump-threading', '--globalopt', '--slp-vectorizer', '--instcombine', '--ipsccp', '--simplifycfg', '--sroa', '--lower-constant-intrinsics', '--early-cse', '--lower-expect', '--lower-expect', '--elim-avail-extern', '--elim-avail-extern', '--slsr']",77,-3.8430783902853154,0.0,-1.1379884155944209,0.0,1,-3.8430783902853154,-1.1379884155944209,0.5008908414855473,-68.52791878172589,12.248811962365586,11.76470588235294,34
1200,"['--ipsccp', '--speculative-execution', '--sccp', '--early-cse', '--mem2reg', '--jump-threading', '--globalopt', '--elim-avail-extern', '--instcombine', '--adce', '--jump-threading', '--loop-idiom', '--simplifycfg', '--instsimplify', '--inline', '--gvn-hoist', '--mergefunc', '--gvn-hoist', '--elim-avail-extern', '--globalopt', '--elim-avail-extern', '--indvars', '--gvn', '--gvn', '--ipsccp', '--gvn', '--nary-reassociate', '--loop-instsimplify', '--early-cse', '--mem2reg', '--jump-threading', '--globalopt', '--instcombine', '--instcombine', '--simplifycfg', '--sroa', '--mem2reg', '--mem2reg', '--gvn-hoist', '--sccp', '--early-cse', '--lower-constant-intrinsics', '--adce', '--gvn-hoist', '--adce', '--loop-simplify', '--dse', '--loop-sink', '--simplifycfg', '--lower-expect', '--simplifycfg', '--gvn-hoist', '--instcombine', '--globalopt', '--aggressive-instcombine', '--gvn', '--gvn', '--ipsccp', '--gvn', '--lower-constant-intrinsics', '--loop-instsimplify', '--early-cse', '--mem2reg', '--jump-threading', '--globalopt', '--slp-vectorizer', '--instcombine', '--simplifycfg', '--sroa', '--lower-constant-intrinsics', '--early-cse', '--lower-expect', '--lower-expect', '--loweratomic', '--elim-avail-extern', '--elim-avail-extern', '--lower-expect', '--slsr']",78,-3.846118214486954,0.0,-1.1296371651522377,0.0,1,-3.846118214486954,-1.1296371651522377,0.5008908414855473,-69.03553299492386,12.341844582698346,11.76470588235294,34
1140,"['--ipsccp', '--speculative-execution', '--sccp', '--early-cse', '--mem2reg', '--jump-threading', '--globalopt', '--elim-avail-extern', '--instcombine', '--adce', '--jump-threading', '--loop-idiom', '--simplifycfg', '--instsimplify', '--inline', '--gvn-hoist', '--mergefunc', '--gvn-hoist', '--instcombine', '--globalopt', '--elim-avail-extern', '--indvars', '--gvn', '--gvn', '--ipsccp', '--gvn', '--nary-reassociate', '--loop-instsimplify', '--early-cse', '--mem2reg', '--jump-threading', '--globalopt', '--elim-avail-extern', '--instcombine', '--simplifycfg', '--sroa', '--mem2reg', '--gvn-hoist', '--sccp', '--early-cse', '--lower-constant-intrinsics', '--adce', '--gvn-hoist', '--adce', '--loop-simplify', '--dse', '--loop-sink', '--simplifycfg', '--lower-expect', '--simplifycfg', '--gvn-hoist', '--instcombine', '--globalopt', '--aggressive-instcombine', '--gvn', '--gvn', '--ipsccp', '--gvn', '--lower-constant-intrinsics', '--loop-instsimplify', '--early-cse', '--mem2reg', '--early-cse-memssa', '--jump-threading', '--globalopt', '--slp-vectorizer', '--instcombine', '--simplifycfg', '--sroa', '--lower-constant-intrinsics', '--early-cse', '--lower-expect', '--lower-expect', '--loweratomic', '--elim-avail-extern', '--elim-avail-extern', '--lower-expect', '--slsr']",78,-3.846118214486954,0.0,-1.1296371651522377,0.0,1,-3.846118214486954,-1.1296371651522377,0.5008908414855473,-69.03553299492386,12.341844582698346,11.76470588235294,34
1176,"['--ipsccp', '--speculative-execution', '--sccp', '--early-cse', '--mem2reg', '--jump-threading', '--globalopt', '--elim-avail-extern', '--instcombine', '--adce', '--jump-threading', '--gvn', '--simplifycfg', '--instsimplify', '--inline', '--gvn-hoist', '--mergefunc', '--gvn-hoist', '--instcombine', '--globalopt', '--elim-avail-extern', '--indvars', '--gvn', '--gvn', '--loop-simplify', '--gvn', '--nary-reassociate', '--loop-instsimplify', '--early-cse', '--mem2reg', '--jump-threading', '--globalopt', '--elim-avail-extern', '--instcombine', '--simplifycfg', '--sroa', '--mem2reg', '--gvn-hoist', '--sccp', '--early-cse', '--slp-vectorizer', '--adce', '--gvn-hoist', '--adce', '--ipsccp', '--dse', '--loop-sink', '--simplifycfg', '--lower-expect', '--simplifycfg', '--early-cse', '--instcombine', '--globalopt', '--aggressive-instcombine', '--gvn', '--gvn', '--ipsccp', '--gvn', '--lower-constant-intrinsics', '--loop-instsimplify', '--gvn-hoist', '--mem2reg', '--early-cse-memssa', '--jump-threading', '--globalopt', '--lower-constant-intrinsics', '--instcombine', '--simplifycfg', '--sroa', '--lower-constant-intrinsics', '--early-cse', '--lower-expect', '--lower-expect', '--loweratomic', '--elim-avail-extern', '--elim-avail-extern', '--lower-expect', '--slsr']",78,-3.846147472982527,0.0,-1.1427942595006109,0.0,1,-3.846147472982527,-1.1427942595006109,0.5008908414855473,-68.52791878172589,12.243458960041282,11.76470588235294,34
1132,"['--ipsccp', '--speculative-execution', '--sccp', '--early-cse', '--mem2reg', '--jump-threading', '--globalopt', '--elim-avail-extern', '--instcombine', '--adce', '--jump-threading', '--gvn', '--simplifycfg', '--instsimplify', '--inline', '--gvn-hoist', '--mergefunc', '--gvn-hoist', '--instcombine', '--globalopt', '--elim-avail-extern', '--indvars', '--gvn', '--gvn', '--loop-simplify', '--gvn', '--nary-reassociate', '--loop-instsimplify', '--early-cse', '--mem2reg', '--jump-threading', '--globalopt', '--elim-avail-extern', '--instcombine', '--simplifycfg', '--sroa', '--mem2reg', '--gvn-hoist', '--sccp', '--early-cse', '--slp-vectorizer', '--adce', '--gvn-hoist', '--adce', '--ipsccp', '--dse', '--loop-sink', '--simplifycfg', '--lower-expect', '--simplifycfg', '--gvn-hoist', '--instcombine', '--globalopt', '--aggressive-instcombine', '--gvn', '--gvn', '--ipsccp', '--gvn', '--lower-constant-intrinsics', '--loop-instsimplify', '--early-cse', '--mem2reg', '--early-cse-memssa', '--jump-threading', '--globalopt', '--lower-constant-intrinsics', '--instcombine', '--simplifycfg', '--sroa', '--lower-constant-intrinsics', '--early-cse', '--lower-expect', '--lower-expect', '--loweratomic', '--elim-avail-extern', '--elim-avail-extern', '--lower-expect', '--slsr']",78,-3.846147472982527,0.0,-1.1427942595006109,0.0,1,-3.846147472982527,-1.1427942595006109,0.5008908414855473,-68.52791878172589,12.243458960041282,11.76470588235294,34
1136,"['--ipsccp', '--speculative-execution', '--sccp', '--early-cse', '--mem2reg', '--jump-threading', '--globalopt', '--elim-avail-extern', '--instcombine', '--adce', '--jump-threading', '--gvn', '--simplifycfg', '--instsimplify', '--inline', '--gvn-hoist', '--mergefunc', '--gvn-hoist', '--instcombine', '--globalopt', '--elim-avail-extern', '--gvn-hoist', '--gvn', '--gvn', '--ipsccp', '--gvn', '--nary-reassociate', '--loop-instsimplify', '--early-cse', '--mem2reg', '--jump-threading', '--globalopt', '--elim-avail-extern', '--simplifycfg', '--sroa', '--gvn-hoist', '--sccp', '--sccp', '--early-cse', '--lower-constant-intrinsics', '--adce', '--gvn-hoist', '--adce', '--loop-simplify', '--dse', '--newgvn', '--simplifycfg', '--newgvn', '--simplifycfg', '--indvars', '--simplifycfg', '--gvn-hoist', '--instcombine', '--globalopt', '--elim-avail-extern', '--ipsccp', '--gvn', '--ipsccp', '--gvn', '--nary-reassociate', '--lower-constant-intrinsics', '--loop-instsimplify', '--early-cse', '--mem2reg', '--jump-threading', '--globalopt', '--slp-vectorizer', '--instcombine', '--simplifycfg', '--sroa', '--lower-constant-intrinsics', '--early-cse', '--aggressive-instcombine']",73,-3.8481957043436275,0.0,-1.1569033015887262,0.0,1,-3.8481957043436275,-1.1569033015887262,0.43655874448557375,-68.02030456852792,12.158123457991413,11.76470588235294,34
1128,"['--ipsccp', '--speculative-execution', '--sccp', '--early-cse', '--mem2reg', '--jump-threading', '--globalopt', '--elim-avail-extern', '--instcombine', '--adce', '--jump-threading', '--gvn', '--simplifycfg', '--instsimplify', '--inline', '--gvn-hoist', '--mergefunc', '--gvn-hoist', '--instcombine', '--globalopt', '--elim-avail-extern', '--indvars', '--gvn', '--gvn', '--ipsccp', '--gvn', '--nary-reassociate', '--lower-constant-intrinsics', '--loop-instsimplify', '--strip', '--mem2reg', '--jump-threading', '--globalopt', '--memcpyopt', '--elim-avail-extern', '--simplifycfg', '--sroa', '--mem2reg', '--gvn-hoist', '--sccp', '--early-cse', '--lower-constant-intrinsics', '--adce', '--gvn-hoist', '--adce', '--loop-simplify', '--dse', '--loop-sink', '--newgvn', '--simplifycfg', '--lower-expect', '--simplifycfg', '--gvn-hoist', '--instcombine', '--globalopt', '--aggressive-instcombine', '--gvn', '--gvn', '--ipsccp', '--gvn', '--lower-constant-intrinsics', '--loop-instsimplify', '--early-cse', '--mem2reg', '--jump-threading', '--globalopt', '--slp-vectorizer', '--instcombine', '--ipsccp', '--simplifycfg', '--sroa', '--lower-constant-intrinsics', '--early-cse', '--lower-expect', '--lower-expect', '--elim-avail-extern', '--elim-avail-extern', '--lower-expect', '--slsr']",79,-3.8482311961640203,0.0,-1.1449912167148693,0.0,1,-3.8482311961640203,-1.1449912167148693,0.46675377468060397,-68.52791878172589,12.247819012749277,11.76470588235294,34
1080,"['--ipsccp', '--speculative-execution', '--sccp', '--early-cse', '--mem2reg', '--jump-threading', '--globalopt', '--elim-avail-extern', '--instcombine', '--adce', '--jump-threading', '--gvn', '--simplifycfg', '--instsimplify', '--inline', '--gvn-hoist', '--mergefunc', '--gvn-hoist', '--instcombine', '--globalopt', '--elim-avail-extern', '--gvn-hoist', '--gvn', '--gvn', '--ipsccp', '--gvn', '--nary-reassociate', '--loop-instsimplify', '--early-cse', '--mem2reg', '--jump-threading', '--globalopt', '--elim-avail-extern', '--instcombine', '--simplifycfg', '--sroa', '--mem2reg', '--gvn-hoist', '--sccp', '--early-cse', '--lower-constant-intrinsics', '--adce', '--gvn-hoist', '--adce', '--loop-simplify', '--dse', '--loop-sink', '--simplifycfg', '--lower-expect', '--simplifycfg', '--indvars', '--instcombine', '--globalopt', '--aggressive-instcombine', '--gvn', '--gvn', '--ipsccp', '--gvn', '--lower-constant-intrinsics', '--loop-instsimplify', '--early-cse', '--mem2reg', '--early-cse-memssa', '--jump-threading', '--globalopt', '--slp-vectorizer', '--instcombine', '--simplifycfg', '--sroa', '--lower-constant-intrinsics', '--early-cse', '--lower-expect', '--lower-expect', '--loweratomic', '--elim-avail-extern', '--elim-avail-extern', '--lower-expect', '--slsr']",78,-3.8485671634914347,0.0,-1.1457487756751288,0.0,1,-3.8485671634914347,-1.1457487756751288,0.5008908414855473,-68.52791878172589,12.245496993821469,11.76470588235294,34
1155,"['--ipsccp', '--speculative-execution', '--sccp', '--early-cse', '--mem2reg', '--jump-threading', '--globalopt', '--elim-avail-extern', '--instcombine', '--adce', '--jump-threading', '--gvn', '--simplifycfg', '--instsimplify', '--inline', '--gvn-hoist', '--mergefunc', '--gvn-hoist', '--instcombine', '--globalopt', '--elim-avail-extern', '--indvars', '--gvn', '--gvn', '--ipsccp', '--gvn', '--nary-reassociate', '--loop-instsimplify', '--early-cse', '--mem2reg', '--jump-threading', '--globalopt', '--elim-avail-extern', '--instcombine', '--simplifycfg', '--sroa', '--mem2reg', '--gvn-hoist', '--sccp', '--early-cse', '--lower-constant-intrinsics', '--adce', '--gvn-hoist', '--adce', '--loop-simplify', '--dse', '--loop-sink', '--simplifycfg', '--lower-expect', '--simplifycfg', '--gvn-hoist', '--instcombine', '--globalopt', '--aggressive-instcombine', '--gvn', '--gvn', '--ipsccp', '--gvn', '--lower-constant-intrinsics', '--loop-instsimplify', '--early-cse', '--mem2reg', '--early-cse-memssa', '--jump-threading', '--globalopt', '--slp-vectorizer', '--instcombine', '--simplifycfg', '--sroa', '--lower-constant-intrinsics', '--early-cse', '--gvn', '--lower-expect', '--loweratomic', '--elim-avail-extern', '--elim-avail-extern', '--lower-expect', '--slsr']",78,-3.849222549385374,0.0,-1.1476001034068006,0.0,1,-3.849222549385374,-1.1476001034068006,0.5008908414855473,-68.52791878172589,12.23816589477332,11.76470588235294,34
1154,"['--ipsccp', '--speculative-execution', '--sccp', '--early-cse', '--mem2reg', '--jump-threading', '--globalopt', '--elim-avail-extern', '--instcombine', '--mem2reg', '--jump-threading', '--gvn', '--simplifycfg', '--instsimplify', '--inline', '--gvn-hoist', '--mergefunc', '--gvn-hoist', '--instcombine', '--globalopt', '--elim-avail-extern', '--indvars', '--gvn', '--gvn', '--ipsccp', '--lower-expect', '--nary-reassociate', '--loop-instsimplify', '--early-cse', '--mem2reg', '--jump-threading', '--globalopt', '--elim-avail-extern', '--instcombine', '--simplifycfg', '--sroa', '--mem2reg', '--gvn-hoist', '--sccp', '--early-cse', '--lower-constant-intrinsics', '--adce', '--gvn-hoist', '--adce', '--loop-simplify', '--dse', '--loop-sink', '--simplifycfg', '--lower-expect', '--simplifycfg', '--gvn-hoist', '--instcombine', '--globalopt', '--aggressive-instcombine', '--gvn', '--gvn', '--ipsccp', '--gvn', '--lower-constant-intrinsics', '--loop-instsimplify', '--early-cse', '--mem2reg', '--early-cse-memssa', '--jump-threading', '--globalopt', '--slp-vectorizer', '--instcombine', '--simplifycfg', '--sroa', '--lower-constant-intrinsics', '--early-cse', '--gvn', '--lower-expect', '--loweratomic', '--elim-avail-extern', '--elim-avail-extern', '--lower-expect', '--slsr']",78,-3.849222549385374,0.0,-1.1476001034068006,0.0,1,-3.849222549385374,-1.1476001034068006,0.5008908414855473,-68.52791878172589,12.23816589477332,11.76470588235294,34
1377,"['--ipsccp', '--speculative-execution', '--sccp', '--loop-vectorize', '--early-cse', '--mem2reg', '--jump-threading', '--globalopt', '--elim-avail-extern', '--instcombine', '--adce', '--jump-threading', '--gvn', '--simplifycfg', '--instsimplify', '--inline', '--mergefunc', '--gvn-hoist', '--gvn-hoist', '--instcombine', '--globalopt', '--elim-avail-extern', '--indvars', '--gvn', '--gvn', '--ipsccp', '--sroa', '--nary-reassociate', '--loop-instsimplify', '--early-cse', '--mem2reg', '--jump-threading', '--globalopt', '--elim-avail-extern', '--instcombine', '--simplifycfg', '--sroa', '--mem2reg', '--globaldce', '--gvn-hoist', '--sccp', '--early-cse', '--lower-constant-intrinsics', '--adce', '--slsr', '--gvn-hoist', '--adce', '--loop-simplify', '--dse', '--simplifycfg', '--lower-expect', '--simplifycfg', '--gvn-hoist', '--elim-avail-extern', '--lower-constant-intrinsics', '--gvn', '--ipsccp', '--gvn', '--nary-reassociate', '--gvn', '--early-cse', '--mem2reg', '--jump-threading', '--globalopt', '--slp-vectorizer', '--instcombine', '--simplifycfg', '--sroa', '--early-cse', '--lower-expect', '--sroa', '--gvn', '--lower-expect', '--aggressive-instcombine']",74,-3.849222549385374,0.0,-1.1476001034068006,0.0,1,-3.849222549385374,-1.1476001034068006,0.5008908414855473,-68.52791878172589,12.23816589477332,11.76470588235294,34
1106,"['--ipsccp', '--speculative-execution', '--sccp', '--early-cse', '--mem2reg', '--jump-threading', '--globalopt', '--elim-avail-extern', '--instcombine', '--adce', '--jump-threading', '--gvn', '--simplifycfg', '--instsimplify', '--inline', '--gvn-hoist', '--mergefunc', '--gvn-hoist', '--instcombine', '--globalopt', '--elim-avail-extern', '--indvars', '--gvn', '--gvn', '--ipsccp', '--lower-expect', '--nary-reassociate', '--loop-instsimplify', '--early-cse', '--mem2reg', '--jump-threading', '--globalopt', '--elim-avail-extern', '--instcombine', '--simplifycfg', '--sroa', '--mem2reg', '--gvn-hoist', '--sccp', '--early-cse', '--lower-constant-intrinsics', '--adce', '--gvn-hoist', '--adce', '--loop-simplify', '--dse', '--loop-sink', '--simplifycfg', '--lower-expect', '--simplifycfg', '--gvn-hoist', '--instcombine', '--globalopt', '--aggressive-instcombine', '--gvn', '--gvn', '--ipsccp', '--gvn', '--lower-constant-intrinsics', '--loop-instsimplify', '--early-cse', '--mem2reg', '--early-cse-memssa', '--jump-threading', '--globalopt', '--slp-vectorizer', '--instcombine', '--simplifycfg', '--sroa', '--lower-constant-intrinsics', '--early-cse', '--gvn', '--lower-expect', '--loweratomic', '--elim-avail-extern', '--elim-avail-extern', '--lower-expect', '--slsr']",78,-3.849222549385374,0.0,-1.1476001034068006,0.0,1,-3.849222549385374,-1.1476001034068006,0.5008908414855473,-68.52791878172589,12.23816589477332,11.76470588235294,34
1153,"['--ipsccp', '--speculative-execution', '--sccp', '--early-cse', '--mem2reg', '--globalopt', '--elim-avail-extern', '--instcombine', '--adce', '--jump-threading', '--gvn', '--simplifycfg', '--instsimplify', '--inline', '--gvn-hoist', '--mergefunc', '--gvn-hoist', '--instcombine', '--globalopt', '--elim-avail-extern', '--indvars', '--gvn', '--gvn', '--ipsccp', '--gvn', '--nary-reassociate', '--loop-instsimplify', '--early-cse', '--mem2reg', '--jump-threading', '--globalopt', '--elim-avail-extern', '--instcombine', '--simplifycfg', '--sroa', '--mem2reg', '--gvn-hoist', '--sccp', '--early-cse', '--lower-constant-intrinsics', '--lowerinvoke', '--gvn-hoist', '--adce', '--loop-simplify', '--dse', '--loop-sink', '--simplifycfg', '--lower-expect', '--simplifycfg', '--gvn-hoist', '--instcombine', '--globalopt', '--aggressive-instcombine', '--gvn', '--gvn', '--gvn', '--ipsccp', '--gvn', '--lower-constant-intrinsics', '--loop-instsimplify', '--early-cse', '--mem2reg', '--early-cse-memssa', '--jump-threading', '--globalopt', '--slp-vectorizer', '--instcombine', '--simplifycfg', '--sroa', '--lower-constant-intrinsics', '--early-cse', '--gvn', '--lower-expect', '--loweratomic', '--elim-avail-extern', '--elim-avail-extern', '--lower-expect', '--slsr']",78,-3.849222549385374,0.0,-1.1476001034068006,0.0,1,-3.849222549385374,-1.1476001034068006,0.5008908414855473,-68.52791878172589,12.23816589477332,11.76470588235294,34
1394,"['--ipsccp', '--speculative-execution', '--sccp', '--early-cse', '--mem2reg', '--jump-threading', '--globalopt', '--elim-avail-extern', '--instcombine', '--adce', '--jump-threading', '--gvn', '--simplifycfg', '--instsimplify', '--inline', '--mergefunc', '--gvn-hoist', '--gvn-hoist', '--instcombine', '--globalopt', '--elim-avail-extern', '--indvars', '--gvn', '--gvn', '--ipsccp', '--gvn', '--nary-reassociate', '--loop-instsimplify', '--early-cse', '--mem2reg', '--jump-threading', '--globalopt', '--elim-avail-extern', '--instcombine', '--simplifycfg', '--sroa', '--mem2reg', '--globaldce', '--gvn-hoist', '--sccp', '--early-cse', '--lower-constant-intrinsics', '--adce', '--slsr', '--gvn-hoist', '--adce', '--inline', '--loop-simplify', '--dse', '--scalarizer', '--simplifycfg', '--lower-expect', '--simplifycfg', '--gvn-hoist', '--elim-avail-extern', '--lower-constant-intrinsics', '--gvn', '--ipsccp', '--gvn', '--nary-reassociate', '--gvn', '--early-cse', '--irce', '--mem2reg', '--jump-threading', '--globalopt', '--slp-vectorizer', '--instcombine', '--simplifycfg', '--sroa', '--early-cse', '--lower-expect', '--sroa', '--sroa', '--lower-expect', '--aggressive-instcombine']",76,-3.8512462846479156,0.0,-1.1593843698552353,0.0,1,-3.8512462846479156,-1.1593843698552353,0.5008908414855473,-68.52791878172589,12.170021249035479,11.76470588235294,34
1056,"['--ipsccp', '--speculative-execution', '--sccp', '--early-cse', '--mem2reg', '--jump-threading', '--globalopt', '--elim-avail-extern', '--instcombine', '--mem2reg', '--jump-threading', '--gvn', '--simplifycfg', '--instsimplify', '--inline', '--gvn-hoist', '--mergefunc', '--gvn-hoist', '--instcombine', '--globalopt', '--elim-avail-extern', '--indvars', '--gvn', '--gvn', '--ipsccp', '--nary-reassociate', '--lower-constant-intrinsics', '--loop-instsimplify', '--strip', '--adce', '--jump-threading', '--globalopt', '--instcombine', '--simplifycfg', '--sroa', '--mem2reg', '--gvn-hoist', '--sccp', '--early-cse', '--lower-constant-intrinsics', '--adce', '--early-cse', '--adce', '--lower-constant-intrinsics', '--dse', '--newgvn', '--lower-expect', '--gvn-hoist', '--instcombine', '--globalopt', '--elim-avail-extern', '--gvn', '--gvn', '--ipsccp', '--gvn', '--early-cse', '--lower-constant-intrinsics', '--early-cse', '--mem2reg', '--jump-threading', '--globalopt', '--slp-vectorizer', '--instcombine', '--simplifycfg', '--sroa', '--nary-reassociate', '--lower-expect', '--sroa', '--sroa', '--lower-expect', '--globalopt', '--elim-avail-extern', '--aggressive-instcombine']",73,-3.851801858219652,0.0,-1.1500671690670625,0.0,1,-3.851801858219652,-1.1500671690670625,0.5008908414855473,-68.52791878172589,12.245455990664135,11.76470588235294,34
1112,"['--ipsccp', '--speculative-execution', '--sccp', '--early-cse', '--mem2reg', '--jump-threading', '--globalopt', '--elim-avail-extern', '--instcombine', '--adce', '--jump-threading', '--gvn', '--simplifycfg', '--instsimplify', '--inline', '--gvn-hoist', '--mergefunc', '--gvn-hoist', '--instcombine', '--globalopt', '--elim-avail-extern', '--indvars', '--gvn', '--gvn', '--ipsccp', '--gvn', '--nary-reassociate', '--loop-instsimplify', '--early-cse', '--mem2reg', '--jump-threading', '--globalopt', '--instcombine', '--simplifycfg', '--sroa', '--gvn-hoist', '--sccp', '--early-cse', '--lower-constant-intrinsics', '--globalopt', '--gvn-hoist', '--adce', '--lower-constant-intrinsics', '--dse', '--newgvn', '--simplifycfg', '--lower-expect', '--simplifycfg', '--gvn-hoist', '--instcombine', '--globalopt', '--globalopt', '--early-cse-memssa', '--gvn', '--nary-reassociate', '--lower-constant-intrinsics', '--early-cse', '--mem2reg', '--jump-threading', '--globalopt', '--slp-vectorizer', '--simplifycfg', '--instcombine', '--simplifycfg', '--sroa', '--early-cse', '--lower-expect', '--sroa', '--sroa', '--lower-expect', '--globalopt', '--elim-avail-extern', '--aggressive-instcombine']",73,-3.851801858219652,0.0,-1.1500671690670625,0.0,1,-3.851801858219652,-1.1500671690670625,0.5008908414855473,-68.52791878172589,12.245455990664135,11.76470588235294,34
1045,"['--ipsccp', '--speculative-execution', '--sccp', '--early-cse', '--mem2reg', '--jump-threading', '--globalopt', '--elim-avail-extern', '--instcombine', '--adce', '--jump-threading', '--gvn', '--simplifycfg', '--instsimplify', '--inline', '--gvn-hoist', '--mergefunc', '--gvn-hoist', '--instcombine', '--globalopt', '--elim-avail-extern', '--indvars', '--gvn', '--gvn', '--ipsccp', '--gvn', '--nary-reassociate', '--loop-instsimplify', '--early-cse', '--mem2reg', '--jump-threading', '--globalopt', '--elim-avail-extern', '--instcombine', '--simplifycfg', '--sroa', '--mem2reg', '--gvn-hoist', '--sccp', '--early-cse', '--lower-constant-intrinsics', '--adce', '--gvn-hoist', '--adce', '--lower-constant-intrinsics', '--dse', '--newgvn', '--lower-expect', '--simplifycfg', '--gvn-hoist', '--instcombine', '--globalopt', '--elim-avail-extern', '--gvn', '--ipsccp', '--gvn', '--nary-reassociate', '--gvn', '--early-cse', '--mem2reg', '--jump-threading', '--globalopt', '--slp-vectorizer', '--instcombine', '--simplifycfg', '--sroa', '--early-cse', '--lower-expect', '--sroa', '--sroa', '--lower-expect', '--aggressive-instcombine']",72,-3.851801858219652,0.0,-1.1500671690670625,0.0,1,-3.851801858219652,-1.1500671690670625,0.5008908414855473,-68.52791878172589,12.245455990664135,11.76470588235294,34
1111,"['--speculative-execution', '--sccp', '--early-cse', '--mem2reg', '--jump-threading', '--globalopt', '--elim-avail-extern', '--instcombine', '--adce', '--jump-threading', '--gvn', '--simplifycfg', '--instsimplify', '--inline', '--gvn-hoist', '--mergefunc', '--gvn-hoist', '--instcombine', '--globalopt', '--elim-avail-extern', '--indvars', '--gvn', '--ipsccp', '--gvn', '--nary-reassociate', '--nary-reassociate', '--lower-constant-intrinsics', '--loop-instsimplify', '--strip', '--mem2reg', '--jump-threading', '--globalopt', '--instcombine', '--simplifycfg', '--sroa', '--gvn-hoist', '--sccp', '--early-cse', '--lower-constant-intrinsics', '--globalopt', '--gvn-hoist', '--adce', '--lower-constant-intrinsics', '--dse', '--newgvn', '--simplifycfg', '--lower-expect', '--gvn-hoist', '--instcombine', '--globalopt', '--globalopt', '--elim-avail-extern', '--gvn', '--gvn', '--ipsccp', '--gvn', '--early-cse', '--mem2reg', '--jump-threading', '--globalopt', '--slp-vectorizer', '--instcombine', '--simplifycfg', '--sroa', '--nary-reassociate', '--lower-expect', '--sroa', '--lower-expect', '--globalopt', '--elim-avail-extern', '--aggressive-instcombine']",71,-3.851801858219652,0.0,-1.1500671690670625,0.0,1,-3.851801858219652,-1.1500671690670625,0.5008908414855473,-68.52791878172589,12.245455990664135,11.76470588235294,34
1055,"['--ipsccp', '--speculative-execution', '--sccp', '--early-cse', '--mem2reg', '--jump-threading', '--globalopt', '--elim-avail-extern', '--instcombine', '--adce', '--jump-threading', '--gvn', '--simplifycfg', '--instsimplify', '--inline', '--gvn-hoist', '--mergefunc', '--gvn-hoist', '--instcombine', '--elim-avail-extern', '--indvars', '--gvn', '--gvn', '--ipsccp', '--gvn', '--nary-reassociate', '--loop-instsimplify', '--early-cse', '--mem2reg', '--jump-threading', '--globalopt', '--lower-expect', '--instcombine', '--simplifycfg', '--sroa', '--mem2reg', '--gvn-hoist', '--sccp', '--early-cse', '--lower-constant-intrinsics', '--adce', '--gvn-hoist', '--adce', '--lower-constant-intrinsics', '--dse', '--newgvn', '--elim-avail-extern', '--simplifycfg', '--gvn-hoist', '--instcombine', '--globalopt', '--gvn', '--prune-eh', '--ipsccp', '--gvn', '--nary-reassociate', '--lower-constant-intrinsics', '--early-cse', '--mem2reg', '--jump-threading', '--globalopt', '--slp-vectorizer', '--instcombine', '--simplifycfg', '--sroa', '--early-cse', '--lower-expect', '--sroa', '--sroa', '--lower-expect', '--globalopt', '--elim-avail-extern', '--aggressive-instcombine']",73,-3.851801858219652,0.0,-1.1500671690670625,0.0,1,-3.851801858219652,-1.1500671690670625,0.5008908414855473,-68.52791878172589,12.245455990664135,11.76470588235294,34
1050,"['--ipsccp', '--speculative-execution', '--sccp', '--early-cse', '--mem2reg', '--jump-threading', '--globalopt', '--elim-avail-extern', '--instcombine', '--adce', '--jump-threading', '--gvn', '--simplifycfg', '--instsimplify', '--inline', '--gvn-hoist', '--mergefunc', '--gvn-hoist', '--instcombine', '--globalopt', '--elim-avail-extern', '--indvars', '--gvn', '--gvn', '--ipsccp', '--gvn', '--nary-reassociate', '--loop-instsimplify', '--early-cse', '--mem2reg', '--jump-threading', '--globalopt', '--instcombine', '--simplifycfg', '--sroa', '--gvn-hoist', '--sccp', '--early-cse', '--lower-constant-intrinsics', '--globalopt', '--gvn-hoist', '--adce', '--lower-constant-intrinsics', '--dse', '--newgvn', '--simplifycfg', '--lower-expect', '--simplifycfg', '--gvn-hoist', '--instcombine', '--globalopt', '--globalopt', '--early-cse-memssa', '--elim-avail-extern', '--gvn', '--ipsccp', '--gvn', '--early-cse', '--mem2reg', '--jump-threading', '--globalopt', '--slp-vectorizer', '--instcombine', '--simplifycfg', '--sroa', '--early-cse', '--lower-expect', '--sroa', '--sroa', '--lower-expect', '--adce', '--elim-avail-extern', '--aggressive-instcombine']",73,-3.851801858219652,0.0,-1.1500671690670625,0.0,1,-3.851801858219652,-1.1500671690670625,0.5008908414855473,-68.52791878172589,12.245455990664135,11.76470588235294,34
1060,"['--speculative-execution', '--sccp', '--early-cse', '--mem2reg', '--jump-threading', '--globalopt', '--elim-avail-extern', '--instcombine', '--adce', '--jump-threading', '--gvn', '--simplifycfg', '--instsimplify', '--inline', '--gvn-hoist', '--mergefunc', '--gvn-hoist', '--instcombine', '--globalopt', '--elim-avail-extern', '--indvars', '--gvn', '--ipsccp', '--gvn', '--nary-reassociate', '--nary-reassociate', '--lower-constant-intrinsics', '--loop-instsimplify', '--strip', '--mem2reg', '--jump-threading', '--globalopt', '--instcombine', '--simplifycfg', '--sroa', '--gvn-hoist', '--sccp', '--early-cse', '--lower-constant-intrinsics', '--globalopt', '--gvn-hoist', '--adce', '--lower-constant-intrinsics', '--dse', '--newgvn', '--simplifycfg', '--lower-expect', '--gvn-hoist', '--instcombine', '--globalopt', '--globalopt', '--elim-avail-extern', '--gvn', '--gvn', '--ipsccp', '--gvn', '--early-cse', '--mem2reg', '--jump-threading', '--globalopt', '--slp-vectorizer', '--instcombine', '--simplifycfg', '--sroa', '--early-cse', '--lower-expect', '--sroa', '--sroa', '--lower-expect', '--adce', '--elim-avail-extern', '--aggressive-instcombine']",72,-3.851801858219652,0.0,-1.1500671690670625,0.0,1,-3.851801858219652,-1.1500671690670625,0.5008908414855473,-68.52791878172589,12.245455990664135,11.76470588235294,34
1110,"['--ipsccp', '--speculative-execution', '--sccp', '--early-cse', '--mem2reg', '--jump-threading', '--globalopt', '--elim-avail-extern', '--instcombine', '--adce', '--jump-threading', '--gvn', '--simplifycfg', '--instsimplify', '--inline', '--gvn-hoist', '--mergefunc', '--gvn-hoist', '--instcombine', '--elim-avail-extern', '--indvars', '--gvn', '--mldst-motion', '--gvn', '--ipsccp', '--gvn', '--nary-reassociate', '--loop-instsimplify', '--early-cse', '--mem2reg', '--jump-threading', '--simplifycfg', '--elim-avail-extern', '--instcombine', '--simplifycfg', '--sroa', '--mem2reg', '--gvn-hoist', '--sccp', '--early-cse', '--lower-constant-intrinsics', '--adce', '--gvn-hoist', '--adce', '--lower-constant-intrinsics', '--dse', '--newgvn', '--lower-expect', '--simplifycfg', '--gvn-hoist', '--instcombine', '--globalopt', '--gvn', '--ipsccp', '--gvn', '--early-cse', '--lower-constant-intrinsics', '--early-cse', '--mem2reg', '--jump-threading', '--globalopt', '--slp-vectorizer', '--instcombine', '--globalopt', '--sroa', '--nary-reassociate', '--lower-expect', '--sroa', '--lower-expect', '--globalopt', '--elim-avail-extern', '--aggressive-instcombine']",72,-3.851801858219652,0.0,-1.1500671690670625,0.0,1,-3.851801858219652,-1.1500671690670625,0.5008908414855473,-68.52791878172589,12.245455990664135,11.76470588235294,34
1090,"['--speculative-execution', '--sccp', '--early-cse', '--mem2reg', '--jump-threading', '--globalopt', '--elim-avail-extern', '--instcombine', '--adce', '--jump-threading', '--gvn', '--simplifycfg', '--instsimplify', '--inline', '--gvn-hoist', '--mergefunc', '--gvn-hoist', '--instcombine', '--globalopt', '--elim-avail-extern', '--indvars', '--gvn', '--ipsccp', '--gvn', '--nary-reassociate', '--lower-constant-intrinsics', '--loop-instsimplify', '--strip', '--mem2reg', '--jump-threading', '--globalopt', '--instcombine', '--simplifycfg', '--sroa', '--mem2reg', '--gvn-hoist', '--sccp', '--early-cse', '--lower-constant-intrinsics', '--adce', '--gvn-hoist', '--adce', '--lower-constant-intrinsics', '--dse', '--newgvn', '--lower-expect', '--gvn-hoist', '--instcombine', '--globalopt', '--elim-avail-extern', '--gvn', '--gvn', '--ipsccp', '--gvn', '--nary-reassociate', '--lower-constant-intrinsics', '--early-cse', '--separate-const-offset-from-gep', '--jump-threading', '--globalopt', '--slp-vectorizer', '--instcombine', '--simplifycfg', '--sroa', '--early-cse', '--lower-expect', '--sroa', '--sroa', '--lower-expect', '--globalopt', '--elim-avail-extern', '--aggressive-instcombine']",72,-3.851801858219652,0.0,-1.1500671690670625,0.0,1,-3.851801858219652,-1.1500671690670625,0.5008908414855473,-68.52791878172589,12.245455990664135,11.76470588235294,34
1059,"['--ipsccp', '--speculative-execution', '--sccp', '--early-cse', '--mem2reg', '--jump-threading', '--globalopt', '--elim-avail-extern', '--instcombine', '--adce', '--jump-threading', '--gvn', '--simplifycfg', '--instsimplify', '--inline', '--gvn-hoist', '--mergefunc', '--gvn-hoist', '--instcombine', '--globalopt', '--lower-constant-intrinsics', '--indvars', '--gvn', '--ipsccp', '--gvn', '--nary-reassociate', '--lower-constant-intrinsics', '--loop-instsimplify', '--strip', '--mem2reg', '--jump-threading', '--globalopt', '--instcombine', '--simplifycfg', '--sroa', '--gvn-hoist', '--sccp', '--early-cse', '--lower-constant-intrinsics', '--globalopt', '--gvn-hoist', '--adce', '--elim-avail-extern', '--dse', '--newgvn', '--simplifycfg', '--lower-expect', '--gvn-hoist', '--instcombine', '--globalopt', '--globalopt', '--elim-avail-extern', '--gvn', '--gvn', '--ipsccp', '--gvn', '--early-cse', '--mem2reg', '--jump-threading', '--globalopt', '--slp-vectorizer', '--instcombine', '--simplifycfg', '--sroa', '--early-cse', '--lower-expect', '--sroa', '--sroa', '--lower-expect', '--adce', '--elim-avail-extern', '--aggressive-instcombine']",72,-3.851801858219652,0.0,-1.1500671690670625,0.0,1,-3.851801858219652,-1.1500671690670625,0.5008908414855473,-68.52791878172589,12.245455990664135,11.76470588235294,34
1108,"['--ipsccp', '--speculative-execution', '--sccp', '--early-cse', '--mem2reg', '--jump-threading', '--globalopt', '--elim-avail-extern', '--instcombine', '--adce', '--jump-threading', '--gvn', '--simplifycfg', '--instsimplify', '--inline', '--gvn-hoist', '--mergefunc', '--gvn-hoist', '--instcombine', '--globalopt', '--elim-avail-extern', '--indvars', '--gvn', '--gvn', '--loop-simplify', '--gvn', '--nary-reassociate', '--loop-instsimplify', '--early-cse', '--mem2reg', '--jump-threading', '--globalopt', '--elim-avail-extern', '--instcombine', '--simplifycfg', '--sroa', '--mem2reg', '--gvn-hoist', '--early-cse', '--lower-constant-intrinsics', '--adce', '--gvn-hoist', '--adce', '--ipsccp', '--dse', '--loop-sink', '--simplifycfg', '--lower-expect', '--simplifycfg', '--gvn-hoist', '--gvn', '--ipsccp', '--gvn', '--nary-reassociate', '--lower-constant-intrinsics', '--early-cse', '--mem2reg', '--jump-threading', '--globalopt', '--slp-vectorizer', '--instcombine', '--simplifycfg', '--sroa', '--early-cse', '--lower-expect', '--sroa', '--sroa', '--lower-expect', '--globalopt', '--elim-avail-extern', '--aggressive-instcombine']",71,-3.851801858219652,0.0,-1.1500671690670625,0.0,1,-3.851801858219652,-1.1500671690670625,0.5008908414855473,-68.52791878172589,12.245455990664135,11.76470588235294,34
1036,"['--ipsccp', '--speculative-execution', '--sccp', '--early-cse', '--mem2reg', '--jump-threading', '--globalopt', '--elim-avail-extern', '--instcombine', '--adce', '--jump-threading', '--gvn', '--simplifycfg', '--instsimplify', '--inline', '--gvn-hoist', '--mergefunc', '--gvn-hoist', '--instcombine', '--globalopt', '--elim-avail-extern', '--indvars', '--gvn', '--gvn', '--ipsccp', '--gvn', '--nary-reassociate', '--loop-instsimplify', '--early-cse', '--mem2reg', '--jump-threading', '--globalopt', '--elim-avail-extern', '--instcombine', '--simplifycfg', '--sroa', '--mem2reg', '--gvn-hoist', '--sccp', '--early-cse', '--lower-constant-intrinsics', '--adce', '--gvn-hoist', '--instsimplify', '--loop-simplify', '--dse', '--newgvn', '--simplifycfg', '--instcombine', '--globalopt', '--elim-avail-extern', '--gvn', '--gvn', '--ipsccp', '--gvn', '--nary-reassociate', '--lower-constant-intrinsics', '--early-cse', '--mem2reg', '--jump-threading', '--globalopt', '--slp-vectorizer', '--instcombine', '--simplifycfg', '--sroa', '--lower-expect', '--sroa', '--sroa', '--lower-expect', '--globalopt', '--elim-avail-extern', '--aggressive-instcombine']",72,-3.851801858219652,0.0,-1.1500671690670625,0.0,1,-3.851801858219652,-1.1500671690670625,0.5008908414855473,-68.52791878172589,12.245455990664135,11.76470588235294,34
1107,"['--speculative-execution', '--sccp', '--early-cse', '--mem2reg', '--jump-threading', '--globalopt', '--elim-avail-extern', '--instcombine', '--adce', '--jump-threading', '--gvn', '--simplifycfg', '--instsimplify', '--inline', '--gvn-hoist', '--mergefunc', '--gvn-hoist', '--instcombine', '--globalopt', '--elim-avail-extern', '--indvars', '--gvn', '--ipsccp', '--gvn', '--nary-reassociate', '--lower-constant-intrinsics', '--loop-instsimplify', '--strip', '--mem2reg', '--jump-threading', '--globalopt', '--instcombine', '--simplifycfg', '--sroa', '--mem2reg', '--gvn-hoist', '--sccp', '--early-cse', '--lower-constant-intrinsics', '--adce', '--gvn-hoist', '--adce', '--lower-constant-intrinsics', '--dse', '--newgvn', '--lower-expect', '--gvn-hoist', '--instcombine', '--globalopt', '--elim-avail-extern', '--gvn', '--gvn', '--ipsccp', '--gvn', '--early-cse', '--lower-constant-intrinsics', '--early-cse', '--mem2reg', '--jump-threading', '--globalopt', '--slp-vectorizer', '--instcombine', '--simplifycfg', '--sroa', '--early-cse', '--lower-expect', '--sroa', '--sroa', '--lower-expect', '--adce', '--elim-avail-extern', '--aggressive-instcombine']",72,-3.851801858219652,0.0,-1.1500671690670625,0.0,1,-3.851801858219652,-1.1500671690670625,0.5008908414855473,-68.52791878172589,12.245455990664135,11.76470588235294,34
1039,"['--ipsccp', '--speculative-execution', '--sccp', '--early-cse', '--mem2reg', '--jump-threading', '--globalopt', '--elim-avail-extern', '--instcombine', '--adce', '--jump-threading', '--gvn', '--simplifycfg', '--instsimplify', '--inline', '--gvn-hoist', '--mergefunc', '--gvn-hoist', '--instcombine', '--globalopt', '--elim-avail-extern', '--indvars', '--gvn', '--gvn', '--ipsccp', '--gvn', '--nary-reassociate', '--loop-instsimplify', '--early-cse', '--mem2reg', '--jump-threading', '--globalopt', '--elim-avail-extern', '--instcombine', '--simplifycfg', '--sroa', '--mem2reg', '--globalopt', '--sccp', '--early-cse', '--lower-constant-intrinsics', '--adce', '--gvn-hoist', '--adce', '--lower-constant-intrinsics', '--dse', '--newgvn', '--lower-expect', '--simplifycfg', '--gvn-hoist', '--instcombine', '--globalopt', '--elim-avail-extern', '--lower-constant-intrinsics', '--gvn', '--ipsccp', '--gvn', '--nary-reassociate', '--gvn', '--early-cse', '--mem2reg', '--jump-threading', '--globalopt', '--slp-vectorizer', '--instcombine', '--simplifycfg', '--sroa', '--early-cse', '--lower-expect', '--sroa', '--sroa', '--lower-expect', '--aggressive-instcombine']",73,-3.851801858219652,0.0,-1.1500671690670625,0.0,1,-3.851801858219652,-1.1500671690670625,0.5008908414855473,-68.52791878172589,12.245455990664135,11.76470588235294,34
1094,"['--ipsccp', '--speculative-execution', '--sccp', '--early-cse', '--mem2reg', '--jump-threading', '--globalopt', '--elim-avail-extern', '--instcombine', '--adce', '--jump-threading', '--gvn', '--simplifycfg', '--instsimplify', '--inline', '--gvn-hoist', '--mergefunc', '--gvn-hoist', '--instcombine', '--globalopt', '--elim-avail-extern', '--indvars', '--gvn', '--gvn', '--ipsccp', '--gvn', '--nary-reassociate', '--loop-instsimplify', '--early-cse', '--mem2reg', '--jump-threading', '--globalopt', '--instcombine', '--simplifycfg', '--sroa', '--gvn-hoist', '--sccp', '--early-cse', '--lower-constant-intrinsics', '--globalopt', '--gvn-hoist', '--adce', '--lower-constant-intrinsics', '--dse', '--newgvn', '--simplifycfg', '--lower-expect', '--simplifycfg', '--inferattrs', '--instcombine', '--globalopt', '--globalopt', '--early-cse-memssa', '--elim-avail-extern', '--gvn', '--ipsccp', '--gvn', '--early-cse', '--mem2reg', '--jump-threading', '--globalopt', '--slp-vectorizer', '--instcombine', '--simplifycfg', '--sroa', '--early-cse', '--lower-expect', '--sroa', '--sroa', '--lower-expect', '--adce', '--elim-avail-extern', '--aggressive-instcombine']",73,-3.851801858219652,0.0,-1.1500671690670625,0.0,1,-3.851801858219652,-1.1500671690670625,0.5008908414855473,-68.52791878172589,12.245455990664135,11.76470588235294,34
1091,"['--ipsccp', '--speculative-execution', '--sccp', '--early-cse', '--mem2reg', '--jump-threading', '--globalopt', '--elim-avail-extern', '--instcombine', '--mem2reg', '--jump-threading', '--gvn', '--simplifycfg', '--instsimplify', '--inline', '--gvn-hoist', '--mergefunc', '--gvn-hoist', '--instcombine', '--globalopt', '--globaldce', '--elim-avail-extern', '--indvars', '--gvn', '--gvn', '--ipsccp', '--nary-reassociate', '--lower-constant-intrinsics', '--loop-instsimplify', '--strip', '--adce', '--jump-threading', '--globalopt', '--instcombine', '--simplifycfg', '--sroa', '--mem2reg', '--gvn-hoist', '--sccp', '--early-cse', '--lower-constant-intrinsics', '--adce', '--gvn-hoist', '--adce', '--lower-constant-intrinsics', '--dse', '--newgvn', '--lower-expect', '--gvn-hoist', '--instcombine', '--globalopt', '--elim-avail-extern', '--gvn', '--gvn', '--ipsccp', '--gvn', '--early-cse', '--lower-constant-intrinsics', '--early-cse', '--mem2reg', '--jump-threading', '--globalopt', '--slp-vectorizer', '--instcombine', '--simplifycfg', '--sroa', '--nary-reassociate', '--lower-expect', '--sroa', '--lower-expect', '--globalopt', '--elim-avail-extern', '--aggressive-instcombine']",73,-3.851801858219652,0.0,-1.1500671690670625,0.0,1,-3.851801858219652,-1.1500671690670625,0.5008908414855473,-68.52791878172589,12.245455990664135,11.76470588235294,34
998,"['--speculative-execution', '--sccp', '--early-cse', '--mem2reg', '--jump-threading', '--globalopt', '--elim-avail-extern', '--instcombine', '--adce', '--jump-threading', '--gvn', '--simplifycfg', '--instsimplify', '--inline', '--gvn-hoist', '--mergefunc', '--gvn-hoist', '--instcombine', '--globalopt', '--elim-avail-extern', '--indvars', '--gvn', '--ipsccp', '--gvn', '--nary-reassociate', '--lower-constant-intrinsics', '--loop-instsimplify', '--strip', '--mem2reg', '--jump-threading', '--globalopt', '--instcombine', '--simplifycfg', '--sroa', '--mem2reg', '--gvn-hoist', '--sccp', '--early-cse', '--lower-constant-intrinsics', '--adce', '--gvn-hoist', '--adce', '--lower-constant-intrinsics', '--dse', '--newgvn', '--lower-expect', '--gvn-hoist', '--instcombine', '--globalopt', '--elim-avail-extern', '--gvn', '--gvn', '--ipsccp', '--gvn', '--early-cse', '--lower-constant-intrinsics', '--early-cse', '--mem2reg', '--jump-threading', '--globalopt', '--slp-vectorizer', '--instcombine', '--simplifycfg', '--sroa', '--nary-reassociate', '--lower-expect', '--sroa', '--lower-expect', '--globalopt', '--elim-avail-extern', '--aggressive-instcombine']",71,-3.851801858219652,0.0,-1.1500671690670625,0.0,1,-3.851801858219652,-1.1500671690670625,0.5008908414855473,-68.52791878172589,12.245455990664135,11.76470588235294,34
1086,"['--ipsccp', '--speculative-execution', '--sccp', '--early-cse', '--mem2reg', '--jump-threading', '--globalopt', '--elim-avail-extern', '--instcombine', '--adce', '--jump-threading', '--gvn', '--simplifycfg', '--instsimplify', '--inline', '--mergefunc', '--gvn-hoist', '--gvn-hoist', '--instcombine', '--globalopt', '--elim-avail-extern', '--indvars', '--gvn', '--gvn', '--ipsccp', '--gvn', '--nary-reassociate', '--loop-instsimplify', '--early-cse', '--mem2reg', '--jump-threading', '--globalopt', '--elim-avail-extern', '--instcombine', '--simplifycfg', '--sroa', '--mem2reg', '--globaldce', '--gvn-hoist', '--sccp', '--early-cse', '--lower-constant-intrinsics', '--adce', '--gvn-hoist', '--adce', '--loop-simplify', '--dse', '--loop-sink', '--simplifycfg', '--lower-expect', '--simplifycfg', '--gvn-hoist', '--instcombine', '--globalopt', '--aggressive-instcombine', '--gvn', '--gvn', '--ipsccp', '--gvn', '--lower-constant-intrinsics', '--loop-instsimplify', '--early-cse', '--mem2reg', '--jump-threading', '--globalopt', '--slp-vectorizer', '--instcombine', '--simplifycfg', '--sroa', '--lower-expect', '--globalopt', '--elim-avail-extern', '--aggressive-instcombine']",73,-3.851801858219652,0.0,-1.1500671690670625,0.0,1,-3.851801858219652,-1.1500671690670625,0.5008908414855473,-68.52791878172589,12.245455990664135,11.76470588235294,34
1028,"['--ipsccp', '--speculative-execution', '--sccp', '--early-cse', '--mem2reg', '--jump-threading', '--globalopt', '--elim-avail-extern', '--instcombine', '--adce', '--jump-threading', '--gvn', '--simplifycfg', '--instsimplify', '--inline', '--gvn-hoist', '--mergefunc', '--gvn-hoist', '--instcombine', '--globalopt', '--elim-avail-extern', '--indvars', '--gvn', '--ipsccp', '--gvn', '--nary-reassociate', '--lower-constant-intrinsics', '--loop-instsimplify', '--strip', '--mem2reg', '--jump-threading', '--globalopt', '--instcombine', '--simplifycfg', '--sroa', '--gvn-hoist', '--sccp', '--early-cse', '--lower-constant-intrinsics', '--globalopt', '--gvn-hoist', '--adce', '--lower-constant-intrinsics', '--dse', '--newgvn', '--simplifycfg', '--lower-expect', '--gvn-hoist', '--instcombine', '--globalopt', '--globalopt', '--elim-avail-extern', '--gvn', '--gvn', '--ipsccp', '--gvn', '--early-cse', '--mem2reg', '--jump-threading', '--globalopt', '--slp-vectorizer', '--instcombine', '--simplifycfg', '--sroa', '--early-cse', '--lower-expect', '--sroa', '--sroa', '--lower-expect', '--adce', '--elim-avail-extern', '--aggressive-instcombine']",72,-3.851801858219652,0.0,-1.1500671690670625,0.0,1,-3.851801858219652,-1.1500671690670625,0.5008908414855473,-68.52791878172589,12.245455990664135,11.76470588235294,34
1005,"['--ipsccp', '--speculative-execution', '--sccp', '--early-cse', '--mem2reg', '--jump-threading', '--globalopt', '--elim-avail-extern', '--instcombine', '--adce', '--jump-threading', '--gvn', '--simplifycfg', '--instsimplify', '--inline', '--gvn-hoist', '--mergefunc', '--gvn-hoist', '--instcombine', '--globalopt', '--elim-avail-extern', '--indvars', '--gvn', '--gvn', '--ipsccp', '--gvn', '--nary-reassociate', '--loop-instsimplify', '--early-cse', '--mem2reg', '--jump-threading', '--globalopt', '--elim-avail-extern', '--instcombine', '--simplifycfg', '--sroa', '--mem2reg', '--globaldce', '--gvn-hoist', '--sccp', '--early-cse', '--lower-constant-intrinsics', '--adce', '--gvn-hoist', '--adce', '--loop-simplify', '--dse', '--loop-sink', '--simplifycfg', '--lower-expect', '--simplifycfg', '--gvn-hoist', '--instcombine', '--globalopt', '--aggressive-instcombine', '--gvn', '--gvn', '--ipsccp', '--gvn', '--lower-constant-intrinsics', '--loop-instsimplify', '--early-cse', '--mem2reg', '--jump-threading', '--globalopt', '--slp-vectorizer', '--instcombine', '--simplifycfg', '--sroa', '--lower-expect', '--globalopt', '--elim-avail-extern', '--aggressive-instcombine']",73,-3.851801858219652,0.0,-1.1500671690670625,0.0,1,-3.851801858219652,-1.1500671690670625,0.5008908414855473,-68.52791878172589,12.245455990664135,11.76470588235294,34
1098,"['--ipsccp', '--speculative-execution', '--sccp', '--early-cse', '--mem2reg', '--jump-threading', '--globalopt', '--elim-avail-extern', '--instcombine', '--adce', '--jump-threading', '--gvn', '--simplifycfg', '--instsimplify', '--inline', '--gvn-hoist', '--mergefunc', '--gvn-hoist', '--instcombine', '--globalopt', '--elim-avail-extern', '--indvars', '--loop-simplify', '--gvn', '--gvn', '--ipsccp', '--gvn', '--nary-reassociate', '--loop-instsimplify', '--early-cse', '--mem2reg', '--jump-threading', '--globalopt', '--elim-avail-extern', '--instcombine', '--simplifycfg', '--sroa', '--mem2reg', '--gvn-hoist', '--sccp', '--early-cse', '--lower-constant-intrinsics', '--adce', '--gvn-hoist', '--instsimplify', '--loop-simplify', '--dse', '--newgvn', '--simplifycfg', '--instcombine', '--globalopt', '--elim-avail-extern', '--gvn', '--gvn', '--ipsccp', '--gvn', '--nary-reassociate', '--lower-constant-intrinsics', '--early-cse', '--mem2reg', '--jump-threading', '--globalopt', '--slp-vectorizer', '--instcombine', '--simplifycfg', '--sroa', '--lower-expect', '--sroa', '--sroa', '--lower-expect', '--globalopt', '--elim-avail-extern', '--aggressive-instcombine']",73,-3.851801858219652,0.0,-1.1500671690670625,0.0,1,-3.851801858219652,-1.1500671690670625,0.5008908414855473,-68.52791878172589,12.245455990664135,11.76470588235294,34
1097,"['--ipsccp', '--speculative-execution', '--sccp', '--early-cse', '--mem2reg', '--jump-threading', '--globalopt', '--elim-avail-extern', '--instcombine', '--adce', '--jump-threading', '--gvn', '--simplifycfg', '--instsimplify', '--inline', '--gvn-hoist', '--mergefunc', '--gvn-hoist', '--instcombine', '--elim-avail-extern', '--indvars', '--gvn', '--mldst-motion', '--gvn', '--ipsccp', '--gvn', '--nary-reassociate', '--loop-instsimplify', '--early-cse', '--mem2reg', '--jump-threading', '--globalopt', '--elim-avail-extern', '--instcombine', '--simplifycfg', '--sroa', '--mem2reg', '--gvn-hoist', '--sccp', '--early-cse', '--lower-constant-intrinsics', '--adce', '--gvn-hoist', '--adce', '--lower-constant-intrinsics', '--dse', '--newgvn', '--lower-expect', '--simplifycfg', '--gvn-hoist', '--instcombine', '--globalopt', '--gvn', '--ipsccp', '--gvn', '--early-cse', '--lower-constant-intrinsics', '--early-cse', '--mem2reg', '--jump-threading', '--globalopt', '--slp-vectorizer', '--instcombine', '--simplifycfg', '--sroa', '--nary-reassociate', '--lower-expect', '--sroa', '--lower-expect', '--globalopt', '--elim-avail-extern', '--aggressive-instcombine']",72,-3.851801858219652,0.0,-1.1500671690670625,0.0,1,-3.851801858219652,-1.1500671690670625,0.5008908414855473,-68.52791878172589,12.245455990664135,11.76470588235294,34
1009,"['--ipsccp', '--speculative-execution', '--sccp', '--early-cse', '--mem2reg', '--jump-threading', '--globalopt', '--elim-avail-extern', '--instcombine', '--mem2reg', '--jump-threading', '--gvn', '--simplifycfg', '--instsimplify', '--inline', '--gvn-hoist', '--mergefunc', '--gvn-hoist', '--instcombine', '--globalopt', '--elim-avail-extern', '--indvars', '--gvn', '--gvn', '--ipsccp', '--nary-reassociate', '--lower-constant-intrinsics', '--loop-instsimplify', '--strip', '--adce', '--jump-threading', '--globalopt', '--instcombine', '--simplifycfg', '--sroa', '--mem2reg', '--gvn-hoist', '--sccp', '--early-cse', '--lower-constant-intrinsics', '--adce', '--gvn-hoist', '--adce', '--lower-constant-intrinsics', '--dse', '--newgvn', '--lower-expect', '--gvn-hoist', '--instcombine', '--globalopt', '--elim-avail-extern', '--gvn', '--gvn', '--ipsccp', '--gvn', '--early-cse', '--lower-constant-intrinsics', '--early-cse', '--mem2reg', '--jump-threading', '--globalopt', '--slp-vectorizer', '--instcombine', '--simplifycfg', '--sroa', '--nary-reassociate', '--lower-expect', '--sroa', '--lower-expect', '--globalopt', '--elim-avail-extern', '--aggressive-instcombine']",72,-3.851801858219652,0.0,-1.1500671690670625,0.0,1,-3.851801858219652,-1.1500671690670625,0.5008908414855473,-68.52791878172589,12.245455990664135,11.76470588235294,34
1093,"['--ipsccp', '--speculative-execution', '--sccp', '--early-cse', '--mem2reg', '--jump-threading', '--globalopt', '--elim-avail-extern', '--instcombine', '--mem2reg', '--jump-threading', '--gvn', '--simplifycfg', '--instsimplify', '--inline', '--gvn-hoist', '--mergefunc', '--gvn-hoist', '--instcombine', '--globalopt', '--elim-avail-extern', '--indvars', '--gvn', '--gvn', '--ipsccp', '--nary-reassociate', '--lower-constant-intrinsics', '--loop-instsimplify', '--strip', '--adce', '--jump-threading', '--globalopt', '--instcombine', '--simplifycfg', '--sroa', '--mem2reg', '--gvn-hoist', '--sccp', '--early-cse', '--lower-constant-intrinsics', '--adce', '--gvn-hoist', '--adce', '--aggressive-instcombine', '--dse', '--newgvn', '--lower-expect', '--gvn-hoist', '--instcombine', '--globalopt', '--elim-avail-extern', '--gvn', '--gvn', '--ipsccp', '--gvn', '--early-cse', '--lower-constant-intrinsics', '--early-cse', '--mem2reg', '--jump-threading', '--globalopt', '--slp-vectorizer', '--instcombine', '--simplifycfg', '--sroa', '--nary-reassociate', '--lower-expect', '--sroa', '--lower-expect', '--globalopt', '--elim-avail-extern', '--lower-constant-intrinsics']",72,-3.851801858219652,0.0,-1.1500671690670625,0.0,1,-3.851801858219652,-1.1500671690670625,0.5008908414855473,-68.52791878172589,12.245455990664135,11.76470588235294,34
1023,"['--ipsccp', '--speculative-execution', '--sccp', '--early-cse', '--mem2reg', '--jump-threading', '--globalopt', '--elim-avail-extern', '--instcombine', '--adce', '--jump-threading', '--gvn', '--simplifycfg', '--instsimplify', '--inline', '--gvn-hoist', '--mergefunc', '--gvn-hoist', '--instcombine', '--elim-avail-extern', '--indvars', '--gvn', '--gvn', '--ipsccp', '--gvn', '--nary-reassociate', '--loop-instsimplify', '--early-cse', '--mem2reg', '--jump-threading', '--globalopt', '--lower-expect', '--instcombine', '--simplifycfg', '--sroa', '--mem2reg', '--gvn-hoist', '--sccp', '--early-cse', '--lower-constant-intrinsics', '--adce', '--gvn-hoist', '--adce', '--lower-constant-intrinsics', '--dse', '--newgvn', '--elim-avail-extern', '--simplifycfg', '--gvn-hoist', '--instcombine', '--globalopt', '--gvn', '--ipsccp', '--gvn', '--nary-reassociate', '--lower-constant-intrinsics', '--early-cse', '--mem2reg', '--jump-threading', '--globalopt', '--slp-vectorizer', '--instcombine', '--simplifycfg', '--sroa', '--early-cse', '--lower-expect', '--sroa', '--sroa', '--lower-expect', '--globalopt', '--elim-avail-extern', '--aggressive-instcombine']",72,-3.851801858219652,0.0,-1.1500671690670625,0.0,1,-3.851801858219652,-1.1500671690670625,0.5008908414855473,-68.52791878172589,12.245455990664135,11.76470588235294,34
1077,"['--ipsccp', '--speculative-execution', '--sccp', '--early-cse', '--mem2reg', '--jump-threading', '--globalopt', '--elim-avail-extern', '--instcombine', '--adce', '--jump-threading', '--gvn', '--simplifycfg', '--instsimplify', '--inline', '--gvn-hoist', '--mergefunc', '--gvn-hoist', '--instcombine', '--globalopt', '--elim-avail-extern', '--indvars', '--gvn', '--gvn', '--ipsccp', '--gvn', '--nary-reassociate', '--loop-instsimplify', '--early-cse', '--mem2reg', '--jump-threading', '--globalopt', '--instcombine', '--loop-deletion', '--sroa', '--gvn-hoist', '--sccp', '--early-cse', '--lower-constant-intrinsics', '--globalopt', '--gvn-hoist', '--adce', '--lower-constant-intrinsics', '--dse', '--newgvn', '--simplifycfg', '--lower-expect', '--simplifycfg', '--gvn-hoist', '--instcombine', '--globalopt', '--globalopt', '--early-cse-memssa', '--elim-avail-extern', '--gvn', '--ipsccp', '--gvn', '--early-cse', '--mem2reg', '--jump-threading', '--globalopt', '--slp-vectorizer', '--instcombine', '--simplifycfg', '--sroa', '--early-cse', '--lower-expect', '--sroa', '--sroa', '--lower-expect', '--adce', '--elim-avail-extern', '--aggressive-instcombine']",73,-3.851801858219652,0.0,-1.1500671690670625,0.0,1,-3.851801858219652,-1.1500671690670625,0.5008908414855473,-68.52791878172589,12.245455990664135,11.76470588235294,34
1142,"['--ipsccp', '--speculative-execution', '--sccp', '--early-cse', '--mem2reg', '--jump-threading', '--globalopt', '--elim-avail-extern', '--instcombine', '--adce', '--jump-threading', '--gvn', '--simplifycfg', '--instsimplify', '--inline', '--gvn-hoist', '--mergefunc', '--gvn-hoist', '--instcombine', '--globalopt', '--elim-avail-extern', '--indvars', '--gvn', '--gvn', '--ipsccp', '--nary-reassociate', '--lower-constant-intrinsics', '--loop-instsimplify', '--strip', '--adce', '--jump-threading', '--globalopt', '--instcombine', '--simplifycfg', '--sroa', '--mem2reg', '--gvn-hoist', '--sccp', '--early-cse', '--lower-constant-intrinsics', '--adce', '--gvn-hoist', '--adce', '--lower-constant-intrinsics', '--dse', '--newgvn', '--lower-expect', '--gvn-hoist', '--instcombine', '--globalopt', '--elim-avail-extern', '--gvn', '--gvn', '--ipsccp', '--gvn', '--early-cse', '--lower-constant-intrinsics', '--early-cse', '--mem2reg', '--jump-threading', '--globalopt', '--slp-vectorizer', '--instcombine', '--simplifycfg', '--sroa', '--nary-reassociate', '--lower-expect', '--sroa', '--lower-expect', '--globalopt', '--elim-avail-extern', '--aggressive-instcombine']",72,-3.851801858219652,0.0,-1.1500671690670625,0.0,1,-3.851801858219652,-1.1500671690670625,0.5008908414855473,-68.52791878172589,12.245455990664135,11.76470588235294,34
1163,"['--ipsccp', '--speculative-execution', '--sccp', '--early-cse', '--mem2reg', '--jump-threading', '--globalopt', '--elim-avail-extern', '--instcombine', '--adce', '--jump-threading', '--gvn', '--simplifycfg', '--instsimplify', '--inline', '--gvn-hoist', '--mergefunc', '--gvn-hoist', '--instcombine', '--globalopt', '--elim-avail-extern', '--indvars', '--gvn', '--gvn', '--loop-simplify', '--gvn', '--nary-reassociate', '--loop-instsimplify', '--ipsccp', '--mem2reg', '--jump-threading', '--globalopt', '--instcombine', '--simplifycfg', '--sroa', '--gvn-hoist', '--sccp', '--early-cse', '--lower-constant-intrinsics', '--globalopt', '--gvn-hoist', '--adce', '--lower-constant-intrinsics', '--dse', '--newgvn', '--simplifycfg', '--lower-expect', '--gvn-hoist', '--instcombine', '--globalopt', '--globalopt', '--elim-avail-extern', '--gvn', '--gvn', '--ipsccp', '--gvn', '--early-cse', '--mem2reg', '--jump-threading', '--globalopt', '--slp-vectorizer', '--instcombine', '--simplifycfg', '--sroa', '--nary-reassociate', '--lower-expect', '--sroa', '--lower-expect', '--globalopt', '--elim-avail-extern', '--aggressive-instcombine']",71,-3.851801858219652,0.0,-1.1500671690670625,0.0,1,-3.851801858219652,-1.1500671690670625,0.5008908414855473,-68.52791878172589,12.245455990664135,11.76470588235294,34
1151,"['--ipsccp', '--speculative-execution', '--sccp', '--early-cse', '--mem2reg', '--jump-threading', '--globalopt', '--elim-avail-extern', '--instcombine', '--adce', '--jump-threading', '--gvn', '--simplifycfg', '--instsimplify', '--inline', '--gvn-hoist', '--mergefunc', '--gvn-hoist', '--instcombine', '--globalopt', '--elim-avail-extern', '--indvars', '--gvn', '--gvn', '--ipsccp', '--gvn', '--nary-reassociate', '--loop-instsimplify', '--early-cse', '--mem2reg', '--jump-threading', '--globalopt', '--elim-avail-extern', '--instcombine', '--simplifycfg', '--sroa', '--mem2reg', '--globalopt', '--sccp', '--early-cse', '--lower-constant-intrinsics', '--adce', '--gvn-hoist', '--adce', '--lower-constant-intrinsics', '--dse', '--newgvn', '--lower-expect', '--simplifycfg', '--gvn-hoist', '--instcombine', '--globalopt', '--instcombine', '--globalopt', '--aggressive-instcombine', '--gvn', '--gvn', '--loop-vectorize', '--gvn', '--lower-constant-intrinsics', '--loop-instsimplify', '--early-cse', '--mem2reg', '--jump-threading', '--globalopt', '--slp-vectorizer', '--instcombine', '--simplifycfg', '--sroa', '--lower-expect', '--globalopt', '--elim-avail-extern', '--aggressive-instcombine']",73,-3.851801858219652,0.0,-1.1500671690670625,0.0,1,-3.851801858219652,-1.1500671690670625,0.5008908414855473,-68.52791878172589,12.245455990664135,11.76470588235294,34
1150,"['--ipsccp', '--speculative-execution', '--sccp', '--early-cse', '--mem2reg', '--loop-simplifycfg', '--globalopt', '--elim-avail-extern', '--instcombine', '--adce', '--jump-threading', '--gvn', '--simplifycfg', '--instsimplify', '--inline', '--gvn-hoist', '--mergefunc', '--gvn-hoist', '--instcombine', '--globalopt', '--elim-avail-extern', '--indvars', '--gvn', '--gvn', '--ipsccp', '--lower-expect', '--nary-reassociate', '--loop-instsimplify', '--early-cse', '--mem2reg', '--jump-threading', '--globalopt', '--elim-avail-extern', '--instcombine', '--simplifycfg', '--sroa', '--mem2reg', '--globaldce', '--gvn-hoist', '--sccp', '--early-cse', '--lower-constant-intrinsics', '--adce', '--gvn-hoist', '--adce', '--loop-simplify', '--dse', '--loop-sink', '--simplifycfg', '--lower-expect', '--simplifycfg', '--gvn-hoist', '--instcombine', '--globalopt', '--aggressive-instcombine', '--gvn', '--gvn', '--ipsccp', '--gvn', '--lower-constant-intrinsics', '--loop-instsimplify', '--early-cse', '--mem2reg', '--jump-threading', '--globalopt', '--slp-vectorizer', '--instcombine', '--simplifycfg', '--sroa', '--lower-expect', '--globalopt', '--elim-avail-extern', '--aggressive-instcombine']",73,-3.851801858219652,0.0,-1.1500671690670625,0.0,1,-3.851801858219652,-1.1500671690670625,0.5008908414855473,-68.52791878172589,12.245455990664135,11.76470588235294,34
1148,"['--ipsccp', '--speculative-execution', '--sccp', '--early-cse', '--mem2reg', '--jump-threading', '--globalopt', '--elim-avail-extern', '--instcombine', '--adce', '--jump-threading', '--gvn', '--simplifycfg', '--instsimplify', '--inline', '--gvn-hoist', '--mergefunc', '--gvn-hoist', '--instcombine', '--globalopt', '--elim-avail-extern', '--indvars', '--gvn', '--gvn', '--ipsccp', '--nary-reassociate', '--lower-constant-intrinsics', '--loop-instsimplify', '--strip', '--adce', '--jump-threading', '--globalopt', '--instcombine', '--simplifycfg', '--sroa', '--mem2reg', '--gvn-hoist', '--sccp', '--early-cse', '--lower-constant-intrinsics', '--adce', '--gvn-hoist', '--adce', '--aggressive-instcombine', '--dse', '--newgvn', '--lower-expect', '--gvn-hoist', '--instcombine', '--globalopt', '--elim-avail-extern', '--gvn', '--gvn', '--ipsccp', '--gvn', '--early-cse', '--lower-constant-intrinsics', '--early-cse', '--mem2reg', '--jump-threading', '--globalopt', '--slp-vectorizer', '--instcombine', '--simplifycfg', '--sroa', '--nary-reassociate', '--lower-expect', '--sroa', '--lower-expect', '--globalopt', '--elim-avail-extern', '--lower-constant-intrinsics']",72,-3.851801858219652,0.0,-1.1500671690670625,0.0,1,-3.851801858219652,-1.1500671690670625,0.5008908414855473,-68.52791878172589,12.245455990664135,11.76470588235294,34
1171,"['--loop-simplifycfg', '--speculative-execution', '--sccp', '--early-cse', '--mem2reg', '--jump-threading', '--globalopt', '--elim-avail-extern', '--instcombine', '--adce', '--jump-threading', '--gvn', '--simplifycfg', '--instsimplify', '--inline', '--gvn-hoist', '--mergefunc', '--gvn-hoist', '--instcombine', '--globalopt', '--elim-avail-extern', '--indvars', '--gvn', '--gvn', '--ipsccp', '--gvn', '--nary-reassociate', '--loop-instsimplify', '--early-cse', '--mem2reg', '--jump-threading', '--globalopt', '--instcombine', '--simplifycfg', '--sroa', '--gvn-hoist', '--early-cse', '--sccp', '--early-cse', '--lower-constant-intrinsics', '--globalopt', '--gvn-hoist', '--adce', '--lower-constant-intrinsics', '--dse', '--newgvn', '--simplifycfg', '--lower-expect', '--simplifycfg', '--inferattrs', '--instcombine', '--globalopt', '--globalopt', '--early-cse-memssa', '--elim-avail-extern', '--gvn', '--ipsccp', '--gvn', '--early-cse', '--mem2reg', '--jump-threading', '--globalopt', '--slp-vectorizer', '--instcombine', '--simplifycfg', '--sroa', '--early-cse', '--lower-expect', '--sroa', '--sroa', '--lower-expect', '--adce', '--elim-avail-extern', '--aggressive-instcombine']",74,-3.851801858219652,0.0,-1.1500671690670625,0.0,1,-3.851801858219652,-1.1500671690670625,0.5008908414855473,-68.52791878172589,12.245455990664135,11.76470588235294,34
1143,"['--ipsccp', '--speculative-execution', '--sccp', '--early-cse', '--mem2reg', '--jump-threading', '--globalopt', '--elim-avail-extern', '--instcombine', '--adce', '--jump-threading', '--gvn', '--simplifycfg', '--instsimplify', '--inline', '--gvn-hoist', '--mergefunc', '--gvn-hoist', '--instcombine', '--globalopt', '--separate-const-offset-from-gep', '--elim-avail-extern', '--indvars', '--gvn', '--gvn', '--ipsccp', '--gvn', '--nary-reassociate', '--loop-instsimplify', '--early-cse', '--mem2reg', '--jump-threading', '--globalopt', '--elim-avail-extern', '--instcombine', '--simplifycfg', '--sroa', '--mem2reg', '--globaldce', '--gvn-hoist', '--sccp', '--early-cse', '--lower-constant-intrinsics', '--adce', '--gvn-hoist', '--adce', '--loop-simplify', '--dse', '--loop-sink', '--simplifycfg', '--lower-expect', '--simplifycfg', '--gvn-hoist', '--instcombine', '--globalopt', '--aggressive-instcombine', '--gvn', '--gvn', '--ipsccp', '--gvn', '--lower-constant-intrinsics', '--loop-instsimplify', '--early-cse', '--mem2reg', '--jump-threading', '--globalopt', '--slp-vectorizer', '--instcombine', '--simplifycfg', '--sroa', '--lower-expect', '--globalopt', '--elim-avail-extern', '--aggressive-instcombine']",74,-3.851801858219652,0.0,-1.1500671690670625,0.0,1,-3.851801858219652,-1.1500671690670625,0.5008908414855473,-68.52791878172589,12.245455990664135,11.76470588235294,34
1063,"['--ipsccp', '--speculative-execution', '--sccp', '--early-cse', '--mem2reg', '--jump-threading', '--globalopt', '--elim-avail-extern', '--instcombine', '--adce', '--jump-threading', '--gvn', '--simplifycfg', '--instsimplify', '--inline', '--gvn-hoist', '--mergefunc', '--gvn-hoist', '--instcombine', '--globalopt', '--elim-avail-extern', '--indvars', '--gvn', '--ipsccp', '--gvn', '--nary-reassociate', '--lower-constant-intrinsics', '--loop-instsimplify', '--strip', '--mem2reg', '--jump-threading', '--globalopt', '--instcombine', '--simplifycfg', '--sroa', '--mem2reg', '--gvn-hoist', '--sccp', '--early-cse', '--lower-constant-intrinsics', '--adce', '--gvn-hoist', '--adce', '--lower-constant-intrinsics', '--dse', '--newgvn', '--lower-expect', '--gvn-hoist', '--instcombine', '--globalopt', '--elim-avail-extern', '--gvn', '--gvn', '--ipsccp', '--gvn', '--early-cse', '--lower-constant-intrinsics', '--early-cse', '--mem2reg', '--jump-threading', '--globalopt', '--slp-vectorizer', '--instcombine', '--simplifycfg', '--nary-reassociate', '--lower-expect', '--sroa', '--lower-expect', '--globalopt', '--elim-avail-extern', '--aggressive-instcombine']",71,-3.851801858219652,0.0,-1.1500671690670625,0.0,1,-3.851801858219652,-1.1500671690670625,0.5008908414855473,-68.52791878172589,12.245455990664135,11.76470588235294,34
1199,"['--ipsccp', '--speculative-execution', '--sccp', '--early-cse', '--mem2reg', '--jump-threading', '--globalopt', '--elim-avail-extern', '--instcombine', '--adce', '--jump-threading', '--gvn', '--simplifycfg', '--instsimplify', '--inline', '--gvn-hoist', '--mergefunc', '--gvn-hoist', '--instcombine', '--globalopt', '--elim-avail-extern', '--indvars', '--gvn', '--gvn', '--ipsccp', '--gvn', '--nary-reassociate', '--loop-instsimplify', '--early-cse', '--mem2reg', '--jump-threading', '--globalopt', '--elim-avail-extern', '--instcombine', '--simplifycfg', '--sroa', '--mem2reg', '--gvn-hoist', '--dse', '--early-cse', '--lower-constant-intrinsics', '--adce', '--gvn-hoist', '--adce', '--loop-simplify', '--sccp', '--loop-sink', '--simplifycfg', '--lower-expect', '--simplifycfg', '--gvn-hoist', '--instcombine', '--globalopt', '--aggressive-instcombine', '--gvn', '--gvn', '--ipsccp', '--gvn', '--lower-constant-intrinsics', '--loop-instsimplify', '--early-cse', '--mem2reg', '--early-cse-memssa', '--jump-threading', '--jump-threading', '--globalopt', '--slp-vectorizer', '--instcombine', '--simplifycfg', '--sroa', '--lower-constant-intrinsics', '--early-cse', '--aggressive-instcombine']",73,-3.851801858219652,0.0,-1.1500671690670625,0.0,1,-3.851801858219652,-1.1500671690670625,0.5008908414855473,-68.52791878172589,12.245455990664135,11.76470588235294,34
1141,"['--ipsccp', '--speculative-execution', '--sccp', '--early-cse', '--mem2reg', '--jump-threading', '--globalopt', '--mergereturn', '--elim-avail-extern', '--instcombine', '--adce', '--jump-threading', '--gvn', '--simplifycfg', '--instsimplify', '--inline', '--gvn-hoist', '--mergefunc', '--gvn-hoist', '--instcombine', '--globalopt', '--elim-avail-extern', '--indvars', '--gvn', '--ipsccp', '--gvn', '--nary-reassociate', '--lower-constant-intrinsics', '--loop-instsimplify', '--strip', '--mem2reg', '--jump-threading', '--globalopt', '--instcombine', '--simplifycfg', '--sroa', '--mem2reg', '--gvn-hoist', '--sccp', '--early-cse', '--lower-constant-intrinsics', '--adce', '--gvn-hoist', '--adce', '--lower-constant-intrinsics', '--dse', '--newgvn', '--lower-expect', '--gvn-hoist', '--instcombine', '--globalopt', '--elim-avail-extern', '--gvn', '--gvn', '--ipsccp', '--gvn', '--early-cse', '--lower-constant-intrinsics', '--early-cse', '--mem2reg', '--jump-threading', '--globalopt', '--slp-vectorizer', '--instcombine', '--simplifycfg', '--nary-reassociate', '--lower-expect', '--sroa', '--lower-expect', '--globalopt', '--elim-avail-extern', '--aggressive-instcombine']",72,-3.851801858219652,0.0,-1.1500671690670625,0.0,1,-3.851801858219652,-1.1500671690670625,0.5008908414855473,-68.52791878172589,12.245455990664135,11.76470588235294,34
1139,"['--ipsccp', '--speculative-execution', '--sccp', '--early-cse', '--mem2reg', '--jump-threading', '--globalopt', '--elim-avail-extern', '--instcombine', '--mem2reg', '--jump-threading', '--gvn', '--simplifycfg', '--instsimplify', '--inline', '--gvn-hoist', '--mergefunc', '--gvn-hoist', '--instcombine', '--globalopt', '--elim-avail-extern', '--indvars', '--gvn', '--gvn', '--ipsccp', '--nary-reassociate', '--lower-constant-intrinsics', '--lower-expect', '--strip', '--adce', '--jump-threading', '--globalopt', '--instcombine', '--simplifycfg', '--sroa', '--mem2reg', '--gvn-hoist', '--sccp', '--early-cse', '--lower-constant-intrinsics', '--adce', '--gvn-hoist', '--adce', '--lower-constant-intrinsics', '--dse', '--newgvn', '--lower-expect', '--gvn-hoist', '--instcombine', '--globalopt', '--elim-avail-extern', '--gvn', '--gvn', '--ipsccp', '--gvn', '--early-cse', '--lower-constant-intrinsics', '--early-cse', '--mem2reg', '--jump-threading', '--globalopt', '--slp-vectorizer', '--instcombine', '--simplifycfg', '--sroa', '--nary-reassociate', '--lower-expect', '--sroa', '--lower-expect', '--globalopt', '--elim-avail-extern', '--aggressive-instcombine']",72,-3.851801858219652,0.0,-1.1500671690670625,0.0,1,-3.851801858219652,-1.1500671690670625,0.5008908414855473,-68.52791878172589,12.245455990664135,11.76470588235294,34
1115,"['--ipsccp', '--speculative-execution', '--sccp', '--early-cse', '--mem2reg', '--jump-threading', '--globalopt', '--elim-avail-extern', '--instcombine', '--adce', '--jump-threading', '--gvn', '--simplifycfg', '--instsimplify', '--inline', '--gvn-hoist', '--mergefunc', '--gvn-hoist', '--instcombine', '--elim-avail-extern', '--indvars', '--gvn', '--gvn', '--ipsccp', '--gvn', '--nary-reassociate', '--loop-instsimplify', '--early-cse', '--mem2reg', '--jump-threading', '--globalopt', '--elim-avail-extern', '--instcombine', '--simplifycfg', '--sroa', '--mem2reg', '--gvn-hoist', '--sccp', '--early-cse', '--lower-constant-intrinsics', '--adce', '--gvn-hoist', '--adce', '--lower-constant-intrinsics', '--dse', '--newgvn', '--lower-expect', '--simplifycfg', '--gvn-hoist', '--instcombine', '--globalopt', '--gvn', '--ipsccp', '--elim-avail-extern', '--gvn', '--ipsccp', '--gvn', '--early-cse', '--mem2reg', '--jump-threading', '--globalopt', '--slp-vectorizer', '--instcombine', '--simplifycfg', '--sroa', '--early-cse', '--lower-expect', '--sroa', '--sroa', '--lower-expect', '--adce', '--elim-avail-extern', '--aggressive-instcombine']",73,-3.851801858219652,0.0,-1.1500671690670625,0.0,1,-3.851801858219652,-1.1500671690670625,0.5008908414855473,-68.52791878172589,12.245455990664135,11.76470588235294,34
1130,"['--ipsccp', '--speculative-execution', '--sccp', '--early-cse', '--mem2reg', '--globalopt', '--elim-avail-extern', '--instcombine', '--adce', '--jump-threading', '--gvn', '--simplifycfg', '--instsimplify', '--inline', '--gvn-hoist', '--mergefunc', '--gvn-hoist', '--globalopt', '--globalopt', '--elim-avail-extern', '--indvars', '--gvn', '--gvn', '--ipsccp', '--gvn', '--nary-reassociate', '--loop-instsimplify', '--early-cse', '--mem2reg', '--jump-threading', '--globalopt', '--elim-avail-extern', '--instcombine', '--simplifycfg', '--sroa', '--mem2reg', '--gvn-hoist', '--sccp', '--early-cse', '--lower-constant-intrinsics', '--adce', '--gvn-hoist', '--adce', '--loop-simplify', '--dse', '--loop-sink', '--simplifycfg', '--lower-expect', '--simplifycfg', '--gvn-hoist', '--instcombine', '--globalopt', '--aggressive-instcombine', '--gvn', '--gvn', '--ipsccp', '--gvn', '--lower-constant-intrinsics', '--loop-instsimplify', '--jump-threading', '--instcombine', '--slp-vectorizer', '--instcombine', '--simplifycfg', '--sroa', '--nary-reassociate', '--lower-expect', '--sroa', '--lower-expect', '--globalopt', '--elim-avail-extern', '--aggressive-instcombine']",72,-3.851801858219652,0.0,-1.1500671690670625,0.0,1,-3.851801858219652,-1.1500671690670625,0.5008908414855473,-68.52791878172589,12.245455990664135,11.76470588235294,34
1204,"['--ipsccp', '--speculative-execution', '--sccp', '--early-cse', '--mem2reg', '--jump-threading', '--elim-avail-extern', '--instcombine', '--adce', '--jump-threading', '--gvn', '--simplifycfg', '--instsimplify', '--inline', '--gvn-hoist', '--mergefunc', '--gvn-hoist', '--instcombine', '--globalopt', '--elim-avail-extern', '--indvars', '--gvn', '--gvn', '--ipsccp', '--adce', '--nary-reassociate', '--loop-instsimplify', '--early-cse', '--mem2reg', '--jump-threading', '--globalopt', '--elim-avail-extern', '--instcombine', '--simplifycfg', '--sroa', '--mem2reg', '--gvn-hoist', '--sccp', '--early-cse', '--lower-constant-intrinsics', '--adce', '--gvn-hoist', '--bdce', '--loop-simplify', '--dse', '--loop-sink', '--simplifycfg', '--lower-expect', '--simplifycfg', '--gvn-hoist', '--instcombine', '--globalopt', '--aggressive-instcombine', '--gvn', '--gvn', '--ipsccp', '--gvn', '--ipsccp', '--gvn', '--nary-reassociate', '--lower-constant-intrinsics', '--loop-instsimplify', '--early-cse', '--mem2reg', '--jump-threading', '--globalopt', '--slp-vectorizer', '--instcombine', '--simplifycfg', '--sroa', '--lower-constant-intrinsics', '--early-cse', '--aggressive-instcombine']",73,-3.851801858219652,0.0,-1.1500671690670625,0.0,1,-3.851801858219652,-1.1500671690670625,0.5008908414855473,-68.52791878172589,12.245455990664135,11.76470588235294,34
948,"['--ipsccp', '--speculative-execution', '--sccp', '--early-cse', '--mem2reg', '--jump-threading', '--globalopt', '--elim-avail-extern', '--instcombine', '--adce', '--jump-threading', '--gvn', '--simplifycfg', '--instsimplify', '--inline', '--gvn-hoist', '--mergefunc', '--gvn-hoist', '--instcombine', '--elim-avail-extern', '--indvars', '--gvn', '--gvn', '--ipsccp', '--gvn', '--nary-reassociate', '--loop-instsimplify', '--early-cse', '--mem2reg', '--jump-threading', '--globalopt', '--elim-avail-extern', '--instcombine', '--simplifycfg', '--sroa', '--mem2reg', '--gvn-hoist', '--sccp', '--early-cse', '--lower-constant-intrinsics', '--adce', '--gvn-hoist', '--adce', '--lower-constant-intrinsics', '--dse', '--newgvn', '--lower-expect', '--simplifycfg', '--gvn-hoist', '--instcombine', '--globalopt', '--gvn', '--ipsccp', '--gvn', '--nary-reassociate', '--lower-constant-intrinsics', '--early-cse', '--mem2reg', '--jump-threading', '--globalopt', '--slp-vectorizer', '--instcombine', '--simplifycfg', '--sroa', '--early-cse', '--lower-expect', '--sroa', '--sroa', '--lower-expect', '--globalopt', '--elim-avail-extern', '--aggressive-instcombine']",72,-3.851801858219652,0.0,-1.1500671690670625,0.0,1,-3.851801858219652,-1.1500671690670625,0.5008908414855473,-68.52791878172589,12.245455990664135,11.76470588235294,34
1126,"['--ipsccp', '--speculative-execution', '--sccp', '--early-cse', '--mem2reg', '--jump-threading', '--globalopt', '--elim-avail-extern', '--instcombine', '--adce', '--jump-threading', '--gvn', '--simplifycfg', '--instsimplify', '--inline', '--gvn-hoist', '--mergefunc', '--gvn-hoist', '--instcombine', '--globalopt', '--elim-avail-extern', '--indvars', '--gvn', '--gvn', '--ipsccp', '--gvn', '--nary-reassociate', '--loop-instsimplify', '--early-cse', '--mem2reg', '--jump-threading', '--globalopt', '--elim-avail-extern', '--instcombine', '--simplifycfg', '--sroa', '--mem2reg', '--globalopt', '--sccp', '--early-cse', '--lower-constant-intrinsics', '--adce', '--gvn-hoist', '--nary-reassociate', '--adce', '--lower-constant-intrinsics', '--dse', '--newgvn', '--lower-expect', '--simplifycfg', '--gvn-hoist', '--instcombine', '--globalopt', '--elim-avail-extern', '--lower-constant-intrinsics', '--gvn', '--ipsccp', '--gvn', '--nary-reassociate', '--gvn', '--early-cse', '--mem2reg', '--jump-threading', '--globalopt', '--slp-vectorizer', '--instcombine', '--simplifycfg', '--sroa', '--early-cse', '--lower-expect', '--sroa', '--sroa', '--lower-expect', '--aggressive-instcombine']",74,-3.851801858219652,0.0,-1.1500671690670625,0.0,1,-3.851801858219652,-1.1500671690670625,0.5008908414855473,-68.52791878172589,12.245455990664135,11.76470588235294,34
972,"['--ipsccp', '--speculative-execution', '--sccp', '--early-cse', '--mem2reg', '--jump-threading', '--globalopt', '--elim-avail-extern', '--instcombine', '--adce', '--jump-threading', '--gvn', '--simplifycfg', '--instsimplify', '--inline', '--gvn-hoist', '--mergefunc', '--gvn-hoist', '--instcombine', '--globalopt', '--elim-avail-extern', '--indvars', '--gvn', '--ipsccp', '--gvn', '--nary-reassociate', '--lower-constant-intrinsics', '--loop-instsimplify', '--strip', '--mem2reg', '--jump-threading', '--globalopt', '--instcombine', '--simplifycfg', '--sroa', '--mem2reg', '--gvn-hoist', '--sccp', '--early-cse', '--lower-constant-intrinsics', '--adce', '--gvn-hoist', '--adce', '--lower-constant-intrinsics', '--dse', '--newgvn', '--lower-expect', '--gvn-hoist', '--instcombine', '--globalopt', '--elim-avail-extern', '--gvn', '--gvn', '--ipsccp', '--gvn', '--early-cse', '--lower-constant-intrinsics', '--early-cse', '--mem2reg', '--jump-threading', '--globalopt', '--slp-vectorizer', '--instcombine', '--simplifycfg', '--sroa', '--nary-reassociate', '--lower-expect', '--sroa', '--lower-expect', '--globalopt', '--elim-avail-extern', '--aggressive-instcombine']",72,-3.851801858219652,0.0,-1.1500671690670625,0.0,1,-3.851801858219652,-1.1500671690670625,0.5008908414855473,-68.52791878172589,12.245455990664135,11.76470588235294,34
1226,"['--ipsccp', '--speculative-execution', '--sccp', '--early-cse', '--mem2reg', '--jump-threading', '--globalopt', '--elim-avail-extern', '--instcombine', '--adce', '--jump-threading', '--gvn', '--simplifycfg', '--instsimplify', '--inline', '--gvn-hoist', '--mergefunc', '--gvn-hoist', '--instcombine', '--globalopt', '--elim-avail-extern', '--indvars', '--gvn', '--gvn', '--ipsccp', '--gvn', '--nary-reassociate', '--loop-instsimplify', '--early-cse', '--mem2reg', '--jump-threading', '--globalopt', '--instcombine', '--simplifycfg', '--sroa', '--gvn-hoist', '--sccp', '--sccp', '--early-cse', '--lower-constant-intrinsics', '--adce', '--gvn-hoist', '--lower-constant-intrinsics', '--dse', '--newgvn', '--simplifycfg', '--lower-expect', '--simplifycfg', '--inferattrs', '--instcombine', '--globalopt', '--globalopt', '--early-cse-memssa', '--elim-avail-extern', '--gvn', '--ipsccp', '--gvn', '--early-cse', '--mem2reg', '--jump-threading', '--globalopt', '--slp-vectorizer', '--instcombine', '--simplifycfg', '--sroa', '--early-cse', '--lower-expect', '--sroa', '--sroa', '--lower-expect', '--adce', '--elim-avail-extern', '--aggressive-instcombine']",73,-3.851801858219652,0.0,-1.1500671690670625,0.0,1,-3.851801858219652,-1.1500671690670625,0.5008908414855473,-68.52791878172589,12.245455990664135,11.76470588235294,34
974,"['--ipsccp', '--speculative-execution', '--sccp', '--early-cse', '--mem2reg', '--jump-threading', '--globalopt', '--elim-avail-extern', '--instcombine', '--adce', '--jump-threading', '--gvn', '--simplifycfg', '--instsimplify', '--inline', '--gvn-hoist', '--mergefunc', '--gvn-hoist', '--instcombine', '--globalopt', '--elim-avail-extern', '--indvars', '--gvn', '--gvn', '--ipsccp', '--gvn', '--nary-reassociate', '--loop-instsimplify', '--early-cse', '--mem2reg', '--jump-threading', '--globalopt', '--elim-avail-extern', '--instcombine', '--simplifycfg', '--sroa', '--mem2reg', '--gvn-hoist', '--sccp', '--early-cse', '--lower-constant-intrinsics', '--adce', '--gvn-hoist', '--adce', '--lower-constant-intrinsics', '--dse', '--newgvn', '--lower-expect', '--simplifycfg', '--gvn-hoist', '--instcombine', '--globalopt', '--elim-avail-extern', '--lower-constant-intrinsics', '--gvn', '--ipsccp', '--gvn', '--nary-reassociate', '--gvn', '--early-cse', '--mem2reg', '--jump-threading', '--globalopt', '--slp-vectorizer', '--instcombine', '--simplifycfg', '--sroa', '--early-cse', '--lower-expect', '--sroa', '--sroa', '--lower-expect', '--aggressive-instcombine']",73,-3.851801858219652,0.0,-1.1500671690670625,0.0,1,-3.851801858219652,-1.1500671690670625,0.5008908414855473,-68.52791878172589,12.245455990664135,11.76470588235294,34
1116,"['--ipsccp', '--speculative-execution', '--sccp', '--early-cse', '--mem2reg', '--globalopt', '--globalopt', '--elim-avail-extern', '--instcombine', '--adce', '--jump-threading', '--gvn', '--simplifycfg', '--instsimplify', '--inline', '--gvn-hoist', '--mergefunc', '--gvn-hoist', '--instcombine', '--globalopt', '--elim-avail-extern', '--indvars', '--gvn', '--gvn', '--ipsccp', '--gvn', '--nary-reassociate', '--loop-instsimplify', '--early-cse', '--mem2reg', '--jump-threading', '--globalopt', '--elim-avail-extern', '--instcombine', '--simplifycfg', '--sroa', '--mem2reg', '--globalopt', '--sccp', '--correlated-propagation', '--lower-constant-intrinsics', '--adce', '--gvn-hoist', '--adce', '--lower-constant-intrinsics', '--dse', '--newgvn', '--lower-expect', '--simplifycfg', '--gvn-hoist', '--instcombine', '--globalopt', '--elim-avail-extern', '--lower-constant-intrinsics', '--gvn', '--ipsccp', '--gvn', '--nary-reassociate', '--gvn', '--early-cse', '--mem2reg', '--jump-threading', '--globalopt', '--slp-vectorizer', '--instcombine', '--simplifycfg', '--sroa', '--early-cse', '--lower-expect', '--sroa', '--sroa', '--lower-expect', '--aggressive-instcombine']",73,-3.851801858219652,0.0,-1.1500671690670625,0.0,1,-3.851801858219652,-1.1500671690670625,0.5008908414855473,-68.52791878172589,12.245455990664135,11.76470588235294,34
1247,"['--ipsccp', '--speculative-execution', '--sccp', '--early-cse', '--mem2reg', '--jump-threading', '--globalopt', '--elim-avail-extern', '--instcombine', '--adce', '--jump-threading', '--early-cse', '--simplifycfg', '--instsimplify', '--inline', '--gvn-hoist', '--mergefunc', '--mem2reg', '--instcombine', '--globalopt', '--elim-avail-extern', '--indvars', '--gvn', '--gvn', '--ipsccp', '--gvn', '--nary-reassociate', '--loop-instsimplify', '--early-cse', '--mem2reg', '--jump-threading', '--globalopt', '--elim-avail-extern', '--instcombine', '--simplifycfg', '--sroa', '--gvn-hoist', '--gvn-hoist', '--sccp', '--gvn', '--lower-constant-intrinsics', '--adce', '--lower-constant-intrinsics', '--dse', '--newgvn', '--simplifycfg', '--lower-expect', '--simplifycfg', '--inferattrs', '--instcombine', '--globalopt', '--globalopt', '--early-cse-memssa', '--elim-avail-extern', '--gvn', '--ipsccp', '--gvn', '--early-cse', '--mem2reg', '--jump-threading', '--globalopt', '--slp-vectorizer', '--instcombine', '--simplifycfg', '--sroa', '--early-cse', '--lower-expect', '--sroa', '--sroa', '--lower-expect', '--adce', '--elim-avail-extern', '--aggressive-instcombine']",73,-3.854845030375719,0.0,-1.1417159186248795,0.0,1,-3.854845030375719,-1.1417159186248795,0.5008908414855473,-69.03553299492386,12.338522090541185,11.76470588235294,34
1069,"['--ipsccp', '--speculative-execution', '--sccp', '--early-cse', '--mem2reg', '--jump-threading', '--globalopt', '--elim-avail-extern', '--instcombine', '--adce', '--jump-threading', '--loop-interchange', '--simplifycfg', '--instsimplify', '--inline', '--gvn-hoist', '--mergefunc', '--gvn-hoist', '--instcombine', '--elim-avail-extern', '--indvars', '--gvn', '--gvn', '--ipsccp', '--gvn', '--nary-reassociate', '--loop-instsimplify', '--early-cse', '--mem2reg', '--jump-threading', '--globalopt', '--elim-avail-extern', '--instcombine', '--simplifycfg', '--sroa', '--mem2reg', '--gvn-hoist', '--sccp', '--early-cse', '--lower-constant-intrinsics', '--adce', '--gvn-hoist', '--adce', '--lower-constant-intrinsics', '--dse', '--newgvn', '--lower-expect', '--simplifycfg', '--gvn-hoist', '--instcombine', '--globalopt', '--gvn', '--ipsccp', '--gvn', '--nary-reassociate', '--lower-constant-intrinsics', '--early-cse', '--mem2reg', '--jump-threading', '--globalopt', '--slp-vectorizer', '--instcombine', '--simplifycfg', '--sroa', '--early-cse', '--lower-expect', '--sroa', '--sroa', '--lower-expect', '--globalopt', '--elim-avail-extern', '--aggressive-instcombine']",72,-3.854845030375719,0.0,-1.1417159186248795,0.0,1,-3.854845030375719,-1.1417159186248795,0.5008908414855473,-69.03553299492386,12.338522090541185,11.76470588235294,34
1906,"['--ipsccp', '--speculative-execution', '--sccp', '--early-cse', '--mem2reg', '--dce', '--elim-avail-extern', '--instcombine', '--adce', '--loop-interchange', '--aggressive-instcombine', '--gvn', '--simplifycfg', '--instsimplify', '--inline', '--mergefunc', '--gvn-hoist', '--gvn-hoist', '--instcombine', '--globalopt', '--elim-avail-extern', '--indvars', '--elim-avail-extern', '--indvars', '--nary-reassociate', '--gvn', '--ipsccp', '--gvn', '--nary-reassociate', '--loop-instsimplify', '--early-cse', '--mem2reg', '--jump-threading', '--globalopt', '--elim-avail-extern', '--instcombine', '--simplifycfg', '--sroa', '--mem2reg', '--globaldce', '--gvn-hoist', '--sccp', '--early-cse', '--lower-constant-intrinsics', '--adce', '--slsr', '--gvn-hoist', '--adce', '--loop-simplify', '--dse', '--scalarizer', '--simplifycfg', '--lower-expect', '--simplifycfg', '--elim-avail-extern', '--lower-constant-intrinsics', '--ipsccp', '--gvn', '--gvn', '--gvn', '--early-cse', '--mem2reg', '--jump-threading', '--globalopt', '--slp-vectorizer', '--instcombine', '--sroa', '--sroa', '--early-cse', '--lower-expect', '--simplifycfg', '--sroa', '--lower-expect', '--simplifycfg', '--aggressive-instcombine']",75,-3.85582056564622,0.0,-1.1331723751475593,0.0,1,-3.85582056564622,-1.1331723751475593,0.5008908414855473,-67.00507614213198,12.412354019326093,11.76470588235294,34
1302,"['--ipsccp', '--speculative-execution', '--sccp', '--early-cse', '--mem2reg', '--jump-threading', '--globalopt', '--elim-avail-extern', '--instcombine', '--adce', '--jump-threading', '--gvn', '--simplifycfg', '--instsimplify', '--inline', '--mergefunc', '--gvn-hoist', '--gvn-hoist', '--instcombine', '--globalopt', '--elim-avail-extern', '--indvars', '--globaldce', '--gvn', '--ipsccp', '--gvn', '--nary-reassociate', '--loop-instsimplify', '--early-cse', '--mem2reg', '--jump-threading', '--globalopt', '--elim-avail-extern', '--instcombine', '--simplifycfg', '--sroa', '--mem2reg', '--gvn', '--gvn-hoist', '--sccp', '--inline', '--early-cse', '--lower-constant-intrinsics', '--adce', '--gvn-hoist', '--adce', '--loop-simplify', '--dse', '--scalarizer', '--simplifycfg', '--lower-expect', '--simplifycfg', '--gvn-hoist', '--elim-avail-extern', '--lower-constant-intrinsics', '--gvn', '--ipsccp', '--gvn', '--nary-reassociate', '--gvn', '--early-cse', '--mem2reg', '--jump-threading', '--globalopt', '--slp-vectorizer', '--instcombine', '--simplifycfg', '--sroa', '--early-cse', '--lower-expect', '--sroa', '--sroa', '--lower-expect', '--aggressive-instcombine']",74,-3.8599654551287372,0.0,-1.171463123327877,0.0,1,-3.8599654551287372,-1.171463123327877,0.5008908414855473,-68.52791878172589,12.166622302798885,11.76470588235294,34
1257,"['--ipsccp', '--speculative-execution', '--sccp', '--elim-avail-extern', '--mem2reg', '--jump-threading', '--globalopt', '--elim-avail-extern', '--instcombine', '--adce', '--jump-threading', '--gvn', '--simplifycfg', '--instsimplify', '--inline', '--gvn-hoist', '--mergefunc', '--gvn-hoist', '--instcombine', '--globalopt', '--elim-avail-extern', '--indvars', '--gvn', '--gvn', '--ipsccp', '--gvn', '--nary-reassociate', '--loop-instsimplify', '--early-cse', '--mem2reg', '--jump-threading', '--globalopt', '--instcombine', '--simplifycfg', '--sroa', '--sroa', '--mem2reg', '--gvn-hoist', '--sccp', '--early-cse', '--lower-constant-intrinsics', '--adce', '--gvn-hoist', '--adce', '--lower-constant-intrinsics', '--dse', '--newgvn', '--early-cse', '--simplifycfg', '--gvn-hoist', '--instcombine', '--globalopt', '--aggressive-instcombine', '--globalopt', '--instcombine', '--gvn', '--gvn', '--ipsccp', '--gvn', '--lower-constant-intrinsics', '--loop-instsimplify', '--early-cse', '--mem2reg', '--early-cse-memssa', '--jump-threading', '--globalopt', '--slp-vectorizer', '--instcombine', '--simplifycfg', '--sroa', '--lower-constant-intrinsics', '--early-cse', '--lower-expect', '--lower-expect', '--loweratomic', '--elim-avail-extern', '--elim-avail-extern', '--lower-expect', '--slsr']",79,-3.876202125771977,0.0,-1.1842883753891906,0.0,1,-3.876202125771977,-1.1842883753891906,0.43655874448557375,-68.52791878172589,12.232799618771427,11.76470588235294,34
1135,"['--ipsccp', '--speculative-execution', '--sccp', '--early-cse', '--mem2reg', '--jump-threading', '--globalopt', '--elim-avail-extern', '--lower-expect', '--adce', '--jump-threading', '--gvn', '--simplifycfg', '--instsimplify', '--inline', '--gvn-hoist', '--mergefunc', '--gvn-hoist', '--instcombine', '--globalopt', '--elim-avail-extern', '--indvars', '--gvn', '--gvn', '--ipsccp', '--gvn', '--nary-reassociate', '--loop-instsimplify', '--early-cse', '--mem2reg', '--jump-threading', '--globalopt', '--elim-avail-extern', '--instcombine', '--simplifycfg', '--sroa', '--mem2reg', '--gvn-hoist', '--sccp', '--early-cse', '--lower-constant-intrinsics', '--adce', '--gvn-hoist', '--adce', '--dse', '--loop-sink', '--simplifycfg', '--lower-expect', '--simplifycfg', '--gvn-hoist', '--instcombine', '--globalopt', '--aggressive-instcombine', '--gvn', '--gvn', '--ipsccp', '--gvn', '--lower-constant-intrinsics', '--loop-instsimplify', '--early-cse', '--mem2reg', '--jump-threading', '--globalopt', '--slp-vectorizer', '--instcombine', '--simplifycfg', '--sroa', '--lower-constant-intrinsics', '--early-cse', '--instcombine', '--lower-expect', '--loweratomic', '--elim-avail-extern', '--elim-avail-extern', '--lower-expect', '--slsr']",76,-3.876253427869875,0.0,-1.1845505760786672,0.0,1,-3.876253427869875,-1.1845505760786672,0.5008908414855473,-68.52791878172589,12.231346134579336,11.76470588235294,34
2251,"['--ipsccp', '--speculative-execution', '--simplifycfg', '--early-cse', '--mem2reg', '--early-cse', '--elim-avail-extern', '--instcombine', '--adce', '--loop-interchange', '--aggressive-instcombine', '--gvn', '--simplifycfg', '--instsimplify', '--inline', '--mergefunc', '--gvn-hoist', '--instcombine', '--globalopt', '--elim-avail-extern', '--indvars', '--indvars', '--gvn', '--gvn', '--ipsccp', '--gvn', '--nary-reassociate', '--adce', '--early-cse', '--mem2reg', '--jump-threading', '--correlated-propagation', '--elim-avail-extern', '--instcombine', '--simplifycfg', '--sroa', '--mem2reg', '--globaldce', '--gvn-hoist', '--sccp', '--jump-threading', '--lower-constant-intrinsics', '--adce', '--slsr', '--gvn-hoist', '--adce', '--loop-simplify', '--adce', '--loop-simplify', '--dse', '--scalarizer', '--simplifycfg', '--scalarizer', '--scalarizer', '--simplifycfg', '--lower-expect', '--simplifycfg', '--elim-avail-extern', '--lower-constant-intrinsics', '--ipsccp', '--gvn', '--nary-reassociate', '--gvn', '--early-cse', '--loop-guard-widening', '--jump-threading', '--globalopt', '--slp-vectorizer', '--instcombine', '--slp-vectorizer', '--instcombine', '--simplifycfg', '--sroa', '--early-cse', '--lower-expect', '--aggressive-instcombine']",76,-3.8778899865615957,0.0,-1.16421381547039,0.0,1,-3.8778899865615957,-1.16421381547039,0.5008908414855473,-67.00507614213198,12.400237426058622,11.76470588235294,34
1172,"['--ipsccp', '--speculative-execution', '--sccp', '--early-cse', '--mem2reg', '--jump-threading', '--globalopt', '--elim-avail-extern', '--lower-expect', '--adce', '--jump-threading', '--gvn', '--simplifycfg', '--instsimplify', '--inline', '--gvn-hoist', '--mergefunc', '--gvn-hoist', '--globalopt', '--elim-avail-extern', '--indvars', '--gvn', '--gvn', '--ipsccp', '--gvn', '--nary-reassociate', '--loop-instsimplify', '--early-cse', '--mem2reg', '--jump-threading', '--globalopt', '--elim-avail-extern', '--instcombine', '--simplifycfg', '--sroa', '--mem2reg', '--gvn-hoist', '--sccp', '--early-cse', '--lower-constant-intrinsics', '--adce', '--gvn-hoist', '--adce', '--dse', '--loop-sink', '--simplifycfg', '--lower-expect', '--simplifycfg', '--gvn-hoist', '--instcombine', '--globalopt', '--aggressive-instcombine', '--gvn', '--gvn', '--ipsccp', '--gvn', '--lower-constant-intrinsics', '--loop-instsimplify', '--early-cse', '--mem2reg', '--jump-threading', '--globalopt', '--slp-vectorizer', '--instcombine', '--simplifycfg', '--sroa', '--lower-constant-intrinsics', '--early-cse', '--lower-expect', '--lower-expect', '--loweratomic', '--elim-avail-extern', '--elim-avail-extern', '--lower-expect', '--slsr']",75,-3.8809936674319783,0.0,-1.2141086229553169,0.0,1,-3.8809936674319783,-1.2141086229553169,0.3762503762503763,-67.51269035532995,12.057063178625496,11.76470588235294,34
1101,"['--ipsccp', '--slsr', '--speculative-execution', '--sccp', '--early-cse', '--mem2reg', '--jump-threading', '--globalopt', '--elim-avail-extern', '--adce', '--jump-threading', '--gvn', '--simplifycfg', '--instsimplify', '--inline', '--gvn-hoist', '--mergefunc', '--gvn-hoist', '--instcombine', '--globalopt', '--elim-avail-extern', '--indvars', '--gvn', '--gvn', '--ipsccp', '--gvn', '--nary-reassociate', '--lower-constant-intrinsics', '--loop-instsimplify', '--strip', '--mem2reg', '--jump-threading', '--globalopt', '--memcpyopt', '--elim-avail-extern', '--simplifycfg', '--sroa', '--mem2reg', '--gvn-hoist', '--sccp', '--early-cse', '--lower-constant-intrinsics', '--adce', '--gvn-hoist', '--adce', '--loop-simplify', '--dse', '--loop-sink', '--newgvn', '--simplifycfg', '--lower-expect', '--simplifycfg', '--gvn-hoist', '--instcombine', '--globalopt', '--aggressive-instcombine', '--gvn', '--gvn', '--ipsccp', '--gvn', '--lower-constant-intrinsics', '--loop-instsimplify', '--early-cse', '--mem2reg', '--jump-threading', '--globalopt', '--slp-vectorizer', '--instcombine', '--ipsccp', '--simplifycfg', '--sroa', '--lower-constant-intrinsics', '--early-cse', '--lower-expect', '--lower-expect', '--elim-avail-extern', '--elim-avail-extern', '--lower-expect', '--slsr']",79,-3.8814034259095456,0.0,-1.1915533771991154,0.0,1,-3.8814034259095456,-1.1915533771991154,0.46675377468060397,-68.52791878172589,12.23032510657268,11.76470588235294,34
1129,"['--ipsccp', '--speculative-execution', '--sccp', '--mem2reg', '--jump-threading', '--globalopt', '--elim-avail-extern', '--instcombine', '--adce', '--jump-threading', '--gvn', '--simplifycfg', '--instsimplify', '--inline', '--gvn-hoist', '--mergefunc', '--gvn-hoist', '--instcombine', '--globalopt', '--elim-avail-extern', '--gvn-hoist', '--gvn', '--gvn', '--ipsccp', '--gvn', '--nary-reassociate', '--loop-instsimplify', '--early-cse', '--mem2reg', '--jump-threading', '--globalopt', '--elim-avail-extern', '--instcombine', '--simplifycfg', '--sroa', '--mem2reg', '--gvn-hoist', '--sccp', '--early-cse', '--lower-constant-intrinsics', '--adce', '--gvn-hoist', '--adce', '--loop-simplify', '--dse', '--loop-sink', '--simplifycfg', '--lower-expect', '--simplifycfg', '--indvars', '--instcombine', '--globalopt', '--aggressive-instcombine', '--gvn', '--gvn', '--ipsccp', '--gvn', '--lower-constant-intrinsics', '--loop-instsimplify', '--early-cse', '--mem2reg', '--early-cse-memssa', '--jump-threading', '--globalopt', '--slp-vectorizer', '--instcombine', '--simplifycfg', '--sroa', '--lower-constant-intrinsics', '--early-cse', '--lower-expect', '--lower-expect', '--loweratomic', '--elim-avail-extern', '--elim-avail-extern', '--lower-expect', '--slsr']",77,-3.8816875269198663,0.0,-1.1920487354698983,0.0,1,-3.8816875269198663,-1.1920487354698983,0.43655874448557375,-68.52791878172589,12.229450929645012,11.76470588235294,34
1119,"['--ipsccp', '--slsr', '--speculative-execution', '--sccp', '--early-cse', '--mem2reg', '--jump-threading', '--globalopt', '--elim-avail-extern', '--adce', '--jump-threading', '--gvn', '--simplifycfg', '--instsimplify', '--inline', '--gvn-hoist', '--mergefunc', '--gvn-hoist', '--instcombine', '--globalopt', '--elim-avail-extern', '--indvars', '--gvn', '--gvn', '--ipsccp', '--loop-predication', '--nary-reassociate', '--loop-instsimplify', '--early-cse', '--mem2reg', '--jump-threading', '--globalopt', '--elim-avail-extern', '--instcombine', '--simplifycfg', '--sroa', '--mem2reg', '--gvn-hoist', '--sccp', '--early-cse', '--lower-constant-intrinsics', '--adce', '--gvn-hoist', '--adce', '--loop-simplify', '--dse', '--loop-sink', '--simplifycfg', '--lower-expect', '--simplifycfg', '--gvn-hoist', '--instcombine', '--globalopt', '--aggressive-instcombine', '--gvn', '--gvn', '--ipsccp', '--gvn', '--lower-constant-intrinsics', '--loop-instsimplify', '--early-cse', '--mem2reg', '--early-cse-memssa', '--jump-threading', '--globalopt', '--slp-vectorizer', '--instcombine', '--simplifycfg', '--sroa', '--lower-constant-intrinsics', '--early-cse', '--gvn', '--lower-expect', '--loweratomic', '--elim-avail-extern', '--elim-avail-extern', '--lower-expect', '--slsr']",78,-3.8823924032679056,0.0,-1.194162263891047,0.0,1,-3.8823924032679056,-1.194162263891047,0.5008908414855473,-68.52791878172589,12.220648229966795,11.76470588235294,34
1181,"['--ipsccp', '--speculative-execution', '--sccp', '--early-cse', '--mem2reg', '--jump-threading', '--globalopt', '--elim-avail-extern', '--instcombine', '--adce', '--jump-threading', '--gvn', '--simplifycfg', '--instsimplify', '--inline', '--gvn-hoist', '--mergefunc', '--gvn-hoist', '--instcombine', '--globalopt', '--elim-avail-extern', '--indvars', '--gvn', '--gvn', '--ipsccp', '--gvn', '--nary-reassociate', '--lower-constant-intrinsics', '--loop-instsimplify', '--strip', '--mem2reg', '--jump-threading', '--globalopt', '--memcpyopt', '--elim-avail-extern', '--licm', '--simplifycfg', '--sroa', '--mem2reg', '--gvn-hoist', '--sccp', '--early-cse', '--lower-constant-intrinsics', '--adce', '--gvn-hoist', '--adce', '--loop-simplify', '--dse', '--loop-sink', '--newgvn', '--simplifycfg', '--lower-expect', '--simplifycfg', '--gvn-hoist', '--instcombine', '--globalopt', '--aggressive-instcombine', '--gvn', '--gvn', '--ipsccp', '--gvn', '--lower-constant-intrinsics', '--loop-instsimplify', '--early-cse', '--mem2reg', '--jump-threading', '--globalopt', '--slp-vectorizer', '--instcombine', '--ipsccp', '--simplifycfg', '--sroa', '--lower-constant-intrinsics', '--early-cse', '--lower-expect', '--lower-expect', '--elim-avail-extern', '--elim-avail-extern', '--lower-expect', '--slsr']",80,-3.8841617250597045,0.0,-1.1832021267569324,0.0,1,-3.8841617250597045,-1.1832021267569324,0.46675377468060397,-69.03553299492386,12.320542476390644,11.76470588235294,34
1062,"['--ipsccp', '--speculative-execution', '--sccp', '--early-cse', '--mem2reg', '--jump-threading', '--globalopt', '--elim-avail-extern', '--adce', '--jump-threading', '--gvn', '--simplifycfg', '--instsimplify', '--inline', '--gvn-hoist', '--mergefunc', '--gvn-hoist', '--instcombine', '--globalopt', '--elim-avail-extern', '--indvars', '--gvn', '--gvn', '--ipsccp', '--gvn', '--nary-reassociate', '--loop-instsimplify', '--early-cse', '--mem2reg', '--jump-threading', '--globalopt', '--elim-avail-extern', '--instcombine', '--simplifycfg', '--sroa', '--mem2reg', '--gvn-hoist', '--sccp', '--early-cse', '--lower-constant-intrinsics', '--adce', '--gvn-hoist', '--adce', '--lower-constant-intrinsics', '--dse', '--newgvn', '--lower-expect', '--simplifycfg', '--gvn-hoist', '--instcombine', '--globalopt', '--elim-avail-extern', '--lower-constant-intrinsics', '--gvn', '--ipsccp', '--nary-reassociate', '--gvn', '--early-cse', '--mem2reg', '--jump-threading', '--globalopt', '--slp-vectorizer', '--instcombine', '--simplifycfg', '--sroa', '--early-cse', '--lower-expect', '--sroa', '--sroa', '--lower-expect', '--aggressive-instcombine']",71,-3.8849718170548595,0.0,-1.1966293295513089,0.0,1,-3.8849718170548595,-1.1966293295513089,0.5008908414855473,-68.52791878172589,12.227939375384366,11.76470588235294,34
1013,"['--ipsccp', '--speculative-execution', '--sccp', '--early-cse', '--mem2reg', '--jump-threading', '--globalopt', '--elim-avail-extern', '--adce', '--jump-threading', '--gvn', '--simplifycfg', '--instsimplify', '--inline', '--gvn-hoist', '--mergefunc', '--gvn-hoist', '--instcombine', '--globalopt', '--elim-avail-extern', '--indvars', '--gvn', '--gvn', '--ipsccp', '--gvn', '--nary-reassociate', '--loop-instsimplify', '--early-cse', '--mem2reg', '--jump-threading', '--globalopt', '--elim-avail-extern', '--instcombine', '--simplifycfg', '--sroa', '--mem2reg', '--gvn-hoist', '--sccp', '--early-cse', '--lower-constant-intrinsics', '--adce', '--gvn-hoist', '--adce', '--lower-constant-intrinsics', '--dse', '--newgvn', '--lower-expect', '--simplifycfg', '--gvn-hoist', '--instcombine', '--globalopt', '--elim-avail-extern', '--lower-constant-intrinsics', '--gvn', '--ipsccp', '--gvn', '--nary-reassociate', '--gvn', '--early-cse', '--mem2reg', '--jump-threading', '--globalopt', '--slp-vectorizer', '--instcombine', '--simplifycfg', '--sroa', '--early-cse', '--lower-expect', '--sroa', '--sroa', '--lower-expect', '--aggressive-instcombine']",72,-3.8849718170548595,0.0,-1.1966293295513089,0.0,1,-3.8849718170548595,-1.1966293295513089,0.5008908414855473,-68.52791878172589,12.227939375384366,11.76470588235294,34
1089,"['--ipsccp', '--speculative-execution', '--sccp', '--early-cse', '--mem2reg', '--jump-threading', '--globalopt', '--elim-avail-extern', '--adce', '--jump-threading', '--gvn', '--simplifycfg', '--instsimplify', '--inline', '--gvn-hoist', '--mergefunc', '--gvn-hoist', '--instcombine', '--globalopt', '--elim-avail-extern', '--indvars', '--gvn', '--ipsccp', '--gvn', '--nary-reassociate', '--lower-constant-intrinsics', '--loop-instsimplify', '--strip', '--mem2reg', '--jump-threading', '--globalopt', '--instcombine', '--simplifycfg', '--sroa', '--gvn-hoist', '--sccp', '--early-cse', '--lower-constant-intrinsics', '--globalopt', '--gvn-hoist', '--adce', '--lower-constant-intrinsics', '--dse', '--newgvn', '--simplifycfg', '--lower-expect', '--gvn-hoist', '--instcombine', '--globalopt', '--globalopt', '--elim-avail-extern', '--gvn', '--gvn', '--ipsccp', '--gvn', '--early-cse', '--mem2reg', '--jump-threading', '--globalopt', '--slp-vectorizer', '--instcombine', '--simplifycfg', '--sroa', '--early-cse', '--lower-expect', '--sroa', '--sroa', '--lower-expect', '--adce', '--elim-avail-extern', '--aggressive-instcombine']",71,-3.8849718170548595,0.0,-1.1966293295513089,0.0,1,-3.8849718170548595,-1.1966293295513089,0.5008908414855473,-68.52791878172589,12.227939375384366,11.76470588235294,34
1084,"['--ipsccp', '--speculative-execution', '--sccp', '--early-cse', '--mem2reg', '--jump-threading', '--globalopt', '--elim-avail-extern', '--instcombine', '--adce', '--jump-threading', '--gvn', '--simplifycfg', '--instsimplify', '--gvn-hoist', '--mergefunc', '--gvn-hoist', '--instcombine', '--globalopt', '--elim-avail-extern', '--indvars', '--gvn', '--gvn', '--ipsccp', '--gvn', '--nary-reassociate', '--loop-instsimplify', '--early-cse', '--mem2reg', '--jump-threading', '--globalopt', '--elim-avail-extern', '--instcombine', '--simplifycfg', '--sroa', '--mem2reg', '--gvn-hoist', '--sccp', '--early-cse', '--slsr', '--adce', '--gvn-hoist', '--adce', '--lower-constant-intrinsics', '--dse', '--newgvn', '--simplifycfg', '--newgvn', '--simplifycfg', '--indvars', '--simplifycfg', '--memcpyopt', '--instcombine', '--globalopt', '--elim-avail-extern', '--ipsccp', '--gvn', '--ipsccp', '--gvn', '--nary-reassociate', '--lower-constant-intrinsics', '--loop-instsimplify', '--early-cse', '--mem2reg', '--jump-threading', '--globalopt', '--slp-vectorizer', '--instcombine', '--simplifycfg', '--sroa', '--lower-constant-intrinsics', '--early-cse', '--aggressive-instcombine']",73,-3.8898854837884036,0.0,-1.207006274463715,0.0,1,-3.8898854837884036,-1.207006274463715,0.5008908414855473,-68.02030456852792,12.199248955876767,11.76470588235294,34
1048,"['--ipsccp', '--speculative-execution', '--sccp', '--early-cse', '--mem2reg', '--jump-threading', '--globalopt', '--elim-avail-extern', '--instcombine', '--adce', '--jump-threading', '--gvn', '--simplifycfg', '--instsimplify', '--gvn-hoist', '--mergefunc', '--gvn-hoist', '--instcombine', '--globalopt', '--elim-avail-extern', '--indvars', '--gvn', '--gvn', '--ipsccp', '--gvn', '--nary-reassociate', '--loop-instsimplify', '--early-cse', '--mem2reg', '--jump-threading', '--globalopt', '--elim-avail-extern', '--instcombine', '--simplifycfg', '--sroa', '--mem2reg', '--gvn-hoist', '--sccp', '--early-cse', '--slsr', '--adce', '--gvn-hoist', '--adce', '--lower-constant-intrinsics', '--dse', '--newgvn', '--simplifycfg', '--newgvn', '--simplifycfg', '--indvars', '--simplifycfg', '--gvn-hoist', '--instcombine', '--ipsccp', '--gvn', '--early-cse', '--lower-constant-intrinsics', '--early-cse', '--mem2reg', '--jump-threading', '--globalopt', '--slp-vectorizer', '--instcombine', '--simplifycfg', '--sroa', '--nary-reassociate', '--lower-expect', '--sroa', '--sroa', '--lower-expect', '--globalopt', '--elim-avail-extern', '--aggressive-instcombine']",73,-3.8898854837884036,0.0,-1.207006274463715,0.0,1,-3.8898854837884036,-1.207006274463715,0.5008908414855473,-68.02030456852792,12.199248955876767,11.76470588235294,34
2624,"['--ipsccp', '--sccp', '--speculative-execution', '--lower-constant-intrinsics', '--early-cse', '--mem2reg', '--gvn', '--globalopt', '--elim-avail-extern', '--instcombine', '--loop-instsimplify', '--gvn', '--simplifycfg', '--instsimplify', '--inline', '--mergefunc', '--reassociate', '--gvn-hoist', '--instcombine', '--lower-expect', '--elim-avail-extern', '--loweratomic', '--indvars', '--indvars', '--indvars', '--indvars', '--gvn', '--ipsccp', '--gvn', '--nary-reassociate', '--adce', '--early-cse', '--mem2reg', '--jump-threading', '--globalopt', '--elim-avail-extern', '--instcombine', '--simplifycfg', '--sroa', '--mem2reg', '--globaldce', '--gvn-hoist', '--sccp', '--early-cse', '--lower-constant-intrinsics', '--adce', '--slsr', '--gvn-hoist', '--adce', '--loop-simplify', '--dse', '--scalarizer', '--adce', '--loop-simplify', '--dse', '--scalarizer', '--simplifycfg', '--mergereturn', '--lower-expect', '--nary-reassociate', '--lower-constant-intrinsics', '--ipsccp', '--elim-avail-extern', '--jump-threading', '--jump-threading', '--globalopt', '--slp-vectorizer', '--instcombine', '--slp-vectorizer', '--instcombine', '--simplifycfg', '--sroa', '--simplifycfg', '--sroa', '--early-cse', '--lower-expect', '--aggressive-instcombine']",77,-3.8902754559806247,0.0,-1.1837721438522477,0.0,1,-3.8902754559806247,-1.1837721438522477,0.5620873773639496,-67.00507614213198,12.377404657384977,11.76470588235294,34
1409,"['--ipsccp', '--speculative-execution', '--sccp', '--early-cse', '--mem2reg', '--jump-threading', '--globalopt', '--elim-avail-extern', '--instcombine', '--adce', '--jump-threading', '--gvn', '--simplifycfg', '--loop-unroll-and-jam', '--instsimplify', '--inline', '--gvn-hoist', '--gvn-hoist', '--instcombine', '--globalopt', '--elim-avail-extern', '--indvars', '--gvn', '--gvn', '--ipsccp', '--sroa', '--nary-reassociate', '--loop-instsimplify', '--early-cse', '--mem2reg', '--jump-threading', '--globalopt', '--elim-avail-extern', '--instcombine', '--simplifycfg', '--sroa', '--mem2reg', '--globaldce', '--gvn-hoist', '--sccp', '--early-cse', '--lower-constant-intrinsics', '--adce', '--slsr', '--gvn-hoist', '--adce', '--loop-simplify', '--dse', '--mergereturn', '--scalarizer', '--simplifycfg', '--lower-expect', '--simplifycfg', '--gvn-hoist', '--elim-avail-extern', '--lower-constant-intrinsics', '--gvn', '--ipsccp', '--gvn', '--nary-reassociate', '--gvn', '--separate-const-offset-from-gep', '--early-cse', '--mem2reg', '--jump-threading', '--globalopt', '--slp-vectorizer', '--instcombine', '--simplifycfg', '--sroa', '--early-cse', '--lower-expect', '--sroa', '--gvn', '--lower-expect', '--aggressive-instcombine']",76,-3.891259893227984,0.0,-1.2136047637747385,0.0,1,-3.891259893227984,-1.2136047637747385,0.13175230566534915,-68.52791878172589,12.16350438043989,11.76470588235294,34
1400,"['--ipsccp', '--speculative-execution', '--sccp', '--early-cse', '--mem2reg', '--jump-threading', '--globalopt', '--elim-avail-extern', '--instcombine', '--adce', '--jump-threading', '--gvn', '--simplifycfg', '--instsimplify', '--inline', '--gvn-hoist', '--gvn-hoist', '--instcombine', '--globalopt', '--elim-avail-extern', '--indvars', '--gvn', '--gvn', '--ipsccp', '--gvn', '--nary-reassociate', '--loop-instsimplify', '--early-cse', '--mem2reg', '--jump-threading', '--globalopt', '--elim-avail-extern', '--instcombine', '--simplifycfg', '--sroa', '--mem2reg', '--globaldce', '--gvn-hoist', '--sccp', '--early-cse', '--lower-constant-intrinsics', '--adce', '--slsr', '--gvn-hoist', '--adce', '--loop-simplify', '--dse', '--scalarizer', '--simplifycfg', '--lower-expect', '--simplifycfg', '--gvn-hoist', '--lower-constant-intrinsics', '--gvn', '--ipsccp', '--gvn', '--nary-reassociate', '--gvn', '--early-cse', '--mem2reg', '--jump-threading', '--globalopt', '--slp-vectorizer', '--instcombine', '--simplifycfg', '--sroa', '--early-cse', '--lower-expect', '--sroa', '--sroa', '--lower-expect', '--aggressive-instcombine']",72,-3.891259893227984,0.0,-1.2136047637747385,0.0,1,-3.891259893227984,-1.2136047637747385,0.13175230566534915,-68.52791878172589,12.16350438043989,11.76470588235294,34
1294,"['--ipsccp', '--speculative-execution', '--nary-reassociate', '--early-cse', '--mem2reg', '--jump-threading', '--globalopt', '--elim-avail-extern', '--instcombine', '--adce', '--jump-threading', '--gvn', '--simplifycfg', '--instsimplify', '--inline', '--mergefunc', '--gvn-hoist', '--gvn-hoist', '--instcombine', '--globalopt', '--elim-avail-extern', '--indvars', '--globaldce', '--gvn', '--gvn', '--sccp', '--loop-instsimplify', '--early-cse', '--mem2reg', '--jump-threading', '--globalopt', '--instcombine', '--simplifycfg', '--sroa', '--gvn-hoist', '--early-cse', '--sccp', '--early-cse', '--lower-constant-intrinsics', '--globalopt', '--gvn-hoist', '--adce', '--lower-constant-intrinsics', '--dse', '--inferattrs', '--newgvn', '--simplifycfg', '--newgvn', '--elim-avail-extern', '--simplifycfg', '--gvn-hoist', '--instcombine', '--globalopt', '--aggressive-instcombine', '--globalopt', '--instcombine', '--gvn', '--gvn', '--ipsccp', '--gvn', '--lower-constant-intrinsics', '--loop-instsimplify', '--early-cse', '--mem2reg', '--early-cse-memssa', '--jump-threading', '--globalopt', '--slp-vectorizer', '--instcombine', '--simplifycfg', '--sroa', '--lower-constant-intrinsics', '--early-cse', '--lower-expect', '--lower-expect', '--loweratomic', '--elim-avail-extern', '--elim-avail-extern', '--lower-expect', '--slsr']",80,-3.895383854605064,0.0,-1.2094848755435927,0.0,1,-3.895383854605064,-1.2094848755435927,0.3762503762503763,-68.52791878172589,12.235643155944286,11.76470588235294,34
1007,"['--ipsccp', '--speculative-execution', '--sccp', '--early-cse', '--mem2reg', '--jump-threading', '--globalopt', '--elim-avail-extern', '--instcombine', '--adce', '--jump-threading', '--gvn', '--simplifycfg', '--instsimplify', '--gvn-hoist', '--mergefunc', '--gvn-hoist', '--gvn', '--globalopt', '--elim-avail-extern', '--indvars', '--indvars', '--gvn', '--ipsccp', '--gvn', '--nary-reassociate', '--lower-constant-intrinsics', '--loop-instsimplify', '--strip', '--mem2reg', '--jump-threading', '--globalopt', '--instcombine', '--simplifycfg', '--sroa', '--mem2reg', '--gvn-hoist', '--sccp', '--early-cse', '--lower-constant-intrinsics', '--adce', '--gvn-hoist', '--adce', '--lower-constant-intrinsics', '--dse', '--newgvn', '--lower-expect', '--gvn-hoist', '--instcombine', '--globalopt', '--elim-avail-extern', '--gvn', '--instcombine', '--ipsccp', '--gvn', '--early-cse', '--lower-constant-intrinsics', '--early-cse', '--mem2reg', '--jump-threading', '--globalopt', '--slp-vectorizer', '--instcombine', '--simplifycfg', '--sroa', '--nary-reassociate', '--lower-expect', '--sroa', '--lower-expect', '--globalopt', '--elim-avail-extern', '--aggressive-instcombine']",72,-3.8986007523632304,0.0,-1.2190850279363568,0.0,1,-3.8986007523632304,-1.2190850279363568,0.5008908414855473,-68.02030456852792,12.195810990580215,11.76470588235294,34
1079,"['--ipsccp', '--speculative-execution', '--sccp', '--early-cse', '--mem2reg', '--jump-threading', '--globalopt', '--elim-avail-extern', '--instcombine', '--adce', '--jump-threading', '--gvn', '--simplifycfg', '--instsimplify', '--gvn-hoist', '--mergefunc', '--gvn-hoist', '--instcombine', '--globalopt', '--elim-avail-extern', '--indvars', '--gvn', '--gvn', '--ipsccp', '--gvn', '--nary-reassociate', '--loop-instsimplify', '--early-cse', '--mem2reg', '--jump-threading', '--globalopt', '--elim-avail-extern', '--instcombine', '--simplifycfg', '--sroa', '--mem2reg', '--gvn-hoist', '--sccp', '--early-cse', '--lower-constant-intrinsics', '--adce', '--gvn-hoist', '--adce', '--loop-simplify', '--dse', '--newgvn', '--simplifycfg', '--newgvn', '--simplifycfg', '--indvars', '--simplifycfg', '--gvn-hoist', '--instcombine', '--ipsccp', '--gvn', '--early-cse', '--lower-constant-intrinsics', '--early-cse', '--mem2reg', '--jump-threading', '--globalopt', '--slp-vectorizer', '--instcombine', '--simplifycfg', '--sroa', '--nary-reassociate', '--lower-expect', '--sroa', '--sroa', '--lower-expect', '--globalopt', '--elim-avail-extern', '--aggressive-instcombine']",73,-3.8986007523632304,0.0,-1.2190850279363568,0.0,1,-3.8986007523632304,-1.2190850279363568,0.5008908414855473,-68.02030456852792,12.195810990580215,11.76470588235294,34
1026,"['--ipsccp', '--speculative-execution', '--sccp', '--early-cse', '--mem2reg', '--jump-threading', '--globalopt', '--elim-avail-extern', '--instcombine', '--adce', '--jump-threading', '--gvn', '--simplifycfg', '--instsimplify', '--gvn-hoist', '--mergefunc', '--gvn-hoist', '--instcombine', '--globalopt', '--elim-avail-extern', '--indvars', '--gvn', '--gvn', '--ipsccp', '--gvn', '--nary-reassociate', '--loop-instsimplify', '--early-cse', '--mem2reg', '--jump-threading', '--globalopt', '--elim-avail-extern', '--instcombine', '--simplifycfg', '--sroa', '--mem2reg', '--gvn-hoist', '--sccp', '--early-cse', '--lower-constant-intrinsics', '--adce', '--gvn-hoist', '--adce', '--loop-simplify', '--dse', '--newgvn', '--simplifycfg', '--newgvn', '--simplifycfg', '--indvars', '--simplifycfg', '--gvn-hoist', '--instcombine', '--globalopt', '--elim-avail-extern', '--ipsccp', '--gvn', '--ipsccp', '--gvn', '--nary-reassociate', '--lower-constant-intrinsics', '--loop-instsimplify', '--early-cse', '--mem2reg', '--jump-threading', '--globalopt', '--slp-vectorizer', '--instcombine', '--simplifycfg', '--sroa', '--lower-constant-intrinsics', '--early-cse', '--aggressive-instcombine']",73,-3.8986007523632304,0.0,-1.2190850279363568,0.0,1,-3.8986007523632304,-1.2190850279363568,0.5008908414855473,-68.02030456852792,12.195810990580215,11.76470588235294,34
1001,"['--ipsccp', '--speculative-execution', '--sccp', '--early-cse', '--mem2reg', '--jump-threading', '--globalopt', '--elim-avail-extern', '--instcombine', '--adce', '--jump-threading', '--gvn', '--simplifycfg', '--instsimplify', '--gvn-hoist', '--mergefunc', '--gvn-hoist', '--instcombine', '--globalopt', '--elim-avail-extern', '--indvars', '--gvn', '--gvn', '--ipsccp', '--gvn', '--nary-reassociate', '--lower-constant-intrinsics', '--loop-instsimplify', '--strip', '--mem2reg', '--jump-threading', '--globalopt', '--memcpyopt', '--elim-avail-extern', '--simplifycfg', '--sroa', '--mem2reg', '--gvn-hoist', '--sccp', '--early-cse', '--lower-constant-intrinsics', '--adce', '--gvn-hoist', '--adce', '--loop-simplify', '--dse', '--simplifycfg', '--newgvn', '--simplifycfg', '--indvars', '--simplifycfg', '--gvn-hoist', '--instcombine', '--ipsccp', '--gvn', '--early-cse', '--lower-constant-intrinsics', '--early-cse', '--mem2reg', '--jump-threading', '--globalopt', '--slp-vectorizer', '--instcombine', '--simplifycfg', '--sroa', '--nary-reassociate', '--lower-expect', '--sroa', '--sroa', '--lower-expect', '--globalopt', '--elim-avail-extern', '--aggressive-instcombine']",73,-3.903748469752424,0.0,-1.226087829056805,0.0,1,-3.903748469752424,-1.226087829056805,0.46675377468060397,-68.02030456852792,12.194767156068787,11.76470588235294,34
1071,"['--ipsccp', '--speculative-execution', '--sccp', '--early-cse', '--mem2reg', '--jump-threading', '--globalopt', '--elim-avail-extern', '--instcombine', '--adce', '--jump-threading', '--gvn', '--simplifycfg', '--instsimplify', '--gvn-hoist', '--mergefunc', '--gvn-hoist', '--instcombine', '--globalopt', '--elim-avail-extern', '--indvars', '--gvn', '--gvn', '--ipsccp', '--gvn', '--nary-reassociate', '--lower-constant-intrinsics', '--loop-instsimplify', '--strip', '--mem2reg', '--jump-threading', '--globalopt', '--memcpyopt', '--elim-avail-extern', '--simplifycfg', '--sroa', '--mem2reg', '--gvn-hoist', '--sccp', '--early-cse', '--lower-constant-intrinsics', '--adce', '--gvn-hoist', '--adce', '--loop-simplify', '--dse', '--simplifycfg', '--newgvn', '--simplifycfg', '--indvars', '--simplifycfg', '--gvn-hoist', '--instcombine', '--ipsccp', '--gvn', '--early-cse', '--lower-constant-intrinsics', '--early-cse', '--mem2reg', '--jump-threading', '--globalopt', '--early-cse-memssa', '--slp-vectorizer', '--instcombine', '--simplifycfg', '--sroa', '--nary-reassociate', '--lower-expect', '--sroa', '--lower-expect', '--globalopt', '--elim-avail-extern', '--aggressive-instcombine']",73,-3.903748469752424,0.0,-1.226087829056805,0.0,1,-3.903748469752424,-1.226087829056805,0.46675377468060397,-68.02030456852792,12.194767156068787,11.76470588235294,34
1225,"['--ipsccp', '--speculative-execution', '--sccp', '--early-cse', '--mem2reg', '--jump-threading', '--globalopt', '--elim-avail-extern', '--instcombine', '--adce', '--jump-threading', '--gvn', '--simplifycfg', '--instsimplify', '--inline', '--mergefunc', '--gvn-hoist', '--instcombine', '--globalopt', '--elim-avail-extern', '--indvars', '--indvars', '--gvn', '--gvn', '--gvn', '--nary-reassociate', '--loop-instsimplify', '--early-cse', '--mem2reg', '--jump-threading', '--globalopt', '--instcombine', '--simplifycfg', '--sroa', '--gvn-hoist', '--early-cse', '--sccp', '--early-cse', '--lower-constant-intrinsics', '--globalopt', '--gvn-hoist', '--adce', '--lower-constant-intrinsics', '--dse', '--newgvn', '--simplifycfg', '--lower-expect', '--simplifycfg', '--inferattrs', '--instcombine', '--globalopt', '--globalopt', '--early-cse-memssa', '--elim-avail-extern', '--gvn', '--ipsccp', '--gvn', '--nary-reassociate', '--gvn', '--early-cse', '--mem2reg', '--jump-threading', '--globalopt', '--slp-vectorizer', '--jump-threading', '--globalopt', '--adce', '--instcombine', '--simplifycfg', '--sroa', '--lower-constant-intrinsics', '--early-cse', '--lower-expect', '--lower-expect', '--loweratomic', '--elim-avail-extern', '--elim-avail-extern', '--lower-expect', '--slsr']",79,-3.918596103225081,0.0,-1.275065955921058,0.0,1,-3.918596103225081,-1.275065955921058,0.0,-67.00507614213198,11.975907539313463,11.76470588235294,34
1222,"['--ipsccp', '--speculative-execution', '--sccp', '--early-cse', '--mem2reg', '--globalopt', '--elim-avail-extern', '--instcombine', '--adce', '--jump-threading', '--gvn', '--simplifycfg', '--instsimplify', '--inline', '--gvn-hoist', '--mergefunc', '--gvn-hoist', '--instcombine', '--globalopt', '--elim-avail-extern', '--indvars', '--indvars', '--gvn', '--gvn', '--gvn', '--nary-reassociate', '--loop-instsimplify', '--early-cse', '--mem2reg', '--jump-threading', '--globalopt', '--instcombine', '--simplifycfg', '--sroa', '--gvn-hoist', '--early-cse', '--sccp', '--early-cse', '--lower-constant-intrinsics', '--globalopt', '--gvn-hoist', '--adce', '--lower-constant-intrinsics', '--dse', '--newgvn', '--simplifycfg', '--lower-expect', '--simplifycfg', '--inferattrs', '--instcombine', '--globalopt', '--globalopt', '--early-cse-memssa', '--elim-avail-extern', '--gvn', '--ipsccp', '--gvn', '--early-cse', '--mem2reg', '--jump-threading', '--globalopt', '--slp-vectorizer', '--instcombine', '--early-cse-memssa', '--jump-threading', '--globalopt', '--slp-vectorizer', '--instcombine', '--simplifycfg', '--sroa', '--lower-constant-intrinsics', '--early-cse', '--lower-expect', '--lower-expect', '--loweratomic', '--elim-avail-extern', '--elim-avail-extern', '--lower-expect', '--slsr']",79,-3.918596103225081,0.0,-1.275065955921058,0.0,1,-3.918596103225081,-1.275065955921058,0.0,-67.00507614213198,11.975907539313463,11.76470588235294,34
1205,"['--ipsccp', '--speculative-execution', '--sccp', '--early-cse', '--mem2reg', '--jump-threading', '--globalopt', '--elim-avail-extern', '--instcombine', '--adce', '--jump-threading', '--gvn', '--simplifycfg', '--instsimplify', '--inline', '--gvn-hoist', '--mergefunc', '--gvn-hoist', '--instcombine', '--globalopt', '--elim-avail-extern', '--indvars', '--gvn', '--gvn', '--ipsccp', '--gvn', '--nary-reassociate', '--loop-instsimplify', '--early-cse', '--mem2reg', '--jump-threading', '--globalopt', '--instcombine', '--flattencfg', '--sroa', '--gvn-hoist', '--sccp', '--sccp', '--early-cse', '--lower-constant-intrinsics', '--adce', '--gvn-hoist', '--adce', '--loop-simplify', '--dse', '--newgvn', '--simplifycfg', '--newgvn', '--simplifycfg', '--indvars', '--simplifycfg', '--gvn-hoist', '--instcombine', '--globalopt', '--elim-avail-extern', '--ipsccp', '--gvn', '--lower-constant-intrinsics', '--loop-instsimplify', '--early-cse', '--mem2reg', '--jump-threading', '--globalopt', '--slp-vectorizer', '--instcombine', '--simplifycfg', '--sroa', '--lower-constant-intrinsics', '--early-cse', '--lower-expect', '--lower-expect', '--loweratomic', '--elim-avail-extern', '--elim-avail-extern', '--lower-expect', '--slsr']",76,-3.918596103225081,0.0,-1.275065955921058,0.0,1,-3.918596103225081,-1.275065955921058,0.0,-67.00507614213198,11.975907539313463,11.76470588235294,34
1242,"['--ipsccp', '--speculative-execution', '--sccp', '--early-cse', '--mem2reg', '--jump-threading', '--globalopt', '--elim-avail-extern', '--instcombine', '--adce', '--jump-threading', '--gvn', '--simplifycfg', '--loop-unroll-and-jam', '--instsimplify', '--inline', '--gvn-hoist', '--mergefunc', '--gvn-hoist', '--instcombine', '--globalopt', '--elim-avail-extern', '--indvars', '--gvn', '--gvn', '--ipsccp', '--gvn', '--nary-reassociate', '--loop-instsimplify', '--early-cse', '--mem2reg', '--jump-threading', '--globalopt', '--instcombine', '--simplifycfg', '--sroa', '--gvn-hoist', '--sccp', '--sccp', '--early-cse', '--lower-constant-intrinsics', '--adce', '--gvn-hoist', '--adce', '--loop-simplify', '--dse', '--newgvn', '--simplifycfg', '--newgvn', '--simplifycfg', '--indvars', '--simplifycfg', '--gvn-hoist', '--instcombine', '--gvn', '--ipsccp', '--gvn', '--lower-constant-intrinsics', '--loop-instsimplify', '--early-cse', '--mem2reg', '--jump-threading', '--globalopt', '--slp-vectorizer', '--instcombine', '--simplifycfg', '--sroa', '--lower-constant-intrinsics', '--early-cse', '--lower-expect', '--lower-expect', '--loweratomic', '--elim-avail-extern', '--elim-avail-extern', '--elim-avail-extern', '--lower-expect', '--slsr']",77,-3.918596103225081,0.0,-1.275065955921058,0.0,1,-3.918596103225081,-1.275065955921058,0.0,-67.00507614213198,11.975907539313463,11.76470588235294,34
1448,"['--ipsccp', '--speculative-execution', '--sccp', '--early-cse', '--mem2reg', '--jump-threading', '--globalopt', '--elim-avail-extern', '--instcombine', '--adce', '--jump-threading', '--gvn', '--simplifycfg', '--instsimplify', '--lower-expect', '--mergefunc', '--gvn-hoist', '--instcombine', '--globalopt', '--elim-avail-extern', '--indvars', '--indvars', '--gvn', '--gvn', '--ipsccp', '--gvn', '--nary-reassociate', '--loop-instsimplify', '--early-cse', '--mem2reg', '--jump-threading', '--globalopt', '--elim-avail-extern', '--instcombine', '--simplifycfg', '--sroa', '--mem2reg', '--gvn', '--gvn-hoist', '--sccp', '--early-cse', '--lower-constant-intrinsics', '--adce', '--adce', '--loop-simplify', '--dse', '--scalarizer', '--ipconstprop', '--simplifycfg', '--lower-expect', '--simplifycfg', '--gvn-hoist', '--elim-avail-extern', '--lower-constant-intrinsics', '--gvn', '--ipsccp', '--gvn', '--nary-reassociate', '--gvn', '--early-cse', '--mem2reg', '--jump-threading', '--globalopt', '--slp-vectorizer', '--instcombine', '--simplifycfg', '--sroa', '--instcombine', '--simplifycfg', '--mem2reg', '--sroa', '--lower-constant-intrinsics', '--early-cse', '--inline', '--lower-expect', '--loweratomic', '--elim-avail-extern', '--elim-avail-extern', '--slsr']",79,-3.9265585919513626,0.0,-1.296461910181873,0.0,1,-3.9265585919513626,-1.296461910181873,0.0,-67.00507614213198,11.895062769620164,11.76470588235294,34
1159,"['--ipsccp', '--speculative-execution', '--sccp', '--early-cse', '--mem2reg', '--jump-threading', '--globalopt', '--elim-avail-extern', '--instcombine', '--adce', '--jump-threading', '--gvn', '--simplifycfg', '--instsimplify', '--inline', '--gvn-hoist', '--mergefunc', '--gvn-hoist', '--instcombine', '--globalopt', '--elim-avail-extern', '--indvars', '--gvn', '--gvn', '--ipsccp', '--gvn', '--nary-reassociate', '--loop-instsimplify', '--early-cse', '--mem2reg', '--jump-threading', '--globalopt', '--instcombine', '--simplifycfg', '--sroa', '--gvn-hoist', '--sccp', '--sccp', '--early-cse', '--lower-constant-intrinsics', '--adce', '--gvn-hoist', '--adce', '--loop-simplify', '--dse', '--newgvn', '--simplifycfg', '--newgvn', '--simplifycfg', '--indvars', '--simplifycfg', '--gvn-hoist', '--instcombine', '--globalopt', '--elim-avail-extern', '--ipsccp', '--gvn', '--ipsccp', '--gvn', '--nary-reassociate', '--lower-constant-intrinsics', '--loop-instsimplify', '--early-cse', '--mem2reg', '--jump-threading', '--globalopt', '--slp-vectorizer', '--instcombine', '--simplifycfg', '--sroa', '--lower-constant-intrinsics', '--early-cse', '--jump-threading']",73,-3.9272980919585088,0.0,-1.2871447093936996,0.0,1,-3.9272980919585088,-1.2871447093936996,0.0,-67.00507614213198,11.972336775602932,11.76470588235294,34
1252,"['--ipsccp', '--speculative-execution', '--sccp', '--early-cse', '--mem2reg', '--jump-threading', '--globalopt', '--elim-avail-extern', '--instcombine', '--adce', '--jump-threading', '--gvn', '--simplifycfg', '--instsimplify', '--inline', '--gvn-hoist', '--mergefunc', '--gvn-hoist', '--instcombine', '--globalopt', '--elim-avail-extern', '--indvars', '--gvn', '--gvn', '--ipsccp', '--gvn', '--early-cse', '--mem2reg', '--jump-threading', '--globalopt', '--lower-expect', '--instcombine', '--simplifycfg', '--globaldce', '--sroa', '--mem2reg', '--gvn-hoist', '--sccp', '--early-cse', '--lower-constant-intrinsics', '--adce', '--gvn-hoist', '--adce', '--lower-constant-intrinsics', '--dse', '--newgvn', '--elim-avail-extern', '--simplifycfg', '--gvn-hoist', '--instcombine', '--globalopt', '--instcombine', '--globalopt', '--aggressive-instcombine', '--gvn', '--gvn', '--ipsccp', '--gvn', '--lower-constant-intrinsics', '--loop-instsimplify', '--early-cse', '--mem2reg', '--early-cse-memssa', '--jump-threading', '--globalopt', '--slp-vectorizer', '--instcombine', '--simplifycfg', '--sroa', '--lower-constant-intrinsics', '--early-cse', '--lower-expect', '--lower-expect', '--loweratomic', '--elim-avail-extern', '--elim-avail-extern', '--lower-expect', '--slsr']",78,-3.936891726779394,0.0,-1.2666812100856675,0.0,1,-3.936891726779394,-1.2666812100856675,0.33965251356555703,-68.52791878172589,12.221749368622026,11.76470588235294,34
2656,"['--ipsccp', '--speculative-execution', '--sccp', '--early-cse', '--mem2reg', '--sroa', '--globalopt', '--elim-avail-extern', '--instcombine', '--loop-instsimplify', '--jump-threading', '--gvn', '--simplifycfg', '--instsimplify', '--inline', '--mergefunc', '--gvn-hoist', '--gvn-hoist', '--instcombine', '--globalopt', '--globalopt', '--elim-avail-extern', '--loweratomic', '--indvars', '--indvars', '--gvn', '--gvn', '--ipsccp', '--gvn', '--nary-reassociate', '--early-cse', '--mem2reg', '--jump-threading', '--globalopt', '--elim-avail-extern', '--instcombine', '--simplifycfg', '--sroa', '--mem2reg', '--globaldce', '--gvn-hoist', '--sccp', '--early-cse', '--lower-constant-intrinsics', '--slsr', '--gvn-hoist', '--adce', '--loop-simplifycfg', '--loop-simplify', '--adce', '--loop-simplify', '--dse', '--scalarizer', '--scalarizer', '--simplifycfg', '--lower-expect', '--simplifycfg', '--elim-avail-extern', '--lower-constant-intrinsics', '--lower-constant-intrinsics', '--ipsccp', '--nary-reassociate', '--adce', '--early-cse', '--loop-guard-widening', '--jump-threading', '--slp-vectorizer', '--instcombine', '--slp-vectorizer', '--instcombine', '--simplifycfg', '--sroa', '--early-cse', '--early-cse', '--lower-expect', '--aggressive-instcombine']",76,-3.942024243079235,0.0,-1.2255205477692424,0.0,1,-3.942024243079235,-1.2255205477692424,0.5620873773639496,-67.00507614213198,12.581779498993622,11.76470588235294,34
2544,"['--ipsccp', '--speculative-execution', '--sccp', '--lower-constant-intrinsics', '--early-cse', '--mem2reg', '--jump-threading', '--instcombine', '--elim-avail-extern', '--globalopt', '--loop-instsimplify', '--jump-threading', '--gvn', '--simplifycfg', '--ipsccp', '--inline', '--mergefunc', '--gvn-hoist', '--globalopt', '--elim-avail-extern', '--loweratomic', '--indvars', '--indvars', '--gvn', '--gvn', '--ipsccp', '--gvn', '--nary-reassociate', '--adce', '--early-cse', '--mem2reg', '--jump-threading', '--globalopt', '--elim-avail-extern', '--instcombine', '--simplifycfg', '--sroa', '--mem2reg', '--globaldce', '--gvn-hoist', '--sccp', '--early-cse', '--lower-constant-intrinsics', '--adce', '--slsr', '--gvn-hoist', '--adce', '--loop-simplify', '--dse', '--scalarizer', '--adce', '--loop-simplify', '--dse', '--scalarizer', '--simplifycfg', '--mergereturn', '--lower-expect', '--elim-avail-extern', '--lower-constant-intrinsics', '--ipsccp', '--nary-reassociate', '--irce', '--ipsccp', '--nary-reassociate', '--jump-threading', '--globalopt', '--slp-vectorizer', '--instcombine', '--slp-vectorizer', '--instcombine', '--simplifycfg', '--sroa', '--sroa', '--early-cse', '--lower-expect', '--sroa', '--lower-expect', '--aggressive-instcombine']",78,-3.942024243079235,0.0,-1.2255205477692424,0.0,1,-3.942024243079235,-1.2255205477692424,0.5620873773639496,-67.00507614213198,12.581779498993622,11.76470588235294,34
2543,"['--ipsccp', '--speculative-execution', '--sccp', '--lower-constant-intrinsics', '--early-cse', '--mem2reg', '--jump-threading', '--globalopt', '--elim-avail-extern', '--instcombine', '--loop-instsimplify', '--jump-threading', '--gvn', '--simplifycfg', '--instsimplify', '--inline', '--mergefunc', '--gvn-hoist', '--instcombine', '--globalopt', '--elim-avail-extern', '--loweratomic', '--indvars', '--indvars', '--gvn', '--gvn', '--ipsccp', '--gvn', '--nary-reassociate', '--adce', '--early-cse', '--mem2reg', '--jump-threading', '--globalopt', '--elim-avail-extern', '--instcombine', '--simplifycfg', '--sroa', '--mem2reg', '--globaldce', '--gvn-hoist', '--sccp', '--early-cse', '--lower-constant-intrinsics', '--adce', '--slsr', '--gvn-hoist', '--adce', '--loop-simplify', '--dse', '--scalarizer', '--adce', '--loop-simplify', '--dse', '--scalarizer', '--simplifycfg', '--lower-constant-intrinsics', '--lower-constant-intrinsics', '--ipsccp', '--nary-reassociate', '--adce', '--early-cse', '--loop-guard-widening', '--jump-threading', '--slp-vectorizer', '--instcombine', '--slp-vectorizer', '--instcombine', '--instcombine', '--simplifycfg', '--sroa', '--early-cse', '--sccp', '--lower-expect', '--sroa', '--sroa', '--aggressive-instcombine']",77,-3.942024243079235,0.0,-1.2255205477692424,0.0,1,-3.942024243079235,-1.2255205477692424,0.5620873773639496,-67.00507614213198,12.581779498993622,11.76470588235294,34
2596,"['--ipsccp', '--speculative-execution', '--sccp', '--early-cse', '--mem2reg', '--jump-threading', '--globalopt', '--elim-avail-extern', '--instcombine', '--loop-instsimplify', '--jump-threading', '--gvn', '--simplifycfg', '--instsimplify', '--inline', '--inline', '--mergefunc', '--gvn-hoist', '--instcombine', '--globalopt', '--elim-avail-extern', '--loweratomic', '--indvars', '--indvars', '--gvn', '--gvn', '--ipsccp', '--gvn', '--nary-reassociate', '--mem2reg', '--jump-threading', '--mem2reg', '--memcpyopt', '--jump-threading', '--bdce', '--elim-avail-extern', '--instcombine', '--memcpyopt', '--simplifycfg', '--sroa', '--lower-constant-intrinsics', '--adce', '--slsr', '--gvn-hoist', '--adce', '--loop-simplifycfg', '--loop-simplify', '--adce', '--loop-simplify', '--dse', '--scalarizer', '--scalarizer', '--simplifycfg', '--lower-expect', '--simplifycfg', '--elim-avail-extern', '--lower-constant-intrinsics', '--lower-constant-intrinsics', '--ipsccp', '--nary-reassociate', '--adce', '--early-cse', '--loop-guard-widening', '--jump-threading', '--slp-vectorizer', '--instcombine', '--slp-vectorizer', '--instcombine', '--simplifycfg', '--sroa', '--early-cse', '--early-cse', '--lower-expect', '--aggressive-instcombine']",74,-3.942024243079235,0.0,-1.2255205477692424,0.0,1,-3.942024243079235,-1.2255205477692424,0.5620873773639496,-67.00507614213198,12.581779498993622,11.76470588235294,34
2546,"['--ipsccp', '--speculative-execution', '--sccp', '--lower-constant-intrinsics', '--early-cse', '--mem2reg', '--jump-threading', '--instcombine', '--elim-avail-extern', '--globalopt', '--loop-instsimplify', '--jump-threading', '--gvn', '--simplifycfg', '--ipsccp', '--inline', '--mergefunc', '--gvn-hoist', '--instcombine', '--globalopt', '--elim-avail-extern', '--loweratomic', '--indvars', '--indvars', '--gvn', '--gvn', '--instsimplify', '--gvn', '--nary-reassociate', '--adce', '--early-cse', '--mem2reg', '--jump-threading', '--globalopt', '--elim-avail-extern', '--instcombine', '--loop-vectorize', '--sroa', '--mem2reg', '--globaldce', '--jump-threading', '--sccp', '--early-cse', '--lower-constant-intrinsics', '--adce', '--slsr', '--gvn-hoist', '--adce', '--loop-simplify', '--dse', '--scalarizer', '--adce', '--loop-simplify', '--dse', '--scalarizer', '--simplifycfg', '--elim-avail-extern', '--lower-constant-intrinsics', '--lower-constant-intrinsics', '--ipsccp', '--nary-reassociate', '--adce', '--early-cse', '--loop-guard-widening', '--gvn-hoist', '--slp-vectorizer', '--instcombine', '--slp-vectorizer', '--instcombine', '--simplifycfg', '--sroa', '--sroa', '--early-cse', '--lower-expect', '--sroa', '--lower-expect', '--aggressive-instcombine']",77,-3.942024243079235,0.0,-1.2255205477692424,0.0,1,-3.942024243079235,-1.2255205477692424,0.5620873773639496,-67.00507614213198,12.581779498993622,11.76470588235294,34
2538,"['--ipsccp', '--speculative-execution', '--sccp', '--lower-constant-intrinsics', '--early-cse', '--mem2reg', '--jump-threading', '--instcombine', '--elim-avail-extern', '--globalopt', '--loop-instsimplify', '--jump-threading', '--gvn', '--simplifycfg', '--early-cse', '--inline', '--mergefunc', '--gvn-hoist', '--instcombine', '--globalopt', '--elim-avail-extern', '--loweratomic', '--indvars', '--indvars', '--gvn', '--gvn', '--instsimplify', '--gvn', '--nary-reassociate', '--adce', '--ipsccp', '--mem2reg', '--mem2reg', '--memcpyopt', '--globalopt', '--jump-threading', '--bdce', '--elim-avail-extern', '--instcombine', '--simplifycfg', '--sroa', '--lower-constant-intrinsics', '--adce', '--slsr', '--gvn-hoist', '--adce', '--loop-simplify', '--adce', '--loop-simplify', '--dse', '--scalarizer', '--scalarizer', '--simplifycfg', '--lower-expect', '--simplifycfg', '--elim-avail-extern', '--lower-constant-intrinsics', '--lower-constant-intrinsics', '--ipsccp', '--nary-reassociate', '--adce', '--early-cse', '--loop-guard-widening', '--jump-threading', '--slp-vectorizer', '--instcombine', '--slp-vectorizer', '--instcombine', '--simplifycfg', '--sroa', '--early-cse', '--lower-expect', '--sroa', '--lower-expect', '--aggressive-instcombine']",75,-3.942024243079235,0.0,-1.2255205477692424,0.0,1,-3.942024243079235,-1.2255205477692424,0.5620873773639496,-67.00507614213198,12.581779498993622,11.76470588235294,34
2237,"['--ipsccp', '--speculative-execution', '--sccp', '--adce', '--early-cse', '--mem2reg', '--jump-threading', '--globalopt', '--elim-avail-extern', '--instcombine', '--loop-instsimplify', '--jump-threading', '--gvn', '--simplifycfg', '--instsimplify', '--inline', '--mergefunc', '--gvn-hoist', '--instcombine', '--globalopt', '--elim-avail-extern', '--loweratomic', '--indvars', '--indvars', '--gvn', '--gvn', '--gvn', '--nary-reassociate', '--adce', '--early-cse', '--mem2reg', '--jump-threading', '--globalopt', '--elim-avail-extern', '--instcombine', '--bdce', '--elim-avail-extern', '--instcombine', '--simplifycfg', '--sroa', '--lower-constant-intrinsics', '--adce', '--slsr', '--gvn-hoist', '--adce', '--loop-simplify', '--adce', '--loop-simplify', '--dse', '--scalarizer', '--scalarizer', '--simplifycfg', '--lower-expect', '--simplifycfg', '--elim-avail-extern', '--lower-constant-intrinsics', '--lower-constant-intrinsics', '--ipsccp', '--nary-reassociate', '--adce', '--early-cse', '--loop-guard-widening', '--jump-threading', '--slp-vectorizer', '--instcombine', '--slp-vectorizer', '--instcombine', '--simplifycfg', '--sroa', '--early-cse', '--lower-expect', '--sroa', '--lower-expect', '--aggressive-instcombine']",74,-3.942024243079235,0.0,-1.2255205477692424,0.0,1,-3.942024243079235,-1.2255205477692424,0.5620873773639496,-67.00507614213198,12.581779498993622,11.76470588235294,34
2501,"['--ipsccp', '--speculative-execution', '--sccp', '--early-cse', '--mem2reg', '--jump-threading', '--globalopt', '--elim-avail-extern', '--instcombine', '--adce', '--jump-threading', '--gvn', '--simplifycfg', '--instsimplify', '--inline', '--mergefunc', '--gvn-hoist', '--gvn-hoist', '--instcombine', '--globalopt', '--elim-avail-extern', '--loweratomic', '--indvars', '--indvars', '--gvn', '--gvn', '--ipsccp', '--gvn', '--nary-reassociate', '--adce', '--strip', '--mem2reg', '--jump-threading', '--globalopt', '--elim-avail-extern', '--instcombine', '--simplifycfg', '--sroa', '--mem2reg', '--globaldce', '--gvn-hoist', '--sccp', '--early-cse', '--lower-constant-intrinsics', '--adce', '--slsr', '--gvn-hoist', '--adce', '--loop-simplify', '--loop-simplify', '--inferattrs', '--scalarizer', '--loop-simplify', '--dse', '--ipsccp', '--dse', '--scalarizer', '--simplifycfg', '--lower-expect', '--simplifycfg', '--elim-avail-extern', '--early-cse', '--loop-guard-widening', '--jump-threading', '--globalopt', '--slp-vectorizer', '--instcombine', '--simplifycfg', '--sroa', '--early-cse', '--lower-expect', '--sroa', '--lower-expect', '--aggressive-instcombine']",74,-3.942024243079235,0.0,-1.2255205477692424,0.0,1,-3.942024243079235,-1.2255205477692424,0.5620873773639496,-67.00507614213198,12.581779498993622,11.76470588235294,34
2675,"['--ipsccp', '--speculative-execution', '--sccp', '--early-cse', '--mem2reg', '--jump-threading', '--globalopt', '--elim-avail-extern', '--elim-avail-extern', '--instcombine', '--loop-instsimplify', '--jump-threading', '--gvn', '--simplifycfg', '--instsimplify', '--inline', '--mergefunc', '--mergefunc', '--gvn-hoist', '--globalopt', '--elim-avail-extern', '--loweratomic', '--indvars', '--indvars', '--gvn', '--gvn', '--ipsccp', '--gvn', '--nary-reassociate', '--early-cse', '--loop-unroll', '--jump-threading', '--simplifycfg', '--elim-avail-extern', '--instcombine', '--globalopt', '--sroa', '--mem2reg', '--globaldce', '--gvn-hoist', '--sccp', '--early-cse', '--early-cse', '--lower-constant-intrinsics', '--adce', '--slsr', '--gvn-hoist', '--adce', '--loop-simplify', '--dse', '--scalarizer', '--simplifycfg', '--lower-expect', '--simplifycfg', '--elim-avail-extern', '--lower-constant-intrinsics', '--lower-constant-intrinsics', '--ipsccp', '--nary-reassociate', '--adce', '--early-cse', '--loop-guard-widening', '--jump-threading', '--slp-vectorizer', '--instcombine', '--loop-versioning-licm', '--slp-vectorizer', '--instcombine', '--simplifycfg', '--sroa', '--early-cse', '--early-cse', '--lower-expect', '--aggressive-instcombine']",74,-3.942024243079235,0.0,-1.2255205477692424,0.0,1,-3.942024243079235,-1.2255205477692424,0.5620873773639496,-67.00507614213198,12.581779498993622,11.76470588235294,34
2704,"['--ipsccp', '--speculative-execution', '--sccp', '--lower-constant-intrinsics', '--early-cse', '--mem2reg', '--jump-threading', '--globalopt', '--elim-avail-extern', '--instcombine', '--loop-instsimplify', '--gvn', '--simplifycfg', '--instsimplify', '--inline', '--mergefunc', '--gvn-hoist', '--ipconstprop', '--instcombine', '--globalopt', '--dse', '--loweratomic', '--indvars', '--indvars', '--gvn', '--gvn', '--ipsccp', '--gvn', '--adce', '--early-cse', '--mem2reg', '--jump-threading', '--globalopt', '--globalopt', '--elim-avail-extern', '--instcombine', '--simplifycfg', '--sroa', '--mem2reg', '--sroa', '--lower-constant-intrinsics', '--adce', '--slsr', '--gvn-hoist', '--adce', '--loop-simplify', '--adce', '--loop-simplify', '--dse', '--scalarizer', '--dce', '--simplifycfg', '--globalopt', '--simplifycfg', '--elim-avail-extern', '--lower-constant-intrinsics', '--lower-constant-intrinsics', '--ipsccp', '--nary-reassociate', '--adce', '--early-cse', '--loop-guard-widening', '--jump-threading', '--slp-vectorizer', '--instcombine', '--slp-vectorizer', '--instcombine', '--instcombine', '--simplifycfg', '--sroa', '--early-cse', '--elim-avail-extern', '--lower-expect', '--sroa', '--sroa', '--aggressive-instcombine']",76,-3.942024243079235,0.0,-1.2255205477692424,0.0,1,-3.942024243079235,-1.2255205477692424,0.5620873773639496,-67.00507614213198,12.581779498993622,11.76470588235294,34
2706,"['--ipsccp', '--speculative-execution', '--sccp', '--lower-constant-intrinsics', '--early-cse', '--mem2reg', '--mergefunc', '--jump-threading', '--globalopt', '--lower-constant-intrinsics', '--elim-avail-extern', '--instcombine', '--loop-instsimplify', '--jump-threading', '--gvn', '--simplifycfg', '--instsimplify', '--inline', '--reassociate', '--mergefunc', '--gvn-hoist', '--elim-avail-extern', '--loweratomic', '--indvars', '--indvars', '--gvn', '--gvn', '--ipsccp', '--gvn', '--nary-reassociate', '--adce', '--early-cse', '--mem2reg', '--jump-threading', '--globalopt', '--jump-threading', '--bdce', '--elim-avail-extern', '--instcombine', '--simplifycfg', '--sroa', '--lower-constant-intrinsics', '--adce', '--slsr', '--gvn-hoist', '--adce', '--loop-simplify', '--adce', '--strip', '--dse', '--scalarizer', '--scalarizer', '--simplifycfg', '--lower-expect', '--simplifycfg', '--elim-avail-extern', '--lower-constant-intrinsics', '--lower-constant-intrinsics', '--ipsccp', '--nary-reassociate', '--adce', '--early-cse', '--loop-guard-widening', '--jump-threading', '--slp-vectorizer', '--instcombine', '--slp-vectorizer', '--instcombine', '--simplifycfg', '--sroa', '--early-cse', '--lower-expect', '--sroa', '--lower-expect', '--aggressive-instcombine']",75,-3.942024243079235,0.0,-1.2255205477692424,0.0,1,-3.942024243079235,-1.2255205477692424,0.5620873773639496,-67.00507614213198,12.581779498993622,11.76470588235294,34
2453,"['--ipsccp', '--speculative-execution', '--sccp', '--lower-constant-intrinsics', '--early-cse', '--mem2reg', '--jump-threading', '--globalopt', '--elim-avail-extern', '--instcombine', '--loop-instsimplify', '--jump-threading', '--gvn', '--gvn', '--instsimplify', '--inline', '--mergefunc', '--gvn-hoist', '--instcombine', '--globalopt', '--elim-avail-extern', '--loweratomic', '--indvars', '--indvars', '--simplifycfg', '--gvn', '--ipsccp', '--gvn', '--nary-reassociate', '--adce', '--early-cse', '--mem2reg', '--jump-threading', '--globalopt', '--elim-avail-extern', '--instcombine', '--simplifycfg', '--sroa', '--mem2reg', '--globaldce', '--gvn-hoist', '--sccp', '--early-cse', '--loop-guard-widening', '--adce', '--slsr', '--nary-reassociate', '--adce', '--loop-simplify', '--dse', '--scalarizer', '--adce', '--loop-simplify', '--dse', '--ipsccp', '--dse', '--scalarizer', '--simplifycfg', '--lower-expect', '--simplifycfg', '--elim-avail-extern', '--early-cse', '--loop-guard-widening', '--jump-threading', '--globalopt', '--slp-vectorizer', '--instcombine', '--simplifycfg', '--sroa', '--early-cse', '--lower-expect', '--sroa', '--lower-expect', '--aggressive-instcombine']",74,-3.942024243079235,0.0,-1.2255205477692424,0.0,1,-3.942024243079235,-1.2255205477692424,0.5620873773639496,-67.00507614213198,12.581779498993622,11.76470588235294,34
2178,"['--ipsccp', '--speculative-execution', '--sccp', '--lower-constant-intrinsics', '--early-cse', '--mem2reg', '--jump-threading', '--globalopt', '--elim-avail-extern', '--instcombine', '--loop-instsimplify', '--jump-threading', '--simplifycfg', '--instsimplify', '--inline', '--mergefunc', '--gvn-hoist', '--instcombine', '--globalopt', '--elim-avail-extern', '--loweratomic', '--indvars', '--indvars', '--gvn', '--gvn', '--ipsccp', '--gvn', '--nary-reassociate', '--adce', '--early-cse', '--mem2reg', '--jump-threading', '--globalopt', '--elim-avail-extern', '--instcombine', '--simplifycfg', '--sroa', '--mem2reg', '--globaldce', '--gvn-hoist', '--sccp', '--early-cse', '--lower-constant-intrinsics', '--adce', '--slsr', '--gvn-hoist', '--adce', '--loop-simplify', '--dse', '--scalarizer', '--adce', '--loop-simplify', '--dse', '--scalarizer', '--simplifycfg', '--mergereturn', '--lower-expect', '--elim-avail-extern', '--lower-constant-intrinsics', '--mem2reg', '--jump-threading', '--globalopt', '--slp-vectorizer', '--instcombine', '--simplifycfg', '--sroa', '--early-cse', '--lower-expect', '--sroa', '--lower-expect', '--aggressive-instcombine']",71,-3.9446459911787235,0.0,-1.2171692973270596,0.0,1,-3.9446459911787235,-1.2171692973270596,0.5620873773639496,-67.51269035532995,12.67063135830488,11.76470588235294,34
1042,"['--ipsccp', '--speculative-execution', '--sccp', '--early-cse', '--mem2reg', '--jump-threading', '--globalopt', '--elim-avail-extern', '--instcombine', '--adce', '--jump-threading', '--gvn', '--simplifycfg', '--instsimplify', '--gvn-hoist', '--mergefunc', '--gvn-hoist', '--instcombine', '--globalopt', '--elim-avail-extern', '--indvars', '--gvn', '--gvn', '--ipsccp', '--gvn', '--nary-reassociate', '--loop-instsimplify', '--early-cse', '--mem2reg', '--jump-threading', '--globalopt', '--elim-avail-extern', '--elim-avail-extern', '--simplifycfg', '--sroa', '--mem2reg', '--gvn-hoist', '--sccp', '--early-cse', '--loweratomic', '--adce', '--gvn-hoist', '--gvn-hoist', '--adce', '--loop-simplify', '--dse', '--newgvn', '--simplifycfg', '--lower-expect', '--instcombine', '--globalopt', '--elim-avail-extern', '--gvn', '--gvn', '--ipsccp', '--gvn', '--nary-reassociate', '--lower-constant-intrinsics', '--early-cse', '--mem2reg', '--jump-threading', '--globalopt', '--slp-vectorizer', '--instcombine', '--simplifycfg', '--sroa', '--early-cse', '--lower-expect', '--sroa', '--sroa', '--lower-expect', '--globalopt', '--elim-avail-extern', '--aggressive-instcombine']",74,-3.9471153163322414,0.0,-1.2508238425207967,0.0,1,-3.9471153163322414,-1.2508238425207967,0.5103275429954196,-69.54314720812182,12.442915520887032,11.76470588235294,34
1088,"['--ipsccp', '--speculative-execution', '--sccp', '--early-cse', '--mem2reg', '--jump-threading', '--dce', '--elim-avail-extern', '--instcombine', '--adce', '--jump-threading', '--gvn', '--simplifycfg', '--instsimplify', '--gvn-hoist', '--mergefunc', '--gvn-hoist', '--instcombine', '--globalopt', '--elim-avail-extern', '--indvars', '--gvn', '--gvn', '--ipsccp', '--gvn', '--nary-reassociate', '--loop-instsimplify', '--early-cse', '--mem2reg', '--jump-threading', '--globalopt', '--elim-avail-extern', '--elim-avail-extern', '--simplifycfg', '--sroa', '--mem2reg', '--gvn-hoist', '--sccp', '--early-cse', '--loweratomic', '--adce', '--gvn-hoist', '--gvn-hoist', '--adce', '--loop-simplify', '--dse', '--newgvn', '--simplifycfg', '--lower-expect', '--instcombine', '--globalopt', '--elim-avail-extern', '--gvn', '--gvn', '--ipsccp', '--gvn', '--nary-reassociate', '--lower-constant-intrinsics', '--early-cse', '--mem2reg', '--jump-threading', '--globalopt', '--slp-vectorizer', '--instcombine', '--simplifycfg', '--sroa', '--early-cse', '--lower-expect', '--sroa', '--sroa', '--lower-expect', '--globalopt', '--elim-avail-extern', '--aggressive-instcombine']",74,-3.9471153163322414,0.0,-1.2508238425207967,0.0,1,-3.9471153163322414,-1.2508238425207967,0.5103275429954196,-69.54314720812182,12.442915520887032,11.76470588235294,34
1099,"['--ipsccp', '--speculative-execution', '--sccp', '--early-cse', '--mem2reg', '--jump-threading', '--globalopt', '--elim-avail-extern', '--instcombine', '--adce', '--jump-threading', '--gvn', '--simplifycfg', '--instsimplify', '--gvn-hoist', '--mergefunc', '--gvn-hoist', '--instcombine', '--globalopt', '--elim-avail-extern', '--indvars', '--gvn', '--gvn', '--ipsccp', '--gvn', '--nary-reassociate', '--loop-instsimplify', '--early-cse', '--mem2reg', '--jump-threading', '--globalopt', '--elim-avail-extern', '--elim-avail-extern', '--simplifycfg', '--sroa', '--mem2reg', '--gvn-hoist', '--sccp', '--dse', '--loweratomic', '--adce', '--gvn-hoist', '--gvn-hoist', '--adce', '--loop-simplify', '--early-cse', '--newgvn', '--simplifycfg', '--lower-expect', '--instcombine', '--globalopt', '--elim-avail-extern', '--gvn', '--gvn', '--ipsccp', '--gvn', '--nary-reassociate', '--lower-constant-intrinsics', '--early-cse', '--mem2reg', '--jump-threading', '--globalopt', '--slp-vectorizer', '--instcombine', '--simplifycfg', '--sroa', '--early-cse', '--lower-expect', '--sroa', '--sroa', '--lower-expect', '--globalopt', '--elim-avail-extern', '--aggressive-instcombine']",74,-3.9471153163322414,0.0,-1.2508238425207967,0.0,1,-3.9471153163322414,-1.2508238425207967,0.5103275429954196,-69.54314720812182,12.442915520887032,11.76470588235294,34
961,"['--ipsccp', '--speculative-execution', '--sccp', '--early-cse', '--mem2reg', '--jump-threading', '--globalopt', '--elim-avail-extern', '--instcombine', '--adce', '--jump-threading', '--gvn', '--simplifycfg', '--instsimplify', '--gvn-hoist', '--mergefunc', '--gvn-hoist', '--instcombine', '--globalopt', '--elim-avail-extern', '--indvars', '--gvn', '--gvn', '--ipsccp', '--gvn', '--nary-reassociate', '--loop-instsimplify', '--early-cse', '--mem2reg', '--jump-threading', '--globalopt', '--elim-avail-extern', '--instcombine', '--simplifycfg', '--sroa', '--mem2reg', '--gvn-hoist', '--sccp', '--early-cse', '--slsr', '--adce', '--gvn-hoist', '--adce', '--lower-constant-intrinsics', '--dse', '--newgvn', '--lower-expect', '--gvn-hoist', '--instcombine', '--globalopt', '--elim-avail-extern', '--gvn', '--gvn', '--ipsccp', '--gvn', '--nary-reassociate', '--lower-constant-intrinsics', '--early-cse', '--mem2reg', '--jump-threading', '--globalopt', '--slp-vectorizer', '--instcombine', '--simplifycfg', '--sroa', '--early-cse', '--lower-expect', '--sroa', '--sroa', '--lower-expect', '--globalopt', '--elim-avail-extern', '--aggressive-instcombine']",73,-3.9480322887102064,0.0,-1.2517957638635355,0.0,1,-3.9480322887102064,-1.2517957638635355,0.5008908414855473,-69.54314720812182,12.444795834596137,11.76470588235294,34
1104,"['--ipsccp', '--speculative-execution', '--early-cse', '--mem2reg', '--jump-threading', '--globalopt', '--elim-avail-extern', '--instcombine', '--adce', '--jump-threading', '--gvn', '--simplifycfg', '--instsimplify', '--gvn-hoist', '--mergefunc', '--gvn-hoist', '--instcombine', '--globalopt', '--elim-avail-extern', '--indvars', '--gvn', '--ipsccp', '--gvn', '--nary-reassociate', '--loop-instsimplify', '--early-cse', '--mem2reg', '--jump-threading', '--globalopt', '--elim-avail-extern', '--instcombine', '--simplifycfg', '--sroa', '--mem2reg', '--gvn-hoist', '--sccp', '--early-cse', '--lower-constant-intrinsics', '--adce', '--gvn-hoist', '--adce', '--lower-constant-intrinsics', '--dse', '--newgvn', '--lower-expect', '--gvn-hoist', '--instcombine', '--globalopt', '--elim-avail-extern', '--gvn', '--gvn', '--ipsccp', '--gvn', '--aggressive-instcombine', '--gvn', '--gvn', '--ipsccp', '--gvn', '--lower-constant-intrinsics', '--loop-instsimplify', '--early-cse', '--mem2reg', '--jump-threading', '--globalopt', '--slp-vectorizer', '--instcombine', '--simplifycfg', '--sroa', '--lower-constant-intrinsics', '--early-cse', '--lower-expect', '--lower-expect', '--loweratomic', '--elim-avail-extern', '--lower-expect', '--slsr']",76,-3.9480322887102064,0.0,-1.2517957638635355,0.0,1,-3.9480322887102064,-1.2517957638635355,0.5008908414855473,-69.54314720812182,12.444795834596137,11.76470588235294,34
1043,"['--ipsccp', '--speculative-execution', '--sccp', '--early-cse', '--mem2reg', '--jump-threading', '--globalopt', '--elim-avail-extern', '--instcombine', '--adce', '--jump-threading', '--gvn', '--simplifycfg', '--instsimplify', '--gvn-hoist', '--mergefunc', '--gvn-hoist', '--instcombine', '--elim-avail-extern', '--indvars', '--gvn', '--gvn', '--ipsccp', '--gvn', '--nary-reassociate', '--lower-constant-intrinsics', '--loop-instsimplify', '--strip', '--mem2reg', '--jump-threading', '--globalopt', '--elim-avail-extern', '--elim-avail-extern', '--simplifycfg', '--sroa', '--mem2reg', '--gvn-hoist', '--sccp', '--early-cse', '--lower-constant-intrinsics', '--adce', '--gvn-hoist', '--adce', '--loop-simplify', '--loop-simplify', '--dse', '--loop-sink', '--simplifycfg', '--lower-expect', '--simplifycfg', '--gvn-hoist', '--instcombine', '--globalopt', '--aggressive-instcombine', '--gvn', '--gvn', '--ipsccp', '--gvn', '--lower-constant-intrinsics', '--loop-instsimplify', '--early-cse', '--mem2reg', '--jump-threading', '--globalopt', '--slp-vectorizer', '--instcombine', '--simplifycfg', '--sroa', '--lower-constant-intrinsics', '--early-cse', '--lower-expect', '--lower-expect', '--loweratomic', '--elim-avail-extern', '--elim-avail-extern', '--lower-expect', '--slsr']",77,-3.9480322887102064,0.0,-1.2517957638635355,0.0,1,-3.9480322887102064,-1.2517957638635355,0.5008908414855473,-69.54314720812182,12.444795834596137,11.76470588235294,34
1016,"['--ipsccp', '--speculative-execution', '--sccp', '--early-cse', '--mem2reg', '--jump-threading', '--globalopt', '--elim-avail-extern', '--instcombine', '--adce', '--jump-threading', '--gvn', '--simplifycfg', '--instsimplify', '--gvn-hoist', '--mergefunc', '--gvn-hoist', '--instcombine', '--globalopt', '--elim-avail-extern', '--indvars', '--gvn', '--gvn', '--ipsccp', '--gvn', '--nary-reassociate', '--loop-instsimplify', '--early-cse', '--mem2reg', '--jump-threading', '--globalopt', '--elim-avail-extern', '--instcombine', '--simplifycfg', '--sroa', '--mem2reg', '--gvn-hoist', '--sccp', '--early-cse', '--slsr', '--adce', '--gvn-hoist', '--adce', '--lower-constant-intrinsics', '--dse', '--newgvn', '--lower-expect', '--gvn-hoist', '--instcombine', '--globalopt', '--elim-avail-extern', '--gvn', '--gvn', '--ipsccp', '--nary-reassociate', '--lower-constant-intrinsics', '--early-cse', '--mem2reg', '--jump-threading', '--globalopt', '--slp-vectorizer', '--instcombine', '--simplifycfg', '--sroa', '--early-cse', '--lower-expect', '--sroa', '--sroa', '--lower-expect', '--globalopt', '--elim-avail-extern', '--aggressive-instcombine']",72,-3.9480322887102064,0.0,-1.2517957638635355,0.0,1,-3.9480322887102064,-1.2517957638635355,0.5008908414855473,-69.54314720812182,12.444795834596137,11.76470588235294,34
1092,"['--ipsccp', '--speculative-execution', '--sccp', '--early-cse', '--mem2reg', '--jump-threading', '--globalopt', '--elim-avail-extern', '--instcombine', '--adce', '--jump-threading', '--gvn', '--simplifycfg', '--strip', '--instsimplify', '--gvn-hoist', '--mergefunc', '--gvn-hoist', '--instcombine', '--elim-avail-extern', '--indvars', '--gvn', '--gvn', '--ipsccp', '--gvn', '--nary-reassociate', '--lower-constant-intrinsics', '--loop-instsimplify', '--strip', '--mem2reg', '--jump-threading', '--globalopt', '--elim-avail-extern', '--elim-avail-extern', '--simplifycfg', '--sroa', '--mem2reg', '--gvn-hoist', '--sccp', '--early-cse', '--lower-constant-intrinsics', '--adce', '--gvn-hoist', '--adce', '--loop-simplify', '--loop-simplify', '--dse', '--loop-sink', '--simplifycfg', '--lower-expect', '--simplifycfg', '--gvn-hoist', '--instcombine', '--globalopt', '--aggressive-instcombine', '--gvn', '--gvn', '--ipsccp', '--gvn', '--lower-constant-intrinsics', '--loop-instsimplify', '--early-cse', '--mem2reg', '--jump-threading', '--globalopt', '--slp-vectorizer', '--instcombine', '--simplifycfg', '--sroa', '--lower-constant-intrinsics', '--early-cse', '--lower-expect', '--lower-expect', '--loweratomic', '--elim-avail-extern', '--elim-avail-extern', '--elim-avail-extern', '--lower-expect', '--slsr']",79,-3.9480322887102064,0.0,-1.2517957638635355,0.0,1,-3.9480322887102064,-1.2517957638635355,0.5008908414855473,-69.54314720812182,12.444795834596137,11.76470588235294,34
1027,"['--ipsccp', '--speculative-execution', '--early-cse', '--mem2reg', '--jump-threading', '--globalopt', '--elim-avail-extern', '--instcombine', '--adce', '--jump-threading', '--gvn', '--simplifycfg', '--instsimplify', '--gvn-hoist', '--mergefunc', '--gvn-hoist', '--instcombine', '--globalopt', '--elim-avail-extern', '--indvars', '--gvn', '--gvn', '--ipsccp', '--gvn', '--nary-reassociate', '--loop-instsimplify', '--early-cse', '--mem2reg', '--jump-threading', '--globalopt', '--elim-avail-extern', '--instcombine', '--simplifycfg', '--sroa', '--mem2reg', '--gvn-hoist', '--sccp', '--early-cse', '--lower-constant-intrinsics', '--adce', '--gvn-hoist', '--adce', '--lower-constant-intrinsics', '--dse', '--newgvn', '--lower-expect', '--gvn-hoist', '--instcombine', '--globalopt', '--elim-avail-extern', '--gvn', '--gvn', '--ipsccp', '--gvn', '--aggressive-instcombine', '--gvn', '--gvn', '--ipsccp', '--gvn', '--lower-constant-intrinsics', '--loop-instsimplify', '--early-cse', '--mem2reg', '--jump-threading', '--globalopt', '--slp-vectorizer', '--instcombine', '--simplifycfg', '--sroa', '--lower-constant-intrinsics', '--early-cse', '--lower-expect', '--lower-expect', '--loweratomic', '--elim-avail-extern', '--elim-avail-extern', '--lower-expect', '--slsr']",78,-3.9480322887102064,0.0,-1.2517957638635355,0.0,1,-3.9480322887102064,-1.2517957638635355,0.5008908414855473,-69.54314720812182,12.444795834596137,11.76470588235294,34
1041,"['--ipsccp', '--speculative-execution', '--sccp', '--early-cse', '--mem2reg', '--jump-threading', '--globalopt', '--elim-avail-extern', '--instcombine', '--adce', '--jump-threading', '--gvn', '--simplifycfg', '--instsimplify', '--gvn-hoist', '--mergefunc', '--gvn-hoist', '--instcombine', '--globalopt', '--elim-avail-extern', '--indvars', '--gvn', '--gvn', '--ipsccp', '--gvn', '--nary-reassociate', '--loop-instsimplify', '--early-cse', '--mem2reg', '--jump-threading', '--globalopt', '--elim-avail-extern', '--elim-avail-extern', '--instcombine', '--simplifycfg', '--sroa', '--mem2reg', '--gvn-hoist', '--sccp', '--early-cse', '--lower-constant-intrinsics', '--adce', '--gvn-hoist', '--adce', '--loop-simplify', '--dse', '--loop-sink', '--simplifycfg', '--lower-expect', '--simplifycfg', '--gvn-hoist', '--instcombine', '--globalopt', '--aggressive-instcombine', '--gvn', '--gvn', '--ipsccp', '--lower-constant-intrinsics', '--loop-instsimplify', '--early-cse', '--mem2reg', '--jump-threading', '--globalopt', '--slp-vectorizer', '--instcombine', '--simplifycfg', '--sroa', '--lower-constant-intrinsics', '--early-cse', '--lower-expect', '--lower-expect', '--loweratomic', '--elim-avail-extern', '--elim-avail-extern', '--lower-expect', '--slsr']",76,-3.9480322887102064,0.0,-1.2517957638635355,0.0,1,-3.9480322887102064,-1.2517957638635355,0.5008908414855473,-69.54314720812182,12.444795834596137,11.76470588235294,34
1067,"['--ipsccp', '--speculative-execution', '--sccp', '--early-cse', '--mem2reg', '--jump-threading', '--globalopt', '--elim-avail-extern', '--instcombine', '--adce', '--jump-threading', '--gvn', '--simplifycfg', '--instsimplify', '--gvn-hoist', '--mergefunc', '--gvn-hoist', '--instcombine', '--globalopt', '--elim-avail-extern', '--indvars', '--gvn', '--ipsccp', '--gvn', '--nary-reassociate', '--lower-constant-intrinsics', '--loop-instsimplify', '--strip', '--mem2reg', '--jump-threading', '--globalopt', '--memcpyopt', '--elim-avail-extern', '--simplifycfg', '--sroa', '--mem2reg', '--gvn-hoist', '--sccp', '--early-cse', '--lower-constant-intrinsics', '--adce', '--gvn-hoist', '--adce', '--loop-simplify', '--dse', '--loop-sink', '--newgvn', '--simplifycfg', '--lower-expect', '--simplifycfg', '--gvn-hoist', '--instcombine', '--globalopt', '--aggressive-instcombine', '--gvn', '--gvn', '--ipsccp', '--gvn', '--lower-constant-intrinsics', '--jump-threading', '--slsr', '--globalopt', '--slp-vectorizer', '--instcombine', '--simplifycfg', '--sroa', '--sroa', '--lower-expect', '--globalopt', '--elim-avail-extern', '--aggressive-instcombine']",71,-3.95318025387187,0.0,-1.258798564983984,0.0,1,-3.95318025387187,-1.258798564983984,0.46675377468060397,-69.54314720812182,12.443754477809412,11.76470588235294,34
1040,"['--ipsccp', '--speculative-execution', '--sccp', '--early-cse', '--mem2reg', '--jump-threading', '--globalopt', '--elim-avail-extern', '--instcombine', '--adce', '--gvn-hoist', '--gvn', '--simplifycfg', '--instsimplify', '--gvn-hoist', '--mergefunc', '--gvn-hoist', '--instcombine', '--globalopt', '--elim-avail-extern', '--indvars', '--gvn', '--gvn', '--ipsccp', '--gvn', '--nary-reassociate', '--lower-constant-intrinsics', '--loop-instsimplify', '--strip', '--mem2reg', '--jump-threading', '--globalopt', '--memcpyopt', '--elim-avail-extern', '--simplifycfg', '--sroa', '--mem2reg', '--gvn-hoist', '--sccp', '--early-cse', '--lower-constant-intrinsics', '--adce', '--gvn-hoist', '--adce', '--loop-simplify', '--dse', '--loop-sink', '--newgvn', '--simplifycfg', '--lower-expect', '--simplifycfg', '--jump-threading', '--instcombine', '--globalopt', '--aggressive-instcombine', '--gvn', '--gvn', '--ipsccp', '--gvn', '--lower-constant-intrinsics', '--loop-instsimplify', '--early-cse', '--mem2reg', '--jump-threading', '--globalopt', '--slp-vectorizer', '--instcombine', '--simplifycfg', '--sroa', '--lower-constant-intrinsics', '--early-cse', '--lower-expect', '--lower-expect', '--loweratomic', '--elim-avail-extern', '--elim-avail-extern', '--lower-expect', '--slsr']",78,-3.95318025387187,0.0,-1.258798564983984,0.0,1,-3.95318025387187,-1.258798564983984,0.46675377468060397,-69.54314720812182,12.443754477809412,11.76470588235294,34
957,"['--ipsccp', '--speculative-execution', '--sccp', '--early-cse', '--mem2reg', '--jump-threading', '--globalopt', '--elim-avail-extern', '--instcombine', '--adce', '--jump-threading', '--gvn', '--simplifycfg', '--instsimplify', '--gvn-hoist', '--mergefunc', '--gvn-hoist', '--instcombine', '--globalopt', '--elim-avail-extern', '--indvars', '--gvn', '--gvn', '--ipsccp', '--gvn', '--nary-reassociate', '--lower-constant-intrinsics', '--loop-instsimplify', '--mem2reg', '--jump-threading', '--globalopt', '--memcpyopt', '--elim-avail-extern', '--simplifycfg', '--sroa', '--mem2reg', '--gvn-hoist', '--sccp', '--early-cse', '--lower-constant-intrinsics', '--adce', '--gvn-hoist', '--adce', '--loop-simplify', '--dse', '--loop-sink', '--newgvn', '--simplifycfg', '--lower-expect', '--simplifycfg', '--gvn-hoist', '--instcombine', '--globalopt', '--aggressive-instcombine', '--gvn', '--gvn', '--ipsccp', '--gvn', '--lower-constant-intrinsics', '--loop-instsimplify', '--early-cse', '--mem2reg', '--jump-threading', '--globalopt', '--slp-vectorizer', '--instcombine', '--simplifycfg', '--sroa', '--lower-constant-intrinsics', '--early-cse', '--lower-expect', '--lower-expect', '--loweratomic', '--elim-avail-extern', '--elim-avail-extern', '--lower-expect', '--slsr']",77,-3.95318025387187,0.0,-1.258798564983984,0.0,1,-3.95318025387187,-1.258798564983984,0.46675377468060397,-69.54314720812182,12.443754477809412,11.76470588235294,34
959,"['--ipsccp', '--speculative-execution', '--sccp', '--early-cse', '--mem2reg', '--jump-threading', '--globalopt', '--elim-avail-extern', '--instcombine', '--adce', '--jump-threading', '--gvn', '--simplifycfg', '--instsimplify', '--gvn-hoist', '--mergefunc', '--gvn-hoist', '--instcombine', '--globalopt', '--elim-avail-extern', '--indvars', '--gvn', '--gvn', '--ipsccp', '--gvn', '--nary-reassociate', '--lower-constant-intrinsics', '--loop-instsimplify', '--strip', '--mem2reg', '--jump-threading', '--globalopt', '--memcpyopt', '--elim-avail-extern', '--simplifycfg', '--sroa', '--mem2reg', '--gvn-hoist', '--sccp', '--early-cse', '--lower-constant-intrinsics', '--adce', '--gvn-hoist', '--adce', '--loop-simplify', '--dse', '--loop-sink', '--newgvn', '--instcombine', '--lower-expect', '--simplifycfg', '--gvn-hoist', '--instcombine', '--globalopt', '--aggressive-instcombine', '--gvn', '--gvn', '--ipsccp', '--gvn', '--lower-constant-intrinsics', '--loop-instsimplify', '--early-cse', '--mem2reg', '--jump-threading', '--globalopt', '--slp-vectorizer', '--instcombine', '--simplifycfg', '--sroa', '--lower-constant-intrinsics', '--early-cse', '--lower-expect', '--lower-expect', '--loweratomic', '--elim-avail-extern', '--elim-avail-extern', '--lower-expect', '--slsr']",78,-3.95318025387187,0.0,-1.258798564983984,0.0,1,-3.95318025387187,-1.258798564983984,0.46675377468060397,-69.54314720812182,12.443754477809412,11.76470588235294,34
1012,"['--ipsccp', '--speculative-execution', '--sccp', '--early-cse', '--mem2reg', '--jump-threading', '--globalopt', '--elim-avail-extern', '--instcombine', '--adce', '--jump-threading', '--gvn', '--simplifycfg', '--instsimplify', '--gvn-hoist', '--mergefunc', '--gvn-hoist', '--instcombine', '--globalopt', '--elim-avail-extern', '--indvars', '--gvn', '--gvn', '--ipsccp', '--gvn', '--nary-reassociate', '--lower-constant-intrinsics', '--loop-instsimplify', '--strip', '--mem2reg', '--jump-threading', '--globalopt', '--memcpyopt', '--elim-avail-extern', '--simplifycfg', '--mem2reg', '--sroa', '--gvn-hoist', '--sccp', '--early-cse', '--lower-constant-intrinsics', '--adce', '--gvn-hoist', '--adce', '--loop-simplify', '--dse', '--loop-sink', '--newgvn', '--simplifycfg', '--lower-expect', '--simplifycfg', '--gvn-hoist', '--instcombine', '--globalopt', '--aggressive-instcombine', '--gvn', '--gvn', '--ipsccp', '--gvn', '--lower-constant-intrinsics', '--loop-instsimplify', '--early-cse', '--mem2reg', '--jump-threading', '--globalopt', '--slp-vectorizer', '--instcombine', '--simplifycfg', '--sroa', '--lower-constant-intrinsics', '--early-cse', '--lower-expect', '--lower-expect', '--loweratomic', '--elim-avail-extern', '--elim-avail-extern', '--lower-expect', '--slsr']",78,-3.95318025387187,0.0,-1.258798564983984,0.0,1,-3.95318025387187,-1.258798564983984,0.46675377468060397,-69.54314720812182,12.443754477809412,11.76470588235294,34
1032,"['--ipsccp', '--speculative-execution', '--sccp', '--early-cse', '--mem2reg', '--jump-threading', '--globalopt', '--elim-avail-extern', '--instcombine', '--adce', '--jump-threading', '--gvn', '--simplifycfg', '--instsimplify', '--gvn-hoist', '--mergefunc', '--gvn-hoist', '--instcombine', '--globalopt', '--elim-avail-extern', '--indvars', '--gvn', '--gvn', '--ipsccp', '--gvn', '--nary-reassociate', '--lower-constant-intrinsics', '--loop-instsimplify', '--strip', '--mem2reg', '--jump-threading', '--globalopt', '--memcpyopt', '--elim-avail-extern', '--simplifycfg', '--sroa', '--mem2reg', '--gvn-hoist', '--sccp', '--early-cse', '--lower-constant-intrinsics', '--adce', '--gvn-hoist', '--adce', '--loop-simplify', '--dse', '--loop-sink', '--newgvn', '--simplifycfg', '--lower-expect', '--simplifycfg', '--gvn-hoist', '--instcombine', '--globalopt', '--aggressive-instcombine', '--gvn', '--gvn', '--ipsccp', '--gvn', '--lower-constant-intrinsics', '--loop-instsimplify', '--early-cse', '--mem2reg', '--jump-threading', '--globalopt', '--slp-vectorizer', '--instcombine', '--ipsccp', '--simplifycfg', '--sroa', '--lower-constant-intrinsics', '--early-cse', '--lower-expect', '--lower-expect', '--elim-avail-extern', '--elim-avail-extern', '--slsr']",77,-3.95318025387187,0.0,-1.258798564983984,0.0,1,-3.95318025387187,-1.258798564983984,0.46675377468060397,-69.54314720812182,12.443754477809412,11.76470588235294,34
979,"['--ipsccp', '--speculative-execution', '--sccp', '--early-cse', '--mem2reg', '--jump-threading', '--globalopt', '--elim-avail-extern', '--instcombine', '--adce', '--jump-threading', '--gvn', '--simplifycfg', '--instsimplify', '--gvn-hoist', '--mergefunc', '--gvn-hoist', '--instcombine', '--globalopt', '--elim-avail-extern', '--indvars', '--gvn', '--gvn', '--ipsccp', '--gvn', '--nary-reassociate', '--lower-constant-intrinsics', '--loop-instsimplify', '--strip', '--mem2reg', '--jump-threading', '--globalopt', '--memcpyopt', '--elim-avail-extern', '--simplifycfg', '--sroa', '--mem2reg', '--gvn-hoist', '--sccp', '--early-cse', '--lower-constant-intrinsics', '--adce', '--gvn-hoist', '--adce', '--loop-simplify', '--dse', '--loop-sink', '--newgvn', '--simplifycfg', '--lower-expect', '--simplifycfg', '--gvn-hoist', '--instcombine', '--globalopt', '--aggressive-instcombine', '--gvn', '--gvn', '--ipsccp', '--gvn', '--lower-constant-intrinsics', '--jump-threading', '--slsr', '--globalopt', '--slp-vectorizer', '--instcombine', '--simplifycfg', '--sroa', '--lower-constant-intrinsics', '--early-cse', '--lower-expect', '--sroa', '--sroa', '--lower-expect', '--globalopt', '--elim-avail-extern', '--lower-expect']",76,-3.95318025387187,0.0,-1.258798564983984,0.0,1,-3.95318025387187,-1.258798564983984,0.46675377468060397,-69.54314720812182,12.443754477809412,11.76470588235294,34
887,"['--ipsccp', '--speculative-execution', '--sccp', '--early-cse', '--mem2reg', '--jump-threading', '--globalopt', '--elim-avail-extern', '--instcombine', '--adce', '--jump-threading', '--gvn', '--simplifycfg', '--instsimplify', '--gvn-hoist', '--mergefunc', '--gvn-hoist', '--instcombine', '--globalopt', '--elim-avail-extern', '--indvars', '--gvn', '--gvn', '--ipsccp', '--gvn', '--nary-reassociate', '--lower-constant-intrinsics', '--loop-instsimplify', '--strip', '--mem2reg', '--jump-threading', '--globalopt', '--memcpyopt', '--elim-avail-extern', '--simplifycfg', '--sroa', '--mem2reg', '--gvn-hoist', '--sccp', '--early-cse', '--lower-constant-intrinsics', '--adce', '--gvn-hoist', '--adce', '--loop-simplify', '--dse', '--loop-sink', '--newgvn', '--simplifycfg', '--lower-expect', '--simplifycfg', '--gvn-hoist', '--instcombine', '--globalopt', '--aggressive-instcombine', '--gvn', '--gvn', '--ipsccp', '--gvn', '--lower-constant-intrinsics', '--loop-instsimplify', '--early-cse', '--mem2reg', '--jump-threading', '--globalopt', '--slp-vectorizer', '--instcombine', '--simplifycfg', '--sroa', '--lower-constant-intrinsics', '--early-cse', '--lower-expect', '--lower-expect', '--loweratomic', '--elim-avail-extern', '--elim-avail-extern', '--lower-expect', '--slsr']",78,-3.95318025387187,0.0,-1.258798564983984,0.0,1,-3.95318025387187,-1.258798564983984,0.46675377468060397,-69.54314720812182,12.443754477809412,11.76470588235294,34
1017,"['--ipsccp', '--speculative-execution', '--sccp', '--early-cse', '--mem2reg', '--jump-threading', '--globalopt', '--elim-avail-extern', '--instcombine', '--adce', '--jump-threading', '--gvn', '--simplifycfg', '--instsimplify', '--gvn-hoist', '--mergefunc', '--gvn-hoist', '--instcombine', '--globalopt', '--elim-avail-extern', '--indvars', '--gvn', '--gvn', '--ipsccp', '--gvn', '--nary-reassociate', '--lower-constant-intrinsics', '--loop-instsimplify', '--mem2reg', '--jump-threading', '--globalopt', '--memcpyopt', '--elim-avail-extern', '--simplifycfg', '--sroa', '--mem2reg', '--gvn-hoist', '--sccp', '--early-cse', '--lower-constant-intrinsics', '--adce', '--gvn-hoist', '--adce', '--loop-simplify', '--dse', '--loop-sink', '--newgvn', '--simplifycfg', '--lower-expect', '--simplifycfg', '--gvn-hoist', '--instcombine', '--globalopt', '--aggressive-instcombine', '--gvn', '--nary-reassociate', '--lower-constant-intrinsics', '--ipconstprop', '--early-cse', '--mem2reg', '--lower-expect', '--slp-vectorizer', '--early-cse', '--mem2reg', '--jump-threading', '--globalopt', '--slp-vectorizer', '--instcombine', '--simplifycfg', '--sroa', '--lower-constant-intrinsics', '--early-cse', '--lower-expect', '--lower-expect', '--elim-avail-extern', '--elim-avail-extern', '--lower-expect', '--slsr']",78,-3.95318025387187,0.0,-1.258798564983984,0.0,1,-3.95318025387187,-1.258798564983984,0.46675377468060397,-69.54314720812182,12.443754477809412,11.76470588235294,34
987,"['--ipsccp', '--speculative-execution', '--sccp', '--early-cse', '--mem2reg', '--jump-threading', '--globalopt', '--elim-avail-extern', '--instcombine', '--adce', '--jump-threading', '--gvn', '--simplifycfg', '--instsimplify', '--gvn-hoist', '--mergefunc', '--gvn-hoist', '--instcombine', '--globalopt', '--elim-avail-extern', '--indvars', '--gvn', '--gvn', '--ipsccp', '--gvn', '--nary-reassociate', '--lower-constant-intrinsics', '--loop-instsimplify', '--strip', '--mem2reg', '--jump-threading', '--globalopt', '--memcpyopt', '--elim-avail-extern', '--simplifycfg', '--sroa', '--mem2reg', '--gvn-hoist', '--sccp', '--early-cse', '--lower-constant-intrinsics', '--adce', '--gvn-hoist', '--adce', '--loop-simplify', '--dse', '--loop-sink', '--newgvn', '--simplifycfg', '--lower-expect', '--simplifycfg', '--gvn-hoist', '--instcombine', '--globalopt', '--aggressive-instcombine', '--gvn', '--gvn', '--ipsccp', '--gvn', '--lower-constant-intrinsics', '--loop-instsimplify', '--early-cse', '--mem2reg', '--jump-threading', '--globalopt', '--slp-vectorizer', '--instcombine', '--ipsccp', '--simplifycfg', '--sroa', '--lower-constant-intrinsics', '--early-cse', '--lower-expect', '--lower-expect', '--elim-avail-extern', '--elim-avail-extern', '--lower-expect', '--slsr']",78,-3.95318025387187,0.0,-1.258798564983984,0.0,1,-3.95318025387187,-1.258798564983984,0.46675377468060397,-69.54314720812182,12.443754477809412,11.76470588235294,34
955,"['--ipsccp', '--speculative-execution', '--sccp', '--early-cse', '--mem2reg', '--jump-threading', '--globalopt', '--elim-avail-extern', '--instcombine', '--adce', '--jump-threading', '--gvn', '--simplifycfg', '--instsimplify', '--gvn-hoist', '--mergefunc', '--gvn-hoist', '--instcombine', '--globalopt', '--elim-avail-extern', '--lower-expect', '--gvn', '--gvn', '--ipsccp', '--gvn', '--nary-reassociate', '--loop-instsimplify', '--early-cse', '--mem2reg', '--jump-threading', '--globalopt', '--elim-avail-extern', '--instcombine', '--simplifycfg', '--sroa', '--mem2reg', '--gvn-hoist', '--sccp', '--early-cse', '--lower-constant-intrinsics', '--adce', '--gvn-hoist', '--adce', '--loop-simplify', '--dse', '--newgvn', '--simplifycfg', '--newgvn', '--simplifycfg', '--indvars', '--simplifycfg', '--gvn-hoist', '--instcombine', '--ipsccp', '--gvn', '--early-cse', '--lower-constant-intrinsics', '--early-cse', '--mem2reg', '--jump-threading', '--globalopt', '--slp-vectorizer', '--instcombine', '--simplifycfg', '--sroa', '--nary-reassociate', '--lower-expect', '--sroa', '--sroa', '--lower-expect', '--globalopt', '--elim-avail-extern', '--aggressive-instcombine']",73,-3.9531865034707767,0.0,-1.270710649857841,0.0,1,-3.9531865034707767,-1.270710649857841,0.43655874448557375,-69.03553299492386,12.354476337244549,11.76470588235294,34
984,"['--ipsccp', '--speculative-execution', '--sccp', '--early-cse', '--mem2reg', '--jump-threading', '--globalopt', '--elim-avail-extern', '--instcombine', '--adce', '--jump-threading', '--gvn', '--simplifycfg', '--instsimplify', '--gvn-hoist', '--mergefunc', '--gvn-hoist', '--instcombine', '--globalopt', '--elim-avail-extern', '--lower-expect', '--gvn', '--gvn', '--ipsccp', '--gvn', '--nary-reassociate', '--loop-instsimplify', '--early-cse', '--mem2reg', '--jump-threading', '--globalopt', '--elim-avail-extern', '--instcombine', '--simplifycfg', '--sroa', '--mem2reg', '--gvn-hoist', '--sccp', '--early-cse', '--lower-constant-intrinsics', '--adce', '--gvn-hoist', '--adce', '--loop-simplify', '--dse', '--newgvn', '--simplifycfg', '--newgvn', '--simplifycfg', '--indvars', '--simplifycfg', '--gvn-hoist', '--instcombine', '--globalopt', '--elim-avail-extern', '--ipsccp', '--gvn', '--ipsccp', '--gvn', '--nary-reassociate', '--lower-constant-intrinsics', '--loop-instsimplify', '--early-cse', '--mem2reg', '--jump-threading', '--globalopt', '--slp-vectorizer', '--instcombine', '--simplifycfg', '--sroa', '--lower-constant-intrinsics', '--early-cse', '--aggressive-instcombine']",73,-3.9531865034707767,0.0,-1.270710649857841,0.0,1,-3.9531865034707767,-1.270710649857841,0.43655874448557375,-69.03553299492386,12.354476337244549,11.76470588235294,34
1020,"['--ipsccp', '--speculative-execution', '--sccp', '--early-cse', '--mem2reg', '--jump-threading', '--globalopt', '--elim-avail-extern', '--instcombine', '--adce', '--jump-threading', '--gvn', '--simplifycfg', '--instsimplify', '--gvn-hoist', '--mergefunc', '--gvn-hoist', '--instcombine', '--globalopt', '--elim-avail-extern', '--lower-expect', '--gvn', '--gvn', '--ipsccp', '--gvn', '--nary-reassociate', '--loop-instsimplify', '--early-cse', '--mem2reg', '--jump-threading', '--globalopt', '--elim-avail-extern', '--instcombine', '--simplifycfg', '--sroa', '--mem2reg', '--gvn-hoist', '--sccp', '--early-cse', '--lower-constant-intrinsics', '--adce', '--gvn-hoist', '--adce', '--loop-simplify', '--dse', '--newgvn', '--simplifycfg', '--newgvn', '--simplifycfg', '--indvars', '--simplifycfg', '--gvn-hoist', '--instcombine', '--globalopt', '--elim-avail-extern', '--ipsccp', '--gvn', '--ipsccp', '--gvn', '--nary-reassociate', '--slp-vectorizer', '--instcombine', '--simplifycfg', '--sroa', '--early-cse', '--lower-expect', '--sroa', '--sroa', '--lower-expect', '--adce', '--elim-avail-extern', '--aggressive-instcombine']",72,-3.9531865034707767,0.0,-1.270710649857841,0.0,1,-3.9531865034707767,-1.270710649857841,0.43655874448557375,-69.03553299492386,12.354476337244549,11.76470588235294,34
1047,"['--ipsccp', '--speculative-execution', '--sccp', '--early-cse', '--mem2reg', '--jump-threading', '--globalopt', '--elim-avail-extern', '--instcombine', '--adce', '--jump-threading', '--gvn', '--simplifycfg', '--instsimplify', '--gvn-hoist', '--mergefunc', '--gvn-hoist', '--instcombine', '--globalopt', '--elim-avail-extern', '--indvars', '--gvn', '--gvn', '--ipsccp', '--gvn', '--adce', '--loop-instsimplify', '--early-cse', '--mem2reg', '--jump-threading', '--globalopt', '--elim-avail-extern', '--instcombine', '--simplifycfg', '--sroa', '--mem2reg', '--gvn-hoist', '--sccp', '--early-cse', '--lower-constant-intrinsics', '--adce', '--gvn-hoist', '--nary-reassociate', '--dse', '--newgvn', '--lower-expect', '--gvn-hoist', '--instcombine', '--globalopt', '--elim-avail-extern', '--gvn', '--gvn', '--ipsccp', '--gvn', '--early-cse', '--lower-constant-intrinsics', '--early-cse', '--mem2reg', '--jump-threading', '--globalopt', '--slp-vectorizer', '--instcombine', '--simplifycfg', '--sroa', '--nary-reassociate', '--lower-expect', '--sroa', '--sroa', '--lower-expect', '--globalopt', '--elim-avail-extern', '--aggressive-instcombine']",72,-3.9567499941585105,0.0,-1.2638745173361774,0.0,1,-3.9567499941585105,-1.2638745173361774,0.5008908414855473,-69.54314720812182,12.441382238034366,11.76470588235294,34
1095,"['--ipsccp', '--speculative-execution', '--sccp', '--early-cse', '--mem2reg', '--jump-threading', '--globalopt', '--elim-avail-extern', '--instcombine', '--adce', '--jump-threading', '--gvn', '--simplifycfg', '--instsimplify', '--gvn-hoist', '--mergefunc', '--gvn-hoist', '--instcombine', '--globalopt', '--elim-avail-extern', '--indvars', '--gvn', '--gvn', '--gvn', '--nary-reassociate', '--loop-instsimplify', '--early-cse', '--mem2reg', '--jump-threading', '--globalopt', '--elim-avail-extern', '--instcombine', '--simplifycfg', '--sroa', '--mem2reg', '--gvn-hoist', '--sccp', '--early-cse', '--lower-constant-intrinsics', '--adce', '--gvn-hoist', '--adce', '--lower-constant-intrinsics', '--dse', '--newgvn', '--lower-expect', '--simplifycfg', '--gvn-hoist', '--instcombine', '--globalopt', '--elim-avail-extern', '--lower-constant-intrinsics', '--gvn', '--ipsccp', '--gvn', '--nary-reassociate', '--gvn', '--early-cse', '--mem2reg', '--jump-threading', '--globalopt', '--slp-vectorizer', '--instcombine', '--simplifycfg', '--sroa', '--early-cse', '--lower-expect', '--sroa', '--sroa', '--lower-expect', '--aggressive-instcombine']",71,-3.9567499941585105,0.0,-1.2638745173361774,0.0,1,-3.9567499941585105,-1.2638745173361774,0.5008908414855473,-69.54314720812182,12.441382238034366,11.76470588235294,34
1019,"['--ipsccp', '--speculative-execution', '--sccp', '--early-cse', '--mem2reg', '--jump-threading', '--globalopt', '--elim-avail-extern', '--instcombine', '--adce', '--jump-threading', '--gvn', '--simplifycfg', '--instsimplify', '--gvn-hoist', '--mergefunc', '--gvn-hoist', '--instcombine', '--globalopt', '--elim-avail-extern', '--indvars', '--gvn', '--gvn', '--ipsccp', '--gvn', '--adce', '--loop-instsimplify', '--correlated-propagation', '--early-cse', '--mem2reg', '--jump-threading', '--globalopt', '--elim-avail-extern', '--instcombine', '--simplifycfg', '--sroa', '--mem2reg', '--gvn-hoist', '--sccp', '--early-cse', '--lower-constant-intrinsics', '--adce', '--gvn-hoist', '--nary-reassociate', '--lower-constant-intrinsics', '--dse', '--newgvn', '--lower-expect', '--gvn-hoist', '--instcombine', '--globalopt', '--elim-avail-extern', '--gvn', '--gvn', '--ipsccp', '--gvn', '--early-cse', '--lower-constant-intrinsics', '--early-cse', '--mem2reg', '--jump-threading', '--globalopt', '--slp-vectorizer', '--instcombine', '--simplifycfg', '--sroa', '--nary-reassociate', '--lower-expect', '--sroa', '--sroa', '--lower-expect', '--globalopt', '--elim-avail-extern', '--aggressive-instcombine']",74,-3.9567499941585105,0.0,-1.2638745173361774,0.0,1,-3.9567499941585105,-1.2638745173361774,0.5008908414855473,-69.54314720812182,12.441382238034366,11.76470588235294,34
939,"['--ipsccp', '--speculative-execution', '--sccp', '--early-cse', '--mem2reg', '--jump-threading', '--globalopt', '--elim-avail-extern', '--instcombine', '--adce', '--jump-threading', '--gvn', '--simplifycfg', '--instsimplify', '--gvn-hoist', '--mergefunc', '--gvn-hoist', '--instcombine', '--globalopt', '--elim-avail-extern', '--indvars', '--gvn', '--gvn', '--ipsccp', '--gvn', '--nary-reassociate', '--loop-instsimplify', '--early-cse', '--mem2reg', '--jump-threading', '--globalopt', '--elim-avail-extern', '--instcombine', '--simplifycfg', '--sroa', '--gvn-hoist', '--sccp', '--early-cse', '--lower-constant-intrinsics', '--globalopt', '--gvn-hoist', '--adce', '--lower-constant-intrinsics', '--dse', '--newgvn', '--simplifycfg', '--lower-expect', '--simplifycfg', '--gvn-hoist', '--instcombine', '--globalopt', '--globalopt', '--elim-avail-extern', '--gvn', '--ipsccp', '--gvn', '--early-cse', '--mem2reg', '--jump-threading', '--globalopt', '--slp-vectorizer', '--instcombine', '--simplifycfg', '--sroa', '--early-cse', '--lower-expect', '--sroa', '--sroa', '--lower-expect', '--adce', '--elim-avail-extern', '--aggressive-instcombine']",72,-3.9567499941585105,0.0,-1.2638745173361774,0.0,1,-3.9567499941585105,-1.2638745173361774,0.5008908414855473,-69.54314720812182,12.441382238034366,11.76470588235294,34
867,"['--ipsccp', '--speculative-execution', '--sccp', '--early-cse', '--mem2reg', '--jump-threading', '--globalopt', '--elim-avail-extern', '--instcombine', '--adce', '--jump-threading', '--gvn', '--simplifycfg', '--instsimplify', '--gvn-hoist', '--mergefunc', '--gvn-hoist', '--instcombine', '--globalopt', '--elim-avail-extern', '--indvars', '--gvn', '--gvn', '--ipsccp', '--gvn', '--nary-reassociate', '--loop-instsimplify', '--early-cse', '--mem2reg', '--jump-threading', '--globalopt', '--elim-avail-extern', '--instcombine', '--simplifycfg', '--sroa', '--mem2reg', '--gvn-hoist', '--sccp', '--early-cse', '--lower-constant-intrinsics', '--adce', '--gvn-hoist', '--adce', '--lower-constant-intrinsics', '--dse', '--newgvn', '--lower-expect', '--gvn-hoist', '--instcombine', '--globalopt', '--elim-avail-extern', '--gvn', '--gvn', '--ipsccp', '--gvn', '--nary-reassociate', '--lower-constant-intrinsics', '--early-cse', '--mem2reg', '--jump-threading', '--globalopt', '--slp-vectorizer', '--instcombine', '--simplifycfg', '--sroa', '--early-cse', '--lower-expect', '--sroa', '--sroa', '--lower-expect', '--globalopt', '--elim-avail-extern', '--aggressive-instcombine']",73,-3.9567499941585105,0.0,-1.2638745173361774,0.0,1,-3.9567499941585105,-1.2638745173361774,0.5008908414855473,-69.54314720812182,12.441382238034366,11.76470588235294,34
879,"['--ipsccp', '--speculative-execution', '--sccp', '--early-cse', '--mem2reg', '--jump-threading', '--globalopt', '--elim-avail-extern', '--instcombine', '--adce', '--jump-threading', '--gvn', '--simplifycfg', '--instsimplify', '--gvn-hoist', '--mergefunc', '--gvn-hoist', '--instcombine', '--globalopt', '--elim-avail-extern', '--indvars', '--gvn', '--gvn', '--ipsccp', '--gvn', '--nary-reassociate', '--loop-instsimplify', '--early-cse', '--mem2reg', '--jump-threading', '--globalopt', '--elim-avail-extern', '--instcombine', '--simplifycfg', '--sroa', '--gvn-hoist', '--sccp', '--early-cse', '--lower-constant-intrinsics', '--globalopt', '--gvn-hoist', '--adce', '--lower-constant-intrinsics', '--dse', '--newgvn', '--simplifycfg', '--lower-expect', '--simplifycfg', '--gvn-hoist', '--instcombine', '--globalopt', '--globalopt', '--elim-avail-extern', '--gvn', '--gvn', '--ipsccp', '--gvn', '--early-cse', '--mem2reg', '--jump-threading', '--globalopt', '--slp-vectorizer', '--instcombine', '--simplifycfg', '--sroa', '--early-cse', '--lower-expect', '--sroa', '--sroa', '--lower-expect', '--adce', '--elim-avail-extern', '--aggressive-instcombine']",73,-3.9567499941585105,0.0,-1.2638745173361774,0.0,1,-3.9567499941585105,-1.2638745173361774,0.5008908414855473,-69.54314720812182,12.441382238034366,11.76470588235294,34
982,"['--ipsccp', '--speculative-execution', '--sccp', '--early-cse', '--mem2reg', '--jump-threading', '--globalopt', '--elim-avail-extern', '--instcombine', '--adce', '--jump-threading', '--gvn', '--simplifycfg', '--instsimplify', '--gvn-hoist', '--mergefunc', '--gvn-hoist', '--instcombine', '--globalopt', '--elim-avail-extern', '--indvars', '--gvn', '--gvn', '--ipsccp', '--gvn', '--nary-reassociate', '--loop-instsimplify', '--early-cse', '--mem2reg', '--hotcoldsplit', '--jump-threading', '--globalopt', '--elim-avail-extern', '--instcombine', '--simplifycfg', '--sroa', '--gvn-hoist', '--sccp', '--early-cse', '--lower-constant-intrinsics', '--globalopt', '--gvn-hoist', '--adce', '--lower-constant-intrinsics', '--dse', '--newgvn', '--simplifycfg', '--lower-expect', '--simplifycfg', '--gvn-hoist', '--instcombine', '--globalopt', '--globalopt', '--elim-avail-extern', '--gvn', '--gvn', '--ipsccp', '--gvn', '--early-cse', '--mem2reg', '--jump-threading', '--globalopt', '--slp-vectorizer', '--instcombine', '--simplifycfg', '--sroa', '--early-cse', '--lower-expect', '--sroa', '--sroa', '--lower-expect', '--adce', '--elim-avail-extern', '--aggressive-instcombine']",74,-3.9567499941585105,0.0,-1.2638745173361774,0.0,1,-3.9567499941585105,-1.2638745173361774,0.5008908414855473,-69.54314720812182,12.441382238034366,11.76470588235294,34
1065,"['--ipsccp', '--speculative-execution', '--sccp', '--early-cse', '--mem2reg', '--jump-threading', '--globalopt', '--elim-avail-extern', '--instcombine', '--adce', '--jump-threading', '--gvn', '--simplifycfg', '--instsimplify', '--gvn-hoist', '--mergefunc', '--gvn-hoist', '--instcombine', '--globalopt', '--elim-avail-extern', '--indvars', '--gvn', '--gvn', '--ipsccp', '--nary-reassociate', '--loop-instsimplify', '--early-cse', '--mem2reg', '--jump-threading', '--globalopt', '--elim-avail-extern', '--instcombine', '--simplifycfg', '--sroa', '--gvn-hoist', '--sccp', '--early-cse', '--lower-constant-intrinsics', '--globalopt', '--gvn-hoist', '--adce', '--lower-constant-intrinsics', '--dse', '--newgvn', '--simplifycfg', '--lower-expect', '--simplifycfg', '--gvn-hoist', '--instcombine', '--globalopt', '--globalopt', '--elim-avail-extern', '--gvn', '--ipsccp', '--gvn', '--early-cse', '--mem2reg', '--jump-threading', '--globalopt', '--lower-constant-intrinsics', '--loop-instsimplify', '--early-cse', '--mem2reg', '--jump-threading', '--globalopt', '--slp-vectorizer', '--instcombine', '--simplifycfg', '--sroa', '--lower-constant-intrinsics', '--early-cse', '--aggressive-instcombine']",72,-3.9567499941585105,0.0,-1.2638745173361774,0.0,1,-3.9567499941585105,-1.2638745173361774,0.5008908414855473,-69.54314720812182,12.441382238034366,11.76470588235294,34
976,"['--ipsccp', '--speculative-execution', '--early-cse', '--mem2reg', '--jump-threading', '--globalopt', '--elim-avail-extern', '--instcombine', '--adce', '--jump-threading', '--gvn', '--simplifycfg', '--instsimplify', '--gvn-hoist', '--mergefunc', '--gvn-hoist', '--instcombine', '--globalopt', '--elim-avail-extern', '--indvars', '--gvn', '--gvn', '--ipsccp', '--gvn', '--nary-reassociate', '--loop-instsimplify', '--early-cse', '--mem2reg', '--jump-threading', '--globalopt', '--elim-avail-extern', '--instcombine', '--simplifycfg', '--sroa', '--mem2reg', '--gvn-hoist', '--sccp', '--early-cse', '--lower-constant-intrinsics', '--adce', '--gvn-hoist', '--adce', '--lower-constant-intrinsics', '--dse', '--newgvn', '--lower-expect', '--gvn-hoist', '--instcombine', '--globalopt', '--elim-avail-extern', '--gvn', '--gvn', '--ipsccp', '--gvn', '--early-cse', '--lower-constant-intrinsics', '--early-cse', '--mem2reg', '--jump-threading', '--globalopt', '--slp-vectorizer', '--instcombine', '--simplifycfg', '--sroa', '--nary-reassociate', '--lower-expect', '--sroa', '--sroa', '--lower-expect', '--globalopt', '--elim-avail-extern', '--aggressive-instcombine']",72,-3.9567499941585105,0.0,-1.2638745173361774,0.0,1,-3.9567499941585105,-1.2638745173361774,0.5008908414855473,-69.54314720812182,12.441382238034366,11.76470588235294,34
975,"['--ipsccp', '--speculative-execution', '--sccp', '--early-cse', '--mem2reg', '--jump-threading', '--globalopt', '--elim-avail-extern', '--instcombine', '--adce', '--jump-threading', '--gvn', '--simplifycfg', '--instsimplify', '--gvn-hoist', '--mergefunc', '--gvn-hoist', '--instcombine', '--globalopt', '--elim-avail-extern', '--indvars', '--gvn', '--gvn', '--ipsccp', '--gvn', '--adce', '--loop-instsimplify', '--early-cse', '--mem2reg', '--jump-threading', '--globalopt', '--elim-avail-extern', '--instcombine', '--simplifycfg', '--sroa', '--mem2reg', '--gvn-hoist', '--sccp', '--early-cse', '--lower-constant-intrinsics', '--adce', '--gvn-hoist', '--nary-reassociate', '--lower-constant-intrinsics', '--dse', '--newgvn', '--lower-expect', '--gvn-hoist', '--instcombine', '--globalopt', '--elim-avail-extern', '--gvn', '--gvn', '--ipsccp', '--gvn', '--early-cse', '--lower-constant-intrinsics', '--early-cse', '--mem2reg', '--jump-threading', '--globalopt', '--slp-vectorizer', '--instcombine', '--simplifycfg', '--sroa', '--nary-reassociate', '--lower-expect', '--sroa', '--sroa', '--lower-expect', '--globalopt', '--elim-avail-extern', '--aggressive-instcombine']",73,-3.9567499941585105,0.0,-1.2638745173361774,0.0,1,-3.9567499941585105,-1.2638745173361774,0.5008908414855473,-69.54314720812182,12.441382238034366,11.76470588235294,34
1030,"['--ipsccp', '--speculative-execution', '--sccp', '--early-cse', '--mem2reg', '--jump-threading', '--globalopt', '--elim-avail-extern', '--instcombine', '--adce', '--jump-threading', '--gvn', '--simplifycfg', '--instsimplify', '--gvn-hoist', '--mergefunc', '--gvn-hoist', '--instcombine', '--globalopt', '--elim-avail-extern', '--indvars', '--gvn', '--ipsccp', '--gvn', '--nary-reassociate', '--loop-instsimplify', '--early-cse', '--mem2reg', '--hotcoldsplit', '--jump-threading', '--globalopt', '--elim-avail-extern', '--instcombine', '--simplifycfg', '--sroa', '--gvn-hoist', '--sccp', '--early-cse', '--lower-constant-intrinsics', '--globalopt', '--gvn-hoist', '--adce', '--lower-constant-intrinsics', '--dse', '--newgvn', '--simplifycfg', '--lower-expect', '--simplifycfg', '--gvn-hoist', '--instcombine', '--globalopt', '--globalopt', '--elim-avail-extern', '--gvn', '--gvn', '--ipsccp', '--gvn', '--early-cse', '--mem2reg', '--jump-threading', '--globalopt', '--slp-vectorizer', '--instcombine', '--simplifycfg', '--sroa', '--early-cse', '--lower-expect', '--sroa', '--sroa', '--lower-expect', '--adce', '--elim-avail-extern', '--aggressive-instcombine']",73,-3.9567499941585105,0.0,-1.2638745173361774,0.0,1,-3.9567499941585105,-1.2638745173361774,0.5008908414855473,-69.54314720812182,12.441382238034366,11.76470588235294,34
1031,"['--ipsccp', '--speculative-execution', '--sccp', '--early-cse', '--mem2reg', '--jump-threading', '--globalopt', '--elim-avail-extern', '--instcombine', '--adce', '--jump-threading', '--gvn', '--simplifycfg', '--instsimplify', '--gvn-hoist', '--mergefunc', '--gvn-hoist', '--instcombine', '--globalopt', '--elim-avail-extern', '--indvars', '--gvn', '--gvn', '--ipsccp', '--gvn', '--nary-reassociate', '--loop-instsimplify', '--early-cse', '--mem2reg', '--jump-threading', '--globalopt', '--elim-avail-extern', '--instcombine', '--simplifycfg', '--sroa', '--mem2reg', '--gvn-hoist', '--sccp', '--early-cse', '--lower-constant-intrinsics', '--adce', '--gvn-hoist', '--adce', '--lower-constant-intrinsics', '--dse', '--newgvn', '--lower-expect', '--gvn-hoist', '--instcombine', '--globalopt', '--elim-avail-extern', '--gvn', '--gvn', '--ipsccp', '--gvn', '--early-cse', '--lower-constant-intrinsics', '--early-cse', '--mem2reg', '--jump-threading', '--globalopt', '--slp-vectorizer', '--instcombine', '--simplifycfg', '--sroa', '--nary-reassociate', '--lower-expect', '--sroa', '--lower-expect', '--globalopt', '--elim-avail-extern', '--aggressive-instcombine']",72,-3.9567499941585105,0.0,-1.2638745173361774,0.0,1,-3.9567499941585105,-1.2638745173361774,0.5008908414855473,-69.54314720812182,12.441382238034366,11.76470588235294,34
1066,"['--ipsccp', '--speculative-execution', '--sccp', '--early-cse', '--mem2reg', '--jump-threading', '--globalopt', '--elim-avail-extern', '--instcombine', '--adce', '--jump-threading', '--gvn', '--simplifycfg', '--instsimplify', '--gvn-hoist', '--mergefunc', '--gvn-hoist', '--instcombine', '--globalopt', '--elim-avail-extern', '--indvars', '--gvn', '--gvn', '--ipsccp', '--gvn', '--nary-reassociate', '--loop-instsimplify', '--early-cse', '--mem2reg', '--jump-threading', '--globalopt', '--elim-avail-extern', '--instcombine', '--simplifycfg', '--sroa', '--mem2reg', '--gvn-hoist', '--early-cse', '--lower-constant-intrinsics', '--globalopt', '--gvn-hoist', '--adce', '--lower-constant-intrinsics', '--dse', '--newgvn', '--simplifycfg', '--lower-expect', '--simplifycfg', '--gvn-hoist', '--instcombine', '--globalopt', '--globalopt', '--early-cse-memssa', '--elim-avail-extern', '--gvn', '--ipsccp', '--gvn', '--early-cse', '--mem2reg', '--jump-threading', '--globalopt', '--slp-vectorizer', '--instcombine', '--simplifycfg', '--sroa', '--early-cse', '--lower-expect', '--sroa', '--sroa', '--lower-expect', '--adce', '--elim-avail-extern', '--aggressive-instcombine']",73,-3.9567499941585105,0.0,-1.2638745173361774,0.0,1,-3.9567499941585105,-1.2638745173361774,0.5008908414855473,-69.54314720812182,12.441382238034366,11.76470588235294,34
1014,"['--ipsccp', '--speculative-execution', '--sccp', '--tailcallelim', '--early-cse', '--mem2reg', '--jump-threading', '--globalopt', '--elim-avail-extern', '--instcombine', '--adce', '--jump-threading', '--gvn', '--simplifycfg', '--instsimplify', '--gvn-hoist', '--mergefunc', '--gvn-hoist', '--instcombine', '--globalopt', '--elim-avail-extern', '--indvars', '--gvn', '--gvn', '--ipsccp', '--gvn', '--nary-reassociate', '--loop-instsimplify', '--early-cse', '--mem2reg', '--jump-threading', '--globalopt', '--elim-avail-extern', '--instcombine', '--simplifycfg', '--sroa', '--gvn-hoist', '--sccp', '--early-cse', '--lower-constant-intrinsics', '--globalopt', '--gvn-hoist', '--adce', '--lower-constant-intrinsics', '--dse', '--newgvn', '--simplifycfg', '--lower-expect', '--simplifycfg', '--gvn-hoist', '--instcombine', '--globalopt', '--globalopt', '--elim-avail-extern', '--gvn', '--gvn', '--ipsccp', '--gvn', '--early-cse', '--mem2reg', '--jump-threading', '--globalopt', '--slp-vectorizer', '--instcombine', '--simplifycfg', '--sroa', '--early-cse', '--lower-expect', '--sroa', '--sroa', '--lower-expect', '--adce', '--elim-avail-extern', '--aggressive-instcombine']",74,-3.9567499941585105,0.0,-1.2638745173361774,0.0,1,-3.9567499941585105,-1.2638745173361774,0.5008908414855473,-69.54314720812182,12.441382238034366,11.76470588235294,34
945,"['--ipsccp', '--speculative-execution', '--sccp', '--early-cse', '--mem2reg', '--jump-threading', '--globalopt', '--elim-avail-extern', '--instcombine', '--adce', '--jump-threading', '--gvn', '--simplifycfg', '--mem2reg', '--instsimplify', '--gvn-hoist', '--mergefunc', '--gvn-hoist', '--instcombine', '--globalopt', '--elim-avail-extern', '--indvars', '--gvn', '--gvn', '--ipsccp', '--gvn', '--nary-reassociate', '--loop-instsimplify', '--early-cse', '--mem2reg', '--jump-threading', '--globalopt', '--elim-avail-extern', '--instcombine', '--simplifycfg', '--sroa', '--mem2reg', '--gvn-hoist', '--sccp', '--early-cse', '--lower-constant-intrinsics', '--adce', '--gvn-hoist', '--adce', '--lower-constant-intrinsics', '--dse', '--newgvn', '--lower-expect', '--gvn-hoist', '--instcombine', '--globalopt', '--elim-avail-extern', '--gvn', '--gvn', '--ipsccp', '--gvn', '--nary-reassociate', '--lower-constant-intrinsics', '--early-cse', '--mem2reg', '--jump-threading', '--globalopt', '--slp-vectorizer', '--instcombine', '--simplifycfg', '--sroa', '--early-cse', '--lower-expect', '--sroa', '--sroa', '--lower-expect', '--globalopt', '--elim-avail-extern', '--aggressive-instcombine']",74,-3.9567499941585105,0.0,-1.2638745173361774,0.0,1,-3.9567499941585105,-1.2638745173361774,0.5008908414855473,-69.54314720812182,12.441382238034366,11.76470588235294,34
953,"['--ipsccp', '--speculative-execution', '--sccp', '--early-cse', '--mem2reg', '--jump-threading', '--globalopt', '--elim-avail-extern', '--instcombine', '--adce', '--jump-threading', '--gvn', '--simplifycfg', '--instsimplify', '--gvn-hoist', '--mergefunc', '--gvn-hoist', '--instcombine', '--globalopt', '--elim-avail-extern', '--indvars', '--gvn', '--gvn', '--ipsccp', '--gvn', '--nary-reassociate', '--loop-instsimplify', '--early-cse', '--mem2reg', '--elim-avail-extern', '--globalopt', '--jump-threading', '--instcombine', '--simplifycfg', '--sroa', '--mem2reg', '--gvn-hoist', '--sccp', '--early-cse', '--lower-constant-intrinsics', '--adce', '--gvn-hoist', '--adce', '--lower-constant-intrinsics', '--dse', '--newgvn', '--lower-expect', '--gvn-hoist', '--instcombine', '--globalopt', '--elim-avail-extern', '--gvn', '--gvn', '--ipsccp', '--gvn', '--early-cse', '--lower-constant-intrinsics', '--early-cse', '--mem2reg', '--jump-threading', '--globalopt', '--slp-vectorizer', '--instcombine', '--simplifycfg', '--sroa', '--nary-reassociate', '--lower-expect', '--sroa', '--sroa', '--lower-expect', '--globalopt', '--elim-avail-extern', '--aggressive-instcombine']",73,-3.9567499941585105,0.0,-1.2638745173361774,0.0,1,-3.9567499941585105,-1.2638745173361774,0.5008908414855473,-69.54314720812182,12.441382238034366,11.76470588235294,34
1011,"['--ipsccp', '--speculative-execution', '--sccp', '--early-cse', '--mem2reg', '--jump-threading', '--globaldce', '--elim-avail-extern', '--instcombine', '--adce', '--jump-threading', '--gvn', '--simplifycfg', '--mem2reg', '--instsimplify', '--gvn-hoist', '--mergefunc', '--gvn-hoist', '--instcombine', '--globalopt', '--elim-avail-extern', '--indvars', '--gvn', '--gvn', '--ipsccp', '--gvn', '--nary-reassociate', '--loop-instsimplify', '--early-cse', '--mem2reg', '--jump-threading', '--globalopt', '--elim-avail-extern', '--instcombine', '--simplifycfg', '--sroa', '--mem2reg', '--gvn-hoist', '--sccp', '--early-cse', '--lower-constant-intrinsics', '--adce', '--gvn-hoist', '--adce', '--lower-constant-intrinsics', '--dse', '--newgvn', '--lower-expect', '--gvn-hoist', '--instcombine', '--globalopt', '--elim-avail-extern', '--gvn', '--gvn', '--ipsccp', '--gvn', '--nary-reassociate', '--lower-constant-intrinsics', '--early-cse', '--mem2reg', '--jump-threading', '--globalopt', '--slp-vectorizer', '--instcombine', '--simplifycfg', '--sroa', '--early-cse', '--lower-expect', '--sroa', '--sroa', '--lower-expect', '--globalopt', '--elim-avail-extern', '--aggressive-instcombine']",74,-3.9567499941585105,0.0,-1.2638745173361774,0.0,1,-3.9567499941585105,-1.2638745173361774,0.5008908414855473,-69.54314720812182,12.441382238034366,11.76470588235294,34
1044,"['--ipsccp', '--speculative-execution', '--sccp', '--early-cse', '--mem2reg', '--jump-threading', '--globalopt', '--elim-avail-extern', '--instcombine', '--adce', '--jump-threading', '--gvn', '--simplifycfg', '--instsimplify', '--gvn-hoist', '--mergefunc', '--gvn-hoist', '--instcombine', '--globalopt', '--elim-avail-extern', '--indvars', '--gvn', '--gvn', '--ipsccp', '--gvn', '--nary-reassociate', '--loop-instsimplify', '--early-cse', '--mem2reg', '--jump-threading', '--globalopt', '--elim-avail-extern', '--instcombine', '--inferattrs', '--simplifycfg', '--sroa', '--gvn-hoist', '--sccp', '--early-cse', '--lower-constant-intrinsics', '--globalopt', '--gvn-hoist', '--adce', '--lower-constant-intrinsics', '--dse', '--newgvn', '--simplifycfg', '--lower-expect', '--simplifycfg', '--gvn-hoist', '--instcombine', '--globalopt', '--globalopt', '--elim-avail-extern', '--gvn', '--gvn', '--ipsccp', '--gvn', '--early-cse', '--mem2reg', '--jump-threading', '--globalopt', '--slp-vectorizer', '--instcombine', '--simplifycfg', '--sroa', '--early-cse', '--lower-expect', '--sroa', '--sroa', '--lower-expect', '--adce', '--elim-avail-extern', '--aggressive-instcombine']",74,-3.9567499941585105,0.0,-1.2638745173361774,0.0,1,-3.9567499941585105,-1.2638745173361774,0.5008908414855473,-69.54314720812182,12.441382238034366,11.76470588235294,34
897,"['--ipsccp', '--speculative-execution', '--sccp', '--early-cse', '--mem2reg', '--jump-threading', '--globalopt', '--elim-avail-extern', '--instcombine', '--adce', '--jump-threading', '--gvn', '--simplifycfg', '--instsimplify', '--gvn-hoist', '--mergefunc', '--gvn-hoist', '--instcombine', '--globalopt', '--elim-avail-extern', '--indvars', '--gvn', '--gvn', '--ipsccp', '--gvn', '--nary-reassociate', '--loop-instsimplify', '--early-cse', '--mem2reg', '--jump-threading', '--globalopt', '--elim-avail-extern', '--instcombine', '--simplifycfg', '--sroa', '--mem2reg', '--gvn-hoist', '--sccp', '--early-cse', '--lower-constant-intrinsics', '--adce', '--gvn-hoist', '--adce', '--lower-constant-intrinsics', '--dse', '--newgvn', '--lower-expect', '--gvn-hoist', '--instcombine', '--globalopt', '--elim-avail-extern', '--gvn', '--gvn', '--ipsccp', '--gvn', '--early-cse', '--lower-constant-intrinsics', '--early-cse', '--mem2reg', '--jump-threading', '--globalopt', '--slp-vectorizer', '--instcombine', '--simplifycfg', '--sroa', '--nary-reassociate', '--lower-expect', '--sroa', '--sroa', '--lower-expect', '--globalopt', '--elim-avail-extern', '--aggressive-instcombine']",73,-3.9567499941585105,0.0,-1.2638745173361774,0.0,1,-3.9567499941585105,-1.2638745173361774,0.5008908414855473,-69.54314720812182,12.441382238034366,11.76470588235294,34
1008,"['--ipsccp', '--speculative-execution', '--sccp', '--early-cse', '--mem2reg', '--jump-threading', '--globalopt', '--elim-avail-extern', '--instcombine', '--adce', '--jump-threading', '--gvn', '--simplifycfg', '--instsimplify', '--gvn-hoist', '--mergefunc', '--gvn-hoist', '--instcombine', '--globalopt', '--elim-avail-extern', '--indvars', '--gvn', '--gvn', '--ipsccp', '--gvn', '--nary-reassociate', '--loop-instsimplify', '--early-cse', '--mem2reg', '--jump-threading', '--globalopt', '--elim-avail-extern', '--instcombine', '--simplifycfg', '--sroa', '--gvn-hoist', '--sccp', '--early-cse', '--lower-constant-intrinsics', '--globalopt', '--gvn-hoist', '--adce', '--lower-constant-intrinsics', '--dse', '--newgvn', '--simplifycfg', '--lower-expect', '--simplifycfg', '--gvn-hoist', '--instcombine', '--globalopt', '--globalopt', '--elim-avail-extern', '--gvn', '--ipsccp', '--gvn', '--early-cse', '--mem2reg', '--jump-threading', '--globalopt', '--lower-constant-intrinsics', '--loop-instsimplify', '--early-cse', '--mem2reg', '--jump-threading', '--globalopt', '--slp-vectorizer', '--instcombine', '--simplifycfg', '--sroa', '--lower-constant-intrinsics', '--early-cse', '--aggressive-instcombine']",73,-3.9567499941585105,0.0,-1.2638745173361774,0.0,1,-3.9567499941585105,-1.2638745173361774,0.5008908414855473,-69.54314720812182,12.441382238034366,11.76470588235294,34
1010,"['--ipsccp', '--speculative-execution', '--sccp', '--early-cse', '--mem2reg', '--jump-threading', '--globalopt', '--elim-avail-extern', '--instcombine', '--adce', '--jump-threading', '--gvn', '--simplifycfg', '--instsimplify', '--gvn-hoist', '--mergefunc', '--gvn-hoist', '--instcombine', '--globalopt', '--elim-avail-extern', '--indvars', '--gvn', '--gvn', '--ipsccp', '--nary-reassociate', '--loop-instsimplify', '--early-cse', '--mem2reg', '--jump-threading', '--globalopt', '--elim-avail-extern', '--instcombine', '--simplifycfg', '--sroa', '--mem2reg', '--gvn-hoist', '--sccp', '--early-cse', '--lower-constant-intrinsics', '--adce', '--gvn-hoist', '--adce', '--lower-constant-intrinsics', '--dse', '--newgvn', '--lower-expect', '--gvn-hoist', '--instcombine', '--globalopt', '--elim-avail-extern', '--gvn', '--gvn', '--ipsccp', '--gvn', '--nary-reassociate', '--lower-constant-intrinsics', '--early-cse', '--mem2reg', '--jump-threading', '--globalopt', '--slp-vectorizer', '--instcombine', '--simplifycfg', '--sroa', '--early-cse', '--lower-expect', '--sroa', '--sroa', '--lower-expect', '--globalopt', '--elim-avail-extern', '--aggressive-instcombine']",72,-3.9567499941585105,0.0,-1.2638745173361774,0.0,1,-3.9567499941585105,-1.2638745173361774,0.5008908414855473,-69.54314720812182,12.441382238034366,11.76470588235294,34
1944,"['--ipsccp', '--speculative-execution', '--sccp', '--early-cse', '--mem2reg', '--jump-threading', '--globalopt', '--elim-avail-extern', '--instcombine', '--loop-instsimplify', '--jump-threading', '--gvn', '--simplifycfg', '--instsimplify', '--inline', '--mergefunc', '--gvn-hoist', '--tailcallelim', '--globalopt', '--elim-avail-extern', '--globalopt', '--indvars', '--indvars', '--gvn', '--ipsccp', '--gvn', '--nary-reassociate', '--adce', '--early-cse', '--mem2reg', '--jump-threading', '--globalopt', '--elim-avail-extern', '--instcombine', '--simplifycfg', '--sroa', '--ipsccp', '--sroa', '--inferattrs', '--mem2reg', '--globaldce', '--gvn-hoist', '--sccp', '--early-cse', '--lower-constant-intrinsics', '--lower-constant-intrinsics', '--adce', '--slsr', '--gvn-hoist', '--adce', '--loop-simplify', '--dse', '--scalarizer', '--simplifycfg', '--lower-expect', '--elim-avail-extern', '--lower-constant-intrinsics', '--ipsccp', '--nary-reassociate', '--jump-threading', '--globalopt', '--slp-vectorizer', '--instcombine', '--slp-vectorizer', '--instcombine', '--simplifycfg', '--sroa', '--early-cse', '--lower-expect', '--sroa', '--sroa', '--aggressive-instcombine']",72,-3.956813061353575,0.0,-1.245574023705071,0.0,1,-3.956813061353575,-1.245574023705071,0.5008908414855473,-67.00507614213198,12.579266612218309,11.76470588235294,34
2168,"['--ipsccp', '--speculative-execution', '--sccp', '--early-cse', '--mem2reg', '--jump-threading', '--elim-avail-extern', '--instcombine', '--adce', '--loop-interchange', '--aggressive-instcombine', '--gvn', '--simplifycfg', '--instsimplify', '--inline', '--mergefunc', '--gvn-hoist', '--gvn-hoist', '--instcombine', '--globalopt', '--elim-avail-extern', '--indvars', '--elim-avail-extern', '--indvars', '--gvn', '--gvn', '--ipsccp', '--gvn', '--nary-reassociate', '--loop-instsimplify', '--early-cse', '--mem2reg', '--jump-threading', '--globalopt', '--elim-avail-extern', '--instcombine', '--simplifycfg', '--sroa', '--mem2reg', '--globaldce', '--gvn-hoist', '--sccp', '--early-cse', '--lower-constant-intrinsics', '--adce', '--slsr', '--gvn-hoist', '--adce', '--loop-simplify', '--dse', '--scalarizer', '--simplifycfg', '--lower-expect', '--simplifycfg', '--elim-avail-extern', '--instsimplify', '--lower-constant-intrinsics', '--ipsccp', '--lower-constant-intrinsics', '--prune-eh', '--early-cse', '--mem2reg', '--jump-threading', '--globalopt', '--slp-vectorizer', '--instcombine', '--simplifycfg', '--sroa', '--early-cse', '--lower-expect', '--sroa', '--sroa', '--lower-expect', '--aggressive-instcombine']",74,-3.956813061353575,0.0,-1.245574023705071,0.0,1,-3.956813061353575,-1.245574023705071,0.5008908414855473,-67.00507614213198,12.579266612218309,11.76470588235294,34
1061,"['--ipsccp', '--speculative-execution', '--sccp', '--early-cse', '--mem2reg', '--jump-threading', '--globalopt', '--elim-avail-extern', '--instcombine', '--adce', '--jump-threading', '--gvn', '--simplifycfg', '--instsimplify', '--gvn-hoist', '--mergefunc', '--gvn-hoist', '--instcombine', '--globalopt', '--elim-avail-extern', '--indvars', '--gvn', '--gvn', '--ipsccp', '--gvn', '--nary-reassociate', '--lower-constant-intrinsics', '--loop-instsimplify', '--mem2reg', '--jump-threading', '--globalopt', '--memcpyopt', '--elim-avail-extern', '--simplifycfg', '--sroa', '--mem2reg', '--gvn-hoist', '--sccp', '--early-cse', '--lower-constant-intrinsics', '--adce', '--gvn-hoist', '--adce', '--loop-simplify', '--dse', '--dse', '--newgvn', '--simplifycfg', '--instcombine', '--globalopt', '--elim-avail-extern', '--gvn', '--gvn', '--ipsccp', '--gvn', '--nary-reassociate', '--lower-constant-intrinsics', '--early-cse', '--mem2reg', '--jump-threading', '--globalopt', '--slp-vectorizer', '--instcombine', '--simplifycfg', '--sroa', '--lower-expect', '--sroa', '--sroa', '--lower-expect', '--globalopt', '--elim-avail-extern', '--aggressive-instcombine']",72,-3.9618972508194483,0.0,-1.2708773184566255,0.0,1,-3.9618972508194483,-1.2708773184566255,0.46675377468060397,-69.54314720812182,12.440333796240385,11.76470588235294,34
1058,"['--ipsccp', '--speculative-execution', '--sccp', '--early-cse', '--mem2reg', '--jump-threading', '--globalopt', '--elim-avail-extern', '--instcombine', '--adce', '--jump-threading', '--gvn', '--simplifycfg', '--instsimplify', '--gvn-hoist', '--mergefunc', '--gvn-hoist', '--instcombine', '--globalopt', '--elim-avail-extern', '--indvars', '--gvn', '--gvn', '--ipsccp', '--gvn', '--nary-reassociate', '--lower-constant-intrinsics', '--loop-instsimplify', '--strip', '--mem2reg', '--jump-threading', '--globalopt', '--memcpyopt', '--elim-avail-extern', '--simplifycfg', '--mem2reg', '--sroa', '--gvn-hoist', '--sccp', '--early-cse', '--lower-constant-intrinsics', '--adce', '--gvn-hoist', '--adce', '--loop-simplify', '--dse', '--loop-sink', '--newgvn', '--simplifycfg', '--lower-expect', '--simplifycfg', '--gvn-hoist', '--instcombine', '--globalopt', '--aggressive-instcombine', '--ipsccp', '--gvn', '--early-cse', '--mem2reg', '--jump-threading', '--globalopt', '--slp-vectorizer', '--instcombine', '--simplifycfg', '--sroa', '--early-cse', '--lower-expect', '--sroa', '--sroa', '--lower-expect', '--adce', '--elim-avail-extern', '--aggressive-instcombine']",73,-3.9618972508194483,0.0,-1.2708773184566255,0.0,1,-3.9618972508194483,-1.2708773184566255,0.46675377468060397,-69.54314720812182,12.440333796240385,11.76470588235294,34
1068,"['--ipsccp', '--speculative-execution', '--sccp', '--early-cse', '--mem2reg', '--jump-threading', '--globalopt', '--elim-avail-extern', '--instcombine', '--adce', '--jump-threading', '--gvn', '--simplifycfg', '--instsimplify', '--gvn-hoist', '--mergefunc', '--gvn-hoist', '--instcombine', '--globalopt', '--elim-avail-extern', '--indvars', '--gvn', '--gvn', '--ipsccp', '--gvn', '--nary-reassociate', '--lower-constant-intrinsics', '--loop-instsimplify', '--mem2reg', '--jump-threading', '--globalopt', '--memcpyopt', '--elim-avail-extern', '--simplifycfg', '--sroa', '--mem2reg', '--gvn-hoist', '--early-cse', '--lower-constant-intrinsics', '--adce', '--gvn-hoist', '--adce', '--lower-constant-intrinsics', '--dse', '--newgvn', '--lower-expect', '--gvn-hoist', '--instcombine', '--globalopt', '--elim-avail-extern', '--gvn', '--gvn', '--ipsccp', '--gvn', '--early-cse', '--lower-constant-intrinsics', '--early-cse', '--mem2reg', '--jump-threading', '--globalopt', '--slp-vectorizer', '--instcombine', '--simplifycfg', '--sroa', '--nary-reassociate', '--lower-expect', '--sroa', '--lower-expect', '--globalopt', '--elim-avail-extern', '--aggressive-instcombine']",71,-3.9618972508194483,0.0,-1.2708773184566255,0.0,1,-3.9618972508194483,-1.2708773184566255,0.46675377468060397,-69.54314720812182,12.440333796240385,11.76470588235294,34
1029,"['--ipsccp', '--speculative-execution', '--sccp', '--early-cse', '--mem2reg', '--jump-threading', '--globalopt', '--elim-avail-extern', '--instcombine', '--adce', '--jump-threading', '--gvn', '--simplifycfg', '--instsimplify', '--gvn-hoist', '--mergefunc', '--gvn-hoist', '--instcombine', '--early-cse', '--elim-avail-extern', '--indvars', '--gvn', '--gvn', '--ipsccp', '--gvn', '--nary-reassociate', '--lower-constant-intrinsics', '--loop-instsimplify', '--strip', '--mem2reg', '--jump-threading', '--globalopt', '--memcpyopt', '--elim-avail-extern', '--simplifycfg', '--sroa', '--mem2reg', '--gvn-hoist', '--sccp', '--early-cse', '--lower-constant-intrinsics', '--adce', '--gvn-hoist', '--adce', '--loop-simplify', '--dse', '--newgvn', '--simplifycfg', '--instcombine', '--globalopt', '--elim-avail-extern', '--gvn', '--gvn', '--ipsccp', '--gvn', '--nary-reassociate', '--lower-constant-intrinsics', '--globalopt', '--mem2reg', '--jump-threading', '--globalopt', '--slp-vectorizer', '--instcombine', '--simplifycfg', '--sroa', '--early-cse', '--lower-expect', '--sroa', '--sroa', '--lower-expect', '--globalopt', '--elim-avail-extern', '--aggressive-instcombine']",73,-3.9618972508194483,0.0,-1.2708773184566255,0.0,1,-3.9618972508194483,-1.2708773184566255,0.46675377468060397,-69.54314720812182,12.440333796240385,11.76470588235294,34
941,"['--ipsccp', '--speculative-execution', '--sccp', '--early-cse', '--mem2reg', '--jump-threading', '--globalopt', '--elim-avail-extern', '--instcombine', '--adce', '--jump-threading', '--gvn', '--simplifycfg', '--instsimplify', '--gvn-hoist', '--mergefunc', '--gvn-hoist', '--instcombine', '--globalopt', '--elim-avail-extern', '--indvars', '--gvn', '--gvn', '--ipsccp', '--gvn', '--nary-reassociate', '--lower-constant-intrinsics', '--loop-instsimplify', '--strip', '--mem2reg', '--jump-threading', '--globalopt', '--memcpyopt', '--elim-avail-extern', '--simplifycfg', '--sroa', '--mem2reg', '--gvn-hoist', '--sccp', '--early-cse', '--lower-constant-intrinsics', '--adce', '--gvn-hoist', '--adce', '--loop-simplify', '--dse', '--newgvn', '--simplifycfg', '--instcombine', '--globalopt', '--elim-avail-extern', '--gvn', '--gvn', '--ipsccp', '--gvn', '--nary-reassociate', '--lower-constant-intrinsics', '--early-cse', '--mem2reg', '--jump-threading', '--globalopt', '--slp-vectorizer', '--instcombine', '--simplifycfg', '--sroa', '--lower-expect', '--sroa', '--sroa', '--lower-expect', '--globalopt', '--elim-avail-extern', '--aggressive-instcombine']",72,-3.9618972508194483,0.0,-1.2708773184566255,0.0,1,-3.9618972508194483,-1.2708773184566255,0.46675377468060397,-69.54314720812182,12.440333796240385,11.76470588235294,34
1033,"['--ipsccp', '--speculative-execution', '--sccp', '--early-cse', '--mem2reg', '--jump-threading', '--globalopt', '--elim-avail-extern', '--instcombine', '--adce', '--jump-threading', '--gvn', '--simplifycfg', '--instsimplify', '--gvn-hoist', '--mergefunc', '--gvn-hoist', '--instcombine', '--globalopt', '--elim-avail-extern', '--indvars', '--gvn', '--gvn', '--ipsccp', '--gvn', '--nary-reassociate', '--lower-constant-intrinsics', '--loop-instsimplify', '--strip', '--mem2reg', '--jump-threading', '--globalopt', '--memcpyopt', '--elim-avail-extern', '--simplifycfg', '--sroa', '--mem2reg', '--gvn-hoist', '--sccp', '--early-cse', '--lower-constant-intrinsics', '--adce', '--gvn-hoist', '--adce', '--loop-simplify', '--dse', '--loop-sink', '--newgvn', '--simplifycfg', '--lower-expect', '--simplifycfg', '--gvn-hoist', '--instcombine', '--globalopt', '--aggressive-instcombine', '--gvn', '--gvn', '--ipsccp', '--gvn', '--lower-constant-intrinsics', '--loop-instsimplify', '--slp-vectorizer', '--instcombine', '--simplifycfg', '--sroa', '--early-cse', '--lower-expect', '--sroa', '--sroa', '--lower-expect', '--globalopt', '--elim-avail-extern', '--aggressive-instcombine']",73,-3.9618972508194483,0.0,-1.2708773184566255,0.0,1,-3.9618972508194483,-1.2708773184566255,0.46675377468060397,-69.54314720812182,12.440333796240385,11.76470588235294,34
895,"['--ipsccp', '--speculative-execution', '--sccp', '--early-cse', '--mem2reg', '--jump-threading', '--globalopt', '--elim-avail-extern', '--instcombine', '--adce', '--jump-threading', '--gvn', '--simplifycfg', '--instsimplify', '--gvn-hoist', '--mergefunc', '--gvn-hoist', '--instcombine', '--globalopt', '--elim-avail-extern', '--indvars', '--gvn', '--gvn', '--ipsccp', '--gvn', '--nary-reassociate', '--lower-constant-intrinsics', '--loop-instsimplify', '--strip', '--mem2reg', '--jump-threading', '--globalopt', '--memcpyopt', '--elim-avail-extern', '--simplifycfg', '--sroa', '--mem2reg', '--gvn-hoist', '--sccp', '--early-cse', '--lower-constant-intrinsics', '--adce', '--gvn-hoist', '--adce', '--loop-simplify', '--dse', '--newgvn', '--simplifycfg', '--instcombine', '--globalopt', '--elim-avail-extern', '--gvn', '--gvn', '--ipsccp', '--gvn', '--nary-reassociate', '--lower-constant-intrinsics', '--early-cse', '--mem2reg', '--jump-threading', '--globalopt', '--slp-vectorizer', '--instcombine', '--simplifycfg', '--sroa', '--early-cse', '--lower-expect', '--sroa', '--sroa', '--lower-expect', '--globalopt', '--elim-avail-extern', '--aggressive-instcombine']",73,-3.9618972508194483,0.0,-1.2708773184566255,0.0,1,-3.9618972508194483,-1.2708773184566255,0.46675377468060397,-69.54314720812182,12.440333796240385,11.76470588235294,34
997,"['--ipsccp', '--speculative-execution', '--sccp', '--early-cse', '--mem2reg', '--jump-threading', '--globalopt', '--elim-avail-extern', '--instcombine', '--adce', '--jump-threading', '--gvn', '--simplifycfg', '--instsimplify', '--gvn-hoist', '--mergefunc', '--gvn-hoist', '--instcombine', '--globalopt', '--elim-avail-extern', '--indvars', '--gvn', '--gvn', '--gvn', '--nary-reassociate', '--lower-constant-intrinsics', '--loop-instsimplify', '--strip', '--mem2reg', '--jump-threading', '--globalopt', '--memcpyopt', '--elim-avail-extern', '--simplifycfg', '--sroa', '--mem2reg', '--gvn-hoist', '--sccp', '--early-cse', '--lower-constant-intrinsics', '--adce', '--gvn-hoist', '--adce', '--loop-simplify', '--dse', '--loop-sink', '--newgvn', '--instcombine', '--lower-expect', '--simplifycfg', '--gvn-hoist', '--instcombine', '--globalopt', '--early-cse', '--lower-constant-intrinsics', '--early-cse', '--mem2reg', '--jump-threading', '--globalopt', '--slp-vectorizer', '--instcombine', '--simplifycfg', '--sroa', '--nary-reassociate', '--lower-expect', '--sroa', '--sroa', '--lower-expect', '--globalopt', '--elim-avail-extern', '--aggressive-instcombine']",71,-3.9618972508194483,0.0,-1.2708773184566255,0.0,1,-3.9618972508194483,-1.2708773184566255,0.46675377468060397,-69.54314720812182,12.440333796240385,11.76470588235294,34
906,"['--ipsccp', '--speculative-execution', '--sccp', '--early-cse', '--mem2reg', '--jump-threading', '--globalopt', '--elim-avail-extern', '--instcombine', '--adce', '--jump-threading', '--gvn', '--simplifycfg', '--instsimplify', '--inline', '--gvn-hoist', '--mergefunc', '--gvn-hoist', '--instcombine', '--globalopt', '--elim-avail-extern', '--indvars', '--gvn', '--ipsccp', '--gvn', '--nary-reassociate', '--lower-constant-intrinsics', '--loop-instsimplify', '--strip', '--mem2reg', '--jump-threading', '--globalopt', '--elim-avail-extern', '--simplifycfg', '--sroa', '--mem2reg', '--gvn-hoist', '--sccp', '--early-cse', '--loweratomic', '--adce', '--gvn-hoist', '--gvn-hoist', '--adce', '--loop-simplify', '--dse', '--newgvn', '--simplifycfg', '--lower-expect', '--simplifycfg', '--gvn-hoist', '--instcombine', '--globalopt', '--elim-avail-extern', '--gvn', '--gvn', '--ipsccp', '--gvn', '--nary-reassociate', '--lower-constant-intrinsics', '--loop-instsimplify', '--early-cse', '--jump-threading', '--slsr', '--globalopt', '--slp-vectorizer', '--sccp', '--instcombine', '--simplifycfg', '--sroa', '--lower-constant-intrinsics', '--early-cse', '--lower-expect', '--sroa', '--sroa', '--lower-expect', '--globalopt', '--elim-avail-extern', '--lower-expect']",79,-3.967168677769558,0.0,-1.306804770505498,0.0,1,-3.967168677769558,-1.306804770505498,0.0,-68.52791878172589,12.223592175374934,11.76470588235294,34
1052,"['--ipsccp', '--speculative-execution', '--sccp', '--early-cse', '--mem2reg', '--jump-threading', '--globalopt', '--elim-avail-extern', '--instcombine', '--adce', '--jump-threading', '--gvn', '--simplifycfg', '--instsimplify', '--inline', '--gvn-hoist', '--mergefunc', '--gvn-hoist', '--instcombine', '--globalopt', '--elim-avail-extern', '--indvars', '--gvn', '--gvn', '--ipsccp', '--gvn', '--nary-reassociate', '--loop-instsimplify', '--early-cse', '--partially-inline-libcalls', '--mem2reg', '--jump-threading', '--globalopt', '--elim-avail-extern', '--instcombine', '--simplifycfg', '--sroa', '--mem2reg', '--gvn-hoist', '--sccp', '--early-cse', '--lower-constant-intrinsics', '--adce', '--gvn-hoist', '--adce', '--dse', '--loop-sink', '--newgvn', '--simplifycfg', '--lower-expect', '--simplifycfg', '--gvn-hoist', '--elim-avail-extern', '--instcombine', '--globalopt', '--elim-avail-extern', '--gvn', '--gvn', '--ipsccp', '--gvn', '--nary-reassociate', '--loop-instsimplify', '--early-cse', '--jump-threading', '--slsr', '--globalopt', '--slp-vectorizer', '--instcombine', '--simplifycfg', '--sroa', '--lower-constant-intrinsics', '--early-cse', '--lower-expect', '--sroa', '--sroa', '--lower-expect', '--globalopt', '--elim-avail-extern', '--lower-expect']",79,-3.9767946264820893,0.0,-1.3198554453208786,0.0,1,-3.9767946264820893,-1.3198554453208786,0.0,-68.52791878172589,12.221971601384894,11.76470588235294,34
1121,"['--ipsccp', '--speculative-execution', '--sccp', '--early-cse', '--mem2reg', '--ipsccp', '--jump-threading', '--globalopt', '--elim-avail-extern', '--instcombine', '--mem2reg', '--jump-threading', '--gvn', '--simplifycfg', '--instsimplify', '--inline', '--gvn-hoist', '--mergefunc', '--gvn-hoist', '--instcombine', '--globalopt', '--elim-avail-extern', '--indvars', '--gvn', '--gvn', '--ipsccp', '--nary-reassociate', '--lower-constant-intrinsics', '--loop-instsimplify', '--strip', '--adce', '--jump-threading', '--globalopt', '--instcombine', '--simplifycfg', '--sroa', '--mem2reg', '--gvn-hoist', '--sccp', '--early-cse', '--lower-constant-intrinsics', '--adce', '--gvn-hoist', '--adce', '--lower-constant-intrinsics', '--dse', '--newgvn', '--lower-expect', '--gvn-hoist', '--instcombine', '--globalopt', '--elim-avail-extern', '--gvn', '--gvn', '--ipsccp', '--gvn', '--early-cse', '--lower-constant-intrinsics', '--early-cse', '--mem2reg', '--early-cse', '--mem2reg', '--jump-threading', '--globalopt', '--slp-vectorizer', '--instcombine', '--simplifycfg', '--sroa', '--lower-constant-intrinsics', '--early-cse', '--lower-expect', '--lower-expect', '--loweratomic', '--elim-avail-extern', '--elim-avail-extern', '--lower-expect', '--slsr']",77,-3.9767946264820893,0.0,-1.3198554453208786,0.0,1,-3.9767946264820893,-1.3198554453208786,0.0,-68.52791878172589,12.221971601384894,11.76470588235294,34
920,"['--ipsccp', '--speculative-execution', '--sccp', '--early-cse', '--mem2reg', '--jump-threading', '--globalopt', '--elim-avail-extern', '--instcombine', '--adce', '--jump-threading', '--gvn', '--simplifycfg', '--instsimplify', '--inline', '--gvn-hoist', '--mergefunc', '--gvn-hoist', '--instcombine', '--globalopt', '--elim-avail-extern', '--indvars', '--gvn', '--gvn', '--ipsccp', '--gvn', '--nary-reassociate', '--loop-instsimplify', '--early-cse', '--mem2reg', '--jump-threading', '--globalopt', '--elim-avail-extern', '--instcombine', '--simplifycfg', '--sroa', '--mem2reg', '--gvn-hoist', '--sccp', '--early-cse', '--lower-constant-intrinsics', '--adce', '--gvn-hoist', '--adce', '--lower-constant-intrinsics', '--dse', '--newgvn', '--lower-expect', '--simplifycfg', '--gvn-hoist', '--instcombine', '--globalopt', '--elim-avail-extern', '--lower-constant-intrinsics', '--gvn', '--ipsccp', '--gvn', '--nary-reassociate', '--gvn', '--early-cse', '--mem2reg', '--jump-threading', '--globalopt', '--slp-vectorizer', '--instcombine', '--simplifycfg', '--sroa', '--early-cse', '--lower-expect', '--sroa', '--sroa', '--lower-expect', '--globalopt', '--elim-avail-extern', '--simplifycfg']",75,-3.985499378548014,0.0,-1.3319341987935205,0.0,1,-3.985499378548014,-1.3319341987935205,0.0,-68.52791878172589,12.218428470999324,11.76470588235294,34
1102,"['--ipsccp', '--speculative-execution', '--sccp', '--early-cse', '--mem2reg', '--jump-threading', '--globalopt', '--elim-avail-extern', '--instcombine', '--adce', '--jump-threading', '--gvn', '--simplifycfg', '--instsimplify', '--inline', '--gvn-hoist', '--mergefunc', '--gvn-hoist', '--instcombine', '--globalopt', '--elim-avail-extern', '--indvars', '--gvn', '--gvn', '--ipsccp', '--gvn', '--nary-reassociate', '--loop-instsimplify', '--early-cse', '--mem2reg', '--jump-threading', '--globalopt', '--elim-avail-extern', '--instcombine', '--simplifycfg', '--sroa', '--mem2reg', '--gvn-hoist', '--sccp', '--early-cse', '--lower-constant-intrinsics', '--adce', '--gvn-hoist', '--instsimplify', '--loop-simplify', '--dse', '--newgvn', '--simplifycfg', '--instcombine', '--globalopt', '--elim-avail-extern', '--gvn', '--gvn', '--ipsccp', '--gvn', '--nary-reassociate', '--lower-constant-intrinsics', '--early-cse', '--mem2reg', '--jump-threading', '--globalopt', '--slp-vectorizer', '--instcombine', '--simplifycfg', '--sroa', '--lower-expect', '--sroa', '--sroa', '--lower-expect', '--globalopt', '--elim-avail-extern', '--dse']",72,-3.985499378548014,0.0,-1.3319341987935205,0.0,1,-3.985499378548014,-1.3319341987935205,0.0,-68.52791878172589,12.218428470999324,11.76470588235294,34
833,"['--ipsccp', '--speculative-execution', '--sccp', '--early-cse', '--mem2reg', '--jump-threading', '--globalopt', '--elim-avail-extern', '--instcombine', '--adce', '--jump-threading', '--gvn', '--simplifycfg', '--instsimplify', '--inline', '--gvn-hoist', '--mergefunc', '--gvn-hoist', '--instcombine', '--globalopt', '--elim-avail-extern', '--indvars', '--gvn', '--gvn', '--ipsccp', '--gvn', '--nary-reassociate', '--loop-instsimplify', '--early-cse', '--mem2reg', '--jump-threading', '--globalopt', '--elim-avail-extern', '--instcombine', '--simplifycfg', '--sroa', '--mem2reg', '--gvn-hoist', '--sccp', '--early-cse', '--lower-constant-intrinsics', '--adce', '--gvn-hoist', '--adce', '--lower-constant-intrinsics', '--dse', '--newgvn', '--lower-expect', '--simplifycfg', '--gvn-hoist', '--instcombine', '--globalopt', '--elim-avail-extern', '--gvn', '--gvn', '--ipsccp', '--gvn', '--nary-reassociate', '--lower-constant-intrinsics', '--early-cse', '--mem2reg', '--jump-threading', '--globalopt', '--slp-vectorizer', '--instcombine', '--simplifycfg', '--sroa', '--early-cse', '--lower-expect', '--sroa', '--sroa', '--lower-expect', '--globalopt', '--elim-avail-extern', '--simplifycfg']",75,-3.985499378548014,0.0,-1.3319341987935205,0.0,1,-3.985499378548014,-1.3319341987935205,0.0,-68.52791878172589,12.218428470999324,11.76470588235294,34
1004,"['--ipsccp', '--speculative-execution', '--sccp', '--early-cse', '--mem2reg', '--jump-threading', '--globalopt', '--elim-avail-extern', '--instcombine', '--adce', '--jump-threading', '--gvn', '--simplifycfg', '--instsimplify', '--inline', '--gvn-hoist', '--mergefunc', '--gvn-hoist', '--instcombine', '--globalopt', '--elim-avail-extern', '--indvars', '--gvn', '--ipsccp', '--gvn', '--nary-reassociate', '--loop-instsimplify', '--early-cse', '--mem2reg', '--jump-threading', '--globalopt', '--elim-avail-extern', '--instcombine', '--simplifycfg', '--sroa', '--mem2reg', '--gvn-hoist', '--sccp', '--early-cse', '--lower-constant-intrinsics', '--adce', '--gvn-hoist', '--adce', '--lower-constant-intrinsics', '--dse', '--newgvn', '--lower-expect', '--simplifycfg', '--gvn-hoist', '--instcombine', '--globalopt', '--elim-avail-extern', '--gvn', '--gvn', '--ipsccp', '--gvn', '--nary-reassociate', '--lower-constant-intrinsics', '--early-cse', '--mem2reg', '--jump-threading', '--globalopt', '--slp-vectorizer', '--instcombine', '--simplifycfg', '--sroa', '--early-cse', '--lower-expect', '--sroa', '--sroa', '--lower-expect', '--globalopt', '--elim-avail-extern', '--simplifycfg']",74,-3.985499378548014,0.0,-1.3319341987935205,0.0,1,-3.985499378548014,-1.3319341987935205,0.0,-68.52791878172589,12.218428470999324,11.76470588235294,34
1073,"['--ipsccp', '--speculative-execution', '--sccp', '--early-cse', '--mem2reg', '--jump-threading', '--globalopt', '--elim-avail-extern', '--instcombine', '--mem2reg', '--jump-threading', '--gvn', '--simplifycfg', '--instsimplify', '--inline', '--gvn-hoist', '--mergefunc', '--gvn-hoist', '--instcombine', '--globalopt', '--elim-avail-extern', '--indvars', '--gvn', '--gvn', '--ipsccp', '--nary-reassociate', '--lower-constant-intrinsics', '--loop-instsimplify', '--strip', '--adce', '--jump-threading', '--loop-versioning-licm', '--instcombine', '--simplifycfg', '--sroa', '--mem2reg', '--gvn-hoist', '--sccp', '--early-cse', '--lower-constant-intrinsics', '--adce', '--gvn-hoist', '--adce', '--lower-constant-intrinsics', '--dse', '--newgvn', '--lower-expect', '--gvn-hoist', '--instcombine', '--globalopt', '--elim-avail-extern', '--gvn', '--gvn', '--ipsccp', '--gvn', '--early-cse', '--lower-constant-intrinsics', '--early-cse', '--mem2reg', '--jump-threading', '--globalopt', '--slp-vectorizer', '--instcombine', '--simplifycfg', '--sroa', '--nary-reassociate', '--lower-expect', '--lower-constant-intrinsics', '--early-cse', '--lower-expect', '--sroa', '--sroa', '--lower-expect', '--globalopt', '--elim-avail-extern', '--lower-expect']",76,-3.985499378548014,0.0,-1.3319341987935205,0.0,1,-3.985499378548014,-1.3319341987935205,0.0,-68.52791878172589,12.218428470999324,11.76470588235294,34
946,"['--ipsccp', '--speculative-execution', '--sccp', '--adce', '--mem2reg', '--jump-threading', '--globalopt', '--elim-avail-extern', '--instcombine', '--adce', '--jump-threading', '--gvn', '--simplifycfg', '--instsimplify', '--gvn-hoist', '--mergefunc', '--gvn-hoist', '--instcombine', '--globalopt', '--elim-avail-extern', '--indvars', '--gvn', '--gvn', '--ipsccp', '--gvn', '--nary-reassociate', '--lower-constant-intrinsics', '--loop-instsimplify', '--strip', '--mem2reg', '--jump-threading', '--globalopt', '--memcpyopt', '--elim-avail-extern', '--simplifycfg', '--sroa', '--mem2reg', '--gvn-hoist', '--sccp', '--early-cse', '--lower-constant-intrinsics', '--early-cse', '--gvn-hoist', '--adce', '--loop-simplify', '--dse', '--newgvn', '--simplifycfg', '--lower-expect', '--simplifycfg', '--gvn-hoist', '--instcombine', '--globalopt', '--elim-avail-extern', '--gvn', '--gvn', '--ipsccp', '--gvn', '--nary-reassociate', '--lower-constant-intrinsics', '--irce', '--early-cse', '--jump-threading', '--slsr', '--globalopt', '--slp-vectorizer', '--instcombine', '--simplifycfg', '--sroa', '--lower-constant-intrinsics', '--early-cse', '--lower-expect', '--aggressive-instcombine']",73,-3.9862840980679204,0.0,-1.3050985247787537,0.0,1,-3.9862840980679204,-1.3050985247787537,0.43655874448557375,-69.54314720812182,12.427543221309143,11.76470588235294,34
1425,"['--ipsccp', '--speculative-execution', '--sccp', '--early-cse', '--mem2reg', '--jump-threading', '--globalopt', '--elim-avail-extern', '--instcombine', '--adce', '--jump-threading', '--gvn', '--simplifycfg', '--inline', '--mergefunc', '--gvn-hoist', '--gvn-hoist', '--instcombine', '--globalopt', '--elim-avail-extern', '--indvars', '--gvn', '--gvn', '--ipsccp', '--gvn', '--nary-reassociate', '--loop-instsimplify', '--early-cse', '--mem2reg', '--jump-threading', '--globalopt', '--elim-avail-extern', '--instcombine', '--simplifycfg', '--sroa', '--mem2reg', '--globaldce', '--gvn-hoist', '--inline', '--gvn-hoist', '--sccp', '--early-cse', '--lower-constant-intrinsics', '--adce', '--gvn-hoist', '--adce', '--early-cse', '--dse', '--scalarizer', '--simplifycfg', '--lower-expect', '--simplifycfg', '--gvn-hoist', '--elim-avail-extern', '--lower-constant-intrinsics', '--gvn', '--ipsccp', '--gvn', '--nary-reassociate', '--gvn', '--early-cse', '--mem2reg', '--jump-threading', '--globalopt', '--slp-vectorizer', '--instcombine', '--slp-vectorizer', '--instcombine', '--simplifycfg', '--sroa', '--early-cse', '--lower-expect', '--sroa', '--sroa', '--lower-expect', '--gvn-hoist']",76,-3.993613369017625,0.0,-1.3533301530543351,0.0,1,-3.993613369017625,-1.3533301530543351,0.0,-68.52791878172589,12.13909871873933,11.76470588235294,34
2564,"['--ipsccp', '--speculative-execution', '--sccp', '--lower-constant-intrinsics', '--early-cse', '--mem2reg', '--jump-threading', '--jump-threading', '--globalopt', '--elim-avail-extern', '--instcombine', '--loop-instsimplify', '--jump-threading', '--gvn', '--simplifycfg', '--instsimplify', '--inline', '--mergefunc', '--gvn-hoist', '--instcombine', '--globalopt', '--elim-avail-extern', '--loweratomic', '--indvars', '--indvars', '--gvn', '--gvn', '--ipsccp', '--gvn', '--nary-reassociate', '--adce', '--mem2reg', '--jump-threading', '--globalopt', '--elim-avail-extern', '--instcombine', '--simplifycfg', '--sroa', '--mem2reg', '--globaldce', '--gvn-hoist', '--sccp', '--early-cse', '--lower-constant-intrinsics', '--adce', '--slsr', '--gvn-hoist', '--adce', '--loop-simplify', '--dse', '--scalarizer', '--adce', '--loop-simplify', '--dse', '--scalarizer', '--simplifycfg', '--mergereturn', '--lower-expect', '--elim-avail-extern', '--lower-constant-intrinsics', '--correlated-propagation', '--gvn', '--adce', '--early-cse', '--loop-guard-widening', '--jump-threading', '--slp-vectorizer', '--instcombine', '--slp-vectorizer', '--instcombine', '--simplifycfg', '--sroa', '--early-cse', '--early-cse', '--lower-expect', '--aggressive-instcombine']",76,-4.0090214545405285,0.0,-0.7898862883163347,0.0,1,-4.0090214545405285,-0.7898862883163347,0.5620873773639496,-67.00507614213198,12.107243853621004,14.705882352941178,34
2389,"['--ipsccp', '--speculative-execution', '--sccp', '--lower-constant-intrinsics', '--early-cse', '--mem2reg', '--jump-threading', '--globalopt', '--elim-avail-extern', '--instcombine', '--loop-instsimplify', '--jump-threading', '--gvn', '--simplifycfg', '--loop-versioning-licm', '--instsimplify', '--inline', '--mergefunc', '--gvn-hoist', '--instcombine', '--globalopt', '--elim-avail-extern', '--loweratomic', '--indvars', '--indvars', '--gvn', '--gvn', '--ipsccp', '--gvn', '--nary-reassociate', '--adce', '--early-cse', '--mem2reg', '--jump-threading', '--globalopt', '--elim-avail-extern', '--instcombine', '--simplifycfg', '--sroa', '--mem2reg', '--globaldce', '--gvn-hoist', '--sccp', '--early-cse', '--lower-constant-intrinsics', '--adce', '--slsr', '--gvn-hoist', '--adce', '--loop-simplify', '--dse', '--scalarizer', '--adce', '--loop-simplify', '--dse', '--scalarizer', '--simplifycfg', '--mergereturn', '--lower-expect', '--elim-avail-extern', '--lower-constant-intrinsics', '--nary-reassociate', '--gvn', '--jump-threading', '--slp-vectorizer', '--instcombine', '--slp-vectorizer', '--instcombine', '--simplifycfg', '--sroa', '--early-cse', '--early-cse', '--lower-expect', '--aggressive-instcombine']",74,-4.0090214545405285,0.0,-0.7898862883163347,0.0,1,-4.0090214545405285,-0.7898862883163347,0.5620873773639496,-67.00507614213198,12.107243853621004,14.705882352941178,34
2274,"['--ipsccp', '--speculative-execution', '--sccp', '--lower-constant-intrinsics', '--early-cse', '--mem2reg', '--jump-threading', '--globalopt', '--elim-avail-extern', '--instcombine', '--loop-instsimplify', '--jump-threading', '--gvn', '--simplifycfg', '--instsimplify', '--inline', '--mergefunc', '--gvn-hoist', '--instcombine', '--globalopt', '--elim-avail-extern', '--loweratomic', '--indvars', '--indvars', '--gvn', '--gvn', '--ipsccp', '--gvn', '--nary-reassociate', '--adce', '--early-cse', '--simplifycfg', '--jump-threading', '--globalopt', '--elim-avail-extern', '--instcombine', '--simplifycfg', '--sroa', '--mem2reg', '--globaldce', '--gvn-hoist', '--sccp', '--early-cse', '--lower-constant-intrinsics', '--adce', '--slsr', '--gvn-hoist', '--adce', '--loop-simplify', '--dse', '--scalarizer', '--adce', '--loop-simplify', '--dse', '--scalarizer', '--simplifycfg', '--mergereturn', '--lower-expect', '--elim-avail-extern', '--lower-constant-intrinsics', '--ipsccp', '--nary-reassociate', '--gvn', '--jump-threading', '--globalopt', '--slp-vectorizer', '--instcombine', '--slp-vectorizer', '--instcombine', '--mem2reg', '--sroa', '--early-cse', '--lower-expect', '--sroa', '--sroa', '--aggressive-instcombine']",76,-4.011063940092008,0.0,-1.3004549801409173,0.0,1,-4.011063940092008,-1.3004549801409173,0.5620873773639496,-67.00507614213198,12.710168226333787,11.76470588235294,34
2589,"['--ipsccp', '--speculative-execution', '--sccp', '--early-cse', '--mem2reg', '--jump-threading', '--globalopt', '--elim-avail-extern', '--instcombine', '--loop-instsimplify', '--jump-threading', '--gvn', '--simplifycfg', '--instsimplify', '--inline', '--inline', '--mergefunc', '--gvn-hoist', '--instcombine', '--globalopt', '--elim-avail-extern', '--loweratomic', '--indvars', '--indvars', '--gvn', '--gvn', '--ipsccp', '--gvn', '--nary-reassociate', '--mem2reg', '--jump-threading', '--correlated-propagation', '--mem2reg', '--memcpyopt', '--globalopt', '--jump-threading', '--bdce', '--elim-avail-extern', '--instcombine', '--simplifycfg', '--sroa', '--sink', '--adce', '--slsr', '--gvn-hoist', '--adce', '--loop-simplify', '--adce', '--loop-simplify', '--dse', '--scalarizer', '--simplifycfg', '--lower-expect', '--simplifycfg', '--elim-avail-extern', '--mergereturn', '--lower-constant-intrinsics', '--ipsccp', '--nary-reassociate', '--adce', '--early-cse', '--loop-guard-widening', '--jump-threading', '--slp-vectorizer', '--instcombine', '--slp-vectorizer', '--instcombine', '--instcombine', '--simplifycfg', '--sroa', '--early-cse', '--elim-avail-extern', '--lower-expect', '--sroa', '--sroa', '--aggressive-instcombine']",76,-4.019424538906465,0.0,-0.803992650285583,0.0,1,-4.019424538906465,-0.803992650285583,0.5120404583773996,-67.00507614213198,12.105476982511007,14.705882352941178,34
2137,"['--ipsccp', '--speculative-execution', '--sccp', '--early-cse', '--mem2reg', '--jump-threading', '--globalopt', '--elim-avail-extern', '--instcombine', '--loop-instsimplify', '--jump-threading', '--gvn', '--simplifycfg', '--instsimplify', '--inline', '--mergefunc', '--gvn-hoist', '--instcombine', '--globalopt', '--elim-avail-extern', '--indvars', '--indvars', '--gvn', '--gvn', '--ipsccp', '--gvn', '--nary-reassociate', '--adce', '--early-cse', '--mem2reg', '--jump-threading', '--globalopt', '--elim-avail-extern', '--instcombine', '--simplifycfg', '--sroa', '--mem2reg', '--globaldce', '--gvn-hoist', '--sccp', '--early-cse', '--lower-constant-intrinsics', '--adce', '--slsr', '--gvn-hoist', '--adce', '--loop-simplify', '--adce', '--loop-simplify', '--dse', '--scalarizer', '--simplifycfg', '--elim-avail-extern', '--nary-reassociate', '--elim-avail-extern', '--lower-constant-intrinsics', '--mergereturn', '--lower-expect', '--elim-avail-extern', '--lower-constant-intrinsics', '--ipsccp', '--nary-reassociate', '--gvn', '--jump-threading', '--slp-vectorizer', '--instcombine', '--slp-vectorizer', '--instcombine', '--simplifycfg', '--sroa', '--early-cse', '--lower-expect', '--sroa', '--sroa', '--aggressive-instcombine']",75,-4.023872590041414,0.0,-0.8099397642521637,0.0,1,-4.023872590041414,-0.8099397642521637,0.5008908414855473,-67.00507614213198,12.10535413911114,14.705882352941178,34
1915,"['--ipsccp', '--speculative-execution', '--sccp', '--early-cse', '--mem2reg', '--jump-threading', '--globalopt', '--elim-avail-extern', '--instcombine', '--adce', '--jump-threading', '--gvn', '--simplifycfg', '--instsimplify', '--inline', '--mergefunc', '--gvn-hoist', '--instcombine', '--globalopt', '--elim-avail-extern', '--indvars', '--indvars', '--gvn', '--gvn', '--sccp', '--gvn', '--nary-reassociate', '--adce', '--functionattrs', '--mem2reg', '--mergereturn', '--globalopt', '--elim-avail-extern', '--instcombine', '--simplifycfg', '--sroa', '--sroa', '--mem2reg', '--globaldce', '--gvn-hoist', '--sccp', '--early-cse', '--lower-constant-intrinsics', '--adce', '--slsr', '--gvn-hoist', '--adce', '--loop-simplify', '--dse', '--scalarizer', '--scalarizer', '--simplifycfg', '--lower-expect', '--simplifycfg', '--lower-expect', '--simplifycfg', '--elim-avail-extern', '--ipsccp', '--gvn', '--nary-reassociate', '--gvn', '--early-cse', '--mem2reg', '--jump-threading', '--globalopt', '--slp-vectorizer', '--instcombine', '--simplifycfg', '--sroa', '--gvn', '--lower-expect', '--sroa', '--sroa', '--lower-expect', '--aggressive-instcombine']",75,-4.025843472044193,0.0,-1.320508456076746,0.0,1,-4.025843472044193,-1.320508456076746,0.5008908414855473,-67.00507614213198,12.707562476336927,11.76470588235294,34
1790,"['--ipsccp', '--speculative-execution', '--sccp', '--early-cse', '--mem2reg', '--jump-threading', '--elim-avail-extern', '--instcombine', '--adce', '--loop-interchange', '--aggressive-instcombine', '--gvn', '--simplifycfg', '--instsimplify', '--inline', '--mergefunc', '--gvn-hoist', '--gvn-hoist', '--instcombine', '--globalopt', '--elim-avail-extern', '--indvars', '--elim-avail-extern', '--indvars', '--gvn', '--gvn', '--ipsccp', '--gvn', '--nary-reassociate', '--loop-instsimplify', '--early-cse', '--mem2reg', '--nary-reassociate', '--globalopt', '--elim-avail-extern', '--instcombine', '--simplifycfg', '--sroa', '--mem2reg', '--globaldce', '--gvn-hoist', '--sccp', '--early-cse', '--lower-constant-intrinsics', '--adce', '--slsr', '--gvn-hoist', '--adce', '--loop-simplify', '--dse', '--scalarizer', '--simplifycfg', '--lower-expect', '--simplifycfg', '--elim-avail-extern', '--lower-constant-intrinsics', '--gvn', '--jump-threading', '--gvn', '--early-cse', '--mem2reg', '--jump-threading', '--globalopt', '--slp-vectorizer', '--instcombine', '--simplifycfg', '--sroa', '--early-cse', '--lower-expect', '--sroa', '--sroa', '--lower-expect', '--simplifycfg', '--aggressive-instcombine']",74,-4.025843472044193,0.0,-1.320508456076746,0.0,1,-4.025843472044193,-1.320508456076746,0.5008908414855473,-67.00507614213198,12.707562476336927,11.76470588235294,34
1772,"['--ipsccp', '--speculative-execution', '--sccp', '--early-cse', '--mem2reg', '--jump-threading', '--globalopt', '--elim-avail-extern', '--instcombine', '--adce', '--irce', '--jump-threading', '--gvn', '--loop-sink', '--simplifycfg', '--instsimplify', '--inline', '--mergefunc', '--gvn-hoist', '--instcombine', '--globalopt', '--elim-avail-extern', '--indvars', '--indvars', '--gvn', '--gvn', '--ipsccp', '--gvn', '--nary-reassociate', '--adce', '--early-cse', '--mem2reg', '--lower-expect', '--globalopt', '--elim-avail-extern', '--instcombine', '--simplifycfg', '--sroa', '--mem2reg', '--globaldce', '--gvn-hoist', '--irce', '--early-cse', '--lower-constant-intrinsics', '--adce', '--slsr', '--gvn-hoist', '--adce', '--loop-simplify', '--dse', '--scalarizer', '--simplifycfg', '--lower-expect', '--simplifycfg', '--gvn-hoist', '--lower-constant-intrinsics', '--slsr', '--ipsccp', '--gvn', '--nary-reassociate', '--gvn', '--early-cse', '--mem2reg', '--jump-threading', '--globalopt', '--slp-vectorizer', '--instcombine', '--simplifycfg', '--sroa', '--early-cse', '--lower-expect', '--sroa', '--sroa', '--lower-expect', '--simplifycfg', '--aggressive-instcombine']",76,-4.025843472044193,0.0,-1.320508456076746,0.0,1,-4.025843472044193,-1.320508456076746,0.5008908414855473,-67.00507614213198,12.707562476336927,11.76470588235294,34
2195,"['--ipsccp', '--speculative-execution', '--sccp', '--early-cse', '--mem2reg', '--jump-threading', '--globalopt', '--elim-avail-extern', '--instcombine', '--loop-instsimplify', '--jump-threading', '--gvn', '--simplifycfg', '--instsimplify', '--inline', '--jump-threading', '--gvn-hoist', '--instcombine', '--globalopt', '--elim-avail-extern', '--indvars', '--indvars', '--gvn', '--gvn', '--gvn', '--ipsccp', '--gvn', '--nary-reassociate', '--adce', '--early-cse', '--mergefunc', '--globalopt', '--jump-threading', '--bdce', '--elim-avail-extern', '--instcombine', '--instcombine', '--simplifycfg', '--sroa', '--mem2reg', '--globaldce', '--loop-versioning-licm', '--gvn-hoist', '--early-cse', '--lower-constant-intrinsics', '--adce', '--slsr', '--gvn-hoist', '--adce', '--dse', '--scalarizer', '--simplifycfg', '--lower-expect', '--simplifycfg', '--elim-avail-extern', '--lower-constant-intrinsics', '--ipsccp', '--gvn', '--lower-constant-intrinsics', '--gvn', '--early-cse', '--mem2reg', '--jump-threading', '--simplifycfg', '--slp-vectorizer', '--instcombine', '--globalopt', '--sroa', '--early-cse', '--lower-expect', '--sroa', '--sroa', '--lower-expect', '--aggressive-instcombine']",74,-4.025843472044193,0.0,-1.320508456076746,0.0,1,-4.025843472044193,-1.320508456076746,0.5008908414855473,-67.00507614213198,12.707562476336927,11.76470588235294,34
1988,"['--ipsccp', '--speculative-execution', '--sccp', '--early-cse', '--mem2reg', '--jump-threading', '--globalopt', '--elim-avail-extern', '--instcombine', '--jump-threading', '--jump-threading', '--gvn', '--simplifycfg', '--instsimplify', '--inline', '--mergefunc', '--gvn-hoist', '--tailcallelim', '--globalopt', '--elim-avail-extern', '--globalopt', '--indvars', '--indvars', '--gvn', '--gvn', '--ipsccp', '--gvn', '--nary-reassociate', '--adce', '--early-cse', '--mem2reg', '--loop-instsimplify', '--globalopt', '--elim-avail-extern', '--instcombine', '--simplifycfg', '--sroa', '--mem2reg', '--globaldce', '--gvn-hoist', '--irce', '--early-cse', '--lower-constant-intrinsics', '--adce', '--slsr', '--gvn-hoist', '--adce', '--loop-simplify', '--dse', '--scalarizer', '--simplifycfg', '--lower-expect', '--simplifycfg', '--gvn-hoist', '--lower-constant-intrinsics', '--slsr', '--ipsccp', '--gvn', '--nary-reassociate', '--gvn', '--early-cse', '--mem2reg', '--jump-threading', '--globalopt', '--slp-vectorizer', '--instcombine', '--simplifycfg', '--globalopt', '--slp-vectorizer', '--instcombine', '--simplifycfg', '--sroa', '--early-cse', '--lower-expect', '--sroa', '--sroa', '--lower-expect', '--aggressive-instcombine']",78,-4.025843472044193,0.0,-1.320508456076746,0.0,1,-4.025843472044193,-1.320508456076746,0.5008908414855473,-67.00507614213198,12.707562476336927,11.76470588235294,34
1710,"['--ipsccp', '--speculative-execution', '--sccp', '--early-cse', '--mem2reg', '--jump-threading', '--globalopt', '--elim-avail-extern', '--instcombine', '--loop-instsimplify', '--jump-threading', '--gvn', '--simplifycfg', '--instsimplify', '--inline', '--mergefunc', '--gvn-hoist', '--instcombine', '--globalopt', '--elim-avail-extern', '--indvars', '--indvars', '--gvn', '--gvn', '--ipsccp', '--gvn', '--simplifycfg', '--adce', '--early-cse', '--mem2reg', '--jump-threading', '--globalopt', '--elim-avail-extern', '--instcombine', '--simplifycfg', '--sroa', '--mem2reg', '--globaldce', '--gvn-hoist', '--sccp', '--early-cse', '--lower-constant-intrinsics', '--adce', '--slsr', '--gvn-hoist', '--adce', '--loop-simplify', '--adce', '--loop-simplify', '--dse', '--scalarizer', '--nary-reassociate', '--lower-expect', '--nary-reassociate', '--elim-avail-extern', '--lower-constant-intrinsics', '--ipsccp', '--gvn', '--nary-reassociate', '--gvn', '--early-cse', '--mem2reg', '--jump-threading', '--globalopt', '--slp-vectorizer', '--instcombine', '--simplifycfg', '--sroa', '--early-cse', '--lower-expect', '--sroa', '--sroa', '--lower-expect', '--aggressive-instcombine']",74,-4.025843472044193,0.0,-1.320508456076746,0.0,1,-4.025843472044193,-1.320508456076746,0.5008908414855473,-67.00507614213198,12.707562476336927,11.76470588235294,34
2013,"['--ipsccp', '--speculative-execution', '--ipsccp', '--early-cse', '--mem2reg', '--jump-threading', '--globalopt', '--elim-avail-extern', '--instcombine', '--loop-instsimplify', '--jump-threading', '--gvn', '--simplifycfg', '--hotcoldsplit', '--inline', '--mergefunc', '--gvn-hoist', '--loop-vectorize', '--instcombine', '--globalopt', '--elim-avail-extern', '--indvars', '--indvars', '--gvn-hoist', '--gvn', '--gvn', '--gvn', '--ipsccp', '--gvn', '--nary-reassociate', '--loop-instsimplify', '--early-cse', '--elim-avail-extern', '--instcombine', '--simplifycfg', '--sroa', '--mem2reg', '--globaldce', '--gvn-hoist', '--sccp', '--early-cse', '--lower-constant-intrinsics', '--adce', '--slsr', '--gvn-hoist', '--adce', '--loop-simplify', '--adce', '--loop-simplify', '--dse', '--scalarizer', '--simplifycfg', '--lower-expect', '--nary-reassociate', '--elim-avail-extern', '--ipsccp', '--loop-simplify', '--nary-reassociate', '--gvn', '--early-cse', '--mem2reg', '--jump-threading', '--globalopt', '--slp-vectorizer', '--instcombine', '--sroa', '--sroa', '--early-cse', '--lower-expect', '--simplifycfg', '--sroa', '--lower-expect', '--simplifycfg', '--aggressive-instcombine']",74,-4.025843472044193,0.0,-1.320508456076746,0.0,1,-4.025843472044193,-1.320508456076746,0.5008908414855473,-67.00507614213198,12.707562476336927,11.76470588235294,34
2072,"['--ipsccp', '--speculative-execution', '--sccp', '--early-cse', '--mem2reg', '--jump-threading', '--globalopt', '--elim-avail-extern', '--instcombine', '--loop-instsimplify', '--jump-threading', '--gvn', '--simplifycfg', '--hotcoldsplit', '--inline', '--mergefunc', '--gvn-hoist', '--loop-vectorize', '--elim-avail-extern', '--globalopt', '--instcombine', '--indvars', '--indvars', '--gvn-hoist', '--gvn', '--gvn', '--gvn', '--ipsccp', '--gvn', '--nary-reassociate', '--loop-instsimplify', '--early-cse', '--mem2reg', '--memcpyopt', '--globalopt', '--gvn', '--bdce', '--elim-avail-extern', '--instcombine', '--simplifycfg', '--sroa', '--lower-constant-intrinsics', '--adce', '--slsr', '--gvn-hoist', '--adce', '--loop-simplify', '--adce', '--loop-simplify', '--dse', '--scalarizer', '--scalarizer', '--simplifycfg', '--lower-expect', '--simplifycfg', '--elim-avail-extern', '--lower-constant-intrinsics', '--ipsccp', '--jump-threading', '--nary-reassociate', '--gvn', '--early-cse', '--loop-guard-widening', '--jump-threading', '--globalopt', '--slp-vectorizer', '--instcombine', '--slp-vectorizer', '--instcombine', '--simplifycfg', '--sroa', '--early-cse', '--lower-expect', '--sroa', '--lower-expect', '--aggressive-instcombine']",76,-4.025843472044193,0.0,-1.320508456076746,0.0,1,-4.025843472044193,-1.320508456076746,0.5008908414855473,-67.00507614213198,12.707562476336927,11.76470588235294,34
1982,"['--ipsccp', '--speculative-execution', '--sccp', '--early-cse', '--mem2reg', '--jump-threading', '--globalopt', '--elim-avail-extern', '--instcombine', '--loop-instsimplify', '--jump-threading', '--gvn', '--simplifycfg', '--instsimplify', '--inline', '--slsr', '--mergefunc', '--gvn-hoist', '--instcombine', '--globalopt', '--elim-avail-extern', '--indvars', '--indvars', '--gvn', '--gvn', '--ipsccp', '--gvn', '--nary-reassociate', '--adce', '--early-cse', '--mem2reg', '--globalopt', '--elim-avail-extern', '--loop-interchange', '--instcombine', '--simplifycfg', '--instcombine', '--simplifycfg', '--sroa', '--inferattrs', '--mem2reg', '--globaldce', '--gvn-hoist', '--sccp', '--early-cse', '--lower-constant-intrinsics', '--adce', '--slsr', '--gvn-hoist', '--adce', '--loop-simplify', '--dse', '--scalarizer', '--simplifycfg', '--lower-expect', '--simplifycfg', '--elim-avail-extern', '--lower-constant-intrinsics', '--ipsccp', '--nary-reassociate', '--gvn', '--jump-threading', '--jump-threading', '--globalopt', '--slp-vectorizer', '--instcombine', '--simplifycfg', '--early-cse', '--lower-expect', '--sroa', '--sroa', '--dce', '--sroa', '--lower-expect', '--sroa', '--lower-expect', '--aggressive-instcombine']",77,-4.025843472044193,0.0,-1.320508456076746,0.0,1,-4.025843472044193,-1.320508456076746,0.5008908414855473,-67.00507614213198,12.707562476336927,11.76470588235294,34
2097,"['--ipsccp', '--speculative-execution', '--sccp', '--early-cse', '--mem2reg', '--jump-threading', '--globalopt', '--elim-avail-extern', '--instcombine', '--loop-instsimplify', '--jump-threading', '--gvn', '--simplifycfg', '--hotcoldsplit', '--inline', '--mergefunc', '--gvn-hoist', '--loop-vectorize', '--elim-avail-extern', '--globalopt', '--instcombine', '--indvars', '--indvars', '--gvn-hoist', '--gvn', '--gvn', '--gvn', '--ipsccp', '--gvn', '--nary-reassociate', '--loop-instsimplify', '--early-cse', '--elim-avail-extern', '--instcombine', '--globalopt', '--simplifycfg', '--simplifycfg', '--sroa', '--mem2reg', '--dse', '--gvn-hoist', '--sccp', '--early-cse', '--lower-constant-intrinsics', '--adce', '--slsr', '--gvn-hoist', '--gvn', '--adce', '--simplifycfg', '--globaldce', '--scalarizer', '--simplifycfg', '--lower-expect', '--simplifycfg', '--elim-avail-extern', '--lower-constant-intrinsics', '--gvn', '--nary-reassociate', '--elim-avail-extern', '--early-cse', '--mem2reg', '--jump-threading', '--globalopt', '--slp-vectorizer', '--instcombine', '--simplifycfg', '--sroa', '--early-cse', '--lower-expect', '--sroa', '--lower-expect', '--simplifycfg', '--aggressive-instcombine']",74,-4.025843472044193,0.0,-1.320508456076746,0.0,1,-4.025843472044193,-1.320508456076746,0.5008908414855473,-67.00507614213198,12.707562476336927,11.76470588235294,34
1733,"['--ipsccp', '--speculative-execution', '--sccp', '--early-cse', '--mem2reg', '--jump-threading', '--globalopt', '--elim-avail-extern', '--instcombine', '--adce', '--irce', '--elim-avail-extern', '--gvn', '--loop-sink', '--simplifycfg', '--instsimplify', '--inline', '--mergefunc', '--gvn-hoist', '--instcombine', '--globalopt', '--jump-threading', '--indvars', '--indvars', '--gvn', '--gvn', '--ipsccp', '--gvn', '--gvn', '--nary-reassociate', '--loop-instsimplify', '--early-cse', '--loop-fusion', '--jump-threading', '--globalopt', '--elim-avail-extern', '--instcombine', '--simplifycfg', '--sroa', '--mem2reg', '--globaldce', '--gvn-hoist', '--sccp', '--early-cse', '--lower-constant-intrinsics', '--adce', '--slsr', '--gvn-hoist', '--adce', '--loop-simplify', '--dse', '--scalarizer', '--simplifycfg', '--lower-expect', '--simplifycfg', '--elim-avail-extern', '--lower-constant-intrinsics', '--ipsccp', '--gvn', '--nary-reassociate', '--gvn', '--early-cse', '--mem2reg', '--jump-threading', '--globalopt', '--slp-vectorizer', '--instcombine', '--simplifycfg', '--sroa', '--early-cse', '--lower-expect', '--sroa', '--sroa', '--lower-expect', '--aggressive-instcombine']",75,-4.025843472044193,0.0,-1.320508456076746,0.0,1,-4.025843472044193,-1.320508456076746,0.5008908414855473,-67.00507614213198,12.707562476336927,11.76470588235294,34
1262,"['--ipsccp', '--speculative-execution', '--sccp', '--early-cse', '--mem2reg', '--jump-threading', '--globalopt', '--elim-avail-extern', '--instcombine', '--adce', '--jump-threading', '--gvn', '--simplifycfg', '--instsimplify', '--inline', '--gvn-hoist', '--mergefunc', '--gvn-hoist', '--instcombine', '--elim-avail-extern', '--indvars', '--gvn', '--gvn', '--ipsccp', '--gvn', '--nary-reassociate', '--loop-instsimplify', '--early-cse', '--mem2reg', '--jump-threading', '--globalopt', '--lower-expect', '--instcombine', '--simplifycfg', '--globaldce', '--gvn-hoist', '--sccp', '--sccp', '--early-cse', '--lower-constant-intrinsics', '--adce', '--gvn-hoist', '--adce', '--loop-simplify', '--dse', '--newgvn', '--loweratomic', '--simplifycfg', '--newgvn', '--simplifycfg', '--indvars', '--simplifycfg', '--gvn-hoist', '--instcombine', '--globalopt', '--elim-avail-extern', '--ipsccp', '--gvn', '--ipsccp', '--gvn', '--nary-reassociate', '--lower-constant-intrinsics', '--loop-instsimplify', '--early-cse', '--mem2reg', '--jump-threading', '--globalopt', '--slp-vectorizer', '--instcombine', '--simplifycfg', '--sroa', '--lower-constant-intrinsics', '--early-cse', '--aggressive-instcombine']",74,-4.032781193968789,0.0,-1.4552741845080372,0.0,1,-4.032781193968789,-1.4552741845080372,0.5008908414855473,-67.00507614213198,11.766196732348204,11.76470588235294,34
1630,"['--ipsccp', '--speculative-execution', '--sccp', '--early-cse', '--mem2reg', '--jump-threading', '--globalopt', '--elim-avail-extern', '--gvn-hoist', '--adce', '--jump-threading', '--gvn', '--simplifycfg', '--instsimplify', '--inline', '--mergefunc', '--gvn-hoist', '--instcombine', '--globalopt', '--elim-avail-extern', '--indvars', '--indvars', '--gvn', '--gvn', '--ipsccp', '--gvn', '--nary-reassociate', '--loop-instsimplify', '--early-cse', '--mem2reg', '--jump-threading', '--globalopt', '--elim-avail-extern', '--instcombine', '--simplifycfg', '--sroa', '--mem2reg', '--gvn', '--instcombine', '--sccp', '--loop-simplify', '--lower-constant-intrinsics', '--adce', '--adce', '--early-cse', '--dse', '--scalarizer', '--ipconstprop', '--simplifycfg', '--lower-expect', '--simplifycfg', '--gvn-hoist', '--elim-avail-extern', '--lower-constant-intrinsics', '--gvn', '--ipsccp', '--gvn', '--nary-reassociate', '--gvn', '--early-cse', '--mem2reg', '--jump-threading', '--globalopt', '--slp-vectorizer', '--instcombine', '--simplifycfg', '--sroa', '--early-cse', '--lower-expect', '--tailcallelim', '--sroa', '--lower-expect', '--simplifycfg', '--aggressive-instcombine']",74,-4.0330523442068,0.0,-1.3416821538477968,0.0,1,-4.0330523442068,-1.3416821538477968,0.5008908414855473,-67.00507614213198,12.620848464680108,11.76470588235294,34
1507,"['--ipsccp', '--speculative-execution', '--sccp', '--early-cse', '--mem2reg', '--jump-threading', '--elim-avail-extern', '--instcombine', '--adce', '--loop-interchange', '--aggressive-instcombine', '--gvn', '--simplifycfg', '--instsimplify', '--inline', '--mergefunc', '--gvn-hoist', '--gvn-hoist', '--instcombine', '--globalopt', '--elim-avail-extern', '--indvars', '--elim-avail-extern', '--indvars', '--gvn', '--gvn', '--ipsccp', '--gvn', '--nary-reassociate', '--loop-instsimplify', '--early-cse', '--mem2reg', '--elim-avail-extern', '--instcombine', '--simplifycfg', '--sroa', '--mem2reg', '--gvn', '--gvn-hoist', '--sccp', '--early-cse', '--lower-constant-intrinsics', '--adce', '--adce', '--loop-simplify', '--dse', '--scalarizer', '--ipconstprop', '--simplifycfg', '--lower-expect', '--simplifycfg', '--gvn-hoist', '--elim-avail-extern', '--lower-constant-intrinsics', '--gvn', '--ipsccp', '--gvn', '--nary-reassociate', '--gvn', '--early-cse', '--mem2reg', '--jump-threading', '--globalopt', '--slp-vectorizer', '--instcombine', '--simplifycfg', '--sroa', '--loop-versioning-licm', '--early-cse', '--lower-expect', '--sroa', '--sroa', '--lower-expect', '--simplifycfg', '--aggressive-instcombine']",75,-4.0345617050022256,0.0,-1.3325872095493876,0.0,1,-4.0345617050022256,-1.3325872095493876,0.5008908414855473,-67.00507614213198,12.704154154872436,11.76470588235294,34
2106,"['--ipsccp', '--speculative-execution', '--sccp', '--early-cse', '--mem2reg', '--jump-threading', '--globalopt', '--elim-avail-extern', '--instcombine', '--loop-instsimplify', '--jump-threading', '--gvn', '--simplifycfg', '--instsimplify', '--inline', '--mergefunc', '--gvn-hoist', '--instcombine', '--globalopt', '--elim-avail-extern', '--indvars', '--indvars', '--gvn', '--gvn', '--ipsccp', '--gvn', '--nary-reassociate', '--adce', '--early-cse', '--mem2reg', '--jump-threading', '--correlated-propagation', '--mem2reg', '--memcpyopt', '--globalopt', '--jump-threading', '--bdce', '--elim-avail-extern', '--instcombine', '--mem2reg', '--globaldce', '--loop-versioning-licm', '--gvn-hoist', '--early-cse', '--lower-constant-intrinsics', '--adce', '--slsr', '--gvn-hoist', '--adce', '--loop-simplify', '--dse', '--simplifycfg', '--lower-expect', '--simplifycfg', '--elim-avail-extern', '--lower-constant-intrinsics', '--ipsccp', '--nary-reassociate', '--gvn', '--mem2reg', '--jump-threading', '--globalopt', '--slp-vectorizer', '--instcombine', '--simplifycfg', '--sroa', '--early-cse', '--lower-expect', '--sroa', '--sroa', '--lower-expect', '--aggressive-instcombine']",72,-4.038837100339236,0.0,-1.4632489069712242,0.0,1,-4.038837100339236,-1.4632489069712242,0.43655874448557375,-67.00507614213198,11.766945377578764,11.76470588235294,34
1472,"['--ipsccp', '--speculative-execution', '--sccp', '--early-cse', '--mem2reg', '--jump-threading', '--globalopt', '--elim-avail-extern', '--instcombine', '--adce', '--jump-threading', '--gvn', '--simplifycfg', '--instsimplify', '--inline', '--mergefunc', '--gvn-hoist', '--gvn-hoist', '--globalopt', '--elim-avail-extern', '--indvars', '--indvars', '--gvn', '--gvn', '--gvn', '--nary-reassociate', '--loop-instsimplify', '--early-cse', '--mem2reg', '--jump-threading', '--globalopt', '--elim-avail-extern', '--instcombine', '--simplifycfg', '--sroa', '--mem2reg', '--gvn', '--gvn-hoist', '--sccp', '--early-cse', '--lower-constant-intrinsics', '--adce', '--gvn-hoist', '--adce', '--loop-simplify', '--dse', '--scalarizer', '--simplifycfg', '--lower-expect', '--simplifycfg', '--gvn-hoist', '--elim-avail-extern', '--lower-constant-intrinsics', '--gvn', '--ipsccp', '--gvn', '--nary-reassociate', '--gvn', '--early-cse', '--mem2reg', '--jump-threading', '--globalopt', '--slp-vectorizer', '--instcombine', '--simplifycfg', '--sroa', '--early-cse', '--lower-expect', '--sroa', '--sroa', '--lower-expect', '--aggressive-instcombine', '--mergereturn']",73,-4.0556853262011145,0.0,-0.8531503775011664,0.0,1,-4.0556853262011145,-0.8531503775011664,0.5008908414855473,-67.00507614213198,12.099401901340629,14.705882352941178,34
1120,"['--ipsccp', '--speculative-execution', '--sccp', '--early-cse', '--mem2reg', '--jump-threading', '--globalopt', '--elim-avail-extern', '--instcombine', '--adce', '--jump-threading', '--gvn', '--simplifycfg', '--instsimplify', '--mem2reg', '--gvn-hoist', '--mergefunc', '--gvn-hoist', '--instcombine', '--globalopt', '--elim-avail-extern', '--indvars', '--gvn', '--gvn', '--ipsccp', '--gvn', '--nary-reassociate', '--loop-instsimplify', '--early-cse', '--mem2reg', '--jump-threading', '--globalopt', '--elim-avail-extern', '--instcombine', '--simplifycfg', '--sroa', '--inline', '--gvn-hoist', '--sccp', '--early-cse', '--lower-constant-intrinsics', '--adce', '--gvn-hoist', '--instsimplify', '--loop-simplify', '--dse', '--newgvn', '--simplifycfg', '--instcombine', '--globalopt', '--elim-avail-extern', '--gvn', '--gvn', '--ipsccp', '--gvn', '--nary-reassociate', '--lower-constant-intrinsics', '--early-cse', '--mem2reg', '--jump-threading', '--globalopt', '--slp-vectorizer', '--instcombine', '--slsr', '--simplifycfg', '--sroa', '--lower-expect', '--sroa', '--sroa', '--lower-expect', '--globalopt', '--elim-avail-extern', '--aggressive-instcombine']",73,-4.062990548920797,0.0,-1.456615866574813,0.0,1,-4.062990548920797,-1.456615866574813,0.5008908414855473,-68.52791878172589,12.058227666367463,11.76470588235294,34
938,"['--ipsccp', '--speculative-execution', '--sccp', '--early-cse', '--mem2reg', '--jump-threading', '--globalopt', '--elim-avail-extern', '--instcombine', '--adce', '--jump-threading', '--gvn', '--simplifycfg', '--early-cse-memssa', '--loop-sink', '--mergefunc', '--gvn-hoist', '--lower-constant-intrinsics', '--globalopt', '--elim-avail-extern', '--indvars', '--gvn', '--gvn', '--ipsccp', '--gvn', '--nary-reassociate', '--lower-constant-intrinsics', '--loop-instsimplify', '--strip', '--mem2reg', '--jump-threading', '--globalopt', '--elim-avail-extern', '--simplifycfg', '--sroa', '--mem2reg', '--sccp', '--early-cse', '--lower-constant-intrinsics', '--adce', '--gvn-hoist', '--adce', '--loop-simplify', '--dse', '--loweratomic', '--simplifycfg', '--lower-expect', '--simplifycfg', '--loop-unroll-and-jam', '--globalopt', '--elim-avail-extern', '--gvn', '--gvn', '--ipsccp', '--gvn', '--nary-reassociate', '--lower-constant-intrinsics', '--loop-instsimplify', '--early-cse', '--mem2reg', '--lower-expect', '--slp-vectorizer', '--early-cse', '--mem2reg', '--jump-threading', '--globalopt', '--slp-vectorizer', '--instcombine', '--simplifycfg', '--sroa', '--lower-constant-intrinsics', '--early-cse', '--lower-expect', '--lower-expect', '--elim-avail-extern', '--elim-avail-extern', '--lower-expect', '--slsr']",78,-4.066869043809575,0.0,-1.4136093176541644,0.0,1,-4.066869043809575,-1.4136093176541644,0.0,-69.54314720812182,12.419561732160108,11.76470588235294,34
970,"['--ipsccp', '--speculative-execution', '--sccp', '--early-cse', '--mem2reg', '--jump-threading', '--globalopt', '--elim-avail-extern', '--instcombine', '--adce', '--jump-threading', '--gvn', '--simplifycfg', '--early-cse-memssa', '--gvn-hoist', '--mergefunc', '--gvn-hoist', '--lower-constant-intrinsics', '--globalopt', '--elim-avail-extern', '--indvars', '--gvn', '--gvn', '--ipsccp', '--slsr', '--nary-reassociate', '--lower-constant-intrinsics', '--loop-instsimplify', '--strip', '--mem2reg', '--jump-threading', '--globalopt', '--elim-avail-extern', '--simplifycfg', '--sroa', '--mem2reg', '--sccp', '--early-cse', '--lower-constant-intrinsics', '--adce', '--gvn-hoist', '--adce', '--loop-simplify', '--dse', '--loweratomic', '--simplifycfg', '--lower-expect', '--simplifycfg', '--loop-unroll-and-jam', '--globalopt', '--elim-avail-extern', '--gvn', '--gvn', '--ipsccp', '--gvn', '--nary-reassociate', '--lower-constant-intrinsics', '--loop-instsimplify', '--early-cse', '--mem2reg', '--lower-expect', '--slp-vectorizer', '--instcombine', '--simplifycfg', '--sroa', '--lower-constant-intrinsics', '--early-cse', '--jump-threading', '--sroa', '--sroa', '--lower-expect', '--globalopt', '--elim-avail-extern', '--elim-avail-extern', '--elim-avail-extern', '--lower-expect', '--slsr']",77,-4.066869043809575,0.0,-1.4136093176541644,0.0,1,-4.066869043809575,-1.4136093176541644,0.0,-69.54314720812182,12.419561732160108,11.76470588235294,34
911,"['--ipsccp', '--speculative-execution', '--sccp', '--early-cse', '--mem2reg', '--jump-threading', '--globalopt', '--elim-avail-extern', '--instcombine', '--adce', '--jump-threading', '--gvn', '--simplifycfg', '--early-cse-memssa', '--gvn-hoist', '--mergefunc', '--gvn-hoist', '--lower-constant-intrinsics', '--globalopt', '--elim-avail-extern', '--indvars', '--gvn', '--gvn', '--ipsccp', '--gvn', '--nary-reassociate', '--lower-constant-intrinsics', '--loop-instsimplify', '--strip', '--mem2reg', '--jump-threading', '--globalopt', '--elim-avail-extern', '--simplifycfg', '--sroa', '--mem2reg', '--sccp', '--early-cse', '--lower-constant-intrinsics', '--adce', '--gvn-hoist', '--adce', '--loop-simplify', '--dse', '--loweratomic', '--simplifycfg', '--lower-expect', '--simplifycfg', '--loop-unroll-and-jam', '--globalopt', '--elim-avail-extern', '--gvn', '--gvn', '--ipsccp', '--gvn', '--nary-reassociate', '--lower-constant-intrinsics', '--loop-instsimplify', '--early-cse', '--mem2reg', '--lower-expect', '--slp-vectorizer', '--instcombine', '--simplifycfg', '--sroa', '--lower-constant-intrinsics', '--early-cse', '--jump-threading', '--sroa', '--sroa', '--lower-expect', '--globalopt', '--elim-avail-extern', '--elim-avail-extern', '--elim-avail-extern', '--lower-expect', '--slsr']",77,-4.066869043809575,0.0,-1.4136093176541644,0.0,1,-4.066869043809575,-1.4136093176541644,0.0,-69.54314720812182,12.419561732160108,11.76470588235294,34
936,"['--ipsccp', '--speculative-execution', '--sccp', '--early-cse', '--mem2reg', '--jump-threading', '--globalopt', '--elim-avail-extern', '--instcombine', '--adce', '--gvn', '--simplifycfg', '--instsimplify', '--gvn-hoist', '--mergefunc', '--gvn-hoist', '--instcombine', '--globalopt', '--elim-avail-extern', '--indvars', '--gvn', '--gvn', '--ipsccp', '--gvn', '--nary-reassociate', '--loop-instsimplify', '--early-cse', '--mem2reg', '--jump-threading', '--globalopt', '--elim-avail-extern', '--instcombine', '--simplifycfg', '--sroa', '--mem2reg', '--gvn-hoist', '--gvn-hoist', '--sccp', '--early-cse', '--loweratomic', '--adce', '--gvn-hoist', '--gvn-hoist', '--adce', '--loop-simplify', '--dse', '--newgvn', '--simplifycfg', '--lower-expect', '--simplifycfg', '--gvn-hoist', '--instcombine', '--globalopt', '--elim-avail-extern', '--gvn', '--gvn', '--ipsccp', '--gvn', '--nary-reassociate', '--lower-constant-intrinsics', '--loop-instsimplify', '--early-cse', '--jump-threading', '--slsr', '--globalopt', '--slp-vectorizer', '--instcombine', '--simplifycfg', '--sroa', '--lower-constant-intrinsics', '--early-cse', '--lower-expect', '--sroa', '--sroa', '--lower-expect', '--globalopt', '--elim-avail-extern', '--lower-expect']",78,-4.066869043809575,0.0,-1.4136093176541644,0.0,1,-4.066869043809575,-1.4136093176541644,0.0,-69.54314720812182,12.419561732160108,11.76470588235294,34
1021,"['--ipsccp', '--speculative-execution', '--sccp', '--early-cse', '--mem2reg', '--jump-threading', '--globalopt', '--elim-avail-extern', '--instcombine', '--adce', '--jump-threading', '--gvn', '--simplifycfg', '--early-cse-memssa', '--gvn-hoist', '--mergefunc', '--gvn-hoist', '--lower-constant-intrinsics', '--globalopt', '--elim-avail-extern', '--indvars', '--gvn', '--early-cse', '--ipsccp', '--gvn', '--nary-reassociate', '--lower-constant-intrinsics', '--loop-instsimplify', '--strip', '--mem2reg', '--jump-threading', '--globalopt', '--elim-avail-extern', '--simplifycfg', '--sroa', '--mem2reg', '--gvn-hoist', '--sccp', '--early-cse', '--loweratomic', '--adce', '--gvn-hoist', '--gvn-hoist', '--lower-constant-intrinsics', '--loop-simplify', '--dse', '--newgvn', '--simplifycfg', '--lower-expect', '--simplifycfg', '--gvn-hoist', '--instcombine', '--globalopt', '--reassociate', '--gvn', '--gvn', '--ipsccp', '--gvn', '--nary-reassociate', '--adce', '--loop-instsimplify', '--gvn', '--jump-threading', '--slsr', '--globalopt', '--slp-vectorizer', '--instcombine', '--simplifycfg', '--sroa', '--lower-constant-intrinsics', '--early-cse', '--lower-expect', '--sroa', '--sroa', '--lower-expect', '--globalopt', '--elim-avail-extern', '--lower-expect']",78,-4.072007672672203,0.0,-1.4206121187746126,0.0,1,-4.072007672672203,-1.4206121187746126,0.0,-69.54314720812182,12.418427012383033,11.76470588235294,34
827,"['--ipsccp', '--speculative-execution', '--sccp', '--early-cse', '--mem2reg', '--jump-threading', '--globalopt', '--elim-avail-extern', '--instcombine', '--adce', '--jump-threading', '--gvn', '--simplifycfg', '--early-cse-memssa', '--gvn-hoist', '--mergefunc', '--gvn-hoist', '--lower-constant-intrinsics', '--globalopt', '--elim-avail-extern', '--indvars', '--gvn', '--gvn', '--ipsccp', '--gvn', '--nary-reassociate', '--lower-constant-intrinsics', '--loop-instsimplify', '--strip', '--mem2reg', '--jump-threading', '--globalopt', '--elim-avail-extern', '--simplifycfg', '--sroa', '--mem2reg', '--gvn-hoist', '--sccp', '--early-cse', '--loweratomic', '--adce', '--gvn-hoist', '--gvn-hoist', '--adce', '--loop-simplify', '--dse', '--newgvn', '--simplifycfg', '--lower-expect', '--simplifycfg', '--gvn-hoist', '--instcombine', '--globalopt', '--elim-avail-extern', '--gvn', '--gvn', '--ipsccp', '--gvn', '--nary-reassociate', '--lower-constant-intrinsics', '--loop-instsimplify', '--early-cse', '--jump-threading', '--slsr', '--globalopt', '--slp-vectorizer', '--instcombine', '--simplifycfg', '--sroa', '--lower-constant-intrinsics', '--early-cse', '--lower-expect', '--sroa', '--sroa', '--lower-expect', '--globalopt', '--elim-avail-extern', '--lower-expect']",78,-4.072007672672203,0.0,-1.4206121187746126,0.0,1,-4.072007672672203,-1.4206121187746126,0.0,-69.54314720812182,12.418427012383033,11.76470588235294,34
962,"['--ipsccp', '--speculative-execution', '--sccp', '--early-cse', '--mem2reg', '--jump-threading', '--globalopt', '--elim-avail-extern', '--instcombine', '--adce', '--jump-threading', '--gvn', '--simplifycfg', '--instsimplify', '--gvn-hoist', '--mergefunc', '--gvn-hoist', '--instcombine', '--globalopt', '--elim-avail-extern', '--indvars', '--gvn', '--gvn', '--ipsccp', '--gvn', '--nary-reassociate', '--loop-instsimplify', '--early-cse', '--mem2reg', '--jump-threading', '--globalopt', '--elim-avail-extern', '--elim-avail-extern', '--simplifycfg', '--sroa', '--mem2reg', '--gvn-hoist', '--sccp', '--early-cse', '--loweratomic', '--adce', '--gvn-hoist', '--gvn-hoist', '--adce', '--loop-simplify', '--dse', '--newgvn', '--simplifycfg', '--lower-expect', '--simplifycfg', '--gvn-hoist', '--instcombine', '--globalopt', '--elim-avail-extern', '--gvn', '--instsimplify', '--gvn', '--ipsccp', '--gvn', '--nary-reassociate', '--lower-constant-intrinsics', '--loop-instsimplify', '--early-cse', '--jump-threading', '--slsr', '--globalopt', '--slp-vectorizer', '--sccp', '--instcombine', '--simplifycfg', '--sroa', '--lower-constant-intrinsics', '--early-cse', '--lower-expect', '--sroa', '--sroa', '--lower-expect', '--globalopt', '--elim-avail-extern', '--lower-expect']",80,-4.072007672672203,0.0,-1.4206121187746126,0.0,1,-4.072007672672203,-1.4206121187746126,0.0,-69.54314720812182,12.418427012383033,11.76470588235294,34
917,"['--ipsccp', '--speculative-execution', '--sccp', '--early-cse', '--mem2reg', '--jump-threading', '--globalopt', '--elim-avail-extern', '--instcombine', '--adce', '--jump-threading', '--gvn', '--simplifycfg', '--early-cse-memssa', '--gvn-hoist', '--mergefunc', '--gvn-hoist', '--lower-constant-intrinsics', '--globalopt', '--elim-avail-extern', '--indvars', '--gvn', '--gvn', '--ipsccp', '--gvn', '--nary-reassociate', '--lower-constant-intrinsics', '--loop-instsimplify', '--strip', '--mem2reg', '--jump-threading', '--globalopt', '--elim-avail-extern', '--simplifycfg', '--sroa', '--mem2reg', '--gvn-hoist', '--sccp', '--early-cse', '--loweratomic', '--adce', '--gvn-hoist', '--gvn-hoist', '--lower-constant-intrinsics', '--loop-simplify', '--dse', '--newgvn', '--simplifycfg', '--lower-expect', '--simplifycfg', '--gvn-hoist', '--instcombine', '--globalopt', '--elim-avail-extern', '--gvn', '--gvn', '--ipsccp', '--gvn', '--nary-reassociate', '--adce', '--loop-instsimplify', '--early-cse', '--jump-threading', '--slsr', '--globalopt', '--slp-vectorizer', '--instcombine', '--simplifycfg', '--sroa', '--lower-constant-intrinsics', '--early-cse', '--lower-expect', '--sroa', '--sroa', '--lower-expect', '--globalopt', '--elim-avail-extern', '--lower-expect']",78,-4.072007672672203,0.0,-1.4206121187746126,0.0,1,-4.072007672672203,-1.4206121187746126,0.0,-69.54314720812182,12.418427012383033,11.76470588235294,34
890,"['--ipsccp', '--speculative-execution', '--sccp', '--early-cse', '--mem2reg', '--jump-threading', '--globalopt', '--elim-avail-extern', '--instcombine', '--adce', '--jump-threading', '--gvn', '--simplifycfg', '--early-cse-memssa', '--gvn-hoist', '--mergefunc', '--gvn-hoist', '--lower-constant-intrinsics', '--globalopt', '--elim-avail-extern', '--indvars', '--gvn', '--gvn', '--ipsccp', '--slsr', '--nary-reassociate', '--lower-constant-intrinsics', '--loop-instsimplify', '--strip', '--mem2reg', '--jump-threading', '--globalopt', '--elim-avail-extern', '--simplifycfg', '--sroa', '--mem2reg', '--gvn-hoist', '--sccp', '--early-cse', '--loweratomic', '--adce', '--gvn-hoist', '--gvn-hoist', '--adce', '--loop-simplify', '--dse', '--newgvn', '--simplifycfg', '--lower-expect', '--simplifycfg', '--gvn-hoist', '--instcombine', '--globalopt', '--elim-avail-extern', '--gvn', '--gvn', '--ipsccp', '--gvn', '--nary-reassociate', '--lower-constant-intrinsics', '--loop-instsimplify', '--early-cse', '--jump-threading', '--gvn', '--globalopt', '--slp-vectorizer', '--instcombine', '--simplifycfg', '--sroa', '--lower-constant-intrinsics', '--early-cse', '--lower-expect', '--sroa', '--sroa', '--lower-expect', '--globalopt', '--elim-avail-extern', '--lower-expect']",78,-4.072007672672203,0.0,-1.4206121187746126,0.0,1,-4.072007672672203,-1.4206121187746126,0.0,-69.54314720812182,12.418427012383033,11.76470588235294,34
990,"['--ipsccp', '--speculative-execution', '--sccp', '--early-cse', '--mem2reg', '--jump-threading', '--globalopt', '--elim-avail-extern', '--instcombine', '--adce', '--jump-threading', '--gvn', '--simplifycfg', '--early-cse-memssa', '--gvn-hoist', '--mergefunc', '--gvn-hoist', '--lower-constant-intrinsics', '--globalopt', '--elim-avail-extern', '--indvars', '--gvn', '--early-cse', '--ipsccp', '--gvn', '--nary-reassociate', '--lower-constant-intrinsics', '--loop-instsimplify', '--strip', '--mem2reg', '--jump-threading', '--globalopt', '--elim-avail-extern', '--simplifycfg', '--sroa', '--mem2reg', '--gvn-hoist', '--sccp', '--early-cse', '--loweratomic', '--adce', '--gvn-hoist', '--gvn-hoist', '--lower-constant-intrinsics', '--loop-simplify', '--dse', '--newgvn', '--simplifycfg', '--lower-expect', '--simplifycfg', '--gvn-hoist', '--instcombine', '--globalopt', '--elim-avail-extern', '--gvn', '--gvn', '--ipsccp', '--gvn', '--nary-reassociate', '--adce', '--loop-instsimplify', '--gvn', '--jump-threading', '--slsr', '--globalopt', '--slp-vectorizer', '--instcombine', '--simplifycfg', '--sroa', '--lower-constant-intrinsics', '--early-cse', '--lower-expect', '--sroa', '--sroa', '--lower-expect', '--globalopt', '--elim-avail-extern', '--lower-expect']",78,-4.072007672672203,0.0,-1.4206121187746126,0.0,1,-4.072007672672203,-1.4206121187746126,0.0,-69.54314720812182,12.418427012383033,11.76470588235294,34
944,"['--ipsccp', '--speculative-execution', '--sccp', '--early-cse', '--mem2reg', '--jump-threading', '--globalopt', '--elim-avail-extern', '--instcombine', '--adce', '--jump-threading', '--gvn', '--simplifycfg', '--early-cse-memssa', '--gvn-hoist', '--mergefunc', '--gvn-hoist', '--lower-constant-intrinsics', '--globalopt', '--elim-avail-extern', '--indvars', '--gvn', '--gvn', '--ipsccp', '--slsr', '--nary-reassociate', '--lower-constant-intrinsics', '--loop-instsimplify', '--strip', '--mem2reg', '--jump-threading', '--globalopt', '--elim-avail-extern', '--simplifycfg', '--sroa', '--mem2reg', '--gvn-hoist', '--sccp', '--early-cse', '--loweratomic', '--adce', '--gvn-hoist', '--gvn-hoist', '--adce', '--loop-simplify', '--dse', '--newgvn', '--simplifycfg', '--lower-expect', '--simplifycfg', '--gvn-hoist', '--instcombine', '--globalopt', '--elim-avail-extern', '--gvn', '--gvn', '--ipsccp', '--gvn', '--nary-reassociate', '--lower-constant-intrinsics', '--loop-instsimplify', '--early-cse', '--jump-threading', '--slsr', '--globalopt', '--slp-vectorizer', '--instcombine', '--simplifycfg', '--sroa', '--lower-constant-intrinsics', '--early-cse', '--lower-expect', '--sroa', '--sroa', '--lower-expect', '--globalopt', '--elim-avail-extern', '--lower-expect']",78,-4.072007672672203,0.0,-1.4206121187746126,0.0,1,-4.072007672672203,-1.4206121187746126,0.0,-69.54314720812182,12.418427012383033,11.76470588235294,34
993,"['--ipsccp', '--speculative-execution', '--sccp', '--early-cse', '--mem2reg', '--jump-threading', '--globalopt', '--elim-avail-extern', '--instcombine', '--adce', '--jump-threading', '--gvn', '--simplifycfg', '--early-cse-memssa', '--gvn-hoist', '--mergefunc', '--gvn-hoist', '--lower-constant-intrinsics', '--globalopt', '--elim-avail-extern', '--indvars', '--gvn', '--gvn', '--ipsccp', '--gvn', '--nary-reassociate', '--lower-constant-intrinsics', '--loop-instsimplify', '--strip', '--mem2reg', '--jump-threading', '--globalopt', '--elim-avail-extern', '--simplifycfg', '--sroa', '--mem2reg', '--gvn-hoist', '--sccp', '--early-cse', '--loweratomic', '--adce', '--gvn-hoist', '--gvn-hoist', '--lower-constant-intrinsics', '--loop-simplify', '--dse', '--newgvn', '--loop-simplifycfg', '--simplifycfg', '--lower-expect', '--simplifycfg', '--gvn-hoist', '--instcombine', '--globalopt', '--elim-avail-extern', '--gvn', '--gvn', '--ipsccp', '--gvn', '--nary-reassociate', '--adce', '--loop-instsimplify', '--early-cse', '--jump-threading', '--slsr', '--globalopt', '--slp-vectorizer', '--instcombine', '--simplifycfg', '--sroa', '--lower-constant-intrinsics', '--early-cse', '--lower-expect', '--sroa', '--sroa', '--lower-expect', '--globalopt', '--elim-avail-extern', '--lower-expect']",79,-4.072007672672203,0.0,-1.4206121187746126,0.0,1,-4.072007672672203,-1.4206121187746126,0.0,-69.54314720812182,12.418427012383033,11.76470588235294,34
958,"['--ipsccp', '--speculative-execution', '--sccp', '--early-cse', '--mem2reg', '--jump-threading', '--globalopt', '--elim-avail-extern', '--instcombine', '--adce', '--gvn', '--simplifycfg', '--instsimplify', '--gvn-hoist', '--mergefunc', '--gvn-hoist', '--instcombine', '--globalopt', '--elim-avail-extern', '--indvars', '--gvn', '--gvn', '--ipsccp', '--gvn', '--nary-reassociate', '--loop-instsimplify', '--early-cse', '--mem2reg', '--jump-threading', '--globalopt', '--elim-avail-extern', '--instcombine', '--simplifycfg', '--sroa', '--mem2reg', '--gvn-hoist', '--gvn-hoist', '--sccp', '--early-cse', '--loweratomic', '--gvn-hoist', '--gvn-hoist', '--adce', '--loop-simplify', '--dse', '--newgvn', '--simplifycfg', '--lower-expect', '--simplifycfg', '--gvn-hoist', '--instcombine', '--globalopt', '--elim-avail-extern', '--gvn', '--gvn', '--ipsccp', '--gvn', '--nary-reassociate', '--lower-constant-intrinsics', '--loop-instsimplify', '--early-cse', '--jump-threading', '--gvn', '--globalopt', '--slp-vectorizer', '--instcombine', '--simplifycfg', '--sroa', '--lower-constant-intrinsics', '--early-cse', '--lower-expect', '--sroa', '--sroa', '--lower-expect', '--globalopt', '--elim-avail-extern', '--lower-expect']",77,-4.0755703137373445,0.0,-1.425688071126806,0.0,1,-4.0755703137373445,-1.425688071126806,0.0,-69.54314720812182,12.415983780392992,11.76470588235294,34
932,"['--ipsccp', '--speculative-execution', '--sccp', '--early-cse', '--mem2reg', '--jump-threading', '--globalopt', '--elim-avail-extern', '--instcombine', '--adce', '--jump-threading', '--gvn', '--simplifycfg', '--instsimplify', '--gvn-hoist', '--mergefunc', '--gvn-hoist', '--instcombine', '--globalopt', '--elim-avail-extern', '--lower-expect', '--gvn', '--gvn', '--ipsccp', '--gvn', '--nary-reassociate', '--loop-instsimplify', '--early-cse', '--mem2reg', '--jump-threading', '--globalopt', '--elim-avail-extern', '--instcombine', '--simplifycfg', '--sroa', '--mem2reg', '--gvn-hoist', '--sccp', '--early-cse', '--lower-constant-intrinsics', '--adce', '--gvn-hoist', '--adce', '--loop-simplify', '--dse', '--newgvn', '--simplifycfg', '--newgvn', '--simplifycfg', '--indvars', '--simplifycfg', '--gvn-hoist', '--instcombine', '--globalopt', '--elim-avail-extern', '--ipsccp', '--gvn', '--ipsccp', '--gvn', '--nary-reassociate', '--lower-constant-intrinsics', '--loop-instsimplify', '--early-cse', '--mem2reg', '--jump-threading', '--globalopt', '--slp-vectorizer', '--instcombine', '--simplifycfg', '--sroa', '--lower-constant-intrinsics', '--early-cse', '--lower-expect', '--lower-expect', '--elim-avail-extern', '--elim-avail-extern', '--lower-expect', '--slsr']",78,-4.07803390930841,0.0,-1.440498926111657,0.0,1,-4.07803390930841,-1.440498926111657,0.0,-69.03553299492386,12.329538323717266,11.76470588235294,34
981,"['--ipsccp', '--speculative-execution', '--sccp', '--early-cse', '--mem2reg', '--jump-threading', '--globalopt', '--elim-avail-extern', '--instcombine', '--adce', '--jump-threading', '--gvn', '--simplifycfg', '--early-cse-memssa', '--gvn-hoist', '--mergefunc', '--gvn-hoist', '--lower-constant-intrinsics', '--globalopt', '--early-cse-memssa', '--elim-avail-extern', '--indvars', '--gvn', '--gvn', '--ipsccp', '--gvn', '--nary-reassociate', '--lower-constant-intrinsics', '--loop-instsimplify', '--strip', '--mem2reg', '--jump-threading', '--globalopt', '--elim-avail-extern', '--simplifycfg', '--sroa', '--mem2reg', '--gvn-hoist', '--sccp', '--early-cse', '--loweratomic', '--adce', '--gvn-hoist', '--gvn-hoist', '--adce', '--loop-simplify', '--dse', '--newgvn', '--simplifycfg', '--lower-expect', '--simplifycfg', '--gvn-hoist', '--instcombine', '--globalopt', '--elim-avail-extern', '--gvn', '--gvn', '--ipsccp', '--gvn', '--nary-reassociate', '--lower-constant-intrinsics', '--loop-instsimplify', '--early-cse', '--jump-threading', '--gvn', '--globalopt', '--slp-vectorizer', '--instcombine', '--simplifycfg', '--sroa', '--lower-constant-intrinsics', '--early-cse', '--lower-expect', '--sroa', '--sroa', '--lower-expect', '--globalopt', '--elim-avail-extern', '--lower-expect']",79,-4.080708228575131,0.0,-1.4326908722472544,0.0,1,-4.080708228575131,-1.4326908722472544,0.0,-69.54314720812182,12.41484192036749,11.76470588235294,34
910,"['--ipsccp', '--speculative-execution', '--sccp', '--early-cse', '--mem2reg', '--jump-threading', '--globalopt', '--elim-avail-extern', '--instcombine', '--adce', '--jump-threading', '--gvn', '--simplifycfg', '--instsimplify', '--gvn-hoist', '--mergefunc', '--gvn-hoist', '--instcombine', '--globalopt', '--elim-avail-extern', '--indvars', '--gvn', '--gvn', '--ipsccp', '--gvn', '--nary-reassociate', '--loop-instsimplify', '--early-cse', '--mem2reg', '--jump-threading', '--globalopt', '--elim-avail-extern', '--instcombine', '--simplifycfg', '--sroa', '--mem2reg', '--gvn-hoist', '--sccp', '--early-cse', '--lower-constant-intrinsics', '--adce', '--gvn-hoist', '--adce', '--lower-constant-intrinsics', '--dse', '--newgvn', '--lower-expect', '--gvn-hoist', '--lower-expect', '--simplifycfg', '--gvn-hoist', '--instcombine', '--globalopt', '--elim-avail-extern', '--gvn', '--gvn', '--ipsccp', '--gvn', '--nary-reassociate', '--lower-constant-intrinsics', '--loop-instsimplify', '--early-cse', '--jump-threading', '--slsr', '--globalopt', '--slp-vectorizer', '--instcombine', '--simplifycfg', '--sroa', '--lower-constant-intrinsics', '--early-cse', '--lower-expect', '--sroa', '--sroa', '--lower-expect', '--globalopt', '--elim-avail-extern', '--lower-expect']",78,-4.081624202514705,0.0,-1.4336627935899935,0.0,1,-4.081624202514705,-1.4336627935899935,0.0,-69.54314720812182,12.416712249692692,11.76470588235294,34
919,"['--ipsccp', '--speculative-execution', '--sccp', '--early-cse', '--mem2reg', '--jump-threading', '--globalopt', '--elim-avail-extern', '--instcombine', '--adce', '--jump-threading', '--gvn', '--simplifycfg', '--instsimplify', '--gvn-hoist', '--mergefunc', '--gvn-hoist', '--instcombine', '--globalopt', '--elim-avail-extern', '--indvars', '--gvn', '--gvn', '--ipsccp', '--gvn', '--nary-reassociate', '--loop-instsimplify', '--early-cse', '--mem2reg', '--jump-threading', '--globalopt', '--elim-avail-extern', '--instcombine', '--simplifycfg', '--sroa', '--gvn-hoist', '--sccp', '--early-cse', '--lower-constant-intrinsics', '--adce', '--gvn-hoist', '--adce', '--lower-constant-intrinsics', '--dse', '--newgvn', '--simplifycfg', '--lower-expect', '--simplifycfg', '--gvn-hoist', '--globalopt', '--globalopt', '--elim-avail-extern', '--gvn', '--gvn', '--ipsccp', '--gvn', '--nary-reassociate', '--loop-instsimplify', '--early-cse', '--jump-threading', '--slsr', '--globalopt', '--slp-vectorizer', '--instcombine', '--simplifycfg', '--sroa', '--lower-constant-intrinsics', '--early-cse', '--lower-expect', '--sroa', '--sroa', '--lower-expect', '--globalopt', '--elim-avail-extern', '--lower-expect']",75,-4.081624202514705,0.0,-1.4336627935899935,0.0,1,-4.081624202514705,-1.4336627935899935,0.0,-69.54314720812182,12.416712249692692,11.76470588235294,34
1003,"['--ipsccp', '--speculative-execution', '--early-cse', '--mem2reg', '--jump-threading', '--globalopt', '--elim-avail-extern', '--instcombine', '--adce', '--jump-threading', '--gvn', '--simplifycfg', '--instsimplify', '--gvn-hoist', '--mergefunc', '--gvn-hoist', '--instcombine', '--globalopt', '--elim-avail-extern', '--indvars', '--gvn', '--gvn', '--ipsccp', '--nary-reassociate', '--loop-instsimplify', '--early-cse', '--mem2reg', '--jump-threading', '--globalopt', '--elim-avail-extern', '--instcombine', '--simplifycfg', '--sroa', '--mem2reg', '--gvn-hoist', '--sccp', '--early-cse', '--lower-constant-intrinsics', '--adce', '--gvn-hoist', '--adce', '--lower-constant-intrinsics', '--dse', '--newgvn', '--lower-expect', '--gvn-hoist', '--instcombine', '--globalopt', '--elim-avail-extern', '--gvn', '--gvn', '--ipsccp', '--gvn', '--early-cse', '--lower-constant-intrinsics', '--early-cse', '--mem2reg', '--jump-threading', '--globalopt', '--slp-vectorizer', '--instcombine', '--simplifycfg', '--sroa', '--nary-reassociate', '--lower-expect', '--sroa', '--sroa', '--lower-constant-intrinsics', '--early-cse', '--lower-expect', '--lower-expect', '--loweratomic', '--elim-avail-extern', '--elim-avail-extern', '--lower-expect', '--slsr']",76,-4.081624202514705,0.0,-1.4336627935899935,0.0,1,-4.081624202514705,-1.4336627935899935,0.0,-69.54314720812182,12.416712249692692,11.76470588235294,34
966,"['--ipsccp', '--speculative-execution', '--sccp', '--early-cse', '--mem2reg', '--jump-threading', '--globalopt', '--elim-avail-extern', '--instcombine', '--adce', '--jump-threading', '--gvn', '--simplifycfg', '--instsimplify', '--gvn-hoist', '--correlated-propagation', '--mergefunc', '--gvn-hoist', '--instcombine', '--simplifycfg', '--elim-avail-extern', '--indvars', '--gvn', '--gvn', '--ipsccp', '--gvn', '--nary-reassociate', '--loop-instsimplify', '--early-cse', '--mem2reg', '--jump-threading', '--globalopt', '--elim-avail-extern', '--instcombine', '--globalopt', '--sroa', '--mem2reg', '--mem2reg', '--gvn-hoist', '--sccp', '--early-cse', '--lower-constant-intrinsics', '--adce', '--gvn-hoist', '--adce', '--loop-simplify', '--dse', '--newgvn', '--simplifycfg', '--lower-expect', '--simplifycfg', '--gvn-hoist', '--instcombine', '--globalopt', '--elim-avail-extern', '--gvn', '--gvn', '--ipsccp', '--gvn', '--nary-reassociate', '--loop-instsimplify', '--early-cse', '--jump-threading', '--slsr', '--globalopt', '--slp-vectorizer', '--instcombine', '--simplifycfg', '--sroa', '--lower-constant-intrinsics', '--early-cse', '--lower-expect', '--sroa', '--sroa', '--lower-expect', '--globalopt', '--elim-avail-extern', '--slsr']",78,-4.081624202514705,0.0,-1.4336627935899935,0.0,1,-4.081624202514705,-1.4336627935899935,0.0,-69.54314720812182,12.416712249692692,11.76470588235294,34
884,"['--ipsccp', '--speculative-execution', '--sccp', '--early-cse', '--mem2reg', '--jump-threading', '--globalopt', '--elim-avail-extern', '--instcombine', '--adce', '--jump-threading', '--gvn', '--simplifycfg', '--instsimplify', '--gvn-hoist', '--loop-fusion', '--mergefunc', '--gvn-hoist', '--instcombine', '--globalopt', '--elim-avail-extern', '--indvars', '--gvn', '--gvn', '--ipsccp', '--nary-reassociate', '--loop-instsimplify', '--early-cse', '--mem2reg', '--jump-threading', '--globalopt', '--elim-avail-extern', '--instcombine', '--simplifycfg', '--sroa', '--gvn-hoist', '--sccp', '--early-cse', '--lower-constant-intrinsics', '--adce', '--gvn-hoist', '--adce', '--lower-constant-intrinsics', '--dse', '--newgvn', '--simplifycfg', '--lower-expect', '--simplifycfg', '--gvn-hoist', '--instcombine', '--globalopt', '--globalopt', '--elim-avail-extern', '--gvn', '--gvn', '--ipsccp', '--gvn', '--nary-reassociate', '--loop-instsimplify', '--early-cse', '--jump-threading', '--slsr', '--globalopt', '--slp-vectorizer', '--instcombine', '--simplifycfg', '--sroa', '--lower-constant-intrinsics', '--early-cse', '--lower-expect', '--sroa', '--sroa', '--lower-expect', '--globalopt', '--elim-avail-extern', '--lower-expect']",76,-4.081624202514705,0.0,-1.4336627935899935,0.0,1,-4.081624202514705,-1.4336627935899935,0.0,-69.54314720812182,12.416712249692692,11.76470588235294,34
885,"['--speculative-execution', '--ipsccp', '--speculative-execution', '--sccp', '--early-cse', '--mem2reg', '--jump-threading', '--globalopt', '--elim-avail-extern', '--instcombine', '--adce', '--jump-threading', '--gvn', '--simplifycfg', '--instsimplify', '--gvn-hoist', '--mergefunc', '--gvn-hoist', '--lower-constant-intrinsics', '--globalopt', '--elim-avail-extern', '--indvars', '--gvn', '--gvn', '--ipsccp', '--gvn', '--nary-reassociate', '--lower-constant-intrinsics', '--loop-instsimplify', '--ipsccp', '--mem2reg', '--jump-threading', '--globalopt', '--elim-avail-extern', '--simplifycfg', '--sroa', '--mem2reg', '--gvn-hoist', '--sccp', '--early-cse', '--instcombine', '--adce', '--gvn-hoist', '--adce', '--loop-simplify', '--dse', '--nary-reassociate', '--newgvn', '--simplifycfg', '--lower-expect', '--simplifycfg', '--gvn-hoist', '--instcombine', '--globalopt', '--elim-avail-extern', '--gvn', '--gvn', '--strip', '--gvn', '--nary-reassociate', '--jump-threading', '--slsr', '--globalopt', '--slp-vectorizer', '--instcombine', '--simplifycfg', '--sroa', '--lower-constant-intrinsics', '--early-cse', '--lower-expect', '--sroa', '--sroa', '--lower-expect', '--globalopt', '--elim-avail-extern', '--lower-expect']",76,-4.081624202514705,0.0,-1.4336627935899935,0.0,1,-4.081624202514705,-1.4336627935899935,0.0,-69.54314720812182,12.416712249692692,11.76470588235294,34
978,"['--ipsccp', '--speculative-execution', '--sccp', '--early-cse', '--mem2reg', '--jump-threading', '--globalopt', '--elim-avail-extern', '--instcombine', '--adce', '--jump-threading', '--gvn', '--simplifycfg', '--instsimplify', '--gvn-hoist', '--mergefunc', '--gvn-hoist', '--instcombine', '--globalopt', '--elim-avail-extern', '--indvars', '--gvn', '--gvn', '--ipsccp', '--gvn', '--nary-reassociate', '--loop-instsimplify', '--early-cse', '--mem2reg', '--jump-threading', '--globalopt', '--elim-avail-extern', '--instcombine', '--simplifycfg', '--sroa', '--mem2reg', '--gvn-hoist', '--sccp', '--early-cse', '--lower-constant-intrinsics', '--adce', '--gvn-hoist', '--adce', '--lower-constant-intrinsics', '--dse', '--newgvn', '--lower-expect', '--gvn-hoist', '--instcombine', '--globalopt', '--elim-avail-extern', '--gvn', '--gvn', '--ipsccp', '--gvn', '--nary-reassociate', '--lower-constant-intrinsics', '--early-cse', '--mem2reg', '--jump-threading', '--globalopt', '--slp-vectorizer', '--instcombine', '--simplifycfg', '--sroa', '--early-cse', '--lower-expect', '--sroa', '--sroa', '--lower-expect', '--globalopt', '--elim-avail-extern', '--lower-expect', '--lower-expect', '--elim-avail-extern', '--elim-avail-extern', '--lower-expect', '--slsr']",78,-4.081624202514705,0.0,-1.4336627935899935,0.0,1,-4.081624202514705,-1.4336627935899935,0.0,-69.54314720812182,12.416712249692692,11.76470588235294,34
963,"['--ipsccp', '--speculative-execution', '--sccp', '--early-cse', '--mem2reg', '--jump-threading', '--globalopt', '--elim-avail-extern', '--instcombine', '--adce', '--jump-threading', '--gvn', '--simplifycfg', '--instsimplify', '--gvn-hoist', '--mergefunc', '--gvn-hoist', '--instcombine', '--globalopt', '--elim-avail-extern', '--indvars', '--gvn', '--gvn', '--ipsccp', '--gvn', '--nary-reassociate', '--loop-instsimplify', '--early-cse', '--mem2reg', '--jump-threading', '--globalopt', '--elim-avail-extern', '--instcombine', '--simplifycfg', '--sroa', '--mem2reg', '--gvn-hoist', '--sccp', '--early-cse', '--lower-constant-intrinsics', '--adce', '--gvn-hoist', '--adce', '--lower-constant-intrinsics', '--dse', '--newgvn', '--lower-expect', '--strip', '--gvn-hoist', '--lower-expect', '--simplifycfg', '--gvn-hoist', '--instcombine', '--globalopt', '--elim-avail-extern', '--gvn', '--gvn', '--ipsccp', '--gvn', '--nary-reassociate', '--lower-constant-intrinsics', '--loop-instsimplify', '--early-cse', '--jump-threading', '--slsr', '--globalopt', '--slp-vectorizer', '--instcombine', '--simplifycfg', '--sroa', '--lower-constant-intrinsics', '--early-cse', '--lower-expect', '--sroa', '--sroa', '--lower-expect', '--globalopt', '--elim-avail-extern', '--lower-expect']",79,-4.081624202514705,0.0,-1.4336627935899935,0.0,1,-4.081624202514705,-1.4336627935899935,0.0,-69.54314720812182,12.416712249692692,11.76470588235294,34
874,"['--ipsccp', '--speculative-execution', '--sccp', '--early-cse', '--mem2reg', '--jump-threading', '--globalopt', '--elim-avail-extern', '--instcombine', '--adce', '--jump-threading', '--gvn', '--simplifycfg', '--instsimplify', '--gvn-hoist', '--mergefunc', '--gvn-hoist', '--instcombine', '--globalopt', '--elim-avail-extern', '--indvars', '--gvn', '--gvn', '--ipsccp', '--gvn', '--nary-reassociate', '--loop-instsimplify', '--early-cse', '--mem2reg', '--jump-threading', '--globalopt', '--elim-avail-extern', '--instcombine', '--simplifycfg', '--sroa', '--mem2reg', '--mem2reg', '--gvn-hoist', '--sccp', '--early-cse', '--lower-constant-intrinsics', '--adce', '--gvn-hoist', '--adce', '--loop-simplify', '--dse', '--newgvn', '--simplifycfg', '--lower-expect', '--simplifycfg', '--gvn-hoist', '--instcombine', '--globalopt', '--elim-avail-extern', '--gvn', '--gvn', '--ipsccp', '--gvn', '--nary-reassociate', '--loop-instsimplify', '--early-cse', '--jump-threading', '--slsr', '--globalopt', '--slp-vectorizer', '--instcombine', '--simplifycfg', '--sroa', '--lower-constant-intrinsics', '--early-cse', '--lower-expect', '--sroa', '--sroa', '--lower-expect', '--globalopt', '--elim-avail-extern', '--lower-expect']",77,-4.081624202514705,0.0,-1.4336627935899935,0.0,1,-4.081624202514705,-1.4336627935899935,0.0,-69.54314720812182,12.416712249692692,11.76470588235294,34
1049,"['--ipsccp', '--speculative-execution', '--sccp', '--early-cse', '--mem2reg', '--jump-threading', '--globalopt', '--elim-avail-extern', '--instcombine', '--adce', '--jump-threading', '--gvn', '--simplifycfg', '--instsimplify', '--gvn-hoist', '--mergefunc', '--gvn-hoist', '--instcombine', '--globalopt', '--elim-avail-extern', '--indvars', '--gvn', '--gvn', '--ipsccp', '--gvn', '--nary-reassociate', '--loop-instsimplify', '--early-cse', '--mem2reg', '--jump-threading', '--globalopt', '--elim-avail-extern', '--instcombine', '--simplifycfg', '--sroa', '--mem2reg', '--gvn-hoist', '--sccp', '--early-cse', '--slsr', '--adce', '--gvn-hoist', '--adce', '--lower-constant-intrinsics', '--dse', '--newgvn', '--lower-expect', '--gvn-hoist', '--instcombine', '--globalopt', '--elim-avail-extern', '--gvn', '--gvn', '--ipsccp', '--gvn', '--nary-reassociate', '--lower-constant-intrinsics', '--early-cse', '--mem2reg', '--jump-threading', '--globalopt', '--early-cse', '--mem2reg', '--jump-threading', '--globalopt', '--slp-vectorizer', '--instcombine', '--ipsccp', '--simplifycfg', '--sroa', '--lower-constant-intrinsics', '--early-cse', '--lower-expect', '--lower-expect', '--elim-avail-extern', '--elim-avail-extern', '--lower-expect', '--slsr']",78,-4.081624202514705,0.0,-1.4336627935899935,0.0,1,-4.081624202514705,-1.4336627935899935,0.0,-69.54314720812182,12.416712249692692,11.76470588235294,34
930,"['--ipsccp', '--speculative-execution', '--sccp', '--early-cse', '--mem2reg', '--jump-threading', '--globalopt', '--elim-avail-extern', '--instcombine', '--adce', '--jump-threading', '--gvn', '--simplifycfg', '--instsimplify', '--gvn-hoist', '--correlated-propagation', '--mergefunc', '--gvn-hoist', '--instcombine', '--globalopt', '--elim-avail-extern', '--indvars', '--gvn', '--gvn', '--ipsccp', '--gvn', '--nary-reassociate', '--loop-instsimplify', '--early-cse', '--mem2reg', '--jump-threading', '--globalopt', '--elim-avail-extern', '--instcombine', '--simplifycfg', '--sroa', '--mem2reg', '--mem2reg', '--gvn-hoist', '--sccp', '--early-cse', '--lower-constant-intrinsics', '--adce', '--gvn-hoist', '--adce', '--loop-simplify', '--dse', '--newgvn', '--simplifycfg', '--lower-expect', '--simplifycfg', '--gvn-hoist', '--instcombine', '--globalopt', '--elim-avail-extern', '--gvn', '--gvn', '--ipsccp', '--gvn', '--nary-reassociate', '--loop-instsimplify', '--early-cse', '--jump-threading', '--slsr', '--globalopt', '--slp-vectorizer', '--instcombine', '--simplifycfg', '--sroa', '--lower-constant-intrinsics', '--early-cse', '--lower-expect', '--sroa', '--sroa', '--lower-expect', '--globalopt', '--elim-avail-extern', '--lower-expect']",78,-4.081624202514705,0.0,-1.4336627935899935,0.0,1,-4.081624202514705,-1.4336627935899935,0.0,-69.54314720812182,12.416712249692692,11.76470588235294,34
894,"['--ipsccp', '--speculative-execution', '--sccp', '--early-cse', '--mem2reg', '--jump-threading', '--globalopt', '--elim-avail-extern', '--instcombine', '--adce', '--jump-threading', '--gvn', '--simplifycfg', '--instsimplify', '--gvn-hoist', '--mergefunc', '--gvn-hoist', '--instcombine', '--globalopt', '--elim-avail-extern', '--indvars', '--gvn', '--gvn', '--ipsccp', '--gvn', '--nary-reassociate', '--loop-instsimplify', '--early-cse', '--mem2reg', '--jump-threading', '--globalopt', '--elim-avail-extern', '--instcombine', '--simplifycfg', '--sroa', '--mem2reg', '--gvn-hoist', '--sccp', '--early-cse', '--lower-constant-intrinsics', '--adce', '--gvn-hoist', '--adce', '--lower-constant-intrinsics', '--dse', '--newgvn', '--simplifycfg', '--lower-expect', '--simplifycfg', '--simplifycfg', '--gvn-hoist', '--instcombine', '--globalopt', '--elim-avail-extern', '--gvn', '--gvn', '--ipsccp', '--gvn', '--nary-reassociate', '--loop-instsimplify', '--early-cse', '--jump-threading', '--slsr', '--globalopt', '--slp-vectorizer', '--instcombine', '--simplifycfg', '--sroa', '--lower-constant-intrinsics', '--early-cse', '--lower-expect', '--sroa', '--sroa', '--lower-expect', '--globalopt', '--elim-avail-extern', '--lower-expect']",77,-4.081624202514705,0.0,-1.4336627935899935,0.0,1,-4.081624202514705,-1.4336627935899935,0.0,-69.54314720812182,12.416712249692692,11.76470588235294,34
989,"['--ipsccp', '--speculative-execution', '--sccp', '--early-cse', '--mem2reg', '--jump-threading', '--globalopt', '--elim-avail-extern', '--instcombine', '--adce', '--jump-threading', '--gvn', '--simplifycfg', '--instsimplify', '--gvn-hoist', '--mergefunc', '--gvn-hoist', '--instcombine', '--globalopt', '--elim-avail-extern', '--indvars', '--gvn', '--gvn', '--ipsccp', '--gvn', '--loop-instsimplify', '--early-cse', '--mem2reg', '--jump-threading', '--globalopt', '--elim-avail-extern', '--instcombine', '--simplifycfg', '--sroa', '--mem2reg', '--gvn-hoist', '--sccp', '--early-cse', '--lower-constant-intrinsics', '--adce', '--gvn-hoist', '--adce', '--lower-constant-intrinsics', '--dse', '--newgvn', '--simplifycfg', '--lower-expect', '--simplifycfg', '--simplifycfg', '--gvn-hoist', '--instcombine', '--globalopt', '--elim-avail-extern', '--gvn', '--gvn', '--ipsccp', '--gvn', '--nary-reassociate', '--loop-instsimplify', '--early-cse', '--jump-threading', '--slsr', '--globalopt', '--slp-vectorizer', '--instcombine', '--simplifycfg', '--sroa', '--lower-constant-intrinsics', '--early-cse', '--lower-expect', '--sroa', '--sroa', '--lower-expect', '--globalopt', '--elim-avail-extern', '--lower-expect']",76,-4.081624202514705,0.0,-1.4336627935899935,0.0,1,-4.081624202514705,-1.4336627935899935,0.0,-69.54314720812182,12.416712249692692,11.76470588235294,34
847,"['--ipsccp', '--speculative-execution', '--sccp', '--early-cse', '--mem2reg', '--jump-threading', '--globalopt', '--elim-avail-extern', '--instcombine', '--adce', '--jump-threading', '--gvn', '--simplifycfg', '--instsimplify', '--gvn-hoist', '--mergefunc', '--gvn-hoist', '--instcombine', '--globalopt', '--elim-avail-extern', '--indvars', '--gvn', '--gvn', '--ipsccp', '--gvn', '--nary-reassociate', '--loop-instsimplify', '--early-cse', '--mem2reg', '--jump-threading', '--globalopt', '--elim-avail-extern', '--instcombine', '--simplifycfg', '--sroa', '--mem2reg', '--gvn-hoist', '--sccp', '--early-cse', '--lower-constant-intrinsics', '--adce', '--gvn-hoist', '--adce', '--loop-simplify', '--dse', '--newgvn', '--simplifycfg', '--lower-expect', '--simplifycfg', '--loop-unroll-and-jam', '--jump-threading', '--globalopt', '--elim-avail-extern', '--instcombine', '--globalopt', '--elim-avail-extern', '--gvn', '--gvn', '--ipsccp', '--gvn', '--nary-reassociate', '--loop-instsimplify', '--early-cse', '--jump-threading', '--slsr', '--globalopt', '--slp-vectorizer', '--instcombine', '--simplifycfg', '--sroa', '--lower-constant-intrinsics', '--early-cse', '--lower-expect', '--sroa', '--sroa', '--lower-expect', '--globalopt', '--elim-avail-extern', '--lower-expect']",79,-4.081624202514705,0.0,-1.4336627935899935,0.0,1,-4.081624202514705,-1.4336627935899935,0.0,-69.54314720812182,12.416712249692692,11.76470588235294,34
913,"['--ipsccp', '--speculative-execution', '--sccp', '--early-cse', '--mem2reg', '--jump-threading', '--globalopt', '--elim-avail-extern', '--instcombine', '--adce', '--jump-threading', '--gvn', '--simplifycfg', '--instsimplify', '--gvn-hoist', '--mergefunc', '--gvn-hoist', '--instcombine', '--globalopt', '--elim-avail-extern', '--indvars', '--gvn', '--gvn', '--ipsccp', '--gvn', '--nary-reassociate', '--lower-constant-intrinsics', '--loop-instsimplify', '--strip', '--mem2reg', '--jump-threading', '--elim-avail-extern', '--instcombine', '--simplifycfg', '--sroa', '--gvn-hoist', '--sccp', '--early-cse', '--lower-constant-intrinsics', '--adce', '--gvn-hoist', '--adce', '--lower-constant-intrinsics', '--dse', '--newgvn', '--simplifycfg', '--lower-expect', '--simplifycfg', '--gvn-hoist', '--instcombine', '--globalopt', '--globalopt', '--elim-avail-extern', '--gvn', '--gvn', '--ipsccp', '--gvn', '--nary-reassociate', '--loop-instsimplify', '--early-cse', '--jump-threading', '--slsr', '--globalopt', '--slp-vectorizer', '--instcombine', '--simplifycfg', '--sroa', '--lower-constant-intrinsics', '--early-cse', '--lower-expect', '--sroa', '--sroa', '--lower-expect', '--globalopt', '--elim-avail-extern', '--lower-expect']",76,-4.081624202514705,0.0,-1.4336627935899935,0.0,1,-4.081624202514705,-1.4336627935899935,0.0,-69.54314720812182,12.416712249692692,11.76470588235294,34
934,"['--ipsccp', '--speculative-execution', '--sccp', '--early-cse', '--mem2reg', '--jump-threading', '--globalopt', '--elim-avail-extern', '--instcombine', '--adce', '--jump-threading', '--gvn', '--simplifycfg', '--instsimplify', '--gvn-hoist', '--mergefunc', '--gvn-hoist', '--instcombine', '--globalopt', '--elim-avail-extern', '--indvars', '--gvn', '--gvn', '--ipsccp', '--gvn', '--nary-reassociate', '--loop-instsimplify', '--early-cse', '--mem2reg', '--jump-threading', '--globalopt', '--elim-avail-extern', '--instcombine', '--simplifycfg', '--sroa', '--gvn-hoist', '--sccp', '--early-cse', '--lower-constant-intrinsics', '--adce', '--gvn-hoist', '--adce', '--lower-constant-intrinsics', '--dse', '--newgvn', '--simplifycfg', '--lower-expect', '--simplifycfg', '--gvn-hoist', '--instcombine', '--globalopt', '--globalopt', '--elim-avail-extern', '--gvn', '--gvn', '--ipsccp', '--gvn', '--nary-reassociate', '--loop-instsimplify', '--early-cse', '--jump-threading', '--slsr', '--globalopt', '--slp-vectorizer', '--instcombine', '--simplifycfg', '--sroa', '--lower-constant-intrinsics', '--early-cse', '--lower-expect', '--sroa', '--early-cse', '--lower-expect', '--sroa', '--sroa', '--lower-expect', '--globalopt', '--elim-avail-extern', '--lower-expect']",79,-4.081624202514705,0.0,-1.4336627935899935,0.0,1,-4.081624202514705,-1.4336627935899935,0.0,-69.54314720812182,12.416712249692692,11.76470588235294,34
836,"['--ipsccp', '--speculative-execution', '--sccp', '--early-cse', '--mem2reg', '--jump-threading', '--globalopt', '--elim-avail-extern', '--instcombine', '--adce', '--jump-threading', '--gvn', '--simplifycfg', '--instsimplify', '--gvn-hoist', '--mergefunc', '--gvn-hoist', '--instcombine', '--globalopt', '--elim-avail-extern', '--indvars', '--gvn', '--gvn', '--ipsccp', '--gvn', '--nary-reassociate', '--loop-instsimplify', '--early-cse', '--mem2reg', '--jump-threading', '--globalopt', '--elim-avail-extern', '--instcombine', '--simplifycfg', '--sroa', '--gvn-hoist', '--sccp', '--early-cse', '--lower-constant-intrinsics', '--adce', '--gvn-hoist', '--adce', '--lower-constant-intrinsics', '--dse', '--newgvn', '--simplifycfg', '--lower-expect', '--simplifycfg', '--gvn-hoist', '--instcombine', '--globalopt', '--globalopt', '--elim-avail-extern', '--gvn', '--gvn', '--ipsccp', '--gvn', '--nary-reassociate', '--loop-instsimplify', '--early-cse', '--jump-threading', '--slsr', '--globalopt', '--slp-vectorizer', '--instcombine', '--simplifycfg', '--sroa', '--lower-constant-intrinsics', '--early-cse', '--lower-expect', '--sroa', '--sroa', '--lower-expect', '--globalopt', '--elim-avail-extern', '--lower-expect']",76,-4.081624202514705,0.0,-1.4336627935899935,0.0,1,-4.081624202514705,-1.4336627935899935,0.0,-69.54314720812182,12.416712249692692,11.76470588235294,34
831,"['--ipsccp', '--speculative-execution', '--sccp', '--early-cse', '--mem2reg', '--jump-threading', '--globalopt', '--elim-avail-extern', '--instcombine', '--adce', '--jump-threading', '--gvn', '--simplifycfg', '--instsimplify', '--gvn-hoist', '--mergefunc', '--gvn-hoist', '--instcombine', '--globalopt', '--elim-avail-extern', '--indvars', '--gvn', '--gvn', '--ipsccp', '--gvn', '--nary-reassociate', '--loop-instsimplify', '--early-cse', '--mem2reg', '--jump-threading', '--globalopt', '--elim-avail-extern', '--instcombine', '--simplifycfg', '--sroa', '--mem2reg', '--gvn-hoist', '--sccp', '--early-cse', '--lower-constant-intrinsics', '--adce', '--gvn-hoist', '--adce', '--lower-constant-intrinsics', '--dse', '--newgvn', '--simplifycfg', '--lower-expect', '--simplifycfg', '--gvn-hoist', '--instcombine', '--globalopt', '--elim-avail-extern', '--gvn', '--gvn', '--ipsccp', '--gvn', '--nary-reassociate', '--lower-constant-intrinsics', '--loop-instsimplify', '--early-cse', '--mem2reg', '--jump-threading', '--globalopt', '--jump-threading', '--globalopt', '--slp-vectorizer', '--instcombine', '--simplifycfg', '--sroa', '--lower-constant-intrinsics', '--early-cse', '--lower-expect', '--lower-expect', '--elim-avail-extern', '--elim-avail-extern', '--lower-expect', '--slsr']",78,-4.081624202514705,0.0,-1.4336627935899935,0.0,1,-4.081624202514705,-1.4336627935899935,0.0,-69.54314720812182,12.416712249692692,11.76470588235294,34
877,"['--ipsccp', '--speculative-execution', '--sccp', '--early-cse', '--mem2reg', '--jump-threading', '--globalopt', '--elim-avail-extern', '--instcombine', '--adce', '--gvn', '--simplifycfg', '--instsimplify', '--gvn-hoist', '--mergefunc', '--gvn-hoist', '--instcombine', '--globalopt', '--elim-avail-extern', '--indvars', '--gvn', '--gvn', '--ipsccp', '--gvn', '--nary-reassociate', '--loop-instsimplify', '--early-cse', '--mem2reg', '--jump-threading', '--globalopt', '--elim-avail-extern', '--instcombine', '--simplifycfg', '--sroa', '--mem2reg', '--gvn-hoist', '--sccp', '--early-cse', '--lower-constant-intrinsics', '--adce', '--gvn-hoist', '--adce', '--loop-simplify', '--dse', '--newgvn', '--simplifycfg', '--lower-expect', '--simplifycfg', '--loop-unroll-and-jam', '--globalopt', '--elim-avail-extern', '--gvn', '--gvn', '--ipsccp', '--gvn', '--nary-reassociate', '--lower-constant-intrinsics', '--loop-instsimplify', '--early-cse', '--mem2reg', '--lower-expect', '--slp-vectorizer', '--instcombine', '--simplifycfg', '--sroa', '--lower-constant-intrinsics', '--early-cse', '--jump-threading', '--sroa', '--sroa', '--lower-expect', '--globalopt', '--elim-avail-extern', '--elim-avail-extern', '--elim-avail-extern', '--lower-expect', '--slsr']",77,-4.081624202514705,0.0,-1.4336627935899935,0.0,1,-4.081624202514705,-1.4336627935899935,0.0,-69.54314720812182,12.416712249692692,11.76470588235294,34
1035,"['--ipsccp', '--speculative-execution', '--sccp', '--early-cse', '--reassociate', '--mem2reg', '--jump-threading', '--globalopt', '--elim-avail-extern', '--instcombine', '--adce', '--jump-threading', '--gvn', '--simplifycfg', '--instsimplify', '--gvn-hoist', '--mergefunc', '--gvn-hoist', '--instcombine', '--globalopt', '--elim-avail-extern', '--indvars', '--gvn', '--gvn', '--ipsccp', '--gvn', '--nary-reassociate', '--loop-instsimplify', '--early-cse', '--mem2reg', '--jump-threading', '--globalopt', '--elim-avail-extern', '--instcombine', '--simplifycfg', '--sroa', '--mem2reg', '--gvn-hoist', '--sccp', '--early-cse', '--lower-constant-intrinsics', '--adce', '--gvn-hoist', '--adce', '--lower-constant-intrinsics', '--dse', '--newgvn', '--lower-expect', '--gvn-hoist', '--instcombine', '--globalopt', '--elim-avail-extern', '--gvn', '--gvn', '--ipsccp', '--gvn', '--nary-reassociate', '--lower-constant-intrinsics', '--early-cse', '--mem2reg', '--jump-threading', '--globalopt', '--slp-vectorizer', '--instcombine', '--simplifycfg', '--sroa', '--early-cse', '--lower-expect', '--sroa', '--sroa', '--lower-expect', '--globalopt', '--elim-avail-extern', '--lower-expect', '--lower-expect', '--elim-avail-extern', '--elim-avail-extern', '--lower-expect', '--slsr']",79,-4.081624202514705,0.0,-1.4336627935899935,0.0,1,-4.081624202514705,-1.4336627935899935,0.0,-69.54314720812182,12.416712249692692,11.76470588235294,34
896,"['--ipsccp', '--speculative-execution', '--sccp', '--early-cse', '--mem2reg', '--jump-threading', '--globalopt', '--elim-avail-extern', '--instcombine', '--adce', '--jump-threading', '--gvn', '--simplifycfg', '--instsimplify', '--gvn-hoist', '--mergefunc', '--gvn-hoist', '--instcombine', '--globalopt', '--elim-avail-extern', '--indvars', '--gvn', '--gvn', '--ipsccp', '--gvn', '--nary-reassociate', '--loop-instsimplify', '--early-cse', '--mem2reg', '--jump-threading', '--globalopt', '--elim-avail-extern', '--instcombine', '--simplifycfg', '--sroa', '--mem2reg', '--gvn-hoist', '--sccp', '--early-cse', '--slsr', '--adce', '--gvn-hoist', '--adce', '--lower-constant-intrinsics', '--dse', '--newgvn', '--lower-expect', '--gvn-hoist', '--instcombine', '--globalopt', '--elim-avail-extern', '--gvn', '--gvn', '--ipsccp', '--gvn', '--nary-reassociate', '--lower-constant-intrinsics', '--nary-reassociate', '--loop-instsimplify', '--early-cse', '--jump-threading', '--lower-constant-intrinsics', '--globalopt', '--slp-vectorizer', '--instcombine', '--simplifycfg', '--sroa', '--lower-constant-intrinsics', '--early-cse', '--lower-expect', '--sroa', '--sroa', '--lower-expect', '--globalopt', '--elim-avail-extern', '--lower-expect']",76,-4.081624202514705,0.0,-1.4336627935899935,0.0,1,-4.081624202514705,-1.4336627935899935,0.0,-69.54314720812182,12.416712249692692,11.76470588235294,34
929,"['--ipsccp', '--speculative-execution', '--sccp', '--early-cse', '--mem2reg', '--jump-threading', '--globalopt', '--elim-avail-extern', '--instcombine', '--adce', '--jump-threading', '--gvn', '--simplifycfg', '--instsimplify', '--gvn-hoist', '--mergefunc', '--gvn-hoist', '--instcombine', '--globalopt', '--elim-avail-extern', '--indvars', '--gvn', '--gvn', '--ipsccp', '--gvn', '--nary-reassociate', '--loop-instsimplify', '--early-cse', '--mem2reg', '--jump-threading', '--globalopt', '--elim-avail-extern', '--instcombine', '--simplifycfg', '--sroa', '--mem2reg', '--mem2reg', '--gvn-hoist', '--sccp', '--early-cse', '--lower-constant-intrinsics', '--adce', '--gvn-hoist', '--adce', '--loop-simplify', '--dse', '--newgvn', '--simplifycfg', '--lower-expect', '--simplifycfg', '--gvn-hoist', '--instcombine', '--globalopt', '--elim-avail-extern', '--gvn', '--gvn', '--gvn', '--gvn', '--ipsccp', '--gvn', '--nary-reassociate', '--loop-idiom', '--loop-instsimplify', '--early-cse', '--mem2reg', '--jump-threading', '--globalopt', '--slp-vectorizer', '--instcombine', '--simplifycfg', '--sroa', '--lower-constant-intrinsics', '--early-cse', '--lower-expect', '--lower-expect', '--elim-avail-extern', '--elim-avail-extern', '--lower-expect', '--slsr']",79,-4.081624202514705,0.0,-1.4336627935899935,0.0,1,-4.081624202514705,-1.4336627935899935,0.0,-69.54314720812182,12.416712249692692,11.76470588235294,34
904,"['--ipsccp', '--speculative-execution', '--sccp', '--early-cse', '--mem2reg', '--jump-threading', '--globalopt', '--elim-avail-extern', '--instcombine', '--adce', '--jump-threading', '--gvn', '--simplifycfg', '--instsimplify', '--gvn-hoist', '--mergefunc', '--gvn-hoist', '--instcombine', '--globalopt', '--elim-avail-extern', '--indvars', '--gvn', '--gvn', '--ipsccp', '--gvn', '--nary-reassociate', '--lower-constant-intrinsics', '--loop-instsimplify', '--strip', '--mem2reg', '--jump-threading', '--globalopt', '--memcpyopt', '--elim-avail-extern', '--simplifycfg', '--sroa', '--mem2reg', '--gvn-hoist', '--sccp', '--early-cse', '--lower-constant-intrinsics', '--adce', '--gvn-hoist', '--adce', '--loop-simplify', '--dse', '--loop-sink', '--instcombine', '--simplifycfg', '--lower-expect', '--simplifycfg', '--gvn-hoist', '--instcombine', '--globalopt', '--elim-avail-extern', '--gvn', '--gvn', '--ipsccp', '--gvn', '--lower-constant-intrinsics', '--loop-instsimplify', '--early-cse', '--mem2reg', '--jump-threading', '--globalopt', '--slp-vectorizer', '--instcombine', '--simplifycfg', '--sroa', '--lower-constant-intrinsics', '--early-cse', '--lower-expect', '--lower-expect', '--loweratomic', '--elim-avail-extern', '--elim-avail-extern', '--lower-expect', '--slsr']",78,-4.081624202514705,0.0,-1.4336627935899935,0.0,1,-4.081624202514705,-1.4336627935899935,0.0,-69.54314720812182,12.416712249692692,11.76470588235294,34
991,"['--ipsccp', '--speculative-execution', '--sccp', '--early-cse', '--mem2reg', '--jump-threading', '--globalopt', '--elim-avail-extern', '--instcombine', '--adce', '--jump-threading', '--gvn', '--simplifycfg', '--instsimplify', '--gvn-hoist', '--mergefunc', '--gvn-hoist', '--instcombine', '--globalopt', '--elim-avail-extern', '--indvars', '--gvn', '--gvn', '--ipsccp', '--gvn', '--nary-reassociate', '--loop-instsimplify', '--early-cse', '--mem2reg', '--jump-threading', '--globalopt', '--elim-avail-extern', '--instcombine', '--simplifycfg', '--sroa', '--gvn-hoist', '--sccp', '--early-cse', '--lower-constant-intrinsics', '--globalopt', '--gvn-hoist', '--adce', '--lower-constant-intrinsics', '--dse', '--newgvn', '--simplifycfg', '--newgvn', '--simplifycfg', '--lower-expect', '--simplifycfg', '--gvn-hoist', '--instcombine', '--globalopt', '--elim-avail-extern', '--gvn', '--gvn', '--ipsccp', '--gvn', '--nary-reassociate', '--lower-constant-intrinsics', '--loop-instsimplify', '--early-cse', '--jump-threading', '--slsr', '--globalopt', '--slp-vectorizer', '--sccp', '--instcombine', '--simplifycfg', '--sroa', '--lower-constant-intrinsics', '--early-cse', '--lower-expect', '--sroa', '--sroa', '--lower-expect', '--globalopt', '--elim-avail-extern', '--lower-expect']",79,-4.081624202514705,0.0,-1.4336627935899935,0.0,1,-4.081624202514705,-1.4336627935899935,0.0,-69.54314720812182,12.416712249692692,11.76470588235294,34
992,"['--ipsccp', '--speculative-execution', '--sccp', '--early-cse', '--mem2reg', '--jump-threading', '--globalopt', '--elim-avail-extern', '--instcombine', '--adce', '--jump-threading', '--gvn', '--simplifycfg', '--instsimplify', '--gvn-hoist', '--correlated-propagation', '--mergefunc', '--gvn-hoist', '--instcombine', '--globalopt', '--elim-avail-extern', '--indvars', '--gvn', '--gvn', '--ipsccp', '--gvn', '--nary-reassociate', '--loop-instsimplify', '--early-cse', '--mem2reg', '--jump-threading', '--globalopt', '--elim-avail-extern', '--instcombine', '--simplifycfg', '--sroa', '--mem2reg', '--mem2reg', '--gvn-hoist', '--sccp', '--early-cse', '--lower-constant-intrinsics', '--adce', '--gvn-hoist', '--loop-simplify', '--dse', '--newgvn', '--simplifycfg', '--lower-expect', '--simplifycfg', '--gvn-hoist', '--instcombine', '--globalopt', '--elim-avail-extern', '--gvn', '--gvn', '--ipsccp', '--gvn', '--nary-reassociate', '--loop-instsimplify', '--early-cse', '--jump-threading', '--slsr', '--globalopt', '--slp-vectorizer', '--instcombine', '--simplifycfg', '--sroa', '--lower-constant-intrinsics', '--early-cse', '--lower-expect', '--sroa', '--sroa', '--lower-expect', '--globalopt', '--elim-avail-extern', '--lower-expect']",77,-4.081624202514705,0.0,-1.4336627935899935,0.0,1,-4.081624202514705,-1.4336627935899935,0.0,-69.54314720812182,12.416712249692692,11.76470588235294,34
994,"['--ipsccp', '--speculative-execution', '--sccp', '--early-cse', '--mem2reg', '--jump-threading', '--globalopt', '--elim-avail-extern', '--instcombine', '--adce', '--jump-threading', '--gvn', '--simplifycfg', '--instsimplify', '--gvn-hoist', '--correlated-propagation', '--mergefunc', '--gvn-hoist', '--instcombine', '--globalopt', '--elim-avail-extern', '--indvars', '--gvn', '--gvn', '--ipsccp', '--gvn', '--nary-reassociate', '--loop-instsimplify', '--early-cse', '--mem2reg', '--jump-threading', '--globalopt', '--elim-avail-extern', '--instcombine', '--simplifycfg', '--sroa', '--mem2reg', '--mem2reg', '--gvn-hoist', '--sccp', '--early-cse', '--lower-constant-intrinsics', '--adce', '--gvn-hoist', '--adce', '--loop-simplify', '--dse', '--newgvn', '--simplifycfg', '--lower-expect', '--loop-guard-widening', '--gvn-hoist', '--instcombine', '--globalopt', '--elim-avail-extern', '--gvn', '--gvn', '--ipsccp', '--gvn', '--nary-reassociate', '--loop-instsimplify', '--early-cse', '--jump-threading', '--slsr', '--globalopt', '--slp-vectorizer', '--instcombine', '--simplifycfg', '--sroa', '--lower-constant-intrinsics', '--early-cse', '--lower-expect', '--sroa', '--sroa', '--lower-expect', '--globalopt', '--elim-avail-extern', '--lower-expect']",78,-4.081624202514705,0.0,-1.4336627935899935,0.0,1,-4.081624202514705,-1.4336627935899935,0.0,-69.54314720812182,12.416712249692692,11.76470588235294,34
923,"['--ipsccp', '--speculative-execution', '--sccp', '--early-cse', '--mem2reg', '--jump-threading', '--globalopt', '--elim-avail-extern', '--instcombine', '--adce', '--jump-threading', '--gvn', '--simplifycfg', '--instsimplify', '--gvn-hoist', '--mergefunc', '--gvn-hoist', '--instcombine', '--ipsccp', '--elim-avail-extern', '--indvars', '--gvn', '--gvn', '--ipsccp', '--gvn', '--nary-reassociate', '--loop-instsimplify', '--loop-instsimplify', '--strip', '--mem2reg', '--jump-threading', '--globalopt', '--elim-avail-extern', '--simplifycfg', '--sroa', '--mem2reg', '--gvn-hoist', '--sccp', '--early-cse', '--lower-constant-intrinsics', '--adce', '--adce', '--gvn-hoist', '--adce', '--loop-simplify', '--dse', '--loop-sink', '--lower-expect', '--simplifycfg', '--loop-unroll-and-jam', '--jump-threading', '--globalopt', '--elim-avail-extern', '--instcombine', '--globalopt', '--elim-avail-extern', '--gvn', '--gvn', '--ipsccp', '--gvn', '--nary-reassociate', '--loop-instsimplify', '--early-cse', '--jump-threading', '--slsr', '--globalopt', '--slp-vectorizer', '--instcombine', '--simplifycfg', '--sroa', '--lower-constant-intrinsics', '--early-cse', '--lower-expect', '--sroa', '--sroa', '--lower-expect', '--globalopt', '--elim-avail-extern', '--lower-expect']",79,-4.081624202514705,0.0,-1.4336627935899935,0.0,1,-4.081624202514705,-1.4336627935899935,0.0,-69.54314720812182,12.416712249692692,11.76470588235294,34
960,"['--ipsccp', '--speculative-execution', '--sccp', '--early-cse', '--mem2reg', '--jump-threading', '--globalopt', '--elim-avail-extern', '--instcombine', '--adce', '--jump-threading', '--gvn', '--simplifycfg', '--instsimplify', '--gvn-hoist', '--mergefunc', '--gvn-hoist', '--instcombine', '--globalopt', '--elim-avail-extern', '--indvars', '--gvn', '--gvn', '--ipsccp', '--gvn', '--nary-reassociate', '--loop-instsimplify', '--early-cse', '--mem2reg', '--jump-threading', '--globalopt', '--elim-avail-extern', '--instcombine', '--simplifycfg', '--sroa', '--mem2reg', '--gvn-hoist', '--sccp', '--early-cse', '--lower-constant-intrinsics', '--adce', '--gvn-hoist', '--adce', '--lower-constant-intrinsics', '--mldst-motion', '--dse', '--newgvn', '--lower-expect', '--gvn-hoist', '--instcombine', '--globalopt', '--elim-avail-extern', '--gvn', '--gvn', '--ipsccp', '--gvn', '--nary-reassociate', '--lower-constant-intrinsics', '--early-cse', '--mem2reg', '--jump-threading', '--globalopt', '--slp-vectorizer', '--instcombine', '--mem2reg', '--jump-threading', '--globalopt', '--slp-vectorizer', '--instcombine', '--simplifycfg', '--sroa', '--lower-constant-intrinsics', '--early-cse', '--lower-expect', '--lower-expect', '--elim-avail-extern', '--elim-avail-extern', '--lower-expect', '--slsr']",79,-4.081624202514705,0.0,-1.4336627935899935,0.0,1,-4.081624202514705,-1.4336627935899935,0.0,-69.54314720812182,12.416712249692692,11.76470588235294,34
2305,"['--ipsccp', '--speculative-execution', '--sccp', '--lower-constant-intrinsics', '--early-cse', '--mem2reg', '--jump-threading', '--globalopt', '--elim-avail-extern', '--instcombine', '--loop-instsimplify', '--jump-threading', '--simplifycfg', '--instsimplify', '--inline', '--mergefunc', '--gvn-hoist', '--instcombine', '--globalopt', '--elim-avail-extern', '--loweratomic', '--indvars', '--globalopt', '--gvn', '--gvn', '--ipsccp', '--gvn', '--nary-reassociate', '--adce', '--early-cse', '--mem2reg', '--jump-threading', '--globalopt', '--elim-avail-extern', '--instcombine', '--simplifycfg', '--sroa', '--mem2reg', '--globaldce', '--gvn-hoist', '--sccp', '--early-cse', '--lower-constant-intrinsics', '--adce', '--slsr', '--gvn-hoist', '--adce', '--loop-simplify', '--dse', '--scalarizer', '--adce', '--loop-simplify', '--dse', '--scalarizer', '--simplifycfg', '--mergereturn', '--lower-expect', '--elim-avail-extern', '--lower-constant-intrinsics', '--ipsccp', '--nary-reassociate', '--gvn', '--jump-threading', '--indvars', '--slp-vectorizer', '--instcombine', '--slp-vectorizer', '--instcombine', '--simplifycfg', '--sroa', '--early-cse', '--lower-expect', '--sroa', '--sroa', '--aggressive-instcombine']",75,-4.082213881648743,0.0,-0.873358370173131,0.0,1,-4.082213881648743,-0.873358370173131,0.5620873773639496,-68.02030456852792,12.213127510777174,14.705882352941178,34
908,"['--ipsccp', '--speculative-execution', '--sccp', '--early-cse', '--mem2reg', '--jump-threading', '--globalopt', '--elim-avail-extern', '--instcombine', '--adce', '--jump-threading', '--gvn', '--simplifycfg', '--instsimplify', '--gvn-hoist', '--mergefunc', '--gvn-hoist', '--instcombine', '--globalopt', '--ipsccp', '--elim-avail-extern', '--indvars', '--gvn', '--gvn', '--ipsccp', '--gvn', '--nary-reassociate', '--lower-constant-intrinsics', '--loop-instsimplify', '--strip', '--mem2reg', '--jump-threading', '--correlated-propagation', '--globalopt', '--elim-avail-extern', '--simplifycfg', '--sroa', '--mem2reg', '--gvn-hoist', '--sccp', '--early-cse', '--lower-constant-intrinsics', '--loop-fusion', '--gvn-hoist', '--adce', '--gvn-hoist', '--adce', '--loop-simplify', '--dse', '--newgvn', '--simplifycfg', '--lower-expect', '--simplifycfg', '--gvn-hoist', '--instcombine', '--globalopt', '--elim-avail-extern', '--gvn', '--gvn', '--ipsccp', '--gvn', '--nary-reassociate', '--loop-instsimplify', '--early-cse', '--jump-threading', '--slsr', '--globalopt', '--slp-vectorizer', '--instcombine', '--simplifycfg', '--sroa', '--lower-constant-intrinsics', '--early-cse', '--lower-expect', '--sroa', '--sroa', '--lower-expect', '--globalopt', '--elim-avail-extern', '--lower-expect']",80,-4.086761674250858,0.0,-1.4406655947104416,0.0,1,-4.086761674250858,-1.4406655947104416,0.0,-69.54314720812182,12.415565958650854,11.76470588235294,34
986,"['--ipsccp', '--speculative-execution', '--sccp', '--early-cse', '--mem2reg', '--jump-threading', '--globalopt', '--elim-avail-extern', '--instcombine', '--adce', '--jump-threading', '--gvn', '--simplifycfg', '--instsimplify', '--gvn-hoist', '--mergefunc', '--gvn-hoist', '--instcombine', '--elim-avail-extern', '--indvars', '--gvn', '--gvn', '--ipsccp', '--gvn', '--nary-reassociate', '--lower-constant-intrinsics', '--loop-instsimplify', '--strip', '--mem2reg', '--jump-threading', '--globalopt', '--elim-avail-extern', '--elim-avail-extern', '--simplifycfg', '--sroa', '--mem2reg', '--gvn-hoist', '--sccp', '--early-cse', '--lower-constant-intrinsics', '--adce', '--gvn-hoist', '--adce', '--loop-simplify', '--dse', '--loop-sink', '--newgvn', '--simplifycfg', '--lower-expect', '--simplifycfg', '--gvn-hoist', '--elim-avail-extern', '--instcombine', '--globalopt', '--elim-avail-extern', '--gvn', '--gvn', '--ipsccp', '--gvn', '--nary-reassociate', '--loop-instsimplify', '--early-cse', '--jump-threading', '--slsr', '--globalopt', '--slp-vectorizer', '--instcombine', '--simplifycfg', '--sroa', '--lower-constant-intrinsics', '--early-cse', '--lower-expect', '--sroa', '--sroa', '--lower-expect', '--globalopt', '--elim-avail-extern', '--lower-expect']",78,-4.086761674250858,0.0,-1.4406655947104416,0.0,1,-4.086761674250858,-1.4406655947104416,0.0,-69.54314720812182,12.415565958650854,11.76470588235294,34
740,"['--ipsccp', '--speculative-execution', '--sccp', '--early-cse', '--mem2reg', '--jump-threading', '--globalopt', '--elim-avail-extern', '--instcombine', '--adce', '--jump-threading', '--gvn', '--simplifycfg', '--instsimplify', '--gvn-hoist', '--mergefunc', '--gvn-hoist', '--instcombine', '--globalopt', '--elim-avail-extern', '--indvars', '--gvn', '--gvn', '--ipsccp', '--gvn', '--nary-reassociate', '--lower-constant-intrinsics', '--loop-instsimplify', '--strip', '--mem2reg', '--jump-threading', '--globalopt', '--memcpyopt', '--elim-avail-extern', '--simplifycfg', '--sroa', '--mem2reg', '--gvn-hoist', '--sccp', '--early-cse', '--lower-constant-intrinsics', '--adce', '--gvn-hoist', '--adce', '--loop-simplify', '--dse', '--loop-sink', '--newgvn', '--simplifycfg', '--lower-expect', '--simplifycfg', '--gvn-hoist', '--instcombine', '--globalopt', '--elim-avail-extern', '--gvn', '--gvn', '--ipsccp', '--gvn', '--nary-reassociate', '--lower-constant-intrinsics', '--loop-instsimplify', '--early-cse', '--mem2reg', '--jump-threading', '--globalopt', '--slp-vectorizer', '--instcombine', '--simplifycfg', '--sroa', '--lower-constant-intrinsics', '--early-cse', '--lower-expect', '--lower-expect', '--elim-avail-extern', '--elim-avail-extern', '--lower-expect', '--slsr']",78,-4.086761674250858,0.0,-1.4406655947104416,0.0,1,-4.086761674250858,-1.4406655947104416,0.0,-69.54314720812182,12.415565958650854,11.76470588235294,34
870,"['--ipsccp', '--speculative-execution', '--lower-expect', '--early-cse', '--mem2reg', '--jump-threading', '--globalopt', '--elim-avail-extern', '--instcombine', '--adce', '--jump-threading', '--gvn', '--simplifycfg', '--instsimplify', '--gvn-hoist', '--mergefunc', '--gvn-hoist', '--instcombine', '--globalopt', '--elim-avail-extern', '--indvars', '--gvn', '--gvn', '--ipsccp', '--gvn', '--nary-reassociate', '--lower-constant-intrinsics', '--loop-instsimplify', '--strip', '--mem2reg', '--jump-threading', '--globalopt', '--memcpyopt', '--elim-avail-extern', '--simplifycfg', '--sroa', '--mem2reg', '--gvn-hoist', '--early-cse', '--early-cse', '--lower-constant-intrinsics', '--adce', '--gvn-hoist', '--adce', '--loop-simplify', '--dse', '--loop-sink', '--newgvn', '--reassociate', '--simplifycfg', '--lower-expect', '--simplifycfg', '--gvn-hoist', '--instcombine', '--globalopt', '--elim-avail-extern', '--gvn', '--gvn', '--ipsccp', '--gvn', '--lower-constant-intrinsics', '--loop-instsimplify', '--early-cse', '--mem2reg', '--jump-threading', '--globalopt', '--slp-vectorizer', '--instcombine', '--simplifycfg', '--sroa', '--lower-constant-intrinsics', '--early-cse', '--lower-expect', '--lower-expect', '--elim-avail-extern', '--elim-avail-extern', '--lower-expect', '--slsr']",78,-4.086761674250858,0.0,-1.4406655947104416,0.0,1,-4.086761674250858,-1.4406655947104416,0.0,-69.54314720812182,12.415565958650854,11.76470588235294,34
871,"['--ipsccp', '--speculative-execution', '--sccp', '--early-cse', '--mem2reg', '--jump-threading', '--globalopt', '--elim-avail-extern', '--instcombine', '--adce', '--jump-threading', '--gvn', '--simplifycfg', '--instsimplify', '--gvn-hoist', '--mergefunc', '--gvn-hoist', '--instcombine', '--globalopt', '--elim-avail-extern', '--indvars', '--gvn', '--gvn', '--ipsccp', '--gvn', '--nary-reassociate', '--lower-constant-intrinsics', '--loop-instsimplify', '--strip', '--mem2reg', '--jump-threading', '--globalopt', '--memcpyopt', '--elim-avail-extern', '--simplifycfg', '--sroa', '--mem2reg', '--gvn-hoist', '--sccp', '--early-cse', '--lower-constant-intrinsics', '--adce', '--gvn-hoist', '--adce', '--loop-simplify', '--dse', '--loop-sink', '--newgvn', '--simplifycfg', '--simplifycfg', '--gvn-hoist', '--instcombine', '--globalopt', '--elim-avail-extern', '--gvn', '--gvn', '--ipsccp', '--gvn', '--nary-reassociate', '--loop-instsimplify', '--early-cse', '--jump-threading', '--slsr', '--globalopt', '--slp-vectorizer', '--instcombine', '--simplifycfg', '--sroa', '--lower-constant-intrinsics', '--early-cse', '--lower-expect', '--sroa', '--sroa', '--lower-expect', '--globalopt', '--elim-avail-extern', '--lower-expect']",77,-4.086761674250858,0.0,-1.4406655947104416,0.0,1,-4.086761674250858,-1.4406655947104416,0.0,-69.54314720812182,12.415565958650854,11.76470588235294,34
898,"['--ipsccp', '--speculative-execution', '--sccp', '--early-cse', '--mem2reg', '--jump-threading', '--globalopt', '--elim-avail-extern', '--instcombine', '--adce', '--jump-threading', '--gvn', '--simplifycfg', '--instsimplify', '--gvn-hoist', '--mergefunc', '--gvn-hoist', '--instcombine', '--globalopt', '--elim-avail-extern', '--indvars', '--gvn', '--gvn', '--ipsccp', '--gvn', '--nary-reassociate', '--lower-constant-intrinsics', '--loop-instsimplify', '--strip', '--mem2reg', '--jump-threading', '--globalopt', '--elim-avail-extern', '--elim-avail-extern', '--simplifycfg', '--sroa', '--mem2reg', '--gvn-hoist', '--sccp', '--early-cse', '--lower-constant-intrinsics', '--adce', '--gvn-hoist', '--adce', '--loop-simplify', '--dse', '--loop-sink', '--newgvn', '--simplifycfg', '--lower-expect', '--simplifycfg', '--gvn-hoist', '--elim-avail-extern', '--instcombine', '--globalopt', '--elim-avail-extern', '--gvn', '--gvn', '--ipsccp', '--gvn', '--nary-reassociate', '--loop-instsimplify', '--early-cse', '--jump-threading', '--slsr', '--globalopt', '--slp-vectorizer', '--instcombine', '--simplifycfg', '--sroa', '--lower-constant-intrinsics', '--early-cse', '--lower-expect', '--sroa', '--sroa', '--lower-expect', '--globalopt', '--elim-avail-extern', '--lower-expect']",79,-4.086761674250858,0.0,-1.4406655947104416,0.0,1,-4.086761674250858,-1.4406655947104416,0.0,-69.54314720812182,12.415565958650854,11.76470588235294,34
980,"['--ipsccp', '--speculative-execution', '--sccp', '--early-cse', '--mem2reg', '--jump-threading', '--globalopt', '--elim-avail-extern', '--instcombine', '--adce', '--jump-threading', '--gvn', '--simplifycfg', '--instsimplify', '--gvn-hoist', '--mergefunc', '--gvn-hoist', '--instcombine', '--globalopt', '--elim-avail-extern', '--indvars', '--gvn', '--gvn', '--ipsccp', '--gvn', '--nary-reassociate', '--lower-constant-intrinsics', '--loop-instsimplify', '--strip', '--globalopt', '--jump-threading', '--globalopt', '--elim-avail-extern', '--simplifycfg', '--sroa', '--mem2reg', '--gvn-hoist', '--sccp', '--early-cse', '--lower-constant-intrinsics', '--adce', '--adce', '--gvn-hoist', '--adce', '--loop-simplify', '--dse', '--loop-sink', '--newgvn', '--simplifycfg', '--lower-expect', '--simplifycfg', '--gvn-hoist', '--loop-predication', '--instcombine', '--mem2reg', '--elim-avail-extern', '--ipsccp', '--gvn', '--loop-instsimplify', '--early-cse', '--loop-instsimplify', '--early-cse', '--mem2reg', '--jump-threading', '--globalopt', '--slp-vectorizer', '--instcombine', '--simplifycfg', '--sroa', '--lower-constant-intrinsics', '--early-cse', '--lower-expect', '--lower-expect', '--loweratomic', '--elim-avail-extern', '--elim-avail-extern', '--lower-expect', '--slsr']",78,-4.086761674250858,0.0,-1.4406655947104416,0.0,1,-4.086761674250858,-1.4406655947104416,0.0,-69.54314720812182,12.415565958650854,11.76470588235294,34
698,"['--ipsccp', '--speculative-execution', '--sccp', '--early-cse', '--mem2reg', '--jump-threading', '--globalopt', '--elim-avail-extern', '--instcombine', '--adce', '--jump-threading', '--gvn', '--simplifycfg', '--instsimplify', '--gvn-hoist', '--mergefunc', '--gvn-hoist', '--instcombine', '--globalopt', '--elim-avail-extern', '--indvars', '--gvn', '--gvn', '--ipsccp', '--gvn', '--nary-reassociate', '--lower-constant-intrinsics', '--loop-instsimplify', '--strip', '--mem2reg', '--jump-threading', '--globalopt', '--memcpyopt', '--elim-avail-extern', '--simplifycfg', '--sroa', '--mem2reg', '--gvn-hoist', '--sccp', '--early-cse', '--lower-constant-intrinsics', '--adce', '--gvn-hoist', '--adce', '--loop-simplify', '--dse', '--newgvn', '--simplifycfg', '--lower-expect', '--simplifycfg', '--gvn-hoist', '--instcombine', '--globalopt', '--elim-avail-extern', '--gvn', '--gvn', '--ipsccp', '--gvn', '--nary-reassociate', '--lower-constant-intrinsics', '--loop-instsimplify', '--early-cse', '--jump-threading', '--slsr', '--globalopt', '--slp-vectorizer', '--instcombine', '--simplifycfg', '--sroa', '--lower-constant-intrinsics', '--early-cse', '--lower-expect', '--sroa', '--sroa', '--lower-expect', '--globalopt', '--elim-avail-extern', '--lower-expect']",78,-4.086761674250858,0.0,-1.4406655947104416,0.0,1,-4.086761674250858,-1.4406655947104416,0.0,-69.54314720812182,12.415565958650854,11.76470588235294,34
886,"['--ipsccp', '--speculative-execution', '--lower-expect', '--early-cse', '--mem2reg', '--jump-threading', '--globalopt', '--elim-avail-extern', '--instcombine', '--adce', '--jump-threading', '--gvn', '--simplifycfg', '--instsimplify', '--gvn-hoist', '--loop-fusion', '--mergefunc', '--gvn-hoist', '--instcombine', '--globalopt', '--elim-avail-extern', '--indvars', '--gvn', '--gvn', '--ipsccp', '--gvn', '--nary-reassociate', '--lower-constant-intrinsics', '--loop-instsimplify', '--strip', '--mem2reg', '--jump-threading', '--globalopt', '--memcpyopt', '--elim-avail-extern', '--simplifycfg', '--sroa', '--mem2reg', '--gvn-hoist', '--sccp', '--lower-constant-intrinsics', '--adce', '--gvn-hoist', '--adce', '--loop-simplify', '--dse', '--newgvn', '--simplifycfg', '--lower-expect', '--simplifycfg', '--gvn-hoist', '--instcombine', '--globalopt', '--elim-avail-extern', '--gvn', '--gvn', '--ipsccp', '--gvn', '--nary-reassociate', '--loop-instsimplify', '--early-cse', '--jump-threading', '--slsr', '--globalopt', '--slp-vectorizer', '--instcombine', '--simplifycfg', '--sroa', '--lower-constant-intrinsics', '--early-cse', '--lower-expect', '--sroa', '--sroa', '--lower-expect', '--globalopt', '--elim-avail-extern', '--lower-expect']",77,-4.086761674250858,0.0,-1.4406655947104416,0.0,1,-4.086761674250858,-1.4406655947104416,0.0,-69.54314720812182,12.415565958650854,11.76470588235294,34
883,"['--ipsccp', '--speculative-execution', '--sccp', '--early-cse', '--mem2reg', '--jump-threading', '--globalopt', '--elim-avail-extern', '--instcombine', '--adce', '--jump-threading', '--gvn', '--simplifycfg', '--instsimplify', '--gvn-hoist', '--mergefunc', '--gvn-hoist', '--instcombine', '--globalopt', '--elim-avail-extern', '--indvars', '--gvn', '--gvn', '--ipsccp', '--gvn', '--nary-reassociate', '--lower-constant-intrinsics', '--loop-instsimplify', '--strip', '--mem2reg', '--jump-threading', '--globalopt', '--memcpyopt', '--elim-avail-extern', '--simplifycfg', '--sroa', '--mem2reg', '--gvn-hoist', '--sccp', '--early-cse', '--lower-constant-intrinsics', '--adce', '--gvn-hoist', '--adce', '--loop-simplify', '--dse', '--newgvn', '--simplifycfg', '--lower-expect', '--simplifycfg', '--gvn-hoist', '--instcombine', '--globalopt', '--elim-avail-extern', '--gvn', '--gvn', '--ipsccp', '--gvn', '--nary-reassociate', '--lower-constant-intrinsics', '--irce', '--early-cse', '--jump-threading', '--slsr', '--globalopt', '--slp-vectorizer', '--instcombine', '--simplifycfg', '--sroa', '--lower-constant-intrinsics', '--early-cse', '--lower-expect', '--sroa', '--sroa', '--lower-expect', '--globalopt', '--elim-avail-extern', '--lower-expect']",78,-4.086761674250858,0.0,-1.4406655947104416,0.0,1,-4.086761674250858,-1.4406655947104416,0.0,-69.54314720812182,12.415565958650854,11.76470588235294,34
921,"['--ipsccp', '--speculative-execution', '--sccp', '--early-cse', '--mem2reg', '--jump-threading', '--globalopt', '--elim-avail-extern', '--instcombine', '--adce', '--jump-threading', '--gvn', '--simplifycfg', '--instsimplify', '--gvn-hoist', '--mergefunc', '--gvn-hoist', '--instcombine', '--globalopt', '--elim-avail-extern', '--indvars', '--gvn', '--gvn', '--ipsccp', '--gvn', '--nary-reassociate', '--loop-instsimplify', '--early-cse', '--mem2reg', '--jump-threading', '--globalopt', '--globalopt', '--memcpyopt', '--elim-avail-extern', '--simplifycfg', '--sroa', '--mem2reg', '--gvn-hoist', '--sccp', '--early-cse', '--lower-constant-intrinsics', '--adce', '--gvn-hoist', '--adce', '--loop-simplify', '--dse', '--loop-sink', '--newgvn', '--simplifycfg', '--simplifycfg', '--gvn-hoist', '--instcombine', '--globalopt', '--elim-avail-extern', '--gvn', '--gvn', '--ipsccp', '--gvn', '--nary-reassociate', '--loop-instsimplify', '--early-cse', '--jump-threading', '--slsr', '--globalopt', '--slp-vectorizer', '--instcombine', '--simplifycfg', '--sroa', '--lower-constant-intrinsics', '--early-cse', '--lower-expect', '--sroa', '--sroa', '--jump-threading', '--lower-expect', '--globalopt', '--elim-avail-extern', '--lower-expect']",78,-4.086761674250858,0.0,-1.4406655947104416,0.0,1,-4.086761674250858,-1.4406655947104416,0.0,-69.54314720812182,12.415565958650854,11.76470588235294,34
922,"['--ipsccp', '--speculative-execution', '--sccp', '--early-cse', '--mem2reg', '--jump-threading', '--globalopt', '--elim-avail-extern', '--instcombine', '--adce', '--jump-threading', '--gvn', '--simplifycfg', '--instsimplify', '--gvn-hoist', '--mergefunc', '--gvn-hoist', '--instcombine', '--loop-vectorize', '--elim-avail-extern', '--indvars', '--gvn', '--gvn', '--ipsccp', '--gvn', '--nary-reassociate', '--lower-constant-intrinsics', '--loop-instsimplify', '--strip', '--mem2reg', '--jump-threading', '--globalopt', '--memcpyopt', '--elim-avail-extern', '--simplifycfg', '--sroa', '--mem2reg', '--gvn-hoist', '--sccp', '--early-cse', '--lower-constant-intrinsics', '--adce', '--gvn-hoist', '--adce', '--loop-simplify', '--dse', '--loop-sink', '--newgvn', '--adce', '--simplifycfg', '--simplifycfg', '--gvn-hoist', '--instcombine', '--globalopt', '--elim-avail-extern', '--gvn', '--gvn', '--ipsccp', '--gvn', '--nary-reassociate', '--loop-instsimplify', '--early-cse', '--jump-threading', '--slsr', '--globalopt', '--slp-vectorizer', '--instcombine', '--simplifycfg', '--sroa', '--lower-constant-intrinsics', '--early-cse', '--lower-expect', '--sroa', '--sroa', '--lower-expect', '--globalopt', '--elim-avail-extern', '--lower-expect']",78,-4.086761674250858,0.0,-1.4406655947104416,0.0,1,-4.086761674250858,-1.4406655947104416,0.0,-69.54314720812182,12.415565958650854,11.76470588235294,34
882,"['--ipsccp', '--speculative-execution', '--sccp', '--early-cse', '--mem2reg', '--jump-threading', '--globalopt', '--elim-avail-extern', '--instcombine', '--adce', '--jump-threading', '--gvn', '--simplifycfg', '--instsimplify', '--mergefunc', '--gvn-hoist', '--instcombine', '--globalopt', '--elim-avail-extern', '--indvars', '--gvn', '--gvn', '--ipsccp', '--gvn', '--nary-reassociate', '--lower-constant-intrinsics', '--loop-instsimplify', '--strip', '--mem2reg', '--jump-threading', '--globalopt', '--memcpyopt', '--elim-avail-extern', '--simplifycfg', '--sroa', '--mem2reg', '--gvn-hoist', '--sccp', '--early-cse', '--lower-constant-intrinsics', '--adce', '--gvn-hoist', '--adce', '--loop-simplify', '--dse', '--loop-sink', '--newgvn', '--simplifycfg', '--lower-expect', '--simplifycfg', '--gvn-hoist', '--instcombine', '--globalopt', '--elim-avail-extern', '--gvn', '--gvn', '--ipsccp', '--gvn', '--lower-constant-intrinsics', '--loop-instsimplify', '--early-cse', '--mem2reg', '--jump-threading', '--globalopt', '--slp-vectorizer', '--instcombine', '--simplifycfg', '--sroa', '--lower-constant-intrinsics', '--early-cse', '--lower-expect', '--lower-expect', '--loweratomic', '--elim-avail-extern', '--elim-avail-extern', '--lower-expect', '--slsr']",77,-4.086761674250858,0.0,-1.4406655947104416,0.0,1,-4.086761674250858,-1.4406655947104416,0.0,-69.54314720812182,12.415565958650854,11.76470588235294,34
925,"['--speculative-execution', '--lower-expect', '--early-cse', '--mem2reg', '--jump-threading', '--globalopt', '--elim-avail-extern', '--instcombine', '--adce', '--jump-threading', '--gvn', '--simplifycfg', '--instsimplify', '--gvn-hoist', '--mergefunc', '--gvn-hoist', '--instcombine', '--globalopt', '--elim-avail-extern', '--indvars', '--gvn', '--gvn', '--ipsccp', '--gvn', '--nary-reassociate', '--lower-constant-intrinsics', '--loop-instsimplify', '--strip', '--mem2reg', '--jump-threading', '--globalopt', '--memcpyopt', '--elim-avail-extern', '--simplifycfg', '--sroa', '--mem2reg', '--gvn-hoist', '--early-cse', '--early-cse', '--lower-constant-intrinsics', '--adce', '--gvn-hoist', '--adce', '--loop-simplify', '--dse', '--loop-sink', '--newgvn', '--reassociate', '--simplifycfg', '--lower-expect', '--simplifycfg', '--gvn-hoist', '--instcombine', '--globalopt', '--elim-avail-extern', '--gvn', '--gvn', '--ipsccp', '--gvn', '--lower-constant-intrinsics', '--loop-instsimplify', '--early-cse', '--mem2reg', '--jump-threading', '--globalopt', '--slp-vectorizer', '--instcombine', '--simplifycfg', '--sroa', '--lower-constant-intrinsics', '--early-cse', '--lower-expect', '--lower-expect', '--elim-avail-extern', '--elim-avail-extern', '--lower-expect', '--slsr']",77,-4.086761674250858,0.0,-1.4406655947104416,0.0,1,-4.086761674250858,-1.4406655947104416,0.0,-69.54314720812182,12.415565958650854,11.76470588235294,34
927,"['--ipsccp', '--speculative-execution', '--sccp', '--early-cse', '--mem2reg', '--jump-threading', '--globalopt', '--elim-avail-extern', '--instcombine', '--adce', '--jump-threading', '--gvn', '--simplifycfg', '--instsimplify', '--gvn-hoist', '--mergefunc', '--gvn-hoist', '--instcombine', '--globalopt', '--elim-avail-extern', '--indvars', '--gvn', '--gvn', '--ipsccp', '--gvn', '--nary-reassociate', '--lower-constant-intrinsics', '--loop-instsimplify', '--strip', '--mem2reg', '--jump-threading', '--correlated-propagation', '--globalopt', '--elim-avail-extern', '--simplifycfg', '--sroa', '--mem2reg', '--gvn-hoist', '--sccp', '--early-cse', '--loop-fusion', '--gvn-hoist', '--adce', '--gvn-hoist', '--adce', '--loop-simplify', '--dse', '--newgvn', '--simplifycfg', '--lower-expect', '--simplifycfg', '--gvn-hoist', '--instcombine', '--globalopt', '--elim-avail-extern', '--gvn', '--gvn', '--ipsccp', '--gvn', '--early-cse', '--jump-threading', '--slsr', '--globalopt', '--slp-vectorizer', '--instcombine', '--simplifycfg', '--sroa', '--lower-constant-intrinsics', '--early-cse', '--lower-expect', '--sroa', '--sroa', '--lower-expect', '--globalopt', '--elim-avail-extern', '--lower-expect']",76,-4.086761674250858,0.0,-1.4406655947104416,0.0,1,-4.086761674250858,-1.4406655947104416,0.0,-69.54314720812182,12.415565958650854,11.76470588235294,34
928,"['--ipsccp', '--speculative-execution', '--sccp', '--early-cse', '--mem2reg', '--jump-threading', '--globalopt', '--elim-avail-extern', '--instcombine', '--adce', '--jump-threading', '--gvn', '--simplifycfg', '--instsimplify', '--gvn-hoist', '--mergefunc', '--gvn-hoist', '--instcombine', '--globalopt', '--elim-avail-extern', '--indvars', '--gvn', '--gvn', '--ipsccp', '--gvn', '--nary-reassociate', '--lower-constant-intrinsics', '--loop-instsimplify', '--strip', '--mem2reg', '--jump-threading', '--correlated-propagation', '--globalopt', '--elim-avail-extern', '--simplifycfg', '--sroa', '--mem2reg', '--gvn-hoist', '--sccp', '--early-cse', '--lower-constant-intrinsics', '--loop-fusion', '--gvn-hoist', '--adce', '--gvn-hoist', '--adce', '--loop-simplify', '--dse', '--newgvn', '--simplifycfg', '--lower-expect', '--gvn-hoist', '--instcombine', '--globalopt', '--elim-avail-extern', '--gvn', '--gvn', '--ipsccp', '--gvn', '--nary-reassociate', '--loop-instsimplify', '--early-cse', '--jump-threading', '--slsr', '--globalopt', '--slp-vectorizer', '--instcombine', '--simplifycfg', '--sroa', '--lower-constant-intrinsics', '--sroa', '--lower-expect', '--globalopt', '--elim-avail-extern', '--lower-expect']",75,-4.086761674250858,0.0,-1.4406655947104416,0.0,1,-4.086761674250858,-1.4406655947104416,0.0,-69.54314720812182,12.415565958650854,11.76470588235294,34
931,"['--ipsccp', '--speculative-execution', '--sccp', '--early-cse', '--mem2reg', '--jump-threading', '--globalopt', '--elim-avail-extern', '--instcombine', '--adce', '--jump-threading', '--lowerinvoke', '--gvn', '--simplifycfg', '--instsimplify', '--gvn-hoist', '--mergefunc', '--gvn-hoist', '--instcombine', '--globalopt', '--elim-avail-extern', '--indvars', '--gvn', '--gvn', '--ipsccp', '--gvn', '--nary-reassociate', '--lower-constant-intrinsics', '--loop-instsimplify', '--strip', '--mem2reg', '--jump-threading', '--globalopt', '--memcpyopt', '--elim-avail-extern', '--simplifycfg', '--sroa', '--mem2reg', '--gvn-hoist', '--sccp', '--early-cse', '--lower-constant-intrinsics', '--adce', '--gvn-hoist', '--adce', '--loop-simplify', '--dse', '--newgvn', '--simplifycfg', '--lower-expect', '--simplifycfg', '--gvn-hoist', '--instcombine', '--globalopt', '--elim-avail-extern', '--gvn', '--gvn', '--ipsccp', '--gvn', '--nary-reassociate', '--loop-instsimplify', '--nary-reassociate', '--loop-instsimplify', '--early-cse', '--jump-threading', '--slsr', '--globalopt', '--slp-vectorizer', '--instcombine', '--simplifycfg', '--sroa', '--lower-constant-intrinsics', '--early-cse', '--lower-expect', '--sroa', '--sroa', '--lower-expect', '--globalopt', '--elim-avail-extern', '--lower-expect']",80,-4.086761674250858,0.0,-1.4406655947104416,0.0,1,-4.086761674250858,-1.4406655947104416,0.0,-69.54314720812182,12.415565958650854,11.76470588235294,34
933,"['--ipsccp', '--speculative-execution', '--sccp', '--early-cse', '--mem2reg', '--jump-threading', '--globalopt', '--elim-avail-extern', '--instcombine', '--adce', '--jump-threading', '--gvn', '--simplifycfg', '--instsimplify', '--gvn-hoist', '--mergefunc', '--gvn-hoist', '--instcombine', '--globalopt', '--indvars', '--gvn', '--gvn', '--ipsccp', '--gvn', '--nary-reassociate', '--lower-constant-intrinsics', '--loop-instsimplify', '--strip', '--mem2reg', '--jump-threading', '--globalopt', '--memcpyopt', '--elim-avail-extern', '--simplifycfg', '--sroa', '--mem2reg', '--gvn-hoist', '--sccp', '--early-cse', '--lower-constant-intrinsics', '--adce', '--gvn-hoist', '--adce', '--loop-simplify', '--dse', '--loop-sink', '--newgvn', '--simplifycfg', '--lower-expect', '--simplifycfg', '--gvn-hoist', '--instcombine', '--slsr', '--elim-avail-extern', '--gvn', '--gvn', '--ipsccp', '--gvn', '--lower-constant-intrinsics', '--loop-instsimplify', '--early-cse', '--mem2reg', '--jump-threading', '--globalopt', '--slp-vectorizer', '--instcombine', '--simplifycfg', '--sroa', '--lower-constant-intrinsics', '--early-cse', '--lower-expect', '--lower-expect', '--elim-avail-extern', '--elim-avail-extern', '--lower-expect', '--slsr']",76,-4.086761674250858,0.0,-1.4406655947104416,0.0,1,-4.086761674250858,-1.4406655947104416,0.0,-69.54314720812182,12.415565958650854,11.76470588235294,34
881,"['--ipsccp', '--speculative-execution', '--sccp', '--early-cse', '--mem2reg', '--jump-threading', '--globalopt', '--elim-avail-extern', '--instcombine', '--adce', '--jump-threading', '--gvn', '--simplifycfg', '--instsimplify', '--gvn-hoist', '--mergefunc', '--gvn-hoist', '--instcombine', '--globalopt', '--elim-avail-extern', '--indvars', '--gvn', '--gvn', '--ipsccp', '--gvn', '--gvn', '--nary-reassociate', '--lower-constant-intrinsics', '--loop-instsimplify', '--strip', '--mem2reg', '--jump-threading', '--globalopt', '--memcpyopt', '--elim-avail-extern', '--simplifycfg', '--sroa', '--mem2reg', '--gvn-hoist', '--sccp', '--early-cse', '--lower-constant-intrinsics', '--adce', '--gvn-hoist', '--adce', '--loop-simplify', '--dse', '--newgvn', '--simplifycfg', '--lower-expect', '--simplifycfg', '--gvn-hoist', '--instcombine', '--globalopt', '--elim-avail-extern', '--gvn', '--gvn', '--ipsccp', '--gvn', '--lower-constant-intrinsics', '--loop-instsimplify', '--early-cse', '--mem2reg', '--jump-threading', '--globalopt', '--slp-vectorizer', '--instcombine', '--simplifycfg', '--sroa', '--lower-constant-intrinsics', '--early-cse', '--lower-expect', '--lower-expect', '--elim-avail-extern', '--elim-avail-extern', '--lower-expect', '--slsr']",77,-4.086761674250858,0.0,-1.4406655947104416,0.0,1,-4.086761674250858,-1.4406655947104416,0.0,-69.54314720812182,12.415565958650854,11.76470588235294,34
935,"['--ipsccp', '--speculative-execution', '--sccp', '--early-cse', '--mem2reg', '--jump-threading', '--globalopt', '--elim-avail-extern', '--instcombine', '--adce', '--jump-threading', '--gvn', '--simplifycfg', '--instsimplify', '--gvn-hoist', '--mergefunc', '--gvn-hoist', '--instcombine', '--globalopt', '--elim-avail-extern', '--indvars', '--gvn', '--gvn', '--ipsccp', '--gvn', '--nary-reassociate', '--lower-constant-intrinsics', '--loop-instsimplify', '--strip', '--mem2reg', '--jump-threading', '--correlated-propagation', '--globalopt', '--elim-avail-extern', '--simplifycfg', '--sroa', '--mem2reg', '--gvn-hoist', '--sccp', '--early-cse', '--lower-constant-intrinsics', '--loop-fusion', '--gvn-hoist', '--adce', '--gvn-hoist', '--adce', '--loop-simplify', '--dse', '--newgvn', '--irce', '--simplifycfg', '--lower-expect', '--simplifycfg', '--gvn-hoist', '--instcombine', '--globalopt', '--elim-avail-extern', '--gvn', '--gvn', '--ipsccp', '--gvn', '--nary-reassociate', '--loop-instsimplify', '--early-cse', '--jump-threading', '--slsr', '--globalopt', '--slp-vectorizer', '--instcombine', '--simplifycfg', '--sroa', '--lower-constant-intrinsics', '--early-cse', '--lower-expect', '--elim-avail-extern', '--elim-avail-extern', '--lower-expect', '--slsr']",78,-4.086761674250858,0.0,-1.4406655947104416,0.0,1,-4.086761674250858,-1.4406655947104416,0.0,-69.54314720812182,12.415565958650854,11.76470588235294,34
893,"['--ipsccp', '--speculative-execution', '--sccp', '--early-cse', '--mem2reg', '--jump-threading', '--globalopt', '--elim-avail-extern', '--instcombine', '--adce', '--jump-threading', '--gvn', '--simplifycfg', '--instsimplify', '--gvn-hoist', '--mergefunc', '--gvn-hoist', '--instcombine', '--globalopt', '--elim-avail-extern', '--indvars', '--gvn', '--gvn', '--ipsccp', '--gvn', '--nary-reassociate', '--lower-constant-intrinsics', '--loop-instsimplify', '--strip', '--mem2reg', '--jump-threading', '--globalopt', '--memcpyopt', '--elim-avail-extern', '--simplifycfg', '--sroa', '--mem2reg', '--gvn-hoist', '--sccp', '--early-cse', '--lower-constant-intrinsics', '--adce', '--gvn-hoist', '--adce', '--loop-simplify', '--dse', '--newgvn', '--simplifycfg', '--loop-unroll-and-jam', '--globalopt', '--elim-avail-extern', '--gvn', '--gvn', '--ipsccp', '--gvn', '--nary-reassociate', '--lower-constant-intrinsics', '--loop-instsimplify', '--early-cse', '--mem2reg', '--lower-expect', '--slp-vectorizer', '--instcombine', '--simplifycfg', '--sroa', '--lower-constant-intrinsics', '--early-cse', '--jump-threading', '--sroa', '--sroa', '--lower-expect', '--globalopt', '--elim-avail-extern', '--elim-avail-extern', '--elim-avail-extern', '--lower-expect', '--slsr']",77,-4.086761674250858,0.0,-1.4406655947104416,0.0,1,-4.086761674250858,-1.4406655947104416,0.0,-69.54314720812182,12.415565958650854,11.76470588235294,34
912,"['--ipsccp', '--speculative-execution', '--sccp', '--early-cse', '--mem2reg', '--jump-threading', '--globalopt', '--elim-avail-extern', '--instcombine', '--adce', '--jump-threading', '--gvn', '--simplifycfg', '--instsimplify', '--gvn-hoist', '--mergefunc', '--gvn-hoist', '--instcombine', '--globalopt', '--elim-avail-extern', '--indvars', '--gvn', '--gvn', '--ipsccp', '--gvn', '--nary-reassociate', '--lower-constant-intrinsics', '--loop-instsimplify', '--strip', '--mem2reg', '--jump-threading', '--globalopt', '--elim-avail-extern', '--simplifycfg', '--sroa', '--mem2reg', '--gvn-hoist', '--sccp', '--early-cse', '--lower-constant-intrinsics', '--adce', '--adce', '--gvn-hoist', '--adce', '--loop-simplify', '--dse', '--loop-sink', '--newgvn', '--simplifycfg', '--lower-expect', '--simplifycfg', '--gvn-hoist', '--loop-predication', '--instcombine', '--globalopt', '--elim-avail-extern', '--ipsccp', '--gvn', '--loop-instsimplify', '--early-cse', '--jump-threading', '--slsr', '--globalopt', '--slp-vectorizer', '--instcombine', '--simplifycfg', '--sroa', '--lower-constant-intrinsics', '--early-cse', '--lower-expect', '--sroa', '--sroa', '--lower-expect', '--globalopt', '--elim-avail-extern', '--lower-expect']",76,-4.086761674250858,0.0,-1.4406655947104416,0.0,1,-4.086761674250858,-1.4406655947104416,0.0,-69.54314720812182,12.415565958650854,11.76470588235294,34
875,"['--ipsccp', '--speculative-execution', '--sccp', '--early-cse', '--mem2reg', '--jump-threading', '--globalopt', '--elim-avail-extern', '--instcombine', '--adce', '--jump-threading', '--gvn', '--simplifycfg', '--instsimplify', '--gvn-hoist', '--mergefunc', '--gvn-hoist', '--instcombine', '--globalopt', '--elim-avail-extern', '--indvars', '--gvn', '--gvn', '--ipsccp', '--gvn', '--nary-reassociate', '--lower-constant-intrinsics', '--loop-instsimplify', '--strip', '--mem2reg', '--jump-threading', '--correlated-propagation', '--globalopt', '--elim-avail-extern', '--simplifycfg', '--sroa', '--mem2reg', '--gvn-hoist', '--sccp', '--early-cse', '--lower-constant-intrinsics', '--loop-fusion', '--gvn-hoist', '--adce', '--gvn-hoist', '--adce', '--loop-simplify', '--dse', '--newgvn', '--simplifycfg', '--lower-expect', '--simplifycfg', '--gvn-hoist', '--instcombine', '--globalopt', '--elim-avail-extern', '--gvn', '--gvn', '--ipsccp', '--gvn', '--nary-reassociate', '--loop-instsimplify', '--early-cse', '--jump-threading', '--slsr', '--globalopt', '--slp-vectorizer', '--instcombine', '--simplifycfg', '--sroa', '--lower-constant-intrinsics', '--early-cse', '--lower-expect', '--sroa', '--sroa', '--lower-expect', '--globalopt', '--elim-avail-extern', '--lower-expect']",79,-4.086761674250858,0.0,-1.4406655947104416,0.0,1,-4.086761674250858,-1.4406655947104416,0.0,-69.54314720812182,12.415565958650854,11.76470588235294,34
968,"['--ipsccp', '--speculative-execution', '--sccp', '--early-cse', '--mem2reg', '--jump-threading', '--globalopt', '--elim-avail-extern', '--instcombine', '--adce', '--jump-threading', '--gvn', '--simplifycfg', '--instsimplify', '--gvn-hoist', '--mergefunc', '--gvn-hoist', '--instcombine', '--globalopt', '--elim-avail-extern', '--indvars', '--gvn', '--gvn', '--ipsccp', '--gvn', '--nary-reassociate', '--lower-constant-intrinsics', '--loop-instsimplify', '--strip', '--mem2reg', '--jump-threading', '--correlated-propagation', '--globalopt', '--elim-avail-extern', '--simplifycfg', '--sroa', '--mem2reg', '--gvn-hoist', '--sccp', '--early-cse', '--lower-constant-intrinsics', '--loop-fusion', '--gvn-hoist', '--adce', '--gvn-hoist', '--adce', '--loop-simplify', '--dse', '--newgvn', '--irce', '--simplifycfg', '--lower-expect', '--simplifycfg', '--gvn-hoist', '--instcombine', '--globalopt', '--elim-avail-extern', '--gvn', '--gvn', '--ipsccp', '--gvn', '--nary-reassociate', '--loop-instsimplify', '--inferattrs', '--early-cse', '--jump-threading', '--slsr', '--globalopt', '--slp-vectorizer', '--instcombine', '--simplifycfg', '--sroa', '--lower-constant-intrinsics', '--early-cse', '--lower-expect', '--elim-avail-extern', '--elim-avail-extern', '--lower-expect', '--slsr']",79,-4.086761674250858,0.0,-1.4406655947104416,0.0,1,-4.086761674250858,-1.4406655947104416,0.0,-69.54314720812182,12.415565958650854,11.76470588235294,34
973,"['--ipsccp', '--speculative-execution', '--sccp', '--early-cse', '--mem2reg', '--jump-threading', '--globalopt', '--elim-avail-extern', '--instcombine', '--adce', '--jump-threading', '--gvn', '--simplifycfg', '--instsimplify', '--gvn-hoist', '--mergefunc', '--gvn-hoist', '--instcombine', '--globalopt', '--elim-avail-extern', '--indvars', '--gvn', '--gvn', '--ipsccp', '--gvn', '--elim-avail-extern', '--lower-constant-intrinsics', '--loop-instsimplify', '--strip', '--mem2reg', '--jump-threading', '--globalopt', '--elim-avail-extern', '--simplifycfg', '--sroa', '--mem2reg', '--gvn-hoist', '--sccp', '--early-cse', '--lower-constant-intrinsics', '--adce', '--adce', '--gvn-hoist', '--adce', '--loop-simplify', '--dse', '--loop-sink', '--newgvn', '--simplifycfg', '--lower-expect', '--simplifycfg', '--gvn-hoist', '--loop-predication', '--instcombine', '--globalopt', '--nary-reassociate', '--ipsccp', '--gvn', '--loop-instsimplify', '--early-cse', '--jump-threading', '--slsr', '--globalopt', '--slp-vectorizer', '--instcombine', '--simplifycfg', '--sroa', '--lower-constant-intrinsics', '--early-cse', '--lower-expect', '--sroa', '--sroa', '--lower-expect', '--globalopt', '--elim-avail-extern', '--lower-expect']",76,-4.086761674250858,0.0,-1.4406655947104416,0.0,1,-4.086761674250858,-1.4406655947104416,0.0,-69.54314720812182,12.415565958650854,11.76470588235294,34
878,"['--ipsccp', '--speculative-execution', '--sccp', '--early-cse', '--mem2reg', '--jump-threading', '--globalopt', '--elim-avail-extern', '--instcombine', '--adce', '--jump-threading', '--gvn', '--simplifycfg', '--instsimplify', '--gvn-hoist', '--mergefunc', '--gvn-hoist', '--instcombine', '--globalopt', '--elim-avail-extern', '--indvars', '--gvn', '--gvn', '--ipsccp', '--gvn', '--nary-reassociate', '--lower-constant-intrinsics', '--loop-instsimplify', '--strip', '--mem2reg', '--jump-threading', '--globalopt', '--elim-avail-extern', '--simplifycfg', '--sroa', '--mem2reg', '--gvn-hoist', '--sccp', '--early-cse', '--lower-constant-intrinsics', '--adce', '--adce', '--gvn-hoist', '--adce', '--loop-simplify', '--dse', '--loop-sink', '--newgvn', '--simplifycfg', '--lower-expect', '--simplifycfg', '--gvn-hoist', '--loop-predication', '--instcombine', '--globalopt', '--elim-avail-extern', '--gvn', '--gvn', '--ipsccp', '--gvn', '--nary-reassociate', '--lower-constant-intrinsics', '--loop-instsimplify', '--early-cse', '--mem2reg', '--jump-threading', '--globalopt', '--slp-vectorizer', '--instcombine', '--simplifycfg', '--sroa', '--lower-constant-intrinsics', '--early-cse', '--lower-expect', '--lower-expect', '--elim-avail-extern', '--elim-avail-extern', '--lower-expect', '--slsr']",79,-4.086761674250858,0.0,-1.4406655947104416,0.0,1,-4.086761674250858,-1.4406655947104416,0.0,-69.54314720812182,12.415565958650854,11.76470588235294,34
741,"['--ipsccp', '--speculative-execution', '--sccp', '--early-cse', '--mem2reg', '--jump-threading', '--globalopt', '--elim-avail-extern', '--instcombine', '--adce', '--jump-threading', '--gvn', '--simplifycfg', '--instsimplify', '--gvn-hoist', '--mergefunc', '--gvn-hoist', '--instcombine', '--globalopt', '--elim-avail-extern', '--indvars', '--gvn', '--gvn', '--ipsccp', '--gvn', '--nary-reassociate', '--lower-constant-intrinsics', '--loop-instsimplify', '--strip', '--mem2reg', '--jump-threading', '--globalopt', '--memcpyopt', '--elim-avail-extern', '--simplifycfg', '--sroa', '--mem2reg', '--gvn-hoist', '--sccp', '--early-cse', '--lower-constant-intrinsics', '--adce', '--gvn-hoist', '--adce', '--loop-simplify', '--dse', '--newgvn', '--simplifycfg', '--lower-expect', '--simplifycfg', '--gvn-hoist', '--instcombine', '--globalopt', '--elim-avail-extern', '--gvn', '--gvn', '--ipsccp', '--gvn', '--nary-reassociate', '--loop-instsimplify', '--early-cse', '--jump-threading', '--slsr', '--globalopt', '--slp-vectorizer', '--instcombine', '--simplifycfg', '--sroa', '--lower-constant-intrinsics', '--early-cse', '--lower-expect', '--sroa', '--sroa', '--lower-expect', '--globalopt', '--elim-avail-extern', '--lower-expect']",77,-4.086761674250858,0.0,-1.4406655947104416,0.0,1,-4.086761674250858,-1.4406655947104416,0.0,-69.54314720812182,12.415565958650854,11.76470588235294,34
915,"['--ipsccp', '--speculative-execution', '--sccp', '--early-cse', '--mem2reg', '--jump-threading', '--globalopt', '--elim-avail-extern', '--instcombine', '--adce', '--jump-threading', '--gvn', '--simplifycfg', '--instsimplify', '--gvn-hoist', '--mergefunc', '--gvn-hoist', '--instcombine', '--globalopt', '--elim-avail-extern', '--indvars', '--gvn', '--gvn', '--ipsccp', '--gvn', '--nary-reassociate', '--lower-constant-intrinsics', '--loop-instsimplify', '--strip', '--mem2reg', '--jump-threading', '--globalopt', '--memcpyopt', '--elim-avail-extern', '--simplifycfg', '--sroa', '--loop-unroll-and-jam', '--gvn-hoist', '--sccp', '--early-cse', '--lower-constant-intrinsics', '--adce', '--gvn-hoist', '--adce', '--loop-simplify', '--dse', '--loop-sink', '--newgvn', '--simplifycfg', '--lower-expect', '--simplifycfg', '--gvn-hoist', '--instcombine', '--globalopt', '--elim-avail-extern', '--gvn', '--gvn', '--ipsccp', '--gvn', '--lower-constant-intrinsics', '--loop-instsimplify', '--early-cse', '--mem2reg', '--jump-threading', '--globalopt', '--slp-vectorizer', '--instcombine', '--simplifycfg', '--sroa', '--lower-constant-intrinsics', '--early-cse', '--lower-expect', '--lower-expect', '--elim-avail-extern', '--elim-avail-extern', '--lower-expect', '--slsr']",77,-4.086761674250858,0.0,-1.4406655947104416,0.0,1,-4.086761674250858,-1.4406655947104416,0.0,-69.54314720812182,12.415565958650854,11.76470588235294,34
849,"['--ipsccp', '--speculative-execution', '--sccp', '--early-cse', '--mem2reg', '--jump-threading', '--globalopt', '--elim-avail-extern', '--instcombine', '--adce', '--jump-threading', '--gvn', '--simplifycfg', '--instsimplify', '--gvn-hoist', '--mergefunc', '--gvn-hoist', '--instcombine', '--ipsccp', '--elim-avail-extern', '--indvars', '--gvn', '--gvn', '--ipsccp', '--gvn', '--nary-reassociate', '--loop-instsimplify', '--loop-instsimplify', '--strip', '--mem2reg', '--jump-threading', '--globalopt', '--elim-avail-extern', '--simplifycfg', '--sroa', '--mem2reg', '--gvn-hoist', '--sccp', '--early-cse', '--lower-constant-intrinsics', '--adce', '--adce', '--gvn-hoist', '--adce', '--loop-simplify', '--dse', '--loop-sink', '--newgvn', '--simplifycfg', '--lower-expect', '--simplifycfg', '--gvn-hoist', '--instcombine', '--globalopt', '--elim-avail-extern', '--ipsccp', '--gvn', '--ipsccp', '--gvn', '--nary-reassociate', '--lower-constant-intrinsics', '--loop-instsimplify', '--early-cse', '--mem2reg', '--jump-threading', '--globalopt', '--slp-vectorizer', '--instcombine', '--simplifycfg', '--sroa', '--lower-constant-intrinsics', '--early-cse', '--lower-expect', '--lower-expect', '--elim-avail-extern', '--elim-avail-extern', '--lower-expect', '--slsr']",78,-4.086761674250858,0.0,-1.4406655947104416,0.0,1,-4.086761674250858,-1.4406655947104416,0.0,-69.54314720812182,12.415565958650854,11.76470588235294,34
825,"['--ipsccp', '--speculative-execution', '--sccp', '--early-cse', '--mem2reg', '--globalopt', '--elim-avail-extern', '--instcombine', '--adce', '--jump-threading', '--gvn', '--simplifycfg', '--gvn-hoist', '--mergefunc', '--gvn-hoist', '--lower-constant-intrinsics', '--globalopt', '--elim-avail-extern', '--indvars', '--gvn', '--gvn', '--ipsccp', '--gvn', '--nary-reassociate', '--lower-constant-intrinsics', '--loop-instsimplify', '--strip', '--mem2reg', '--jump-threading', '--globalopt', '--elim-avail-extern', '--simplifycfg', '--sroa', '--mem2reg', '--gvn-hoist', '--sccp', '--sccp', '--early-cse', '--lower-constant-intrinsics', '--adce', '--gvn-hoist', '--adce', '--loop-simplify', '--dse', '--newgvn', '--simplifycfg', '--lower-expect', '--simplifycfg', '--gvn-hoist', '--instcombine', '--globalopt', '--elim-avail-extern', '--gvn', '--gvn', '--ipsccp', '--gvn', '--nary-reassociate', '--loop-instsimplify', '--early-cse', '--jump-threading', '--slsr', '--globalopt', '--slp-vectorizer', '--instcombine', '--simplifycfg', '--sroa', '--lower-constant-intrinsics', '--early-cse', '--lower-expect', '--sroa', '--sroa', '--lower-expect', '--globalopt', '--elim-avail-extern', '--lower-expect']",75,-4.086761674250858,0.0,-1.4406655947104416,0.0,1,-4.086761674250858,-1.4406655947104416,0.0,-69.54314720812182,12.415565958650854,11.76470588235294,34
828,"['--ipsccp', '--speculative-execution', '--sccp', '--early-cse', '--mem2reg', '--jump-threading', '--globalopt', '--elim-avail-extern', '--instcombine', '--adce', '--jump-threading', '--gvn', '--simplifycfg', '--instsimplify', '--gvn-hoist', '--mergefunc', '--gvn-hoist', '--instcombine', '--globalopt', '--elim-avail-extern', '--indvars', '--gvn', '--gvn', '--ipsccp', '--gvn', '--nary-reassociate', '--lower-constant-intrinsics', '--loop-instsimplify', '--strip', '--mem2reg', '--jump-threading', '--globalopt', '--elim-avail-extern', '--elim-avail-extern', '--simplifycfg', '--sroa', '--mem2reg', '--gvn-hoist', '--sccp', '--early-cse', '--lower-constant-intrinsics', '--adce', '--gvn-hoist', '--adce', '--loop-simplify', '--dse', '--loop-sink', '--newgvn', '--simplifycfg', '--lower-expect', '--simplifycfg', '--gvn-hoist', '--instcombine', '--globalopt', '--elim-avail-extern', '--gvn', '--gvn', '--ipsccp', '--gvn', '--lower-constant-intrinsics', '--loop-instsimplify', '--early-cse', '--mem2reg', '--jump-threading', '--globalopt', '--slp-vectorizer', '--instcombine', '--simplifycfg', '--sroa', '--lower-constant-intrinsics', '--early-cse', '--lower-expect', '--lower-expect', '--elim-avail-extern', '--elim-avail-extern', '--lower-expect', '--slsr']",77,-4.086761674250858,0.0,-1.4406655947104416,0.0,1,-4.086761674250858,-1.4406655947104416,0.0,-69.54314720812182,12.415565958650854,11.76470588235294,34
832,"['--ipsccp', '--speculative-execution', '--sccp', '--early-cse', '--mem2reg', '--jump-threading', '--globalopt', '--elim-avail-extern', '--instcombine', '--adce', '--jump-threading', '--gvn', '--simplifycfg', '--instsimplify', '--gvn-hoist', '--mergefunc', '--gvn-hoist', '--instcombine', '--globalopt', '--elim-avail-extern', '--indvars', '--gvn', '--gvn', '--ipsccp', '--gvn', '--nary-reassociate', '--lower-constant-intrinsics', '--loop-instsimplify', '--strip', '--mem2reg', '--jump-threading', '--globalopt', '--memcpyopt', '--elim-avail-extern', '--simplifycfg', '--sroa', '--mem2reg', '--gvn-hoist', '--sccp', '--early-cse', '--lower-constant-intrinsics', '--adce', '--gvn-hoist', '--adce', '--loop-simplify', '--dse', '--loop-sink', '--newgvn', '--simplifycfg', '--lower-expect', '--simplifycfg', '--gvn-hoist', '--instcombine', '--slsr', '--elim-avail-extern', '--gvn', '--gvn', '--ipsccp', '--gvn', '--lower-constant-intrinsics', '--loop-instsimplify', '--early-cse', '--mem2reg', '--jump-threading', '--globalopt', '--slp-vectorizer', '--instcombine', '--simplifycfg', '--sroa', '--lower-constant-intrinsics', '--early-cse', '--lower-expect', '--lower-expect', '--elim-avail-extern', '--elim-avail-extern', '--lower-expect', '--slsr']",77,-4.086761674250858,0.0,-1.4406655947104416,0.0,1,-4.086761674250858,-1.4406655947104416,0.0,-69.54314720812182,12.415565958650854,11.76470588235294,34
837,"['--speculative-execution', '--sccp', '--early-cse', '--mem2reg', '--jump-threading', '--globalopt', '--elim-avail-extern', '--instcombine', '--adce', '--jump-threading', '--gvn', '--simplifycfg', '--instsimplify', '--gvn-hoist', '--mergefunc', '--gvn-hoist', '--instcombine', '--globalopt', '--elim-avail-extern', '--indvars', '--gvn', '--gvn', '--ipsccp', '--gvn', '--nary-reassociate', '--lower-constant-intrinsics', '--loop-instsimplify', '--strip', '--mem2reg', '--jump-threading', '--globalopt', '--memcpyopt', '--elim-avail-extern', '--simplifycfg', '--sroa', '--mem2reg', '--gvn-hoist', '--sccp', '--early-cse', '--lower-constant-intrinsics', '--adce', '--gvn-hoist', '--adce', '--loop-simplify', '--dse', '--newgvn', '--simplifycfg', '--lower-expect', '--simplifycfg', '--gvn-hoist', '--instcombine', '--globalopt', '--elim-avail-extern', '--gvn', '--gvn', '--ipsccp', '--gvn', '--nary-reassociate', '--loop-instsimplify', '--early-cse', '--jump-threading', '--slsr', '--globalopt', '--slp-vectorizer', '--instcombine', '--simplifycfg', '--sroa', '--lower-constant-intrinsics', '--early-cse', '--lower-expect', '--sroa', '--sroa', '--lower-expect', '--globalopt', '--elim-avail-extern', '--lower-expect']",76,-4.086761674250858,0.0,-1.4406655947104416,0.0,1,-4.086761674250858,-1.4406655947104416,0.0,-69.54314720812182,12.415565958650854,11.76470588235294,34
814,"['--ipsccp', '--speculative-execution', '--sccp', '--early-cse', '--mem2reg', '--jump-threading', '--globalopt', '--elim-avail-extern', '--instcombine', '--adce', '--jump-threading', '--gvn', '--simplifycfg', '--instsimplify', '--gvn-hoist', '--loop-fusion', '--mergefunc', '--gvn-hoist', '--instcombine', '--globalopt', '--elim-avail-extern', '--indvars', '--gvn', '--gvn', '--ipsccp', '--gvn', '--nary-reassociate', '--lower-constant-intrinsics', '--loop-instsimplify', '--strip', '--mem2reg', '--jump-threading', '--globalopt', '--memcpyopt', '--elim-avail-extern', '--simplifycfg', '--sroa', '--mem2reg', '--gvn-hoist', '--sccp', '--early-cse', '--lower-constant-intrinsics', '--adce', '--gvn-hoist', '--adce', '--loop-simplify', '--dse', '--newgvn', '--simplifycfg', '--lower-expect', '--simplifycfg', '--gvn-hoist', '--instcombine', '--globalopt', '--elim-avail-extern', '--gvn', '--gvn', '--ipsccp', '--gvn', '--nary-reassociate', '--loop-instsimplify', '--early-cse', '--jump-threading', '--slsr', '--globalopt', '--slp-vectorizer', '--instcombine', '--simplifycfg', '--sroa', '--lower-constant-intrinsics', '--early-cse', '--lower-expect', '--sroa', '--sroa', '--lower-expect', '--globalopt', '--elim-avail-extern', '--lower-expect']",78,-4.086761674250858,0.0,-1.4406655947104416,0.0,1,-4.086761674250858,-1.4406655947104416,0.0,-69.54314720812182,12.415565958650854,11.76470588235294,34
844,"['--ipsccp', '--speculative-execution', '--sccp', '--early-cse', '--mem2reg', '--jump-threading', '--globalopt', '--elim-avail-extern', '--instcombine', '--adce', '--jump-threading', '--gvn', '--simplifycfg', '--instsimplify', '--gvn-hoist', '--mergefunc', '--gvn-hoist', '--instcombine', '--loop-vectorize', '--elim-avail-extern', '--indvars', '--gvn', '--gvn', '--ipsccp', '--gvn', '--nary-reassociate', '--lower-constant-intrinsics', '--loop-instsimplify', '--strip', '--mem2reg', '--jump-threading', '--globalopt', '--memcpyopt', '--elim-avail-extern', '--simplifycfg', '--sroa', '--mem2reg', '--gvn-hoist', '--sccp', '--early-cse', '--lower-constant-intrinsics', '--adce', '--gvn-hoist', '--adce', '--loop-simplify', '--dse', '--loop-sink', '--newgvn', '--simplifycfg', '--lower-expect', '--simplifycfg', '--gvn-hoist', '--instcombine', '--globalopt', '--elim-avail-extern', '--gvn', '--gvn', '--ipsccp', '--gvn', '--lower-constant-intrinsics', '--loop-instsimplify', '--early-cse', '--mem2reg', '--jump-threading', '--globalopt', '--slp-vectorizer', '--instcombine', '--simplifycfg', '--sroa', '--lower-constant-intrinsics', '--early-cse', '--lower-expect', '--lower-expect', '--elim-avail-extern', '--elim-avail-extern', '--lower-expect', '--slsr']",77,-4.086761674250858,0.0,-1.4406655947104416,0.0,1,-4.086761674250858,-1.4406655947104416,0.0,-69.54314720812182,12.415565958650854,11.76470588235294,34
823,"['--ipsccp', '--speculative-execution', '--sccp', '--slsr', '--early-cse', '--mem2reg', '--jump-threading', '--globalopt', '--elim-avail-extern', '--instcombine', '--adce', '--jump-threading', '--gvn', '--simplifycfg', '--instsimplify', '--gvn-hoist', '--loop-fusion', '--mergefunc', '--gvn-hoist', '--instcombine', '--globalopt', '--elim-avail-extern', '--indvars', '--gvn', '--gvn', '--ipsccp', '--gvn', '--nary-reassociate', '--lower-constant-intrinsics', '--loop-instsimplify', '--strip', '--mem2reg', '--jump-threading', '--globalopt', '--memcpyopt', '--elim-avail-extern', '--simplifycfg', '--sroa', '--mem2reg', '--gvn-hoist', '--sccp', '--early-cse', '--lower-constant-intrinsics', '--adce', '--gvn-hoist', '--adce', '--loop-simplify', '--dse', '--newgvn', '--simplifycfg', '--lower-expect', '--simplifycfg', '--gvn-hoist', '--gvn', '--gvn', '--ipsccp', '--gvn', '--nary-reassociate', '--lower-constant-intrinsics', '--loop-instsimplify', '--early-cse', '--mem2reg', '--lower-expect', '--slp-vectorizer', '--instcombine', '--simplifycfg', '--sroa', '--lower-constant-intrinsics', '--early-cse', '--jump-threading', '--sroa', '--sroa', '--lower-expect', '--globalopt', '--elim-avail-extern', '--lower-expect']",76,-4.086761674250858,0.0,-1.4406655947104416,0.0,1,-4.086761674250858,-1.4406655947104416,0.0,-69.54314720812182,12.415565958650854,11.76470588235294,34
866,"['--ipsccp', '--speculative-execution', '--sccp', '--early-cse', '--mem2reg', '--jump-threading', '--globalopt', '--elim-avail-extern', '--instcombine', '--adce', '--jump-threading', '--gvn', '--simplifycfg', '--instsimplify', '--gvn-hoist', '--mergefunc', '--gvn-hoist', '--instcombine', '--ipsccp', '--elim-avail-extern', '--indvars', '--gvn', '--gvn', '--ipsccp', '--gvn', '--nary-reassociate', '--loop-instsimplify', '--loop-instsimplify', '--strip', '--mem2reg', '--jump-threading', '--globalopt', '--memcpyopt', '--elim-avail-extern', '--simplifycfg', '--sroa', '--mem2reg', '--gvn-hoist', '--sccp', '--early-cse', '--lower-constant-intrinsics', '--adce', '--gvn-hoist', '--adce', '--loop-simplify', '--dse', '--loop-sink', '--newgvn', '--simplifycfg', '--lower-expect', '--simplifycfg', '--gvn-hoist', '--instcombine', '--globalopt', '--elim-avail-extern', '--gvn', '--gvn', '--ipsccp', '--gvn', '--lower-constant-intrinsics', '--loop-instsimplify', '--early-cse', '--mem2reg', '--jump-threading', '--globalopt', '--slp-vectorizer', '--instcombine', '--simplifycfg', '--sroa', '--lower-constant-intrinsics', '--early-cse', '--lower-expect', '--lower-expect', '--elim-avail-extern', '--elim-avail-extern', '--lower-expect', '--slsr']",77,-4.086761674250858,0.0,-1.4406655947104416,0.0,1,-4.086761674250858,-1.4406655947104416,0.0,-69.54314720812182,12.415565958650854,11.76470588235294,34
802,"['--ipsccp', '--speculative-execution', '--sccp', '--early-cse', '--mem2reg', '--jump-threading', '--globalopt', '--elim-avail-extern', '--instcombine', '--adce', '--jump-threading', '--gvn', '--simplifycfg', '--instsimplify', '--gvn-hoist', '--mergefunc', '--gvn-hoist', '--instcombine', '--globalopt', '--elim-avail-extern', '--indvars', '--gvn', '--gvn', '--ipsccp', '--gvn', '--nary-reassociate', '--lower-constant-intrinsics', '--loop-instsimplify', '--strip', '--mem2reg', '--jump-threading', '--globalopt', '--memcpyopt', '--elim-avail-extern', '--simplifycfg', '--sroa', '--mem2reg', '--gvn-hoist', '--sccp', '--early-cse', '--lower-constant-intrinsics', '--adce', '--gvn-hoist', '--adce', '--loop-simplify', '--dse', '--loop-sink', '--newgvn', '--simplifycfg', '--lower-expect', '--simplifycfg', '--gvn-hoist', '--instcombine', '--globalopt', '--elim-avail-extern', '--gvn', '--gvn', '--ipsccp', '--gvn', '--lower-constant-intrinsics', '--loop-instsimplify', '--early-cse', '--mem2reg', '--jump-threading', '--globalopt', '--slp-vectorizer', '--instcombine', '--simplifycfg', '--sroa', '--lower-constant-intrinsics', '--early-cse', '--lower-expect', '--lower-expect', '--elim-avail-extern', '--elim-avail-extern', '--lower-expect', '--slsr']",77,-4.086761674250858,0.0,-1.4406655947104416,0.0,1,-4.086761674250858,-1.4406655947104416,0.0,-69.54314720812182,12.415565958650854,11.76470588235294,34
845,"['--ipsccp', '--speculative-execution', '--sccp', '--early-cse', '--mem2reg', '--jump-threading', '--globalopt', '--elim-avail-extern', '--instcombine', '--adce', '--jump-threading', '--gvn', '--simplifycfg', '--instsimplify', '--gvn-hoist', '--mergefunc', '--gvn-hoist', '--instcombine', '--globalopt', '--elim-avail-extern', '--indvars', '--gvn', '--gvn', '--ipsccp', '--gvn', '--nary-reassociate', '--lower-constant-intrinsics', '--loop-instsimplify', '--strip', '--mem2reg', '--jump-threading', '--globalopt', '--memcpyopt', '--elim-avail-extern', '--simplifycfg', '--sroa', '--mem2reg', '--gvn-hoist', '--sccp', '--dce', '--lower-constant-intrinsics', '--adce', '--gvn-hoist', '--adce', '--loop-simplify', '--dse', '--newgvn', '--simplifycfg', '--lower-expect', '--simplifycfg', '--gvn-hoist', '--instcombine', '--globalopt', '--elim-avail-extern', '--gvn', '--gvn', '--ipsccp', '--gvn', '--nary-reassociate', '--loop-instsimplify', '--early-cse', '--jump-threading', '--slsr', '--globalopt', '--slp-vectorizer', '--instcombine', '--simplifycfg', '--sroa', '--lower-constant-intrinsics', '--early-cse', '--lower-expect', '--sroa', '--sroa', '--lower-expect', '--globalopt', '--elim-avail-extern', '--lower-expect']",77,-4.086761674250858,0.0,-1.4406655947104416,0.0,1,-4.086761674250858,-1.4406655947104416,0.0,-69.54314720812182,12.415565958650854,11.76470588235294,34
916,"['--ipsccp', '--speculative-execution', '--sccp', '--early-cse', '--mem2reg', '--jump-threading', '--globalopt', '--elim-avail-extern', '--instcombine', '--adce', '--gvn', '--simplifycfg', '--simplifycfg', '--instsimplify', '--gvn-hoist', '--mergefunc', '--gvn-hoist', '--instcombine', '--globalopt', '--elim-avail-extern', '--indvars', '--gvn', '--gvn', '--ipsccp', '--gvn', '--nary-reassociate', '--lower-constant-intrinsics', '--loop-instsimplify', '--strip', '--mem2reg', '--jump-threading', '--globalopt', '--lower-expect', '--elim-avail-extern', '--simplifycfg', '--sroa', '--mem2reg', '--gvn-hoist', '--sccp', '--early-cse', '--lower-constant-intrinsics', '--adce', '--gvn-hoist', '--adce', '--loop-simplify', '--dse', '--loop-sink', '--newgvn', '--simplifycfg', '--lower-expect', '--simplifycfg', '--gvn-hoist', '--instcombine', '--slsr', '--elim-avail-extern', '--gvn', '--gvn', '--ipsccp', '--gvn', '--lower-constant-intrinsics', '--loop-instsimplify', '--early-cse', '--mem2reg', '--jump-threading', '--globalopt', '--slp-vectorizer', '--instcombine', '--simplifycfg', '--sroa', '--lower-constant-intrinsics', '--early-cse', '--memcpyopt', '--lower-expect', '--elim-avail-extern', '--elim-avail-extern', '--lower-expect', '--slsr']",77,-4.086761674250858,0.0,-1.4406655947104416,0.0,1,-4.086761674250858,-1.4406655947104416,0.0,-69.54314720812182,12.415565958650854,11.76470588235294,34
865,"['--ipsccp', '--speculative-execution', '--sccp', '--early-cse', '--mem2reg', '--jump-threading', '--globalopt', '--elim-avail-extern', '--instcombine', '--adce', '--jump-threading', '--gvn', '--simplifycfg', '--instsimplify', '--gvn-hoist', '--mergefunc', '--gvn-hoist', '--instcombine', '--globalopt', '--elim-avail-extern', '--indvars', '--gvn', '--gvn', '--ipsccp', '--gvn', '--nary-reassociate', '--lower-constant-intrinsics', '--loop-instsimplify', '--strip', '--mem2reg', '--jump-threading', '--globalopt', '--memcpyopt', '--elim-avail-extern', '--simplifycfg', '--sroa', '--mem2reg', '--gvn-hoist', '--sccp', '--early-cse', '--lower-constant-intrinsics', '--adce', '--gvn-hoist', '--adce', '--loop-simplify', '--dse', '--loop-sink', '--newgvn', '--simplifycfg', '--lower-expect', '--simplifycfg', '--gvn-hoist', '--instcombine', '--globalopt', '--elim-avail-extern', '--gvn', '--gvn', '--ipsccp', '--gvn', '--lower-constant-intrinsics', '--loop-instsimplify', '--early-cse', '--mem2reg', '--jump-threading', '--globalopt', '--slp-vectorizer', '--instcombine', '--simplifycfg', '--sroa', '--lower-constant-intrinsics', '--early-cse', '--lower-expect', '--lower-expect', '--loweratomic', '--elim-avail-extern', '--elim-avail-extern', '--lower-expect', '--slsr']",78,-4.086761674250858,0.0,-1.4406655947104416,0.0,1,-4.086761674250858,-1.4406655947104416,0.0,-69.54314720812182,12.415565958650854,11.76470588235294,34
854,"['--ipsccp', '--speculative-execution', '--sccp', '--early-cse', '--mem2reg', '--jump-threading', '--globalopt', '--elim-avail-extern', '--instcombine', '--adce', '--jump-threading', '--gvn', '--simplifycfg', '--instsimplify', '--gvn-hoist', '--mergefunc', '--gvn-hoist', '--instcombine', '--globalopt', '--simplifycfg', '--indvars', '--gvn', '--gvn', '--ipsccp', '--gvn', '--nary-reassociate', '--lower-constant-intrinsics', '--loop-instsimplify', '--strip', '--mem2reg', '--jump-threading', '--globalopt', '--memcpyopt', '--elim-avail-extern', '--simplifycfg', '--sroa', '--mem2reg', '--gvn-hoist', '--sccp', '--early-cse', '--lower-constant-intrinsics', '--adce', '--gvn-hoist', '--adce', '--loop-simplify', '--dse', '--newgvn', '--simplifycfg', '--lower-expect', '--elim-avail-extern', '--gvn-hoist', '--instcombine', '--globalopt', '--elim-avail-extern', '--gvn', '--gvn', '--ipsccp', '--gvn', '--nary-reassociate', '--loop-instsimplify', '--early-cse', '--jump-threading', '--slsr', '--globalopt', '--slp-vectorizer', '--instcombine', '--simplifycfg', '--sroa', '--lower-constant-intrinsics', '--early-cse', '--lower-expect', '--sroa', '--sroa', '--lower-expect', '--globalopt', '--elim-avail-extern', '--lower-expect']",77,-4.086761674250858,0.0,-1.4406655947104416,0.0,1,-4.086761674250858,-1.4406655947104416,0.0,-69.54314720812182,12.415565958650854,11.76470588235294,34
792,"['--ipsccp', '--speculative-execution', '--sccp', '--early-cse', '--mem2reg', '--jump-threading', '--globalopt', '--elim-avail-extern', '--instcombine', '--adce', '--jump-threading', '--gvn', '--simplifycfg', '--instsimplify', '--gvn-hoist', '--mergefunc', '--gvn-hoist', '--instcombine', '--ipsccp', '--elim-avail-extern', '--indvars', '--gvn', '--gvn', '--ipsccp', '--gvn', '--nary-reassociate', '--loop-instsimplify', '--loop-instsimplify', '--strip', '--mem2reg', '--jump-threading', '--globalopt', '--elim-avail-extern', '--simplifycfg', '--sroa', '--mem2reg', '--gvn-hoist', '--sccp', '--early-cse', '--lower-constant-intrinsics', '--adce', '--adce', '--gvn-hoist', '--adce', '--loop-simplify', '--dse', '--loop-sink', '--newgvn', '--simplifycfg', '--lower-expect', '--simplifycfg', '--gvn-hoist', '--instcombine', '--globalopt', '--elim-avail-extern', '--gvn', '--gvn', '--ipsccp', '--gvn', '--nary-reassociate', '--lower-constant-intrinsics', '--loop-instsimplify', '--early-cse', '--mem2reg', '--jump-threading', '--globalopt', '--slp-vectorizer', '--instcombine', '--simplifycfg', '--sroa', '--lower-constant-intrinsics', '--early-cse', '--lower-expect', '--lower-expect', '--elim-avail-extern', '--elim-avail-extern', '--lower-expect', '--slsr']",78,-4.086761674250858,0.0,-1.4406655947104416,0.0,1,-4.086761674250858,-1.4406655947104416,0.0,-69.54314720812182,12.415565958650854,11.76470588235294,34
856,"['--ipsccp', '--speculative-execution', '--sccp', '--early-cse', '--mem2reg', '--jump-threading', '--globalopt', '--elim-avail-extern', '--instcombine', '--adce', '--jump-threading', '--gvn', '--simplifycfg', '--instsimplify', '--gvn-hoist', '--loop-fusion', '--mergefunc', '--gvn-hoist', '--instcombine', '--globalopt', '--elim-avail-extern', '--indvars', '--gvn', '--gvn', '--ipsccp', '--gvn', '--nary-reassociate', '--lower-constant-intrinsics', '--loop-instsimplify', '--strip', '--mem2reg', '--jump-threading', '--globalopt', '--memcpyopt', '--elim-avail-extern', '--simplifycfg', '--sroa', '--mem2reg', '--gvn-hoist', '--sccp', '--early-cse', '--lower-constant-intrinsics', '--adce', '--gvn-hoist', '--adce', '--loop-simplify', '--dse', '--newgvn', '--simplifycfg', '--lower-expect', '--simplifycfg', '--gvn-hoist', '--instcombine', '--globalopt', '--elim-avail-extern', '--gvn', '--gvn', '--ipsccp', '--gvn', '--lower-constant-intrinsics', '--loop-instsimplify', '--early-cse', '--mem2reg', '--jump-threading', '--globalopt', '--slp-vectorizer', '--instcombine', '--simplifycfg', '--sroa', '--lower-constant-intrinsics', '--early-cse', '--lower-expect', '--lower-expect', '--elim-avail-extern', '--elim-avail-extern', '--lower-expect', '--slsr']",77,-4.086761674250858,0.0,-1.4406655947104416,0.0,1,-4.086761674250858,-1.4406655947104416,0.0,-69.54314720812182,12.415565958650854,11.76470588235294,34
861,"['--ipsccp', '--speculative-execution', '--sccp', '--early-cse', '--mem2reg', '--jump-threading', '--globalopt', '--elim-avail-extern', '--instcombine', '--adce', '--jump-threading', '--gvn', '--simplifycfg', '--instsimplify', '--gvn-hoist', '--loop-fusion', '--mergefunc', '--gvn-hoist', '--instcombine', '--globalopt', '--elim-avail-extern', '--indvars', '--gvn', '--gvn', '--ipsccp', '--gvn', '--nary-reassociate', '--lower-constant-intrinsics', '--loop-instsimplify', '--strip', '--mem2reg', '--jump-threading', '--globalopt', '--memcpyopt', '--elim-avail-extern', '--simplifycfg', '--sroa', '--mem2reg', '--gvn-hoist', '--sccp', '--lower-constant-intrinsics', '--adce', '--gvn-hoist', '--adce', '--loop-simplify', '--dse', '--newgvn', '--simplifycfg', '--lower-expect', '--simplifycfg', '--gvn-hoist', '--instcombine', '--globalopt', '--elim-avail-extern', '--gvn', '--gvn', '--ipsccp', '--gvn', '--nary-reassociate', '--loop-instsimplify', '--early-cse', '--jump-threading', '--slsr', '--globalopt', '--slp-vectorizer', '--instcombine', '--simplifycfg', '--sroa', '--lower-constant-intrinsics', '--early-cse', '--lower-expect', '--sroa', '--sroa', '--lower-expect', '--globalopt', '--elim-avail-extern', '--lower-expect']",77,-4.086761674250858,0.0,-1.4406655947104416,0.0,1,-4.086761674250858,-1.4406655947104416,0.0,-69.54314720812182,12.415565958650854,11.76470588235294,34
796,"['--ipsccp', '--speculative-execution', '--sccp', '--early-cse', '--mem2reg', '--jump-threading', '--globalopt', '--elim-avail-extern', '--instcombine', '--adce', '--jump-threading', '--gvn', '--simplifycfg', '--loop-simplifycfg', '--gvn-hoist', '--mergefunc', '--gvn-hoist', '--instcombine', '--globalopt', '--elim-avail-extern', '--indvars', '--gvn', '--gvn', '--ipsccp', '--gvn', '--nary-reassociate', '--lower-constant-intrinsics', '--loop-instsimplify', '--strip', '--mem2reg', '--jump-threading', '--globalopt', '--memcpyopt', '--elim-avail-extern', '--simplifycfg', '--sroa', '--mem2reg', '--gvn-hoist', '--sccp', '--early-cse', '--lower-constant-intrinsics', '--adce', '--gvn-hoist', '--adce', '--loop-simplify', '--dse', '--loop-sink', '--newgvn', '--simplifycfg', '--lower-expect', '--simplifycfg', '--gvn-hoist', '--instcombine', '--globalopt', '--elim-avail-extern', '--gvn', '--gvn', '--ipsccp', '--gvn', '--nary-reassociate', '--lower-constant-intrinsics', '--loop-instsimplify', '--early-cse', '--mem2reg', '--jump-threading', '--globalopt', '--slp-vectorizer', '--instcombine', '--simplifycfg', '--sroa', '--lower-constant-intrinsics', '--early-cse', '--lower-expect', '--lower-expect', '--elim-avail-extern', '--elim-avail-extern', '--lower-expect', '--slsr']",78,-4.086761674250858,0.0,-1.4406655947104416,0.0,1,-4.086761674250858,-1.4406655947104416,0.0,-69.54314720812182,12.415565958650854,11.76470588235294,34
901,"['--ipsccp', '--speculative-execution', '--sccp', '--early-cse', '--mem2reg', '--jump-threading', '--globalopt', '--elim-avail-extern', '--instcombine', '--adce', '--jump-threading', '--gvn', '--simplifycfg', '--instsimplify', '--gvn-hoist', '--mergefunc', '--gvn-hoist', '--instcombine', '--globalopt', '--elim-avail-extern', '--indvars', '--gvn', '--gvn', '--ipsccp', '--gvn', '--nary-reassociate', '--lower-constant-intrinsics', '--loop-instsimplify', '--strip', '--mem2reg', '--jump-threading', '--globalopt', '--memcpyopt', '--elim-avail-extern', '--simplifycfg', '--sroa', '--mem2reg', '--gvn-hoist', '--sccp', '--early-cse', '--lower-constant-intrinsics', '--adce', '--gvn-hoist', '--adce', '--loop-simplify', '--dse', '--loop-sink', '--newgvn', '--simplifycfg', '--gvn-hoist', '--instcombine', '--globalopt', '--elim-avail-extern', '--gvn', '--gvn', '--gvn-hoist', '--gvn', '--nary-reassociate', '--lower-constant-intrinsics', '--loop-instsimplify', '--early-cse', '--mem2reg', '--jump-threading', '--globalopt', '--jump-threading', '--globalopt', '--slp-vectorizer', '--instcombine', '--simplifycfg', '--sroa', '--lower-constant-intrinsics', '--early-cse', '--lower-expect', '--lower-expect', '--elim-avail-extern', '--elim-avail-extern', '--lower-expect', '--slsr']",78,-4.086761674250858,0.0,-1.4406655947104416,0.0,1,-4.086761674250858,-1.4406655947104416,0.0,-69.54314720812182,12.415565958650854,11.76470588235294,34
860,"['--ipsccp', '--speculative-execution', '--sccp', '--early-cse', '--mem2reg', '--jump-threading', '--globalopt', '--elim-avail-extern', '--instcombine', '--adce', '--jump-threading', '--gvn', '--simplifycfg', '--instsimplify', '--gvn-hoist', '--mergefunc', '--indvars', '--instcombine', '--globalopt', '--elim-avail-extern', '--gvn-hoist', '--gvn', '--gvn', '--ipsccp', '--gvn', '--nary-reassociate', '--lower-constant-intrinsics', '--loop-instsimplify', '--strip', '--mem2reg', '--jump-threading', '--globalopt', '--memcpyopt', '--elim-avail-extern', '--simplifycfg', '--sroa', '--mem2reg', '--gvn-hoist', '--sccp', '--early-cse', '--early-cse', '--lower-constant-intrinsics', '--adce', '--gvn-hoist', '--adce', '--loop-simplify', '--dse', '--newgvn', '--simplifycfg', '--lower-expect', '--simplifycfg', '--gvn-hoist', '--instcombine', '--globalopt', '--elim-avail-extern', '--gvn', '--gvn', '--ipsccp', '--gvn', '--nary-reassociate', '--loop-instsimplify', '--early-cse', '--jump-threading', '--slsr', '--globalopt', '--slp-vectorizer', '--instcombine', '--simplifycfg', '--sroa', '--lower-constant-intrinsics', '--early-cse', '--lower-expect', '--sroa', '--sroa', '--lower-expect', '--globalopt', '--elim-avail-extern', '--lower-expect']",78,-4.08713196490865,0.0,-1.4414231536707012,0.0,1,-4.08713196490865,-1.4414231536707012,0.0,-69.54314720812182,12.41358717302683,11.76470588235294,34
806,"['--ipsccp', '--speculative-execution', '--sccp', '--early-cse', '--mem2reg', '--jump-threading', '--globalopt', '--elim-avail-extern', '--instcombine', '--adce', '--jump-threading', '--simplifycfg', '--instsimplify', '--gvn-hoist', '--mergefunc', '--gvn-hoist', '--lower-constant-intrinsics', '--globalopt', '--elim-avail-extern', '--indvars', '--gvn', '--gvn', '--ipsccp', '--gvn', '--nary-reassociate', '--lower-constant-intrinsics', '--loop-instsimplify', '--strip', '--mem2reg', '--jump-threading', '--globalopt', '--elim-avail-extern', '--simplifycfg', '--sroa', '--mem2reg', '--gvn-hoist', '--sccp', '--sccp', '--early-cse', '--lower-constant-intrinsics', '--adce', '--gvn-hoist', '--adce', '--loop-simplify', '--dse', '--newgvn', '--simplifycfg', '--lower-expect', '--simplifycfg', '--gvn-hoist', '--instcombine', '--globalopt', '--elim-avail-extern', '--gvn', '--gvn', '--ipsccp', '--gvn', '--nary-reassociate', '--loop-instsimplify', '--early-cse', '--jump-threading', '--slsr', '--globalopt', '--slp-vectorizer', '--instcombine', '--simplifycfg', '--sroa', '--lower-constant-intrinsics', '--early-cse', '--lower-expect', '--sroa', '--sroa', '--lower-expect', '--globalopt', '--elim-avail-extern', '--lower-expect']",76,-4.089720638090625,0.0,-1.4323143442682584,0.0,1,-4.089720638090625,-1.4323143442682584,0.0,-70.05076142131979,12.507789975364897,11.76470588235294,34
954,"['--ipsccp', '--speculative-execution', '--sccp', '--early-cse', '--mem2reg', '--jump-threading', '--globalopt', '--elim-avail-extern', '--instcombine', '--adce', '--jump-threading', '--gvn', '--simplifycfg', '--instsimplify', '--gvn-hoist', '--mergefunc', '--gvn-hoist', '--instcombine', '--globalopt', '--elim-avail-extern', '--indvars', '--gvn', '--gvn', '--ipsccp', '--gvn', '--nary-reassociate', '--lower-constant-intrinsics', '--loop-instsimplify', '--strip', '--mem2reg', '--jump-threading', '--globalopt', '--memcpyopt', '--elim-avail-extern', '--simplifycfg', '--sroa', '--mem2reg', '--gvn-hoist', '--sccp', '--early-cse', '--lower-constant-intrinsics', '--adce', '--gvn-hoist', '--adce', '--loop-simplify', '--dse', '--loop-sink', '--instcombine', '--simplifycfg', '--lower-expect', '--simplifycfg', '--gvn-hoist', '--instcombine', '--globalopt', '--elim-avail-extern', '--gvn', '--gvn', '--ipsccp', '--gvn', '--lower-constant-intrinsics', '--loop-instsimplify', '--early-cse', '--mem2reg', '--jump-threading', '--globalopt', '--slp-vectorizer', '--instcombine', '--simplifycfg', '--sroa', '--lower-constant-intrinsics', '--early-cse', '--lower-expect', '--functionattrs', '--loweratomic', '--elim-avail-extern', '--elim-avail-extern', '--lower-expect', '--lower-expect']",78,-4.090323438979341,0.0,-1.4457415470626351,0.0,1,-4.090323438979341,-1.4457415470626351,0.0,-69.54314720812182,12.413113963294233,11.76470588235294,34
889,"['--ipsccp', '--speculative-execution', '--sccp', '--early-cse', '--mem2reg', '--jump-threading', '--globalopt', '--elim-avail-extern', '--instcombine', '--adce', '--jump-threading', '--gvn', '--simplifycfg', '--early-cse-memssa', '--gvn-hoist', '--mergefunc', '--elim-avail-extern', '--lower-constant-intrinsics', '--globalopt', '--gvn-hoist', '--indvars', '--gvn', '--gvn', '--gvn', '--ipsccp', '--gvn', '--nary-reassociate', '--loop-instsimplify', '--early-cse', '--mem2reg', '--jump-threading', '--globalopt', '--elim-avail-extern', '--instcombine', '--simplifycfg', '--sroa', '--mem2reg', '--gvn-hoist', '--sccp', '--early-cse', '--lower-constant-intrinsics', '--adce', '--gvn-hoist', '--adce', '--lower-constant-intrinsics', '--dse', '--newgvn', '--lower-expect', '--simplifycfg', '--gvn-hoist', '--instcombine', '--globalopt', '--elim-avail-extern', '--gvn', '--gvn', '--ipsccp', '--gvn', '--nary-reassociate', '--lower-constant-intrinsics', '--early-cse', '--mem2reg', '--jump-threading', '--globalopt', '--slp-vectorizer', '--instcombine', '--simplifycfg', '--sroa', '--early-cse', '--lower-expect', '--sroa', '--sroa', '--lower-expect', '--globalopt', '--elim-avail-extern', '--simplifycfg']",75,-4.090323438979341,0.0,-1.4457415470626351,0.0,1,-4.090323438979341,-1.4457415470626351,0.0,-69.54314720812182,12.413113963294233,11.76470588235294,34
821,"['--ipsccp', '--speculative-execution', '--sccp', '--early-cse', '--mem2reg', '--jump-threading', '--globalopt', '--elim-avail-extern', '--instcombine', '--adce', '--jump-threading', '--gvn', '--simplifycfg', '--instsimplify', '--gvn-hoist', '--mergefunc', '--gvn-hoist', '--lower-constant-intrinsics', '--globalopt', '--elim-avail-extern', '--indvars', '--gvn', '--gvn', '--ipsccp', '--gvn', '--nary-reassociate', '--lower-constant-intrinsics', '--loop-instsimplify', '--ipsccp', '--mem2reg', '--jump-threading', '--globalopt', '--elim-avail-extern', '--simplifycfg', '--sroa', '--mem2reg', '--gvn-hoist', '--sccp', '--early-cse', '--instcombine', '--adce', '--gvn-hoist', '--adce', '--loop-simplify', '--dse', '--nary-reassociate', '--newgvn', '--simplifycfg', '--lower-expect', '--simplifycfg', '--gvn-hoist', '--instcombine', '--globalopt', '--elim-avail-extern', '--gvn', '--gvn', '--strip', '--gvn', '--nary-reassociate', '--lower-constant-intrinsics', '--loop-instsimplify', '--early-cse', '--mem2reg', '--jump-threading', '--slp-vectorizer', '--instcombine', '--simplifycfg', '--sroa', '--lower-constant-intrinsics', '--early-cse', '--lower-expect', '--sroa', '--sroa', '--lower-expect', '--globalopt', '--elim-avail-extern', '--lower-expect']",77,-4.090323438979341,0.0,-1.4457415470626351,0.0,1,-4.090323438979341,-1.4457415470626351,0.0,-69.54314720812182,12.413113963294233,11.76470588235294,34
818,"['--ipsccp', '--speculative-execution', '--sccp', '--early-cse', '--mem2reg', '--jump-threading', '--globalopt', '--elim-avail-extern', '--instcombine', '--adce', '--jump-threading', '--gvn', '--simplifycfg', '--instsimplify', '--gvn-hoist', '--mergefunc', '--gvn-hoist', '--instcombine', '--globalopt', '--elim-avail-extern', '--indvars', '--gvn', '--gvn', '--ipsccp', '--gvn', '--nary-reassociate', '--loop-instsimplify', '--early-cse', '--mem2reg', '--jump-threading', '--globalopt', '--elim-avail-extern', '--instcombine', '--simplifycfg', '--sroa', '--mem2reg', '--gvn-hoist', '--sccp', '--early-cse', '--lower-constant-intrinsics', '--adce', '--gvn-hoist', '--adce', '--lower-constant-intrinsics', '--dse', '--newgvn', '--lower-expect', '--simplifycfg', '--gvn-hoist', '--instcombine', '--globalopt', '--elim-avail-extern', '--gvn', '--gvn', '--ipsccp', '--gvn', '--nary-reassociate', '--lower-constant-intrinsics', '--early-cse', '--mem2reg', '--jump-threading', '--globalopt', '--slp-vectorizer', '--instcombine', '--simplifycfg', '--sroa', '--early-cse', '--lower-expect', '--sroa', '--sroa', '--lower-expect', '--globalopt', '--elim-avail-extern', '--simplifycfg']",74,-4.090323438979341,0.0,-1.4457415470626351,0.0,1,-4.090323438979341,-1.4457415470626351,0.0,-69.54314720812182,12.413113963294233,11.76470588235294,34
977,"['--ipsccp', '--speculative-execution', '--sccp', '--early-cse', '--mem2reg', '--jump-threading', '--globalopt', '--elim-avail-extern', '--instcombine', '--adce', '--jump-threading', '--gvn', '--simplifycfg', '--instsimplify', '--gvn-hoist', '--mergefunc', '--gvn-hoist', '--instcombine', '--globalopt', '--elim-avail-extern', '--indvars', '--gvn', '--gvn', '--ipsccp', '--gvn', '--nary-reassociate', '--loop-instsimplify', '--early-cse', '--mem2reg', '--jump-threading', '--globalopt', '--elim-avail-extern', '--instcombine', '--simplifycfg', '--sroa', '--gvn-hoist', '--sccp', '--early-cse', '--lower-constant-intrinsics', '--globalopt', '--gvn-hoist', '--adce', '--lower-constant-intrinsics', '--dse', '--newgvn', '--simplifycfg', '--lower-expect', '--simplifycfg', '--gvn-hoist', '--instcombine', '--globalopt', '--globalopt', '--elim-avail-extern', '--gvn', '--gvn', '--ipsccp', '--gvn', '--early-cse', '--mem2reg', '--jump-threading', '--globalopt', '--slp-vectorizer', '--instcombine', '--simplifycfg', '--sroa', '--early-cse', '--lower-expect', '--sroa', '--sroa', '--lower-expect', '--adce', '--elim-avail-extern', '--globalopt', '--elim-avail-extern', '--simplifycfg']",75,-4.090323438979341,0.0,-1.4457415470626351,0.0,1,-4.090323438979341,-1.4457415470626351,0.0,-69.54314720812182,12.413113963294233,11.76470588235294,34
817,"['--ipsccp', '--speculative-execution', '--sccp', '--early-cse', '--mem2reg', '--jump-threading', '--globalopt', '--elim-avail-extern', '--instcombine', '--adce', '--jump-threading', '--gvn', '--simplifycfg', '--instsimplify', '--globalopt', '--mergefunc', '--gvn-hoist', '--lower-constant-intrinsics', '--gvn-hoist', '--elim-avail-extern', '--indvars', '--gvn', '--gvn', '--ipsccp', '--gvn', '--nary-reassociate', '--lower-constant-intrinsics', '--loop-instsimplify', '--strip', '--mem2reg', '--jump-threading', '--globalopt', '--elim-avail-extern', '--simplifycfg', '--sroa', '--mem2reg', '--gvn-hoist', '--sccp', '--early-cse', '--instcombine', '--adce', '--gvn-hoist', '--adce', '--loop-simplify', '--dse', '--nary-reassociate', '--newgvn', '--simplifycfg', '--lower-expect', '--simplifycfg', '--gvn-hoist', '--instcombine', '--globalopt', '--elim-avail-extern', '--gvn', '--gvn', '--ipsccp', '--gvn', '--nary-reassociate', '--lower-constant-intrinsics', '--loop-instsimplify', '--early-cse', '--mem2reg', '--jump-threading', '--slp-vectorizer', '--instcombine', '--simplifycfg', '--sroa', '--lower-constant-intrinsics', '--early-cse', '--lower-expect', '--sroa', '--sroa', '--lower-expect', '--globalopt', '--elim-avail-extern', '--lower-expect']",77,-4.090323438979341,0.0,-1.4457415470626351,0.0,1,-4.090323438979341,-1.4457415470626351,0.0,-69.54314720812182,12.413113963294233,11.76470588235294,34
778,"['--ipsccp', '--speculative-execution', '--sccp', '--early-cse', '--mem2reg', '--jump-threading', '--globalopt', '--elim-avail-extern', '--instcombine', '--adce', '--jump-threading', '--gvn', '--simplifycfg', '--instsimplify', '--gvn-hoist', '--mergefunc', '--gvn-hoist', '--instcombine', '--globalopt', '--elim-avail-extern', '--indvars', '--gvn', '--gvn', '--ipsccp', '--gvn', '--nary-reassociate', '--loop-instsimplify', '--early-cse', '--mem2reg', '--jump-threading', '--globalopt', '--elim-avail-extern', '--instcombine', '--simplifycfg', '--sroa', '--mem2reg', '--gvn-hoist', '--sccp', '--early-cse', '--lower-constant-intrinsics', '--adce', '--gvn-hoist', '--adce', '--lower-constant-intrinsics', '--dse', '--newgvn', '--simplifycfg', '--lower-expect', '--simplifycfg', '--gvn-hoist', '--instcombine', '--globalopt', '--elim-avail-extern', '--gvn', '--gvn', '--ipsccp', '--gvn', '--nary-reassociate', '--lower-constant-intrinsics', '--early-cse', '--mem2reg', '--jump-threading', '--globalopt', '--slp-vectorizer', '--instcombine', '--simplifycfg', '--sroa', '--lower-constant-intrinsics', '--early-cse', '--lower-expect', '--gvn-hoist', '--sroa', '--lower-expect', '--globalopt', '--elim-avail-extern', '--lower-expect']",76,-4.090323438979341,0.0,-1.4457415470626351,0.0,1,-4.090323438979341,-1.4457415470626351,0.0,-69.54314720812182,12.413113963294233,11.76470588235294,34
793,"['--ipsccp', '--speculative-execution', '--sccp', '--early-cse', '--mem2reg', '--jump-threading', '--globalopt', '--elim-avail-extern', '--instcombine', '--adce', '--jump-threading', '--gvn', '--simplifycfg', '--instsimplify', '--gvn-hoist', '--mergefunc', '--gvn-hoist', '--instcombine', '--globalopt', '--elim-avail-extern', '--indvars', '--gvn', '--gvn', '--ipsccp', '--loop-simplifycfg', '--gvn', '--nary-reassociate', '--loop-instsimplify', '--early-cse', '--mem2reg', '--jump-threading', '--globalopt', '--elim-avail-extern', '--instcombine', '--simplifycfg', '--sroa', '--mem2reg', '--gvn-hoist', '--sccp', '--early-cse', '--lower-constant-intrinsics', '--adce', '--gvn-hoist', '--adce', '--lower-constant-intrinsics', '--dse', '--newgvn', '--simplifycfg', '--lower-expect', '--simplifycfg', '--gvn-hoist', '--instcombine', '--globalopt', '--elim-avail-extern', '--gvn', '--gvn', '--ipsccp', '--gvn', '--nary-reassociate', '--lower-constant-intrinsics', '--loop-instsimplify', '--early-cse', '--mem2reg', '--jump-threading', '--globalopt', '--slp-vectorizer', '--instcombine', '--simplifycfg', '--sroa', '--lower-constant-intrinsics', '--early-cse', '--lower-expect', '--sroa', '--lower-expect', '--globalopt', '--elim-avail-extern', '--lower-expect']",77,-4.090323438979341,0.0,-1.4457415470626351,0.0,1,-4.090323438979341,-1.4457415470626351,0.0,-69.54314720812182,12.413113963294233,11.76470588235294,34
809,"['--ipsccp', '--speculative-execution', '--lower-expect', '--early-cse', '--mem2reg', '--jump-threading', '--globalopt', '--elim-avail-extern', '--instcombine', '--adce', '--jump-threading', '--gvn', '--simplifycfg', '--instsimplify', '--gvn-hoist', '--mergefunc', '--gvn-hoist', '--instcombine', '--globalopt', '--elim-avail-extern', '--indvars', '--gvn', '--gvn', '--ipsccp', '--gvn', '--nary-reassociate', '--lower-constant-intrinsics', '--loop-instsimplify', '--strip', '--mem2reg', '--jump-threading', '--globalopt', '--memcpyopt', '--elim-avail-extern', '--simplifycfg', '--sroa', '--mem2reg', '--gvn-hoist', '--early-cse', '--instcombine', '--adce', '--gvn-hoist', '--adce', '--loop-simplify', '--dse', '--nary-reassociate', '--newgvn', '--simplifycfg', '--sccp', '--simplifycfg', '--gvn-hoist', '--instcombine', '--globalopt', '--elim-avail-extern', '--gvn', '--gvn', '--ipsccp', '--gvn', '--nary-reassociate', '--lower-constant-intrinsics', '--loop-instsimplify', '--early-cse', '--mem2reg', '--jump-threading', '--slp-vectorizer', '--instcombine', '--simplifycfg', '--sroa', '--lower-constant-intrinsics', '--early-cse', '--lower-expect', '--sroa', '--sroa', '--lower-expect', '--globalopt', '--elim-avail-extern', '--lower-expect']",77,-4.090323438979341,0.0,-1.4457415470626351,0.0,1,-4.090323438979341,-1.4457415470626351,0.0,-69.54314720812182,12.413113963294233,11.76470588235294,34
805,"['--ipsccp', '--speculative-execution', '--sccp', '--early-cse', '--mem2reg', '--jump-threading', '--globalopt', '--elim-avail-extern', '--instcombine', '--adce', '--jump-threading', '--gvn', '--simplifycfg', '--early-cse-memssa', '--gvn-hoist', '--mergefunc', '--gvn-hoist', '--lower-constant-intrinsics', '--globalopt', '--elim-avail-extern', '--indvars', '--gvn', '--gvn', '--ipsccp', '--gvn', '--nary-reassociate', '--lower-constant-intrinsics', '--loop-instsimplify', '--strip', '--mem2reg', '--jump-threading', '--globalopt', '--elim-avail-extern', '--simplifycfg', '--sroa', '--mem2reg', '--gvn-hoist', '--sccp', '--early-cse', '--instcombine', '--adce', '--gvn-hoist', '--adce', '--loop-simplify', '--dse', '--nary-reassociate', '--newgvn', '--simplifycfg', '--lower-expect', '--simplifycfg', '--gvn-hoist', '--instcombine', '--globalopt', '--elim-avail-extern', '--gvn', '--gvn', '--ipsccp', '--gvn', '--nary-reassociate', '--lower-constant-intrinsics', '--loop-instsimplify', '--early-cse', '--mem2reg', '--jump-threading', '--slp-vectorizer', '--instcombine', '--simplifycfg', '--sroa', '--lower-constant-intrinsics', '--early-cse', '--lower-expect', '--sroa', '--sroa', '--lower-expect', '--elim-avail-extern', '--lower-expect']",76,-4.090323438979341,0.0,-1.4457415470626351,0.0,1,-4.090323438979341,-1.4457415470626351,0.0,-69.54314720812182,12.413113963294233,11.76470588235294,34
985,"['--elim-avail-extern', '--speculative-execution', '--sccp', '--early-cse', '--mem2reg', '--jump-threading', '--globalopt', '--elim-avail-extern', '--instcombine', '--adce', '--jump-threading', '--gvn', '--simplifycfg', '--instsimplify', '--gvn-hoist', '--mergefunc', '--gvn-hoist', '--instcombine', '--globalopt', '--elim-avail-extern', '--indvars', '--gvn', '--gvn', '--ipsccp', '--gvn', '--nary-reassociate', '--lower-constant-intrinsics', '--loop-instsimplify', '--strip', '--mem2reg', '--jump-threading', '--elim-avail-extern', '--instcombine', '--simplifycfg', '--sroa', '--gvn-hoist', '--sccp', '--early-cse', '--lower-constant-intrinsics', '--adce', '--gvn-hoist', '--adce', '--adce', '--lower-constant-intrinsics', '--dse', '--newgvn', '--lower-expect', '--gvn-hoist', '--instcombine', '--globalopt', '--elim-avail-extern', '--gvn', '--gvn', '--ipsccp', '--gvn', '--nary-reassociate', '--lower-constant-intrinsics', '--nary-reassociate', '--loop-instsimplify', '--early-cse', '--jump-threading', '--lower-constant-intrinsics', '--globalopt', '--slp-vectorizer', '--instcombine', '--simplifycfg', '--sroa', '--lower-constant-intrinsics', '--early-cse', '--lower-expect', '--sroa', '--sroa', '--lower-expect', '--globalopt', '--elim-avail-extern', '--lower-expect']",76,-4.090323438979341,0.0,-1.4457415470626351,0.0,1,-4.090323438979341,-1.4457415470626351,0.0,-69.54314720812182,12.413113963294233,11.76470588235294,34
804,"['--ipsccp', '--speculative-execution', '--sccp', '--early-cse', '--mem2reg', '--jump-threading', '--globalopt', '--elim-avail-extern', '--instcombine', '--adce', '--jump-threading', '--gvn', '--simplifycfg', '--instsimplify', '--gvn-hoist', '--mergefunc', '--gvn-hoist', '--instcombine', '--globalopt', '--elim-avail-extern', '--indvars', '--gvn', '--gvn', '--ipsccp', '--gvn', '--nary-reassociate', '--loop-instsimplify', '--loop-instsimplify', '--strip', '--mem2reg', '--jump-threading', '--globalopt', '--elim-avail-extern', '--simplifycfg', '--sroa', '--mem2reg', '--gvn-hoist', '--lower-expect', '--early-cse', '--lower-constant-intrinsics', '--adce', '--gvn-hoist', '--adce', '--loop-simplify', '--dse', '--nary-reassociate', '--simplifycfg', '--lower-expect', '--simplifycfg', '--gvn-hoist', '--instcombine', '--globalopt', '--elim-avail-extern', '--gvn', '--gvn', '--ipsccp', '--gvn', '--nary-reassociate', '--lower-constant-intrinsics', '--loop-instsimplify', '--early-cse', '--mem2reg', '--jump-threading', '--globalopt', '--slp-vectorizer', '--instcombine', '--simplifycfg', '--sroa', '--lower-constant-intrinsics', '--early-cse', '--lower-expect', '--sroa', '--sroa', '--lower-expect', '--globalopt', '--elim-avail-extern', '--sccp']",77,-4.090323438979341,0.0,-1.4457415470626351,0.0,1,-4.090323438979341,-1.4457415470626351,0.0,-69.54314720812182,12.413113963294233,11.76470588235294,34
816,"['--ipsccp', '--speculative-execution', '--sccp', '--early-cse', '--mem2reg', '--jump-threading', '--globalopt', '--elim-avail-extern', '--instcombine', '--adce', '--jump-threading', '--gvn', '--simplifycfg', '--instsimplify', '--gvn-hoist', '--mergefunc', '--gvn-hoist', '--lower-constant-intrinsics', '--globalopt', '--elim-avail-extern', '--indvars', '--gvn', '--gvn', '--ipsccp', '--gvn', '--nary-reassociate', '--lower-constant-intrinsics', '--loop-instsimplify', '--strip', '--mem2reg', '--jump-threading', '--globalopt', '--elim-avail-extern', '--simplifycfg', '--sroa', '--globaldce', '--mem2reg', '--gvn-hoist', '--sccp', '--early-cse', '--instcombine', '--adce', '--gvn-hoist', '--adce', '--loop-simplify', '--dse', '--nary-reassociate', '--newgvn', '--simplifycfg', '--lower-expect', '--simplifycfg', '--gvn-hoist', '--instcombine', '--globalopt', '--elim-avail-extern', '--gvn', '--gvn', '--ipsccp', '--gvn', '--nary-reassociate', '--lower-constant-intrinsics', '--loop-instsimplify', '--early-cse', '--mem2reg', '--jump-threading', '--slp-vectorizer', '--instcombine', '--simplifycfg', '--sroa', '--lower-constant-intrinsics', '--early-cse', '--lower-expect', '--sroa', '--sroa', '--lower-expect', '--globalopt', '--elim-avail-extern', '--lower-expect']",78,-4.090323438979341,0.0,-1.4457415470626351,0.0,1,-4.090323438979341,-1.4457415470626351,0.0,-69.54314720812182,12.413113963294233,11.76470588235294,34
829,"['--ipsccp', '--speculative-execution', '--early-cse', '--mem2reg', '--jump-threading', '--elim-avail-extern', '--instcombine', '--adce', '--jump-threading', '--gvn', '--simplifycfg', '--instsimplify', '--gvn-hoist', '--mergefunc', '--gvn-hoist', '--lower-constant-intrinsics', '--globalopt', '--elim-avail-extern', '--indvars', '--gvn', '--gvn', '--ipsccp', '--gvn', '--nary-reassociate', '--lower-constant-intrinsics', '--loop-instsimplify', '--strip', '--mem2reg', '--jump-threading', '--globalopt', '--elim-avail-extern', '--simplifycfg', '--sroa', '--mem2reg', '--gvn-hoist', '--sccp', '--early-cse', '--instcombine', '--adce', '--gvn-hoist', '--adce', '--loop-simplify', '--dse', '--nary-reassociate', '--newgvn', '--simplifycfg', '--lower-expect', '--simplifycfg', '--gvn-hoist', '--instcombine', '--globalopt', '--elim-avail-extern', '--gvn', '--gvn', '--ipsccp', '--gvn', '--nary-reassociate', '--lower-constant-intrinsics', '--loop-instsimplify', '--early-cse', '--mem2reg', '--jump-threading', '--slp-vectorizer', '--instcombine', '--simplifycfg', '--sroa', '--lower-constant-intrinsics', '--early-cse', '--lower-expect', '--sroa', '--sroa', '--lower-expect', '--globalopt', '--elim-avail-extern', '--lower-expect']",75,-4.090323438979341,0.0,-1.4457415470626351,0.0,1,-4.090323438979341,-1.4457415470626351,0.0,-69.54314720812182,12.413113963294233,11.76470588235294,34
950,"['--ipsccp', '--speculative-execution', '--sccp', '--early-cse', '--mem2reg', '--jump-threading', '--loop-unroll-and-jam', '--globalopt', '--elim-avail-extern', '--instcombine', '--adce', '--jump-threading', '--gvn', '--simplifycfg', '--instsimplify', '--gvn-hoist', '--mergefunc', '--gvn-hoist', '--instcombine', '--globalopt', '--elim-avail-extern', '--indvars', '--gvn', '--gvn', '--ipsccp', '--gvn', '--nary-reassociate', '--loop-instsimplify', '--early-cse', '--mem2reg', '--jump-threading', '--globalopt', '--elim-avail-extern', '--instcombine', '--simplifycfg', '--sroa', '--mem2reg', '--gvn-hoist', '--sccp', '--early-cse', '--lower-constant-intrinsics', '--adce', '--gvn-hoist', '--adce', '--lower-constant-intrinsics', '--dse', '--newgvn', '--lower-expect', '--gvn-hoist', '--instcombine', '--globalopt', '--elim-avail-extern', '--gvn', '--elim-avail-extern', '--gvn', '--gvn', '--ipsccp', '--gvn', '--nary-reassociate', '--lower-constant-intrinsics', '--early-cse', '--mem2reg', '--jump-threading', '--globalopt', '--slp-vectorizer', '--instcombine', '--simplifycfg', '--sroa', '--early-cse', '--lower-expect', '--sroa', '--sroa', '--lower-expect', '--globalopt', '--elim-avail-extern', '--simplifycfg']",76,-4.090323438979341,0.0,-1.4457415470626351,0.0,1,-4.090323438979341,-1.4457415470626351,0.0,-69.54314720812182,12.413113963294233,11.76470588235294,34
949,"['--ipsccp', '--speculative-execution', '--sccp', '--early-cse', '--mem2reg', '--jump-threading', '--globalopt', '--elim-avail-extern', '--instcombine', '--adce', '--jump-threading', '--gvn', '--simplifycfg', '--instsimplify', '--gvn-hoist', '--mergefunc', '--gvn-hoist', '--instcombine', '--globalopt', '--elim-avail-extern', '--indvars', '--gvn', '--gvn', '--ipsccp', '--gvn', '--nary-reassociate', '--loop-instsimplify', '--early-cse', '--mem2reg', '--jump-threading', '--globalopt', '--elim-avail-extern', '--instcombine', '--simplifycfg', '--sroa', '--gvn-hoist', '--sccp', '--early-cse', '--lower-constant-intrinsics', '--globalopt', '--gvn-hoist', '--adce', '--lower-constant-intrinsics', '--dse', '--newgvn', '--simplifycfg', '--lower-expect', '--simplifycfg', '--gvn-hoist', '--instcombine', '--globalopt', '--globalopt', '--elim-avail-extern', '--gvn', '--gvn', '--ipsccp', '--gvn', '--early-cse', '--mem2reg', '--jump-threading', '--globalopt', '--slp-vectorizer', '--instcombine', '--simplifycfg', '--sroa', '--early-cse', '--lower-expect', '--sroa', '--sroa', '--lower-expect', '--adce', '--elim-avail-extern', '--sroa', '--sroa', '--lower-expect', '--globalopt', '--elim-avail-extern', '--lower-expect']",78,-4.090323438979341,0.0,-1.4457415470626351,0.0,1,-4.090323438979341,-1.4457415470626351,0.0,-69.54314720812182,12.413113963294233,11.76470588235294,34
888,"['--ipsccp', '--speculative-execution', '--sccp', '--early-cse', '--mem2reg', '--jump-threading', '--globalopt', '--elim-avail-extern', '--instcombine', '--adce', '--gvn', '--simplifycfg', '--instsimplify', '--gvn-hoist', '--mergefunc', '--gvn-hoist', '--instcombine', '--globalopt', '--elim-avail-extern', '--indvars', '--gvn', '--gvn', '--ipsccp', '--gvn', '--nary-reassociate', '--loop-instsimplify', '--early-cse', '--mem2reg', '--jump-threading', '--globalopt', '--elim-avail-extern', '--instcombine', '--simplifycfg', '--sroa', '--mem2reg', '--gvn-hoist', '--sccp', '--early-cse', '--lower-constant-intrinsics', '--adce', '--gvn-hoist', '--adce', '--loop-simplify', '--dse', '--newgvn', '--simplifycfg', '--lower-expect', '--simplifycfg', '--loop-unroll-and-jam', '--globalopt', '--elim-avail-extern', '--gvn', '--gvn', '--ipsccp', '--gvn', '--nary-reassociate', '--lower-constant-intrinsics', '--loop-instsimplify', '--early-cse', '--mem2reg', '--lower-expect', '--slp-vectorizer', '--instcombine', '--simplifycfg', '--sroa', '--lower-constant-intrinsics', '--early-cse', '--lower-constant-intrinsics', '--early-cse', '--jump-threading', '--sroa', '--sroa', '--lower-expect', '--globalopt', '--elim-avail-extern', '--lower-expect']",76,-4.090323438979341,0.0,-1.4457415470626351,0.0,1,-4.090323438979341,-1.4457415470626351,0.0,-69.54314720812182,12.413113963294233,11.76470588235294,34
914,"['--ipsccp', '--speculative-execution', '--sccp', '--early-cse', '--mem2reg', '--globalopt', '--elim-avail-extern', '--instcombine', '--adce', '--jump-threading', '--gvn', '--simplifycfg', '--instsimplify', '--gvn-hoist', '--mergefunc', '--gvn-hoist', '--instcombine', '--globalopt', '--elim-avail-extern', '--indvars', '--gvn', '--gvn', '--ipsccp', '--gvn', '--nary-reassociate', '--loop-instsimplify', '--early-cse', '--mem2reg', '--jump-threading', '--globalopt', '--elim-avail-extern', '--instcombine', '--simplifycfg', '--sroa', '--mem2reg', '--gvn-hoist', '--sccp', '--early-cse', '--lower-constant-intrinsics', '--adce', '--gvn-hoist', '--adce', '--lower-constant-intrinsics', '--dse', '--newgvn', '--simplifycfg', '--lower-expect', '--simplifycfg', '--gvn-hoist', '--instcombine', '--globalopt', '--elim-avail-extern', '--gvn', '--gvn', '--ipsccp', '--gvn', '--nary-reassociate', '--lower-constant-intrinsics', '--early-cse', '--mem2reg', '--jump-threading', '--globalopt', '--slp-vectorizer', '--instcombine', '--simplifycfg', '--sroa', '--early-cse', '--lower-expect', '--sroa', '--sroa', '--lower-expect', '--globalopt', '--elim-avail-extern', '--simplifycfg']",74,-4.090323438979341,0.0,-1.4457415470626351,0.0,1,-4.090323438979341,-1.4457415470626351,0.0,-69.54314720812182,12.413113963294233,11.76470588235294,34
864,"['--ipsccp', '--speculative-execution', '--sccp', '--early-cse', '--mem2reg', '--jump-threading', '--globalopt', '--elim-avail-extern', '--instcombine', '--adce', '--jump-threading', '--gvn', '--simplifycfg', '--instsimplify', '--gvn-hoist', '--mergefunc', '--gvn-hoist', '--instcombine', '--globalopt', '--elim-avail-extern', '--indvars', '--gvn', '--gvn', '--ipsccp', '--gvn', '--nary-reassociate', '--loop-instsimplify', '--early-cse', '--mem2reg', '--jump-threading', '--globalopt', '--elim-avail-extern', '--instcombine', '--simplifycfg', '--sroa', '--mem2reg', '--gvn-hoist', '--sccp', '--early-cse', '--lower-constant-intrinsics', '--adce', '--gvn-hoist', '--adce', '--lower-constant-intrinsics', '--dse', '--newgvn', '--simplifycfg', '--lower-expect', '--simplifycfg', '--gvn-hoist', '--instcombine', '--globalopt', '--elim-avail-extern', '--gvn', '--gvn', '--ipsccp', '--gvn', '--nary-reassociate', '--lower-constant-intrinsics', '--early-cse', '--mem2reg', '--jump-threading', '--globalopt', '--slp-vectorizer', '--instcombine', '--simplifycfg', '--sroa', '--simplifycfg', '--sroa', '--lower-constant-intrinsics', '--early-cse', '--lower-expect', '--sroa', '--sroa', '--lower-expect', '--globalopt', '--elim-avail-extern', '--lower-expect']",78,-4.090323438979341,0.0,-1.4457415470626351,0.0,1,-4.090323438979341,-1.4457415470626351,0.0,-69.54314720812182,12.413113963294233,11.76470588235294,34
852,"['--ipsccp', '--speculative-execution', '--sccp', '--early-cse', '--mem2reg', '--jump-threading', '--globalopt', '--elim-avail-extern', '--instcombine', '--adce', '--jump-threading', '--gvn', '--simplifycfg', '--instsimplify', '--gvn-hoist', '--mergefunc', '--gvn-hoist', '--instcombine', '--globalopt', '--elim-avail-extern', '--indvars', '--gvn', '--gvn', '--ipsccp', '--gvn', '--nary-reassociate', '--loop-instsimplify', '--early-cse', '--mem2reg', '--jump-threading', '--globalopt', '--elim-avail-extern', '--instcombine', '--simplifycfg', '--sroa', '--mem2reg', '--gvn-hoist', '--sccp', '--early-cse', '--lower-constant-intrinsics', '--adce', '--gvn-hoist', '--adce', '--lower-constant-intrinsics', '--dse', '--newgvn', '--simplifycfg', '--loop-versioning-licm', '--simplifycfg', '--gvn-hoist', '--instcombine', '--globalopt', '--elim-avail-extern', '--gvn', '--gvn', '--ipsccp', '--gvn', '--nary-reassociate', '--lower-constant-intrinsics', '--early-cse', '--mem2reg', '--jump-threading', '--globalopt', '--slp-vectorizer', '--instcombine', '--simplifycfg', '--sroa', '--lower-constant-intrinsics', '--early-cse', '--lower-expect', '--gvn-hoist', '--sroa', '--lower-expect', '--globalopt', '--elim-avail-extern', '--lower-expect']",76,-4.090323438979341,0.0,-1.4457415470626351,0.0,1,-4.090323438979341,-1.4457415470626351,0.0,-69.54314720812182,12.413113963294233,11.76470588235294,34
851,"['--speculative-execution', '--ipsccp', '--speculative-execution', '--sccp', '--early-cse', '--mem2reg', '--jump-threading', '--globalopt', '--elim-avail-extern', '--instcombine', '--adce', '--jump-threading', '--gvn', '--simplifycfg', '--instsimplify', '--gvn-hoist', '--mergefunc', '--gvn-hoist', '--lower-constant-intrinsics', '--globalopt', '--elim-avail-extern', '--indvars', '--gvn', '--gvn', '--ipsccp', '--gvn', '--nary-reassociate', '--lower-constant-intrinsics', '--loop-instsimplify', '--ipsccp', '--mem2reg', '--jump-threading', '--globalopt', '--elim-avail-extern', '--simplifycfg', '--sroa', '--mem2reg', '--gvn-hoist', '--sccp', '--early-cse', '--instcombine', '--adce', '--gvn-hoist', '--adce', '--loop-simplify', '--dse', '--nary-reassociate', '--newgvn', '--simplifycfg', '--lower-expect', '--simplifycfg', '--gvn-hoist', '--instcombine', '--globalopt', '--elim-avail-extern', '--gvn', '--gvn', '--strip', '--gvn', '--nary-reassociate', '--lower-constant-intrinsics', '--loop-instsimplify', '--early-cse', '--mem2reg', '--jump-threading', '--slp-vectorizer', '--instcombine', '--simplifycfg', '--sroa', '--lower-constant-intrinsics', '--early-cse', '--lower-expect', '--sroa', '--sroa', '--lower-expect', '--globalopt', '--elim-avail-extern', '--lower-expect']",78,-4.090323438979341,0.0,-1.4457415470626351,0.0,1,-4.090323438979341,-1.4457415470626351,0.0,-69.54314720812182,12.413113963294233,11.76470588235294,34
848,"['--ipsccp', '--speculative-execution', '--sccp', '--early-cse', '--mem2reg', '--jump-threading', '--globalopt', '--elim-avail-extern', '--instcombine', '--adce', '--jump-threading', '--gvn', '--simplifycfg', '--instsimplify', '--gvn-hoist', '--mergefunc', '--gvn-hoist', '--instcombine', '--globalopt', '--elim-avail-extern', '--indvars', '--gvn', '--gvn', '--ipsccp', '--gvn', '--nary-reassociate', '--lower-constant-intrinsics', '--loop-instsimplify', '--strip', '--early-cse', '--jump-threading', '--globalopt', '--elim-avail-extern', '--simplifycfg', '--sroa', '--globaldce', '--mem2reg', '--gvn-hoist', '--sccp', '--early-cse', '--instcombine', '--adce', '--gvn-hoist', '--adce', '--loop-simplify', '--dse', '--nary-reassociate', '--newgvn', '--simplifycfg', '--lower-expect', '--simplifycfg', '--gvn-hoist', '--instcombine', '--globalopt', '--elim-avail-extern', '--gvn', '--gvn', '--ipsccp', '--gvn', '--nary-reassociate', '--lower-constant-intrinsics', '--loop-instsimplify', '--early-cse', '--mem2reg', '--jump-threading', '--slp-vectorizer', '--instcombine', '--simplifycfg', '--sroa', '--lower-constant-intrinsics', '--early-cse', '--lower-expect', '--sroa', '--sroa', '--lower-expect', '--globalopt', '--elim-avail-extern', '--lower-expect']",78,-4.090323438979341,0.0,-1.4457415470626351,0.0,1,-4.090323438979341,-1.4457415470626351,0.0,-69.54314720812182,12.413113963294233,11.76470588235294,34
905,"['--ipsccp', '--speculative-execution', '--sccp', '--early-cse', '--mem2reg', '--jump-threading', '--globalopt', '--elim-avail-extern', '--instcombine', '--adce', '--jump-threading', '--gvn', '--simplifycfg', '--instsimplify', '--gvn-hoist', '--mergefunc', '--gvn-hoist', '--instcombine', '--globalopt', '--elim-avail-extern', '--indvars', '--gvn', '--gvn', '--ipsccp', '--gvn', '--nary-reassociate', '--loop-instsimplify', '--early-cse', '--mem2reg', '--jump-threading', '--globalopt', '--elim-avail-extern', '--instcombine', '--simplifycfg', '--sroa', '--gvn-hoist', '--sccp', '--early-cse', '--lower-constant-intrinsics', '--adce', '--gvn-hoist', '--adce', '--lower-constant-intrinsics', '--dse', '--newgvn', '--simplifycfg', '--lower-expect', '--simplifycfg', '--gvn-hoist', '--instcombine', '--globalopt', '--globalopt', '--elim-avail-extern', '--gvn', '--gvn', '--ipsccp', '--gvn', '--nary-reassociate', '--loop-instsimplify', '--early-cse', '--lower-constant-intrinsics', '--loop-instsimplify', '--early-cse', '--mem2reg', '--jump-threading', '--slp-vectorizer', '--instcombine', '--simplifycfg', '--sroa', '--lower-constant-intrinsics', '--early-cse', '--lower-expect', '--sroa', '--sroa', '--lower-expect', '--globalopt', '--elim-avail-extern', '--lower-expect']",78,-4.090323438979341,0.0,-1.4457415470626351,0.0,1,-4.090323438979341,-1.4457415470626351,0.0,-69.54314720812182,12.413113963294233,11.76470588235294,34
880,"['--ipsccp', '--speculative-execution', '--sccp', '--early-cse', '--mem2reg', '--jump-threading', '--globalopt', '--elim-avail-extern', '--instcombine', '--adce', '--jump-threading', '--gvn', '--simplifycfg', '--instsimplify', '--gvn-hoist', '--mergefunc', '--gvn-hoist', '--instcombine', '--globalopt', '--elim-avail-extern', '--indvars', '--gvn', '--gvn', '--ipsccp', '--gvn', '--nary-reassociate', '--loop-instsimplify', '--early-cse', '--mem2reg', '--jump-threading', '--globalopt', '--elim-avail-extern', '--instcombine', '--simplifycfg', '--sroa', '--mem2reg', '--gvn-hoist', '--sccp', '--early-cse', '--lower-constant-intrinsics', '--dse', '--gvn-hoist', '--adce', '--loop-simplify', '--adce', '--newgvn', '--simplifycfg', '--lower-expect', '--simplifycfg', '--loop-unroll-and-jam', '--jump-threading', '--globalopt', '--elim-avail-extern', '--instcombine', '--globalopt', '--elim-avail-extern', '--gvn', '--gvn', '--ipsccp', '--gvn', '--mem2reg', '--jump-threading', '--globalopt', '--slp-vectorizer', '--instcombine', '--simplifycfg', '--sroa', '--early-cse', '--lower-expect', '--sroa', '--sroa', '--lower-expect', '--globalopt', '--elim-avail-extern', '--simplifycfg']",75,-4.090323438979341,0.0,-1.4457415470626351,0.0,1,-4.090323438979341,-1.4457415470626351,0.0,-69.54314720812182,12.413113963294233,11.76470588235294,34
625,"['--ipsccp', '--speculative-execution', '--sccp', '--early-cse', '--mem2reg', '--jump-threading', '--globalopt', '--elim-avail-extern', '--instcombine', '--adce', '--jump-threading', '--gvn', '--simplifycfg', '--instsimplify', '--gvn-hoist', '--mergefunc', '--gvn-hoist', '--instcombine', '--globalopt', '--elim-avail-extern', '--indvars', '--gvn', '--gvn', '--ipsccp', '--gvn', '--nary-reassociate', '--loop-instsimplify', '--early-cse', '--mem2reg', '--jump-threading', '--globalopt', '--elim-avail-extern', '--instcombine', '--simplifycfg', '--sroa', '--mem2reg', '--gvn-hoist', '--sccp', '--early-cse', '--lower-constant-intrinsics', '--adce', '--gvn-hoist', '--adce', '--lower-constant-intrinsics', '--dse', '--newgvn', '--simplifycfg', '--lower-expect', '--simplifycfg', '--gvn-hoist', '--instcombine', '--globalopt', '--elim-avail-extern', '--gvn', '--gvn', '--ipsccp', '--gvn', '--nary-reassociate', '--lower-constant-intrinsics', '--loop-instsimplify', '--early-cse', '--mem2reg', '--jump-threading', '--globalopt', '--slp-vectorizer', '--instcombine', '--simplifycfg', '--sroa', '--lower-constant-intrinsics', '--early-cse', '--lower-expect', '--sroa', '--lower-expect', '--globalopt', '--elim-avail-extern', '--lower-expect']",76,-4.090323438979341,0.0,-1.4457415470626351,0.0,1,-4.090323438979341,-1.4457415470626351,0.0,-69.54314720812182,12.413113963294233,11.76470588235294,34
843,"['--ipsccp', '--speculative-execution', '--sccp', '--early-cse', '--mem2reg', '--jump-threading', '--globalopt', '--elim-avail-extern', '--instcombine', '--adce', '--jump-threading', '--gvn', '--simplifycfg', '--instsimplify', '--gvn-hoist', '--mergefunc', '--gvn-hoist', '--lower-constant-intrinsics', '--globalopt', '--elim-avail-extern', '--indvars', '--gvn', '--gvn', '--ipsccp', '--gvn', '--nary-reassociate', '--lower-constant-intrinsics', '--loop-instsimplify', '--strip', '--mem2reg', '--jump-threading', '--globalopt', '--elim-avail-extern', '--simplifycfg', '--sroa', '--mem2reg', '--gvn-hoist', '--sccp', '--early-cse', '--instcombine', '--adce', '--gvn-hoist', '--gvn-hoist', '--adce', '--lower-constant-intrinsics', '--dse', '--newgvn', '--simplifycfg', '--lower-expect', '--simplifycfg', '--gvn-hoist', '--instcombine', '--globalopt', '--elim-avail-extern', '--gvn', '--gvn', '--ipsccp', '--gvn', '--nary-reassociate', '--lower-constant-intrinsics', '--loop-instsimplify', '--early-cse', '--mem2reg', '--jump-threading', '--globalopt', '--slp-vectorizer', '--instcombine', '--simplifycfg', '--sroa', '--mergereturn', '--early-cse', '--lower-expect', '--sroa', '--lower-expect', '--globalopt', '--elim-avail-extern', '--lower-expect']",77,-4.090323438979341,0.0,-1.4457415470626351,0.0,1,-4.090323438979341,-1.4457415470626351,0.0,-69.54314720812182,12.413113963294233,11.76470588235294,34
840,"['--ipsccp', '--speculative-execution', '--sccp', '--early-cse', '--mem2reg', '--jump-threading', '--globalopt', '--elim-avail-extern', '--instcombine', '--adce', '--jump-threading', '--gvn', '--simplifycfg', '--instsimplify', '--gvn-hoist', '--mergefunc', '--gvn-hoist', '--instcombine', '--globalopt', '--elim-avail-extern', '--indvars', '--gvn', '--gvn', '--ipsccp', '--gvn', '--nary-reassociate', '--loop-instsimplify', '--early-cse', '--mem2reg', '--jump-threading', '--dse', '--elim-avail-extern', '--instcombine', '--simplifycfg', '--sroa', '--mem2reg', '--gvn-hoist', '--sccp', '--early-cse', '--lower-constant-intrinsics', '--adce', '--gvn-hoist', '--adce', '--lower-constant-intrinsics', '--dse', '--newgvn', '--simplifycfg', '--lower-expect', '--simplifycfg', '--gvn-hoist', '--instcombine', '--globalopt', '--elim-avail-extern', '--gvn', '--gvn', '--ipsccp', '--gvn', '--nary-reassociate', '--lower-constant-intrinsics', '--loop-instsimplify', '--early-cse', '--mem2reg', '--jump-threading', '--globalopt', '--slp-vectorizer', '--instcombine', '--simplifycfg', '--sroa', '--lower-constant-intrinsics', '--early-cse', '--lower-expect', '--sroa', '--lower-expect', '--globalopt', '--elim-avail-extern', '--lower-expect']",76,-4.090323438979341,0.0,-1.4457415470626351,0.0,1,-4.090323438979341,-1.4457415470626351,0.0,-69.54314720812182,12.413113963294233,11.76470588235294,34
839,"['--ipsccp', '--speculative-execution', '--sccp', '--early-cse', '--mem2reg', '--jump-threading', '--globalopt', '--elim-avail-extern', '--instcombine', '--adce', '--jump-threading', '--gvn', '--simplifycfg', '--instsimplify', '--gvn-hoist', '--mergefunc', '--gvn-hoist', '--instcombine', '--globalopt', '--elim-avail-extern', '--indvars', '--gvn', '--gvn', '--ipsccp', '--gvn', '--nary-reassociate', '--loop-instsimplify', '--early-cse', '--mem2reg', '--jump-threading', '--globalopt', '--elim-avail-extern', '--instcombine', '--simplifycfg', '--sroa', '--mem2reg', '--gvn-hoist', '--sccp', '--early-cse', '--lower-constant-intrinsics', '--adce', '--gvn-hoist', '--adce', '--loop-simplify', '--dse', '--newgvn', '--simplifycfg', '--lower-expect', '--simplifycfg', '--loop-unroll-and-jam', '--globalopt', '--elim-avail-extern', '--gvn', '--gvn', '--ipsccp', '--loop-sink', '--gvn', '--nary-reassociate', '--lower-constant-intrinsics', '--loop-instsimplify', '--early-cse', '--mem2reg', '--lower-expect', '--slp-vectorizer', '--instcombine', '--simplifycfg', '--sroa', '--lower-constant-intrinsics', '--early-cse', '--jump-threading', '--sroa', '--sroa', '--lower-expect', '--globalopt', '--elim-avail-extern', '--lower-expect']",76,-4.090323438979341,0.0,-1.4457415470626351,0.0,1,-4.090323438979341,-1.4457415470626351,0.0,-69.54314720812182,12.413113963294233,11.76470588235294,34
835,"['--ipsccp', '--speculative-execution', '--sccp', '--early-cse', '--mem2reg', '--jump-threading', '--globalopt', '--elim-avail-extern', '--instcombine', '--adce', '--jump-threading', '--gvn', '--simplifycfg', '--instsimplify', '--gvn-hoist', '--mergefunc', '--gvn-hoist', '--instcombine', '--globalopt', '--elim-avail-extern', '--indvars', '--gvn', '--gvn', '--mergereturn', '--loop-simplifycfg', '--gvn', '--nary-reassociate', '--loop-instsimplify', '--early-cse', '--mem2reg', '--jump-threading', '--globalopt', '--elim-avail-extern', '--instcombine', '--simplifycfg', '--sroa', '--mem2reg', '--gvn-hoist', '--sccp', '--early-cse', '--lower-constant-intrinsics', '--adce', '--adce', '--loop-simplify', '--dse', '--nary-reassociate', '--newgvn', '--simplifycfg', '--lower-expect', '--simplifycfg', '--gvn-hoist', '--instcombine', '--globalopt', '--elim-avail-extern', '--gvn', '--gvn', '--ipsccp', '--gvn', '--nary-reassociate', '--lower-constant-intrinsics', '--loop-instsimplify', '--early-cse', '--mem2reg', '--jump-threading', '--slp-vectorizer', '--instcombine', '--simplifycfg', '--sroa', '--lower-constant-intrinsics', '--early-cse', '--lower-expect', '--sroa', '--sroa', '--lower-expect', '--globalopt', '--elim-avail-extern', '--lower-expect']",77,-4.090323438979341,0.0,-1.4457415470626351,0.0,1,-4.090323438979341,-1.4457415470626351,0.0,-69.54314720812182,12.413113963294233,11.76470588235294,34
834,"['--ipsccp', '--speculative-execution', '--sccp', '--early-cse', '--mem2reg', '--jump-threading', '--globalopt', '--elim-avail-extern', '--instcombine', '--adce', '--jump-threading', '--gvn', '--simplifycfg', '--instsimplify', '--gvn-hoist', '--mergefunc', '--gvn-hoist', '--instcombine', '--globalopt', '--elim-avail-extern', '--indvars', '--gvn', '--gvn', '--ipsccp', '--gvn', '--nary-reassociate', '--loop-instsimplify', '--early-cse', '--mem2reg', '--jump-threading', '--globalopt', '--elim-avail-extern', '--instcombine', '--simplifycfg', '--sroa', '--mem2reg', '--gvn-hoist', '--sccp', '--early-cse', '--lower-constant-intrinsics', '--adce', '--gvn-hoist', '--adce', '--lower-constant-intrinsics', '--dse', '--newgvn', '--lower-expect', '--simplifycfg', '--gvn-hoist', '--instcombine', '--globalopt', '--elim-avail-extern', '--gvn', '--ipsccp', '--gvn', '--nary-reassociate', '--lower-constant-intrinsics', '--early-cse', '--mem2reg', '--jump-threading', '--globalopt', '--slp-vectorizer', '--instcombine', '--simplifycfg', '--slp-vectorizer', '--instcombine', '--simplifycfg', '--sroa', '--lower-constant-intrinsics', '--early-cse', '--lower-expect', '--sroa', '--sroa', '--lower-expect', '--elim-avail-extern', '--lower-expect']",76,-4.090323438979341,0.0,-1.4457415470626351,0.0,1,-4.090323438979341,-1.4457415470626351,0.0,-69.54314720812182,12.413113963294233,11.76470588235294,34
723,"['--ipsccp', '--speculative-execution', '--sccp', '--early-cse', '--mem2reg', '--jump-threading', '--globalopt', '--elim-avail-extern', '--instcombine', '--adce', '--jump-threading', '--gvn', '--simplifycfg', '--instsimplify', '--gvn-hoist', '--mergefunc', '--gvn-hoist', '--instcombine', '--globalopt', '--elim-avail-extern', '--indvars', '--gvn', '--gvn', '--ipsccp', '--gvn', '--nary-reassociate', '--loop-instsimplify', '--early-cse', '--mem2reg', '--jump-threading', '--globalopt', '--elim-avail-extern', '--instcombine', '--simplifycfg', '--sroa', '--mem2reg', '--gvn-hoist', '--sccp', '--early-cse', '--lower-constant-intrinsics', '--adce', '--gvn-hoist', '--adce', '--lower-constant-intrinsics', '--dse', '--newgvn', '--lower-expect', '--simplifycfg', '--gvn-hoist', '--instcombine', '--globalopt', '--elim-avail-extern', '--gvn', '--gvn', '--ipsccp', '--gvn', '--nary-reassociate', '--lower-constant-intrinsics', '--early-cse', '--mem2reg', '--jump-threading', '--globalopt', '--slp-vectorizer', '--instcombine', '--simplifycfg', '--sroa', '--early-cse', '--lower-expect', '--sroa', '--sroa', '--lower-expect', '--globalopt', '--elim-avail-extern', '--lower-expect']",74,-4.090323438979341,0.0,-1.4457415470626351,0.0,1,-4.090323438979341,-1.4457415470626351,0.0,-69.54314720812182,12.413113963294233,11.76470588235294,34
826,"['--ipsccp', '--speculative-execution', '--sccp', '--early-cse', '--mem2reg', '--jump-threading', '--globalopt', '--elim-avail-extern', '--instcombine', '--adce', '--jump-threading', '--gvn', '--simplifycfg', '--instsimplify', '--gvn-hoist', '--mergefunc', '--gvn-hoist', '--instcombine', '--partially-inline-libcalls', '--elim-avail-extern', '--indvars', '--gvn', '--gvn', '--ipsccp', '--gvn', '--nary-reassociate', '--loop-instsimplify', '--early-cse', '--mem2reg', '--jump-threading', '--globalopt', '--elim-avail-extern', '--instcombine', '--simplifycfg', '--sroa', '--mem2reg', '--gvn-hoist', '--sccp', '--early-cse', '--lower-constant-intrinsics', '--adce', '--gvn-hoist', '--adce', '--lower-constant-intrinsics', '--dse', '--newgvn', '--lower-expect', '--simplifycfg', '--gvn-hoist', '--instcombine', '--globalopt', '--elim-avail-extern', '--gvn', '--ipsccp', '--gvn', '--nary-reassociate', '--lower-constant-intrinsics', '--early-cse', '--mem2reg', '--jump-threading', '--globalopt', '--slp-vectorizer', '--instcombine', '--simplifycfg', '--sroa', '--early-cse', '--lower-expect', '--sroa', '--sroa', '--lower-expect', '--globalopt', '--elim-avail-extern', '--lower-expect']",73,-4.090323438979341,0.0,-1.4457415470626351,0.0,1,-4.090323438979341,-1.4457415470626351,0.0,-69.54314720812182,12.413113963294233,11.76470588235294,34
824,"['--ipsccp', '--speculative-execution', '--sccp', '--early-cse', '--mem2reg', '--jump-threading', '--globalopt', '--elim-avail-extern', '--instcombine', '--adce', '--jump-threading', '--gvn', '--simplifycfg', '--instsimplify', '--gvn-hoist', '--mergefunc', '--gvn-hoist', '--lower-constant-intrinsics', '--globalopt', '--elim-avail-extern', '--indvars', '--gvn', '--gvn', '--ipsccp', '--gvn', '--nary-reassociate', '--loop-instsimplify', '--early-cse', '--mem2reg', '--jump-threading', '--globalopt', '--elim-avail-extern', '--instcombine', '--simplifycfg', '--sroa', '--mem2reg', '--gvn-hoist', '--sccp', '--early-cse', '--lower-constant-intrinsics', '--adce', '--gvn-hoist', '--adce', '--lower-constant-intrinsics', '--dse', '--newgvn', '--simplifycfg', '--lower-expect', '--simplifycfg', '--gvn-hoist', '--instcombine', '--globalopt', '--elim-avail-extern', '--gvn', '--gvn', '--ipsccp', '--gvn', '--lower-constant-intrinsics', '--early-cse', '--mem2reg', '--jump-threading', '--globalopt', '--slp-vectorizer', '--instcombine', '--simplifycfg', '--sroa', '--lower-constant-intrinsics', '--early-cse', '--lower-expect', '--gvn-hoist', '--sroa', '--lower-expect', '--globalopt', '--elim-avail-extern', '--lower-expect']",75,-4.090323438979341,0.0,-1.4457415470626351,0.0,1,-4.090323438979341,-1.4457415470626351,0.0,-69.54314720812182,12.413113963294233,11.76470588235294,34
721,"['--ipsccp', '--speculative-execution', '--sccp', '--early-cse', '--mem2reg', '--jump-threading', '--globalopt', '--elim-avail-extern', '--instcombine', '--adce', '--jump-threading', '--gvn', '--simplifycfg', '--instsimplify', '--gvn-hoist', '--mergefunc', '--gvn-hoist', '--instcombine', '--globalopt', '--elim-avail-extern', '--indvars', '--gvn', '--gvn', '--ipsccp', '--gvn', '--nary-reassociate', '--loop-instsimplify', '--loop-instsimplify', '--strip', '--mem2reg', '--jump-threading', '--globalopt', '--elim-avail-extern', '--simplifycfg', '--sroa', '--mem2reg', '--gvn-hoist', '--sccp', '--early-cse', '--lower-constant-intrinsics', '--adce', '--gvn-hoist', '--adce', '--loop-simplify', '--dse', '--nary-reassociate', '--simplifycfg', '--lower-expect', '--simplifycfg', '--gvn-hoist', '--instcombine', '--globalopt', '--elim-avail-extern', '--gvn', '--gvn', '--ipsccp', '--gvn', '--nary-reassociate', '--lower-constant-intrinsics', '--loop-instsimplify', '--early-cse', '--mem2reg', '--jump-threading', '--globalopt', '--slp-vectorizer', '--instcombine', '--simplifycfg', '--sroa', '--lower-constant-intrinsics', '--early-cse', '--lower-expect', '--sroa', '--sroa', '--lower-expect', '--globalopt', '--elim-avail-extern', '--lower-expect']",77,-4.090323438979341,0.0,-1.4457415470626351,0.0,1,-4.090323438979341,-1.4457415470626351,0.0,-69.54314720812182,12.413113963294233,11.76470588235294,34
779,"['--ipsccp', '--speculative-execution', '--sccp', '--early-cse', '--mem2reg', '--jump-threading', '--globalopt', '--elim-avail-extern', '--instcombine', '--adce', '--jump-threading', '--gvn', '--simplifycfg', '--instsimplify', '--gvn-hoist', '--mergefunc', '--gvn-hoist', '--instcombine', '--globalopt', '--elim-avail-extern', '--indvars', '--gvn', '--gvn', '--ipsccp', '--gvn', '--nary-reassociate', '--loop-instsimplify', '--early-cse', '--mem2reg', '--jump-threading', '--globalopt', '--elim-avail-extern', '--instcombine', '--simplifycfg', '--sroa', '--mem2reg', '--gvn-hoist', '--sccp', '--early-cse', '--lower-constant-intrinsics', '--adce', '--gvn-hoist', '--adce', '--lower-constant-intrinsics', '--dse', '--newgvn', '--lower-expect', '--simplifycfg', '--gvn-hoist', '--instcombine', '--globalopt', '--elim-avail-extern', '--gvn', '--ipsccp', '--gvn', '--nary-reassociate', '--lower-constant-intrinsics', '--early-cse', '--mem2reg', '--jump-threading', '--globalopt', '--slp-vectorizer', '--instcombine', '--simplifycfg', '--sroa', '--early-cse', '--lower-expect', '--sroa', '--sroa', '--lower-expect', '--globalopt', '--elim-avail-extern', '--lower-expect']",73,-4.090323438979341,0.0,-1.4457415470626351,0.0,1,-4.090323438979341,-1.4457415470626351,0.0,-69.54314720812182,12.413113963294233,11.76470588235294,34
788,"['--ipsccp', '--speculative-execution', '--sccp', '--early-cse', '--mem2reg', '--jump-threading', '--elim-avail-extern', '--instcombine', '--adce', '--jump-threading', '--gvn', '--simplifycfg', '--instsimplify', '--gvn-hoist', '--mergefunc', '--gvn-hoist', '--lower-constant-intrinsics', '--globalopt', '--elim-avail-extern', '--indvars', '--gvn', '--gvn', '--ipsccp', '--gvn', '--nary-reassociate', '--lower-constant-intrinsics', '--loop-instsimplify', '--strip', '--mem2reg', '--jump-threading', '--globalopt', '--elim-avail-extern', '--simplifycfg', '--sroa', '--mem2reg', '--gvn-hoist', '--sccp', '--early-cse', '--instcombine', '--adce', '--gvn-hoist', '--adce', '--loop-simplify', '--dse', '--nary-reassociate', '--newgvn', '--simplifycfg', '--lower-expect', '--simplifycfg', '--gvn-hoist', '--instcombine', '--globalopt', '--elim-avail-extern', '--gvn', '--gvn', '--ipsccp', '--gvn', '--nary-reassociate', '--lower-constant-intrinsics', '--loop-instsimplify', '--early-cse', '--mem2reg', '--jump-threading', '--slp-vectorizer', '--instcombine', '--simplifycfg', '--sroa', '--lower-constant-intrinsics', '--early-cse', '--lower-expect', '--sroa', '--sroa', '--lower-expect', '--globalopt', '--elim-avail-extern', '--lower-expect']",76,-4.090323438979341,0.0,-1.4457415470626351,0.0,1,-4.090323438979341,-1.4457415470626351,0.0,-69.54314720812182,12.413113963294233,11.76470588235294,34
767,"['--ipsccp', '--speculative-execution', '--sccp', '--early-cse', '--mem2reg', '--jump-threading', '--globalopt', '--elim-avail-extern', '--instcombine', '--adce', '--jump-threading', '--gvn', '--simplifycfg', '--instsimplify', '--gvn-hoist', '--mergefunc', '--gvn-hoist', '--instcombine', '--globalopt', '--elim-avail-extern', '--indvars', '--gvn', '--gvn', '--ipsccp', '--gvn', '--nary-reassociate', '--loop-instsimplify', '--early-cse', '--mem2reg', '--jump-threading', '--globalopt', '--elim-avail-extern', '--instcombine', '--simplifycfg', '--sroa', '--mem2reg', '--gvn-hoist', '--sccp', '--early-cse', '--lower-constant-intrinsics', '--adce', '--gvn-hoist', '--adce', '--lower-constant-intrinsics', '--dse', '--newgvn', '--simplifycfg', '--lower-expect', '--simplifycfg', '--gvn-hoist', '--instcombine', '--globalopt', '--elim-avail-extern', '--gvn', '--gvn', '--ipsccp', '--gvn', '--nary-reassociate', '--lower-constant-intrinsics', '--loop-instsimplify', '--early-cse', '--mem2reg', '--jump-threading', '--globalopt', '--slp-vectorizer', '--instcombine', '--simplifycfg', '--sroa', '--lower-constant-intrinsics', '--early-cse', '--lower-expect', '--gvn-hoist', '--sroa', '--lower-expect', '--globalopt', '--elim-avail-extern', '--lower-expect']",77,-4.090323438979341,0.0,-1.4457415470626351,0.0,1,-4.090323438979341,-1.4457415470626351,0.0,-69.54314720812182,12.413113963294233,11.76470588235294,34
873,"['--ipsccp', '--speculative-execution', '--sccp', '--early-cse', '--mem2reg', '--jump-threading', '--globalopt', '--elim-avail-extern', '--instcombine', '--adce', '--jump-threading', '--gvn', '--simplifycfg', '--instsimplify', '--gvn-hoist', '--mergefunc', '--gvn-hoist', '--instcombine', '--globalopt', '--elim-avail-extern', '--indvars', '--gvn', '--gvn', '--ipsccp', '--gvn', '--nary-reassociate', '--lower-constant-intrinsics', '--loop-instsimplify', '--strip', '--mem2reg', '--jump-threading', '--globalopt', '--memcpyopt', '--elim-avail-extern', '--simplifycfg', '--sroa', '--mem2reg', '--gvn-hoist', '--sccp', '--instcombine', '--adce', '--gvn-hoist', '--adce', '--loop-simplify', '--dse', '--nary-reassociate', '--newgvn', '--simplifycfg', '--sccp', '--simplifycfg', '--gvn-hoist', '--instcombine', '--globalopt', '--elim-avail-extern', '--gvn', '--gvn', '--ipsccp', '--gvn', '--nary-reassociate', '--loop-instsimplify', '--early-cse', '--mem2reg', '--jump-threading', '--slp-vectorizer', '--instcombine', '--simplifycfg', '--sroa', '--lower-constant-intrinsics', '--early-cse', '--lower-expect', '--sroa', '--sroa', '--lower-expect', '--globalopt', '--elim-avail-extern', '--lower-expect']",76,-4.090323438979341,0.0,-1.4457415470626351,0.0,1,-4.090323438979341,-1.4457415470626351,0.0,-69.54314720812182,12.413113963294233,11.76470588235294,34
776,"['--ipsccp', '--speculative-execution', '--sccp', '--early-cse', '--mem2reg', '--jump-threading', '--globalopt', '--elim-avail-extern', '--instcombine', '--adce', '--jump-threading', '--gvn', '--simplifycfg', '--instsimplify', '--gvn-hoist', '--mergefunc', '--gvn-hoist', '--instcombine', '--globalopt', '--elim-avail-extern', '--indvars', '--gvn', '--gvn', '--ipsccp', '--gvn', '--nary-reassociate', '--loop-instsimplify', '--early-cse', '--mem2reg', '--jump-threading', '--globalopt', '--elim-avail-extern', '--instcombine', '--simplifycfg', '--sroa', '--mem2reg', '--gvn-hoist', '--sccp', '--early-cse', '--lower-constant-intrinsics', '--adce', '--gvn-hoist', '--adce', '--loop-simplify', '--dse', '--newgvn', '--simplifycfg', '--lower-expect', '--simplifycfg', '--loop-unroll-and-jam', '--globalopt', '--elim-avail-extern', '--gvn', '--gvn', '--ipsccp', '--gvn', '--nary-reassociate', '--lower-constant-intrinsics', '--loop-instsimplify', '--early-cse', '--mem2reg', '--lower-expect', '--slp-vectorizer', '--instcombine', '--simplifycfg', '--sroa', '--lower-constant-intrinsics', '--early-cse', '--jump-threading', '--sroa', '--sroa', '--lower-expect', '--globalopt', '--elim-avail-extern', '--lower-expect']",75,-4.090323438979341,0.0,-1.4457415470626351,0.0,1,-4.090323438979341,-1.4457415470626351,0.0,-69.54314720812182,12.413113963294233,11.76470588235294,34
772,"['--ipsccp', '--speculative-execution', '--sccp', '--early-cse', '--mem2reg', '--jump-threading', '--globalopt', '--elim-avail-extern', '--instcombine', '--adce', '--jump-threading', '--gvn', '--simplifycfg', '--instsimplify', '--gvn-hoist', '--mergefunc', '--gvn-hoist', '--instcombine', '--globalopt', '--elim-avail-extern', '--indvars', '--gvn', '--gvn', '--ipsccp', '--gvn', '--nary-reassociate', '--loop-instsimplify', '--early-cse', '--mem2reg', '--jump-threading', '--globalopt', '--elim-avail-extern', '--instcombine', '--simplifycfg', '--sroa', '--mem2reg', '--gvn-hoist', '--sccp', '--early-cse', '--lower-constant-intrinsics', '--adce', '--gvn-hoist', '--adce', '--lower-constant-intrinsics', '--dse', '--newgvn', '--lower-expect', '--gvn-hoist', '--instcombine', '--globalopt', '--elim-avail-extern', '--gvn', '--gvn', '--ipsccp', '--gvn', '--nary-reassociate', '--lower-constant-intrinsics', '--early-cse', '--mem2reg', '--jump-threading', '--globalopt', '--slp-vectorizer', '--instcombine', '--simplifycfg', '--sroa', '--early-cse', '--lower-expect', '--sroa', '--sroa', '--lower-expect', '--globalopt', '--elim-avail-extern', '--lower-expect']",73,-4.090323438979341,0.0,-1.4457415470626351,0.0,1,-4.090323438979341,-1.4457415470626351,0.0,-69.54314720812182,12.413113963294233,11.76470588235294,34
735,"['--ipsccp', '--speculative-execution', '--sccp', '--early-cse', '--mem2reg', '--jump-threading', '--globalopt', '--elim-avail-extern', '--instcombine', '--adce', '--jump-threading', '--gvn', '--simplifycfg', '--instsimplify', '--gvn-hoist', '--mergefunc', '--gvn-hoist', '--lower-constant-intrinsics', '--globalopt', '--elim-avail-extern', '--indvars', '--gvn', '--gvn', '--ipsccp', '--gvn', '--nary-reassociate', '--lower-constant-intrinsics', '--loop-instsimplify', '--strip', '--mem2reg', '--jump-threading', '--globalopt', '--elim-avail-extern', '--simplifycfg', '--sroa', '--mem2reg', '--gvn-hoist', '--sccp', '--early-cse', '--instcombine', '--adce', '--gvn-hoist', '--adce', '--loop-simplify', '--dse', '--nary-reassociate', '--newgvn', '--simplifycfg', '--lower-expect', '--simplifycfg', '--gvn-hoist', '--instcombine', '--globalopt', '--elim-avail-extern', '--gvn', '--gvn', '--ipsccp', '--gvn', '--nary-reassociate', '--lower-constant-intrinsics', '--loop-instsimplify', '--early-cse', '--mem2reg', '--jump-threading', '--slp-vectorizer', '--instcombine', '--simplifycfg', '--sroa', '--lower-constant-intrinsics', '--early-cse', '--lower-expect', '--sroa', '--sroa', '--lower-expect', '--globalopt', '--elim-avail-extern', '--lower-expect']",77,-4.090323438979341,0.0,-1.4457415470626351,0.0,1,-4.090323438979341,-1.4457415470626351,0.0,-69.54314720812182,12.413113963294233,11.76470588235294,34
787,"['--ipsccp', '--speculative-execution', '--sccp', '--early-cse', '--mem2reg', '--jump-threading', '--globalopt', '--elim-avail-extern', '--instcombine', '--adce', '--jump-threading', '--gvn', '--simplifycfg', '--instsimplify', '--gvn-hoist', '--mergefunc', '--gvn-hoist', '--instcombine', '--globalopt', '--elim-avail-extern', '--indvars', '--gvn', '--gvn', '--ipsccp', '--gvn', '--nary-reassociate', '--loop-instsimplify', '--early-cse', '--mem2reg', '--jump-threading', '--globalopt', '--elim-avail-extern', '--instcombine', '--simplifycfg', '--sroa', '--mem2reg', '--gvn-hoist', '--sccp', '--early-cse', '--lower-constant-intrinsics', '--adce', '--gvn-hoist', '--adce', '--lower-constant-intrinsics', '--dse', '--newgvn', '--simplifycfg', '--lower-expect', '--lower-expect', '--gvn-hoist', '--instcombine', '--globalopt', '--elim-avail-extern', '--gvn', '--gvn', '--ipsccp', '--gvn', '--nary-reassociate', '--lower-constant-intrinsics', '--loop-instsimplify', '--early-cse', '--mem2reg', '--jump-threading', '--globalopt', '--slp-vectorizer', '--instcombine', '--simplifycfg', '--sroa', '--lower-constant-intrinsics', '--early-cse', '--simplifycfg', '--sroa', '--sroa', '--lower-expect', '--globalopt', '--elim-avail-extern', '--lower-expect']",77,-4.090323438979341,0.0,-1.4457415470626351,0.0,1,-4.090323438979341,-1.4457415470626351,0.0,-69.54314720812182,12.413113963294233,11.76470588235294,34
1341,"['--ipsccp', '--speculative-execution', '--sccp', '--early-cse', '--mem2reg', '--jump-threading', '--globalopt', '--elim-avail-extern', '--instcombine', '--adce', '--jump-threading', '--gvn', '--simplifycfg', '--instsimplify', '--inline', '--mergefunc', '--gvn-hoist', '--gvn-hoist', '--instcombine', '--globalopt', '--elim-avail-extern', '--indvars', '--gvn', '--gvn-hoist', '--gvn', '--ipsccp', '--gvn', '--nary-reassociate', '--loop-instsimplify', '--early-cse', '--mem2reg', '--jump-threading', '--globalopt', '--elim-avail-extern', '--instcombine', '--simplifycfg', '--sroa', '--mem2reg', '--aggressive-instcombine', '--gvn-hoist', '--sccp', '--early-cse', '--lower-constant-intrinsics', '--adce', '--gvn-hoist', '--adce', '--loop-simplify', '--dse', '--scalarizer', '--simplifycfg', '--lower-expect', '--simplifycfg', '--gvn-hoist', '--elim-avail-extern', '--lower-constant-intrinsics', '--gvn', '--ipsccp', '--gvn', '--nary-reassociate', '--gvn', '--early-cse', '--mem2reg', '--jump-threading', '--globalopt', '--slp-vectorizer', '--instcombine', '--simplifycfg', '--sroa', '--early-cse', '--lower-expect', '--sroa', '--sroa', '--lower-expect', '--globaldce']",74,-4.091355848200809,0.0,-1.3773766989492087,0.0,1,-4.091355848200809,-1.3773766989492087,0.5008908414855473,-68.52791878172589,12.936174416359616,11.76470588235294,34
813,"['--ipsccp', '--speculative-execution', '--sccp', '--early-cse', '--mem2reg', '--jump-threading', '--globalopt', '--elim-avail-extern', '--instcombine', '--adce', '--jump-threading', '--gvn', '--simplifycfg', '--instsimplify', '--gvn-hoist', '--mergefunc', '--gvn-hoist', '--instcombine', '--globalopt', '--elim-avail-extern', '--indvars', '--gvn', '--gvn', '--ipsccp', '--gvn', '--nary-reassociate', '--loop-instsimplify', '--early-cse', '--mem2reg', '--jump-threading', '--globalopt', '--elim-avail-extern', '--instcombine', '--simplifycfg', '--sroa', '--mem2reg', '--gvn-hoist', '--sccp', '--early-cse', '--lower-constant-intrinsics', '--adce', '--gvn-hoist', '--adce', '--lower-constant-intrinsics', '--lower-constant-intrinsics', '--newgvn', '--simplifycfg', '--lower-expect', '--simplifycfg', '--gvn-hoist', '--instcombine', '--globalopt', '--elim-avail-extern', '--gvn', '--gvn', '--ipsccp', '--gvn', '--nary-reassociate', '--lower-constant-intrinsics', '--loop-instsimplify', '--early-cse', '--mem2reg', '--jump-threading', '--globalopt', '--slp-vectorizer', '--instcombine', '--simplifycfg', '--sroa', '--dse', '--early-cse', '--lower-expect', '--sroa', '--sroa', '--lower-expect', '--globalopt', '--elim-avail-extern', '--lower-expect']",77,-4.093387689977362,0.0,-1.4505473909688251,0.0,1,-4.093387689977362,-1.4505473909688251,0.0,-69.54314720812182,12.407712643978025,11.76470588235294,34
747,"['--ipsccp', '--speculative-execution', '--sccp', '--early-cse', '--mem2reg', '--jump-threading', '--globalopt', '--elim-avail-extern', '--instcombine', '--adce', '--jump-threading', '--gvn', '--simplifycfg', '--instsimplify', '--gvn-hoist', '--mergefunc', '--gvn-hoist', '--instcombine', '--globalopt', '--elim-avail-extern', '--indvars', '--gvn', '--gvn', '--ipsccp', '--gvn', '--nary-reassociate', '--lower-constant-intrinsics', '--loop-instsimplify', '--strip', '--mem2reg', '--jump-threading', '--globalopt', '--elim-avail-extern', '--simplifycfg', '--sroa', '--mem2reg', '--gvn-hoist', '--sccp', '--early-cse', '--lower-constant-intrinsics', '--adce', '--gvn-hoist', '--adce', '--loop-simplify', '--dse', '--newgvn', '--simplifycfg', '--lower-expect', '--simplifycfg', '--gvn-hoist', '--instcombine', '--lower-constant-intrinsics', '--elim-avail-extern', '--gvn', '--gvn', '--ipsccp', '--gvn', '--nary-reassociate', '--globalopt', '--loop-instsimplify', '--early-cse', '--mem2reg', '--jump-threading', '--slp-vectorizer', '--instcombine', '--simplifycfg', '--sroa', '--lower-constant-intrinsics', '--early-cse', '--lower-expect', '--sroa', '--sccp', '--sroa', '--lower-expect', '--globalopt', '--elim-avail-extern', '--lower-expect']",77,-4.0954601960035335,0.0,-1.4527443481830833,0.0,1,-4.0954601960035335,-1.4527443481830833,0.0,-69.54314720812182,12.411960525132804,11.76470588235294,34
786,"['--ipsccp', '--speculative-execution', '--sccp', '--early-cse', '--mem2reg', '--jump-threading', '--globalopt', '--elim-avail-extern', '--instcombine', '--adce', '--jump-threading', '--gvn', '--simplifycfg', '--instsimplify', '--gvn-hoist', '--mergefunc', '--gvn-hoist', '--instcombine', '--globalopt', '--elim-avail-extern', '--indvars', '--gvn', '--gvn', '--ipsccp', '--gvn', '--nary-reassociate', '--loop-instsimplify', '--loop-instsimplify', '--strip', '--mem2reg', '--jump-threading', '--globalopt', '--nary-reassociate', '--simplifycfg', '--sroa', '--mem2reg', '--gvn-hoist', '--sccp', '--early-cse', '--lower-constant-intrinsics', '--adce', '--gvn-hoist', '--adce', '--loop-simplify', '--dse', '--nary-reassociate', '--newgvn', '--simplifycfg', '--lower-expect', '--simplifycfg', '--gvn-hoist', '--instcombine', '--globalopt', '--elim-avail-extern', '--gvn', '--gvn', '--ipsccp', '--gvn', '--elim-avail-extern', '--lower-constant-intrinsics', '--loop-instsimplify', '--early-cse', '--mem2reg', '--slp-vectorizer', '--instcombine', '--simplifycfg', '--sroa', '--lower-constant-intrinsics', '--early-cse', '--lower-expect', '--sroa', '--sroa', '--lower-expect', '--globalopt', '--elim-avail-extern', '--lower-expect']",76,-4.0954601960035335,0.0,-1.4527443481830833,0.0,1,-4.0954601960035335,-1.4527443481830833,0.0,-69.54314720812182,12.411960525132804,11.76470588235294,34
672,"['--ipsccp', '--speculative-execution', '--sccp', '--early-cse', '--mem2reg', '--jump-threading', '--globalopt', '--elim-avail-extern', '--instcombine', '--adce', '--jump-threading', '--gvn', '--simplifycfg', '--instsimplify', '--gvn-hoist', '--mergefunc', '--gvn-hoist', '--instcombine', '--globalopt', '--elim-avail-extern', '--indvars', '--gvn', '--gvn', '--ipsccp', '--gvn', '--nary-reassociate', '--lower-constant-intrinsics', '--loop-instsimplify', '--strip', '--mem2reg', '--jump-threading', '--globalopt', '--elim-avail-extern', '--simplifycfg', '--sroa', '--mem2reg', '--gvn-hoist', '--sccp', '--early-cse', '--lower-constant-intrinsics', '--adce', '--gvn-hoist', '--adce', '--loop-simplify', '--dse', '--newgvn', '--simplifycfg', '--lower-expect', '--simplifycfg', '--loop-unroll-and-jam', '--instcombine', '--globalopt', '--elim-avail-extern', '--gvn', '--gvn', '--ipsccp', '--gvn', '--nary-reassociate', '--lower-constant-intrinsics', '--loop-instsimplify', '--early-cse', '--mem2reg', '--jump-threading', '--slp-vectorizer', '--instcombine', '--simplifycfg', '--sroa', '--lower-constant-intrinsics', '--early-cse', '--lower-expect', '--sroa', '--sroa', '--lower-expect', '--globalopt', '--elim-avail-extern', '--lower-expect']",76,-4.0954601960035335,0.0,-1.4527443481830833,0.0,1,-4.0954601960035335,-1.4527443481830833,0.0,-69.54314720812182,12.411960525132804,11.76470588235294,34
774,"['--ipsccp', '--speculative-execution', '--sccp', '--early-cse', '--mem2reg', '--jump-threading', '--globalopt', '--elim-avail-extern', '--instcombine', '--adce', '--jump-threading', '--gvn', '--simplifycfg', '--instsimplify', '--gvn-hoist', '--mergefunc', '--hotcoldsplit', '--instcombine', '--globalopt', '--elim-avail-extern', '--indvars', '--gvn', '--gvn', '--ipsccp', '--gvn', '--nary-reassociate', '--loop-instsimplify', '--loop-instsimplify', '--strip', '--mem2reg', '--jump-threading', '--globalopt', '--nary-reassociate', '--simplifycfg', '--sroa', '--mem2reg', '--gvn-hoist', '--sccp', '--early-cse', '--lower-constant-intrinsics', '--adce', '--gvn-hoist', '--adce', '--loop-simplify', '--dse', '--nary-reassociate', '--newgvn', '--simplifycfg', '--lower-expect', '--simplifycfg', '--gvn-hoist', '--instcombine', '--globalopt', '--elim-avail-extern', '--gvn', '--gvn', '--ipsccp', '--gvn', '--elim-avail-extern', '--lower-constant-intrinsics', '--loop-instsimplify', '--early-cse', '--mem2reg', '--jump-threading', '--slp-vectorizer', '--instcombine', '--simplifycfg', '--sroa', '--lower-constant-intrinsics', '--early-cse', '--lower-expect', '--sroa', '--sroa', '--lower-expect', '--globalopt', '--elim-avail-extern', '--lower-expect']",77,-4.0954601960035335,0.0,-1.4527443481830833,0.0,1,-4.0954601960035335,-1.4527443481830833,0.0,-69.54314720812182,12.411960525132804,11.76470588235294,34
675,"['--ipsccp', '--speculative-execution', '--sccp', '--early-cse', '--mem2reg', '--jump-threading', '--globalopt', '--elim-avail-extern', '--instcombine', '--adce', '--jump-threading', '--gvn', '--simplifycfg', '--instsimplify', '--gvn-hoist', '--mergefunc', '--gvn-hoist', '--instcombine', '--globalopt', '--elim-avail-extern', '--indvars', '--gvn', '--gvn', '--ipsccp', '--gvn', '--nary-reassociate', '--lower-constant-intrinsics', '--loop-instsimplify', '--strip', '--mem2reg', '--jump-threading', '--globalopt', '--elim-avail-extern', '--simplifycfg', '--sroa', '--mem2reg', '--gvn-hoist', '--sccp', '--early-cse', '--lower-constant-intrinsics', '--adce', '--gvn-hoist', '--adce', '--loop-simplify', '--dse', '--newgvn', '--simplifycfg', '--lower-expect', '--simplifycfg', '--gvn-hoist', '--instcombine', '--globalopt', '--elim-avail-extern', '--gvn', '--gvn', '--ipsccp', '--gvn', '--nary-reassociate', '--lower-constant-intrinsics', '--loop-instsimplify', '--early-cse', '--mem2reg', '--jump-threading', '--slp-vectorizer', '--instcombine', '--simplifycfg', '--sroa', '--lower-constant-intrinsics', '--early-cse', '--lower-expect', '--sroa', '--sccp', '--sroa', '--lower-expect', '--globalopt', '--elim-avail-extern', '--lower-expect']",77,-4.0954601960035335,0.0,-1.4527443481830833,0.0,1,-4.0954601960035335,-1.4527443481830833,0.0,-69.54314720812182,12.411960525132804,11.76470588235294,34
791,"['--ipsccp', '--speculative-execution', '--sccp', '--early-cse', '--mem2reg', '--jump-threading', '--globalopt', '--elim-avail-extern', '--instcombine', '--adce', '--jump-threading', '--gvn', '--simplifycfg', '--instsimplify', '--gvn-hoist', '--mergefunc', '--gvn-hoist', '--instcombine', '--globalopt', '--elim-avail-extern', '--indvars', '--gvn', '--gvn', '--ipsccp', '--gvn', '--nary-reassociate', '--loop-instsimplify', '--strip', '--mem2reg', '--jump-threading', '--globalopt', '--elim-avail-extern', '--simplifycfg', '--sroa', '--mem2reg', '--gvn-hoist', '--sccp', '--early-cse', '--lower-constant-intrinsics', '--adce', '--gvn-hoist', '--adce', '--loop-simplify', '--dse', '--nary-reassociate', '--newgvn', '--simplifycfg', '--lower-expect', '--simplifycfg', '--gvn-hoist', '--instcombine', '--globalopt', '--elim-avail-extern', '--gvn', '--gvn', '--ipsccp', '--gvn', '--nary-reassociate', '--lower-constant-intrinsics', '--loop-instsimplify', '--early-cse', '--mem2reg', '--mergefunc', '--jump-threading', '--slp-vectorizer', '--instcombine', '--simplifycfg', '--sroa', '--lower-constant-intrinsics', '--early-cse', '--lower-expect', '--sroa', '--sroa', '--lower-expect', '--globalopt', '--elim-avail-extern', '--lower-expect']",77,-4.0954601960035335,0.0,-1.4527443481830833,0.0,1,-4.0954601960035335,-1.4527443481830833,0.0,-69.54314720812182,12.411960525132804,11.76470588235294,34
678,"['--ipsccp', '--speculative-execution', '--sccp', '--early-cse', '--mem2reg', '--jump-threading', '--globalopt', '--elim-avail-extern', '--instcombine', '--adce', '--jump-threading', '--gvn', '--simplifycfg', '--instsimplify', '--gvn-hoist', '--mergefunc', '--gvn-hoist', '--instcombine', '--globalopt', '--elim-avail-extern', '--indvars', '--gvn', '--gvn', '--ipsccp', '--gvn', '--nary-reassociate', '--loop-instsimplify', '--loop-instsimplify', '--strip', '--mem2reg', '--jump-threading', '--globalopt', '--elim-avail-extern', '--simplifycfg', '--sroa', '--mem2reg', '--gvn-hoist', '--sccp', '--early-cse', '--lower-constant-intrinsics', '--adce', '--gvn-hoist', '--adce', '--loop-simplify', '--dse', '--nary-reassociate', '--newgvn', '--simplifycfg', '--lower-expect', '--simplifycfg', '--gvn-hoist', '--instcombine', '--globalopt', '--elim-avail-extern', '--gvn', '--gvn', '--ipsccp', '--gvn', '--nary-reassociate', '--lower-constant-intrinsics', '--loop-instsimplify', '--early-cse', '--mem2reg', '--jump-threading', '--slp-vectorizer', '--instcombine', '--simplifycfg', '--sroa', '--lower-constant-intrinsics', '--early-cse', '--lower-expect', '--sroa', '--sroa', '--lower-expect', '--globalopt', '--elim-avail-extern', '--lower-expect']",77,-4.0954601960035335,0.0,-1.4527443481830833,0.0,1,-4.0954601960035335,-1.4527443481830833,0.0,-69.54314720812182,12.411960525132804,11.76470588235294,34
748,"['--ipsccp', '--speculative-execution', '--sccp', '--early-cse', '--mem2reg', '--jump-threading', '--globalopt', '--elim-avail-extern', '--instcombine', '--adce', '--jump-threading', '--gvn', '--simplifycfg', '--instsimplify', '--gvn-hoist', '--mergefunc', '--gvn-hoist', '--instcombine', '--globalopt', '--elim-avail-extern', '--indvars', '--gvn', '--gvn', '--ipsccp', '--gvn', '--nary-reassociate', '--lower-constant-intrinsics', '--loop-instsimplify', '--strip', '--mem2reg', '--jump-threading', '--globalopt', '--elim-avail-extern', '--simplifycfg', '--sroa', '--mem2reg', '--gvn-hoist', '--sccp', '--early-cse', '--lower-constant-intrinsics', '--adce', '--gvn-hoist', '--adce', '--loop-simplify', '--dse', '--nary-reassociate', '--newgvn', '--simplifycfg', '--lower-expect', '--simplifycfg', '--gvn-hoist', '--instcombine', '--globalopt', '--elim-avail-extern', '--gvn', '--gvn', '--ipsccp', '--gvn', '--nary-reassociate', '--lower-constant-intrinsics', '--loop-instsimplify', '--early-cse', '--mem2reg', '--jump-threading', '--slp-vectorizer', '--instcombine', '--simplifycfg', '--sroa', '--lower-constant-intrinsics', '--early-cse', '--lower-expect', '--sroa', '--sroa', '--lower-expect', '--globalopt', '--elim-avail-extern', '--lower-expect']",77,-4.0954601960035335,0.0,-1.4527443481830833,0.0,1,-4.0954601960035335,-1.4527443481830833,0.0,-69.54314720812182,12.411960525132804,11.76470588235294,34
789,"['--ipsccp', '--speculative-execution', '--sccp', '--early-cse', '--mem2reg', '--jump-threading', '--globalopt', '--elim-avail-extern', '--instcombine', '--adce', '--jump-threading', '--gvn', '--simplifycfg', '--instsimplify', '--gvn-hoist', '--mergefunc', '--gvn-hoist', '--instcombine', '--globalopt', '--elim-avail-extern', '--indvars', '--gvn', '--gvn', '--ipsccp', '--gvn', '--nary-reassociate', '--lower-constant-intrinsics', '--loop-instsimplify', '--strip', '--mem2reg', '--jump-threading', '--globalopt', '--memcpyopt', '--elim-avail-extern', '--simplifycfg', '--sroa', '--mem2reg', '--gvn-hoist', '--sccp', '--early-cse', '--lower-constant-intrinsics', '--gvn-hoist', '--adce', '--loop-simplify', '--dse', '--nary-reassociate', '--newgvn', '--simplifycfg', '--lower-expect', '--simplifycfg', '--gvn-hoist', '--instcombine', '--globalopt', '--elim-avail-extern', '--gvn', '--gvn', '--ipsccp', '--gvn', '--nary-reassociate', '--lower-constant-intrinsics', '--loop-instsimplify', '--early-cse', '--mem2reg', '--jump-threading', '--slp-vectorizer', '--instcombine', '--simplifycfg', '--sroa', '--lower-constant-intrinsics', '--early-cse', '--lower-expect', '--sroa', '--sroa', '--lower-expect', '--globalopt', '--elim-avail-extern', '--lower-expect']",77,-4.0954601960035335,0.0,-1.4527443481830833,0.0,1,-4.0954601960035335,-1.4527443481830833,0.0,-69.54314720812182,12.411960525132804,11.76470588235294,34
683,"['--ipsccp', '--speculative-execution', '--sccp', '--early-cse', '--mem2reg', '--jump-threading', '--globalopt', '--elim-avail-extern', '--instcombine', '--instsimplify', '--jump-threading', '--gvn', '--simplifycfg', '--instsimplify', '--gvn-hoist', '--mergefunc', '--gvn-hoist', '--instcombine', '--globalopt', '--elim-avail-extern', '--indvars', '--gvn', '--gvn', '--ipsccp', '--gvn', '--nary-reassociate', '--lower-constant-intrinsics', '--loop-instsimplify', '--strip', '--mem2reg', '--jump-threading', '--globalopt', '--elim-avail-extern', '--simplifycfg', '--sroa', '--mem2reg', '--gvn-hoist', '--sccp', '--early-cse', '--lower-constant-intrinsics', '--adce', '--gvn-hoist', '--adce', '--loop-simplify', '--dse', '--nary-reassociate', '--newgvn', '--simplifycfg', '--lower-expect', '--simplifycfg', '--gvn-hoist', '--instcombine', '--globalopt', '--elim-avail-extern', '--gvn', '--gvn', '--ipsccp', '--gvn', '--nary-reassociate', '--lower-constant-intrinsics', '--loop-instsimplify', '--early-cse', '--mem2reg', '--jump-threading', '--slp-vectorizer', '--instcombine', '--simplifycfg', '--sroa', '--lower-constant-intrinsics', '--early-cse', '--separate-const-offset-from-gep', '--lower-expect', '--sroa', '--lower-expect', '--globalopt', '--elim-avail-extern', '--lower-expect']",77,-4.0954601960035335,0.0,-1.4527443481830833,0.0,1,-4.0954601960035335,-1.4527443481830833,0.0,-69.54314720812182,12.411960525132804,11.76470588235294,34
686,"['--ipsccp', '--speculative-execution', '--sccp', '--early-cse', '--mem2reg', '--jump-threading', '--globalopt', '--elim-avail-extern', '--instcombine', '--adce', '--jump-threading', '--gvn', '--simplifycfg', '--instsimplify', '--gvn-hoist', '--mergefunc', '--gvn-hoist', '--instcombine', '--globalopt', '--elim-avail-extern', '--indvars', '--gvn', '--gvn', '--ipsccp', '--gvn', '--nary-reassociate', '--lower-constant-intrinsics', '--loop-instsimplify', '--strip', '--mem2reg', '--jump-threading', '--globalopt', '--elim-avail-extern', '--simplifycfg', '--sroa', '--mem2reg', '--gvn-hoist', '--early-cse', '--sccp', '--early-cse', '--lower-constant-intrinsics', '--adce', '--gvn-hoist', '--adce', '--loop-simplify', '--dse', '--newgvn', '--simplifycfg', '--lower-expect', '--simplifycfg', '--gvn-hoist', '--instcombine', '--globalopt', '--elim-avail-extern', '--gvn', '--gvn', '--ipsccp', '--gvn', '--nary-reassociate', '--lower-constant-intrinsics', '--loop-instsimplify', '--early-cse', '--mem2reg', '--jump-threading', '--globalopt', '--slp-vectorizer', '--instcombine', '--simplifycfg', '--sroa', '--lower-constant-intrinsics', '--early-cse', '--lower-expect', '--sroa', '--sroa', '--lower-expect', '--globalopt', '--elim-avail-extern', '--lower-expect']",78,-4.0954601960035335,0.0,-1.4527443481830833,0.0,1,-4.0954601960035335,-1.4527443481830833,0.0,-69.54314720812182,12.411960525132804,11.76470588235294,34
859,"['--ipsccp', '--speculative-execution', '--sccp', '--early-cse', '--mem2reg', '--jump-threading', '--globalopt', '--elim-avail-extern', '--instcombine', '--adce', '--jump-threading', '--gvn', '--simplifycfg', '--instsimplify', '--gvn-hoist', '--loop-fusion', '--mergefunc', '--gvn-hoist', '--instcombine', '--globalopt', '--elim-avail-extern', '--indvars', '--gvn', '--gvn', '--ipsccp', '--gvn', '--nary-reassociate', '--lower-constant-intrinsics', '--loop-instsimplify', '--strip', '--mem2reg', '--jump-threading', '--globalopt', '--memcpyopt', '--elim-avail-extern', '--simplifycfg', '--sroa', '--mem2reg', '--gvn-hoist', '--sccp', '--early-cse', '--lower-constant-intrinsics', '--adce', '--loop-simplify', '--dse', '--newgvn', '--simplifycfg', '--lower-expect', '--simplifycfg', '--loop-unroll-and-jam', '--instcombine', '--globalopt', '--elim-avail-extern', '--gvn', '--gvn', '--ipsccp', '--gvn', '--nary-reassociate', '--lower-constant-intrinsics', '--loop-instsimplify', '--early-cse', '--mem2reg', '--jump-threading', '--slp-vectorizer', '--instcombine', '--simplifycfg', '--sroa', '--lower-constant-intrinsics', '--early-cse', '--sroa', '--sroa', '--lower-expect', '--globalopt', '--globalopt', '--elim-avail-extern', '--lower-expect']",76,-4.0954601960035335,0.0,-1.4527443481830833,0.0,1,-4.0954601960035335,-1.4527443481830833,0.0,-69.54314720812182,12.411960525132804,11.76470588235294,34
952,"['--ipsccp', '--speculative-execution', '--sccp', '--early-cse', '--mem2reg', '--jump-threading', '--globalopt', '--elim-avail-extern', '--instcombine', '--adce', '--speculative-execution', '--jump-threading', '--gvn', '--simplifycfg', '--instsimplify', '--gvn-hoist', '--mergefunc', '--gvn-hoist', '--instcombine', '--globalopt', '--elim-avail-extern', '--indvars', '--gvn', '--gvn', '--ipsccp', '--gvn', '--nary-reassociate', '--lower-constant-intrinsics', '--loop-instsimplify', '--strip', '--mem2reg', '--jump-threading', '--globalopt', '--memcpyopt', '--elim-avail-extern', '--simplifycfg', '--sroa', '--mem2reg', '--gvn-hoist', '--sccp', '--early-cse', '--lower-constant-intrinsics', '--adce', '--gvn-hoist', '--adce', '--loop-simplify', '--dse', '--newgvn', '--simplifycfg', '--instcombine', '--globalopt', '--elim-avail-extern', '--gvn', '--gvn', '--ipsccp', '--gvn', '--nary-reassociate', '--lower-constant-intrinsics', '--nary-reassociate', '--loop-instsimplify', '--early-cse', '--jump-threading', '--lower-constant-intrinsics', '--globalopt', '--slp-vectorizer', '--instcombine', '--simplifycfg', '--sroa', '--lower-constant-intrinsics', '--early-cse', '--lower-expect', '--sroa', '--sroa', '--lower-expect', '--globalopt', '--elim-avail-extern', '--lower-expect']",77,-4.0954601960035335,0.0,-1.4527443481830833,0.0,1,-4.0954601960035335,-1.4527443481830833,0.0,-69.54314720812182,12.411960525132804,11.76470588235294,34
749,"['--ipsccp', '--speculative-execution', '--sccp', '--early-cse', '--mem2reg', '--jump-threading', '--globalopt', '--elim-avail-extern', '--instcombine', '--adce', '--jump-threading', '--gvn', '--simplifycfg', '--instsimplify', '--gvn-hoist', '--mergefunc', '--gvn-hoist', '--instcombine', '--globalopt', '--elim-avail-extern', '--indvars', '--gvn', '--gvn', '--ipsccp', '--gvn', '--nary-reassociate', '--loop-instsimplify', '--loop-instsimplify', '--strip', '--mem2reg', '--jump-threading', '--globalopt', '--nary-reassociate', '--simplifycfg', '--sroa', '--mem2reg', '--gvn-hoist', '--sccp', '--early-cse', '--lower-constant-intrinsics', '--adce', '--gvn-hoist', '--adce', '--loop-simplify', '--dse', '--nary-reassociate', '--newgvn', '--simplifycfg', '--lower-expect', '--simplifycfg', '--gvn-hoist', '--instcombine', '--globalopt', '--elim-avail-extern', '--gvn', '--gvn', '--ipsccp', '--gvn', '--elim-avail-extern', '--lower-constant-intrinsics', '--loop-instsimplify', '--early-cse', '--mem2reg', '--jump-threading', '--slp-vectorizer', '--instcombine', '--simplifycfg', '--sroa', '--lower-constant-intrinsics', '--early-cse', '--lower-expect', '--sroa', '--sroa', '--lower-expect', '--globalopt', '--elim-avail-extern', '--lower-expect']",77,-4.0954601960035335,0.0,-1.4527443481830833,0.0,1,-4.0954601960035335,-1.4527443481830833,0.0,-69.54314720812182,12.411960525132804,11.76470588235294,34
812,"['--ipsccp', '--speculative-execution', '--sccp', '--early-cse', '--mem2reg', '--jump-threading', '--globalopt', '--elim-avail-extern', '--instcombine', '--adce', '--jump-threading', '--gvn', '--simplifycfg', '--instsimplify', '--gvn-hoist', '--mergefunc', '--gvn-hoist', '--instcombine', '--globalopt', '--elim-avail-extern', '--indvars', '--gvn', '--gvn', '--ipsccp', '--gvn', '--nary-reassociate', '--loop-instsimplify', '--loop-instsimplify', '--strip', '--mem2reg', '--jump-threading', '--globalopt', '--elim-avail-extern', '--simplifycfg', '--sroa', '--mem2reg', '--gvn-hoist', '--sccp', '--early-cse', '--lower-constant-intrinsics', '--adce', '--gvn-hoist', '--adce', '--loop-simplify', '--dse', '--nary-reassociate', '--newgvn', '--simplifycfg', '--lower-expect', '--simplifycfg', '--gvn-hoist', '--instcombine', '--globalopt', '--elim-avail-extern', '--gvn', '--gvn', '--loop-fusion', '--ipsccp', '--gvn', '--nary-reassociate', '--lower-constant-intrinsics', '--loop-instsimplify', '--early-cse', '--mem2reg', '--jump-threading', '--slp-vectorizer', '--instcombine', '--simplifycfg', '--sroa', '--lower-constant-intrinsics', '--early-cse', '--lower-expect', '--sroa', '--lower-expect', '--globalopt', '--elim-avail-extern', '--lower-expect']",77,-4.0954601960035335,0.0,-1.4527443481830833,0.0,1,-4.0954601960035335,-1.4527443481830833,0.0,-69.54314720812182,12.411960525132804,11.76470588235294,34
762,"['--ipsccp', '--speculative-execution', '--sccp', '--early-cse', '--mem2reg', '--jump-threading', '--globalopt', '--elim-avail-extern', '--instcombine', '--adce', '--jump-threading', '--gvn', '--simplifycfg', '--instsimplify', '--gvn-hoist', '--mergefunc', '--gvn-hoist', '--instcombine', '--globalopt', '--elim-avail-extern', '--indvars', '--gvn', '--gvn', '--ipsccp', '--gvn', '--nary-reassociate', '--loop-instsimplify', '--loop-instsimplify', '--strip', '--mem2reg', '--jump-threading', '--globalopt', '--elim-avail-extern', '--simplifycfg', '--sroa', '--mem2reg', '--gvn-hoist', '--sccp', '--early-cse', '--lower-constant-intrinsics', '--adce', '--gvn-hoist', '--adce', '--loop-simplify', '--dse', '--newgvn', '--simplifycfg', '--lower-expect', '--simplifycfg', '--gvn-hoist', '--instcombine', '--globalopt', '--elim-avail-extern', '--gvn', '--gvn', '--ipsccp', '--gvn', '--nary-reassociate', '--lower-constant-intrinsics', '--loop-instsimplify', '--early-cse', '--mem2reg', '--jump-threading', '--slp-vectorizer', '--instcombine', '--simplifycfg', '--sroa', '--lower-constant-intrinsics', '--early-cse', '--lower-expect', '--sroa', '--sccp', '--sroa', '--lower-expect', '--globalopt', '--elim-avail-extern', '--lower-expect', '--mldst-motion']",78,-4.0954601960035335,0.0,-1.4527443481830833,0.0,1,-4.0954601960035335,-1.4527443481830833,0.0,-69.54314720812182,12.411960525132804,11.76470588235294,34
768,"['--ipsccp', '--speculative-execution', '--sccp', '--early-cse', '--mem2reg', '--jump-threading', '--globalopt', '--elim-avail-extern', '--instcombine', '--adce', '--jump-threading', '--gvn', '--simplifycfg', '--instsimplify', '--gvn-hoist', '--mergefunc', '--gvn-hoist', '--instcombine', '--globalopt', '--elim-avail-extern', '--indvars', '--gvn', '--gvn', '--ipsccp', '--gvn', '--nary-reassociate', '--lower-constant-intrinsics', '--loop-instsimplify', '--strip', '--mem2reg', '--jump-threading', '--globalopt', '--elim-avail-extern', '--simplifycfg', '--sroa', '--mem2reg', '--gvn-hoist', '--sccp', '--early-cse', '--lower-constant-intrinsics', '--adce', '--gvn-hoist', '--adce', '--loop-simplify', '--dse', '--newgvn', '--simplifycfg', '--lower-expect', '--simplifycfg', '--loop-unroll-and-jam', '--globalopt', '--elim-avail-extern', '--gvn', '--gvn', '--ipsccp', '--gvn', '--nary-reassociate', '--lower-constant-intrinsics', '--loop-instsimplify', '--early-cse', '--mem2reg', '--jump-threading', '--slp-vectorizer', '--instcombine', '--simplifycfg', '--sroa', '--die', '--early-cse', '--early-cse', '--lower-expect', '--sroa', '--sroa', '--lower-expect', '--globalopt', '--elim-avail-extern', '--lower-expect']",76,-4.0954601960035335,0.0,-1.4527443481830833,0.0,1,-4.0954601960035335,-1.4527443481830833,0.0,-69.54314720812182,12.411960525132804,11.76470588235294,34
846,"['--ipsccp', '--speculative-execution', '--sccp', '--early-cse', '--mem2reg', '--jump-threading', '--globalopt', '--elim-avail-extern', '--instcombine', '--adce', '--jump-threading', '--gvn', '--simplifycfg', '--instsimplify', '--gvn-hoist', '--mergefunc', '--gvn-hoist', '--instcombine', '--globalopt', '--elim-avail-extern', '--indvars', '--gvn', '--gvn', '--ipsccp', '--gvn', '--nary-reassociate', '--lower-constant-intrinsics', '--loop-instsimplify', '--strip', '--mem2reg', '--jump-threading', '--globalopt', '--memcpyopt', '--simplifycfg', '--sroa', '--mem2reg', '--gvn-hoist', '--sccp', '--early-cse', '--lower-constant-intrinsics', '--loop-fusion', '--gvn-hoist', '--adce', '--loop-simplify', '--dse', '--newgvn', '--simplifycfg', '--lower-expect', '--simplifycfg', '--loop-unroll-and-jam', '--instcombine', '--globalopt', '--elim-avail-extern', '--gvn', '--gvn', '--ipsccp', '--gvn', '--nary-reassociate', '--lower-constant-intrinsics', '--loop-instsimplify', '--early-cse', '--mem2reg', '--jump-threading', '--slp-vectorizer', '--instcombine', '--simplifycfg', '--sroa', '--lower-constant-intrinsics', '--early-cse', '--sroa', '--sroa', '--lower-expect', '--globalopt', '--globalopt', '--elim-avail-extern', '--lower-expect']",76,-4.0954601960035335,0.0,-1.4527443481830833,0.0,1,-4.0954601960035335,-1.4527443481830833,0.0,-69.54314720812182,12.411960525132804,11.76470588235294,34
769,"['--ipsccp', '--speculative-execution', '--sccp', '--early-cse', '--mem2reg', '--jump-threading', '--globalopt', '--elim-avail-extern', '--instcombine', '--adce', '--jump-threading', '--gvn', '--simplifycfg', '--instsimplify', '--gvn-hoist', '--mergefunc', '--gvn-hoist', '--instcombine', '--globalopt', '--elim-avail-extern', '--indvars', '--gvn', '--gvn', '--ipsccp', '--gvn', '--nary-reassociate', '--lower-constant-intrinsics', '--loop-instsimplify', '--strip', '--mem2reg', '--jump-threading', '--globalopt', '--elim-avail-extern', '--simplifycfg', '--sroa', '--mem2reg', '--gvn-hoist', '--sccp', '--early-cse', '--lower-constant-intrinsics', '--loop-fusion', '--gvn-hoist', '--adce', '--loop-simplify', '--dse', '--newgvn', '--lower-expect', '--simplifycfg', '--loop-unroll-and-jam', '--instcombine', '--globalopt', '--elim-avail-extern', '--gvn', '--gvn', '--ipsccp', '--gvn', '--nary-reassociate', '--lower-constant-intrinsics', '--loop-instsimplify', '--early-cse', '--mem2reg', '--jump-threading', '--slp-vectorizer', '--instcombine', '--simplifycfg', '--sroa', '--lower-constant-intrinsics', '--lower-expect', '--sroa', '--sroa', '--lower-expect', '--globalopt', '--elim-avail-extern', '--lower-expect']",74,-4.0954601960035335,0.0,-1.4527443481830833,0.0,1,-4.0954601960035335,-1.4527443481830833,0.0,-69.54314720812182,12.411960525132804,11.76470588235294,34
771,"['--ipsccp', '--speculative-execution', '--sccp', '--early-cse', '--mem2reg', '--jump-threading', '--globalopt', '--elim-avail-extern', '--instcombine', '--adce', '--jump-threading', '--gvn', '--simplifycfg', '--instsimplify', '--gvn-hoist', '--mergefunc', '--gvn-hoist', '--instcombine', '--globalopt', '--elim-avail-extern', '--indvars', '--gvn', '--gvn', '--ipsccp', '--gvn', '--nary-reassociate', '--lower-constant-intrinsics', '--loop-instsimplify', '--strip', '--mem2reg', '--jump-threading', '--globalopt', '--memcpyopt', '--elim-avail-extern', '--simplifycfg', '--sroa', '--mem2reg', '--gvn-hoist', '--sccp', '--early-cse', '--lower-constant-intrinsics', '--gvn-hoist', '--adce', '--loop-simplify', '--dse', '--newgvn', '--simplifycfg', '--lower-expect', '--simplifycfg', '--loop-unroll-and-jam', '--globalopt', '--elim-avail-extern', '--gvn', '--gvn', '--ipsccp', '--gvn', '--nary-reassociate', '--lower-constant-intrinsics', '--loop-instsimplify', '--early-cse', '--mem2reg', '--jump-threading', '--slp-vectorizer', '--instcombine', '--simplifycfg', '--sroa', '--lower-constant-intrinsics', '--early-cse', '--lower-expect', '--sroa', '--sroa', '--lower-expect', '--elim-avail-extern', '--lower-expect']",74,-4.0954601960035335,0.0,-1.4527443481830833,0.0,1,-4.0954601960035335,-1.4527443481830833,0.0,-69.54314720812182,12.411960525132804,11.76470588235294,34
572,"['--ipsccp', '--speculative-execution', '--sccp', '--early-cse', '--mem2reg', '--jump-threading', '--globalopt', '--elim-avail-extern', '--instcombine', '--adce', '--jump-threading', '--gvn', '--simplifycfg', '--instsimplify', '--gvn-hoist', '--mergefunc', '--gvn-hoist', '--instcombine', '--globalopt', '--elim-avail-extern', '--indvars', '--gvn', '--gvn', '--ipsccp', '--gvn', '--nary-reassociate', '--lower-constant-intrinsics', '--loop-instsimplify', '--strip', '--mem2reg', '--jump-threading', '--globalopt', '--elim-avail-extern', '--simplifycfg', '--sroa', '--mem2reg', '--gvn-hoist', '--sccp', '--early-cse', '--lower-constant-intrinsics', '--adce', '--gvn-hoist', '--adce', '--loop-simplify', '--dse', '--newgvn', '--simplifycfg', '--lower-expect', '--simplifycfg', '--gvn-hoist', '--instcombine', '--globalopt', '--elim-avail-extern', '--gvn', '--gvn', '--ipsccp', '--gvn', '--nary-reassociate', '--lower-constant-intrinsics', '--loop-instsimplify', '--early-cse', '--mem2reg', '--jump-threading', '--slp-vectorizer', '--instcombine', '--simplifycfg', '--sroa', '--lower-constant-intrinsics', '--early-cse', '--lower-expect', '--sroa', '--sroa', '--lower-expect', '--globalopt', '--elim-avail-extern', '--lower-expect']",76,-4.0954601960035335,0.0,-1.4527443481830833,0.0,1,-4.0954601960035335,-1.4527443481830833,0.0,-69.54314720812182,12.411960525132804,11.76470588235294,34
624,"['--ipsccp', '--speculative-execution', '--sccp', '--early-cse', '--mem2reg', '--jump-threading', '--globalopt', '--elim-avail-extern', '--instcombine', '--instsimplify', '--jump-threading', '--gvn', '--simplifycfg', '--instsimplify', '--gvn-hoist', '--mergefunc', '--gvn-hoist', '--instcombine', '--globalopt', '--elim-avail-extern', '--indvars', '--gvn', '--gvn', '--ipsccp', '--gvn', '--nary-reassociate', '--lower-constant-intrinsics', '--loop-instsimplify', '--strip', '--mem2reg', '--jump-threading', '--globalopt', '--elim-avail-extern', '--simplifycfg', '--sroa', '--mem2reg', '--gvn-hoist', '--sccp', '--early-cse', '--lower-constant-intrinsics', '--adce', '--gvn-hoist', '--adce', '--loop-simplify', '--dse', '--nary-reassociate', '--newgvn', '--simplifycfg', '--lower-expect', '--simplifycfg', '--gvn-hoist', '--instcombine', '--globalopt', '--elim-avail-extern', '--gvn', '--gvn', '--ipsccp', '--gvn', '--nary-reassociate', '--lower-constant-intrinsics', '--loop-instsimplify', '--early-cse', '--mem2reg', '--jump-threading', '--slp-vectorizer', '--instcombine', '--simplifycfg', '--sroa', '--lower-constant-intrinsics', '--early-cse', '--lower-expect', '--sroa', '--sroa', '--lower-expect', '--globalopt', '--elim-avail-extern', '--lower-expect']",77,-4.0954601960035335,0.0,-1.4527443481830833,0.0,1,-4.0954601960035335,-1.4527443481830833,0.0,-69.54314720812182,12.411960525132804,11.76470588235294,34
838,"['--ipsccp', '--speculative-execution', '--sccp', '--early-cse', '--mem2reg', '--jump-threading', '--globalopt', '--elim-avail-extern', '--instcombine', '--adce', '--jump-threading', '--gvn', '--simplifycfg', '--instsimplify', '--dse', '--mergefunc', '--gvn-hoist', '--instcombine', '--globalopt', '--elim-avail-extern', '--indvars', '--gvn', '--gvn', '--ipsccp', '--gvn', '--nary-reassociate', '--lower-constant-intrinsics', '--loop-instsimplify', '--strip', '--mem2reg', '--jump-threading', '--globalopt', '--memcpyopt', '--elim-avail-extern', '--simplifycfg', '--sroa', '--mem2reg', '--gvn-hoist', '--sccp', '--early-cse', '--lower-constant-intrinsics', '--adce', '--gvn-hoist', '--adce', '--loop-simplify', '--gvn-hoist', '--loop-sink', '--newgvn', '--simplifycfg', '--lower-expect', '--simplifycfg', '--gvn-hoist', '--instcombine', '--globalopt', '--elim-avail-extern', '--gvn', '--gvn', '--ipsccp', '--gvn', '--nary-reassociate', '--lower-constant-intrinsics', '--loop-instsimplify', '--early-cse', '--mem2reg', '--slp-vectorizer', '--instcombine', '--simplifycfg', '--sroa', '--lower-constant-intrinsics', '--early-cse', '--lower-expect', '--sroa', '--lower-expect', '--globalopt', '--elim-avail-extern', '--lower-expect']",76,-4.0954601960035335,0.0,-1.4527443481830833,0.0,1,-4.0954601960035335,-1.4527443481830833,0.0,-69.54314720812182,12.411960525132804,11.76470588235294,34
942,"['--ipsccp', '--speculative-execution', '--sccp', '--early-cse', '--mem2reg', '--jump-threading', '--globalopt', '--elim-avail-extern', '--instcombine', '--adce', '--jump-threading', '--gvn', '--simplifycfg', '--instsimplify', '--gvn-hoist', '--mergefunc', '--gvn-hoist', '--instcombine', '--globalopt', '--elim-avail-extern', '--indvars', '--gvn', '--gvn', '--ipsccp', '--gvn', '--nary-reassociate', '--lower-constant-intrinsics', '--loop-instsimplify', '--strip', '--mem2reg', '--jump-threading', '--globalopt', '--memcpyopt', '--elim-avail-extern', '--simplifycfg', '--sroa', '--mem2reg', '--gvn-hoist', '--sccp', '--early-cse', '--lower-constant-intrinsics', '--adce', '--gvn-hoist', '--sroa', '--lower-constant-intrinsics', '--dse', '--newgvn', '--lower-expect', '--simplifycfg', '--gvn-hoist', '--instcombine', '--globalopt', '--elim-avail-extern', '--gvn', '--gvn', '--ipsccp', '--gvn', '--nary-reassociate', '--lower-constant-intrinsics', '--early-cse', '--mem2reg', '--jump-threading', '--globalopt', '--slp-vectorizer', '--instcombine', '--simplifycfg', '--adce', '--early-cse', '--lower-expect', '--sroa', '--sroa', '--lower-expect', '--globalopt', '--elim-avail-extern', '--simplifycfg']",75,-4.0954601960035335,0.0,-1.4527443481830833,0.0,1,-4.0954601960035335,-1.4527443481830833,0.0,-69.54314720812182,12.411960525132804,11.76470588235294,34
750,"['--ipsccp', '--speculative-execution', '--sccp', '--early-cse', '--mem2reg', '--jump-threading', '--globalopt', '--elim-avail-extern', '--instcombine', '--adce', '--jump-threading', '--gvn', '--simplifycfg', '--instsimplify', '--gvn-hoist', '--mergefunc', '--gvn-hoist', '--instcombine', '--globalopt', '--elim-avail-extern', '--indvars', '--gvn', '--gvn', '--ipsccp', '--gvn', '--nary-reassociate', '--lower-constant-intrinsics', '--loop-instsimplify', '--strip', '--mem2reg', '--jump-threading', '--globalopt', '--elim-avail-extern', '--simplifycfg', '--sroa', '--mem2reg', '--gvn-hoist', '--sccp', '--early-cse', '--lower-constant-intrinsics', '--adce', '--gvn-hoist', '--adce', '--loop-simplify', '--dse', '--newgvn', '--bdce', '--simplifycfg', '--lower-expect', '--simplifycfg', '--gvn-hoist', '--instcombine', '--globalopt', '--elim-avail-extern', '--gvn', '--gvn', '--ipsccp', '--gvn', '--nary-reassociate', '--lower-constant-intrinsics', '--loop-instsimplify', '--early-cse', '--mem2reg', '--jump-threading', '--slp-vectorizer', '--instcombine', '--simplifycfg', '--sroa', '--lower-constant-intrinsics', '--early-cse', '--lower-expect', '--sroa', '--sroa', '--lower-expect', '--globalopt', '--elim-avail-extern', '--lower-expect']",77,-4.0954601960035335,0.0,-1.4527443481830833,0.0,1,-4.0954601960035335,-1.4527443481830833,0.0,-69.54314720812182,12.411960525132804,11.76470588235294,34
760,"['--ipsccp', '--speculative-execution', '--sccp', '--early-cse', '--mem2reg', '--jump-threading', '--globalopt', '--elim-avail-extern', '--instcombine', '--instsimplify', '--jump-threading', '--gvn', '--simplifycfg', '--instsimplify', '--gvn-hoist', '--mergefunc', '--gvn-hoist', '--instcombine', '--globalopt', '--elim-avail-extern', '--indvars', '--gvn', '--gvn', '--ipsccp', '--gvn', '--nary-reassociate', '--lower-constant-intrinsics', '--loop-instsimplify', '--strip', '--mem2reg', '--jump-threading', '--globalopt', '--elim-avail-extern', '--simplifycfg', '--sroa', '--mem2reg', '--gvn-hoist', '--sccp', '--early-cse', '--lower-constant-intrinsics', '--adce', '--gvn-hoist', '--adce', '--loop-simplify', '--dse', '--nary-reassociate', '--newgvn', '--simplifycfg', '--lower-expect', '--simplifycfg', '--gvn-hoist', '--instcombine', '--globalopt', '--elim-avail-extern', '--gvn', '--gvn', '--ipsccp', '--gvn', '--nary-reassociate', '--lower-constant-intrinsics', '--loop-instsimplify', '--early-cse', '--mem2reg', '--jump-threading', '--slp-vectorizer', '--instcombine', '--simplifycfg', '--sroa', '--lower-constant-intrinsics', '--early-cse', '--lower-expect', '--sroa', '--sroa', '--globalopt', '--elim-avail-extern', '--lower-expect']",76,-4.0954601960035335,0.0,-1.4527443481830833,0.0,1,-4.0954601960035335,-1.4527443481830833,0.0,-69.54314720812182,12.411960525132804,11.76470588235294,34
830,"['--ipsccp', '--speculative-execution', '--sccp', '--early-cse', '--mem2reg', '--jump-threading', '--globalopt', '--elim-avail-extern', '--instcombine', '--adce', '--jump-threading', '--gvn', '--simplifycfg', '--instsimplify', '--gvn-hoist', '--mergefunc', '--gvn-hoist', '--instcombine', '--globalopt', '--elim-avail-extern', '--indvars', '--gvn', '--gvn', '--ipsccp', '--gvn', '--nary-reassociate', '--lower-constant-intrinsics', '--loop-instsimplify', '--strip', '--mem2reg', '--jump-threading', '--globalopt', '--memcpyopt', '--elim-avail-extern', '--simplifycfg', '--sroa', '--mem2reg', '--gvn-hoist', '--sccp', '--early-cse', '--lower-constant-intrinsics', '--adce', '--gvn-hoist', '--adce', '--loop-simplify', '--dse', '--newgvn', '--simplifycfg', '--lower-expect', '--simplifycfg', '--gvn-hoist', '--instcombine', '--elim-avail-extern', '--gvn', '--gvn', '--ipsccp', '--gvn', '--nary-reassociate', '--lower-constant-intrinsics', '--early-cse', '--mem2reg', '--jump-threading', '--globalopt', '--slp-vectorizer', '--instcombine', '--simplifycfg', '--sroa', '--lower-constant-intrinsics', '--early-cse', '--lower-expect', '--gvn-hoist', '--sroa', '--lower-expect', '--globalopt', '--elim-avail-extern', '--lower-expect']",76,-4.0954601960035335,0.0,-1.4527443481830833,0.0,1,-4.0954601960035335,-1.4527443481830833,0.0,-69.54314720812182,12.411960525132804,11.76470588235294,34
757,"['--ipsccp', '--speculative-execution', '--sccp', '--early-cse', '--mem2reg', '--jump-threading', '--globalopt', '--elim-avail-extern', '--instcombine', '--adce', '--jump-threading', '--gvn', '--simplifycfg', '--instsimplify', '--gvn-hoist', '--mergefunc', '--gvn-hoist', '--instcombine', '--globalopt', '--elim-avail-extern', '--indvars', '--gvn', '--gvn', '--ipsccp', '--gvn', '--nary-reassociate', '--lower-constant-intrinsics', '--loop-instsimplify', '--strip', '--mem2reg', '--jump-threading', '--globalopt', '--elim-avail-extern', '--simplifycfg', '--sroa', '--mem2reg', '--lower-constant-intrinsics', '--sccp', '--early-cse', '--lower-constant-intrinsics', '--adce', '--gvn-hoist', '--adce', '--loop-simplify', '--dse', '--newgvn', '--simplifycfg', '--lower-expect', '--simplifycfg', '--gvn-hoist', '--instcombine', '--globalopt', '--elim-avail-extern', '--gvn', '--gvn', '--ipsccp', '--gvn', '--nary-reassociate', '--lower-constant-intrinsics', '--loop-instsimplify', '--early-cse', '--mem2reg', '--jump-threading', '--slp-vectorizer', '--instcombine', '--simplifycfg', '--sroa', '--gvn-hoist', '--early-cse', '--lower-expect', '--sroa', '--sroa', '--lower-expect', '--lower-expect', '--globalopt', '--elim-avail-extern', '--lower-expect']",77,-4.0954601960035335,0.0,-1.4527443481830833,0.0,1,-4.0954601960035335,-1.4527443481830833,0.0,-69.54314720812182,12.411960525132804,11.76470588235294,34
773,"['--ipsccp', '--speculative-execution', '--sccp', '--early-cse', '--mem2reg', '--jump-threading', '--globalopt', '--elim-avail-extern', '--instcombine', '--adce', '--jump-threading', '--gvn', '--simplifycfg', '--instsimplify', '--gvn-hoist', '--mergefunc', '--adce', '--instcombine', '--globalopt', '--elim-avail-extern', '--indvars', '--gvn', '--gvn', '--ipsccp', '--gvn', '--nary-reassociate', '--lower-constant-intrinsics', '--loop-instsimplify', '--strip', '--mem2reg', '--jump-threading', '--globalopt', '--elim-avail-extern', '--simplifycfg', '--sroa', '--mem2reg', '--gvn-hoist', '--sccp', '--early-cse', '--lower-constant-intrinsics', '--adce', '--gvn-hoist', '--adce', '--loop-simplify', '--dse', '--newgvn', '--simplifycfg', '--lower-expect', '--simplifycfg', '--gvn-hoist', '--instcombine', '--globalopt', '--elim-avail-extern', '--gvn', '--ipsccp', '--gvn', '--nary-reassociate', '--lower-constant-intrinsics', '--loop-instsimplify', '--early-cse', '--mem2reg', '--jump-threading', '--slp-vectorizer', '--jump-threading', '--globalopt', '--slp-vectorizer', '--instcombine', '--simplifycfg', '--sroa', '--lower-constant-intrinsics', '--early-cse', '--lower-expect', '--sroa', '--sroa', '--lower-expect', '--globalopt', '--elim-avail-extern', '--lower-expect']",78,-4.0954601960035335,0.0,-1.4527443481830833,0.0,1,-4.0954601960035335,-1.4527443481830833,0.0,-69.54314720812182,12.411960525132804,11.76470588235294,34
785,"['--ipsccp', '--speculative-execution', '--sccp', '--early-cse', '--mem2reg', '--jump-threading', '--globalopt', '--elim-avail-extern', '--instcombine', '--adce', '--jump-threading', '--gvn', '--simplifycfg', '--instsimplify', '--gvn-hoist', '--mergefunc', '--gvn-hoist', '--instcombine', '--globalopt', '--elim-avail-extern', '--indvars', '--gvn', '--gvn', '--ipsccp', '--gvn', '--nary-reassociate', '--lower-constant-intrinsics', '--loop-instsimplify', '--strip', '--mem2reg', '--jump-threading', '--globalopt', '--elim-avail-extern', '--simplifycfg', '--sroa', '--mem2reg', '--gvn-hoist', '--sccp', '--early-cse', '--lower-constant-intrinsics', '--adce', '--gvn-hoist', '--adce', '--lower-constant-intrinsics', '--dse', '--newgvn', '--simplifycfg', '--lower-expect', '--simplifycfg', '--gvn-hoist', '--instcombine', '--globalopt', '--elim-avail-extern', '--gvn', '--gvn', '--ipsccp', '--gvn', '--nary-reassociate', '--lower-constant-intrinsics', '--loop-instsimplify', '--early-cse', '--mem2reg', '--jump-threading', '--globalopt', '--slp-vectorizer', '--instcombine', '--simplifycfg', '--sroa', '--lower-constant-intrinsics', '--early-cse', '--lower-expect', '--gvn-hoist', '--sroa', '--lower-expect', '--globalopt', '--elim-avail-extern', '--lower-expect']",77,-4.0954601960035335,0.0,-1.4527443481830833,0.0,1,-4.0954601960035335,-1.4527443481830833,0.0,-69.54314720812182,12.411960525132804,11.76470588235294,34
855,"['--ipsccp', '--speculative-execution', '--sccp', '--early-cse', '--mem2reg', '--jump-threading', '--globalopt', '--elim-avail-extern', '--instcombine', '--adce', '--jump-threading', '--gvn', '--simplifycfg', '--instsimplify', '--gvn-hoist', '--mergefunc', '--gvn-hoist', '--instcombine', '--globalopt', '--elim-avail-extern', '--indvars', '--gvn', '--gvn', '--ipsccp', '--gvn', '--nary-reassociate', '--lower-constant-intrinsics', '--loop-instsimplify', '--strip', '--mem2reg', '--jump-threading', '--globalopt', '--memcpyopt', '--elim-avail-extern', '--simplifycfg', '--sroa', '--mem2reg', '--gvn-hoist', '--sccp', '--early-cse', '--lower-constant-intrinsics', '--adce', '--adce', '--loop-simplify', '--dse', '--nary-reassociate', '--newgvn', '--simplifycfg', '--lower-expect', '--simplifycfg', '--gvn-hoist', '--instcombine', '--globalopt', '--elim-avail-extern', '--gvn', '--gvn', '--ipsccp', '--gvn', '--nary-reassociate', '--lower-constant-intrinsics', '--loop-simplify', '--loop-instsimplify', '--early-cse', '--mem2reg', '--jump-threading', '--slp-vectorizer', '--instcombine', '--simplifycfg', '--sroa', '--lower-constant-intrinsics', '--early-cse', '--lower-expect', '--sroa', '--sroa', '--lower-expect', '--elim-avail-extern', '--lower-expect']",77,-4.0954601960035335,0.0,-1.4527443481830833,0.0,1,-4.0954601960035335,-1.4527443481830833,0.0,-69.54314720812182,12.411960525132804,11.76470588235294,34
926,"['--ipsccp', '--speculative-execution', '--sccp', '--early-cse', '--mem2reg', '--jump-threading', '--globalopt', '--elim-avail-extern', '--instcombine', '--adce', '--jump-threading', '--gvn', '--simplifycfg', '--instsimplify', '--gvn-hoist', '--mergefunc', '--gvn-hoist', '--instcombine', '--ipsccp', '--elim-avail-extern', '--indvars', '--gvn', '--gvn', '--ipsccp', '--gvn', '--nary-reassociate', '--loop-instsimplify', '--loop-instsimplify', '--strip', '--mem2reg', '--jump-threading', '--globalopt', '--lower-constant-intrinsics', '--memcpyopt', '--elim-avail-extern', '--simplifycfg', '--sroa', '--mem2reg', '--gvn-hoist', '--sccp', '--early-cse', '--lower-constant-intrinsics', '--adce', '--gvn-hoist', '--adce', '--loop-simplify', '--dse', '--loop-sink', '--newgvn', '--simplifycfg', '--lower-expect', '--simplifycfg', '--gvn-hoist', '--instcombine', '--globalopt', '--elim-avail-extern', '--gvn', '--gvn', '--ipsccp', '--gvn', '--lower-constant-intrinsics', '--loop-instsimplify', '--early-cse', '--mem2reg', '--jump-threading', '--globalopt', '--slp-vectorizer', '--instcombine', '--simplifycfg', '--sroa', '--lower-constant-intrinsics', '--early-cse', '--lower-expect', '--lower-expect', '--sroa', '--sroa', '--lower-expect', '--globalopt', '--elim-avail-extern', '--lower-expect']",80,-4.0954601960035335,0.0,-1.4527443481830833,0.0,1,-4.0954601960035335,-1.4527443481830833,0.0,-69.54314720812182,12.411960525132804,11.76470588235294,34
967,"['--ipsccp', '--speculative-execution', '--sccp', '--early-cse', '--mem2reg', '--jump-threading', '--globalopt', '--elim-avail-extern', '--instcombine', '--adce', '--jump-threading', '--gvn', '--simplifycfg', '--instsimplify', '--gvn-hoist', '--mergefunc', '--gvn-hoist', '--instcombine', '--globalopt', '--elim-avail-extern', '--indvars', '--gvn', '--gvn', '--ipsccp', '--gvn', '--nary-reassociate', '--lower-constant-intrinsics', '--loop-instsimplify', '--strip', '--mem2reg', '--jump-threading', '--globalopt', '--memcpyopt', '--elim-avail-extern', '--simplifycfg', '--sroa', '--mem2reg', '--gvn-hoist', '--sccp', '--early-cse', '--lower-constant-intrinsics', '--adce', '--gvn-hoist', '--adce', '--loop-simplify', '--dse', '--newgvn', '--simplifycfg', '--lower-expect', '--simplifycfg', '--gvn-hoist', '--instcombine', '--globalopt', '--elim-avail-extern', '--gvn', '--gvn', '--gvn', '--gvn', '--ipsccp', '--gvn', '--nary-reassociate', '--loop-idiom', '--loop-instsimplify', '--early-cse', '--mem2reg', '--jump-threading', '--globalopt', '--slp-vectorizer', '--instcombine', '--simplifycfg', '--sroa', '--lower-constant-intrinsics', '--early-cse', '--lower-expect', '--lower-expect', '--elim-avail-extern', '--elim-avail-extern', '--lower-expect', '--newgvn']",79,-4.0954601960035335,0.0,-1.4527443481830833,0.0,1,-4.0954601960035335,-1.4527443481830833,0.0,-69.54314720812182,12.411960525132804,11.76470588235294,34
858,"['--ipsccp', '--speculative-execution', '--sccp', '--early-cse', '--mem2reg', '--jump-threading', '--globalopt', '--elim-avail-extern', '--instcombine', '--adce', '--jump-threading', '--gvn', '--simplifycfg', '--loop-simplifycfg', '--gvn-hoist', '--mergefunc', '--gvn-hoist', '--instcombine', '--globalopt', '--elim-avail-extern', '--indvars', '--gvn', '--gvn', '--ipsccp', '--gvn', '--nary-reassociate', '--lower-constant-intrinsics', '--loop-instsimplify', '--strip', '--mem2reg', '--jump-threading', '--globalopt', '--memcpyopt', '--elim-avail-extern', '--simplifycfg', '--sroa', '--mem2reg', '--gvn-hoist', '--sccp', '--early-cse', '--lower-constant-intrinsics', '--adce', '--gvn-hoist', '--adce', '--loop-simplify', '--dse', '--loop-sink', '--newgvn', '--simplifycfg', '--lower-expect', '--simplifycfg', '--gvn-hoist', '--instcombine', '--globalopt', '--elim-avail-extern', '--gvn', '--ipsccp', '--gvn', '--nary-reassociate', '--lower-constant-intrinsics', '--loop-instsimplify', '--early-cse', '--mem2reg', '--jump-threading', '--globalopt', '--slp-vectorizer', '--instcombine', '--simplifycfg', '--sroa', '--lower-constant-intrinsics', '--early-cse', '--lower-expect', '--lower-expect', '--lower-expect']",74,-4.0954601960035335,0.0,-1.4527443481830833,0.0,1,-4.0954601960035335,-1.4527443481830833,0.0,-69.54314720812182,12.411960525132804,11.76470588235294,34
727,"['--ipsccp', '--speculative-execution', '--sccp', '--early-cse', '--mem2reg', '--jump-threading', '--globalopt', '--elim-avail-extern', '--instcombine', '--adce', '--jump-threading', '--gvn', '--simplifycfg', '--instsimplify', '--gvn-hoist', '--mergefunc', '--gvn-hoist', '--instcombine', '--globalopt', '--elim-avail-extern', '--indvars', '--gvn', '--gvn', '--ipsccp', '--gvn', '--nary-reassociate', '--lower-constant-intrinsics', '--loop-instsimplify', '--strip', '--mem2reg', '--jump-threading', '--globalopt', '--elim-avail-extern', '--simplifycfg', '--sroa', '--mem2reg', '--gvn-hoist', '--sccp', '--early-cse', '--lower-constant-intrinsics', '--loop-fusion', '--gvn-hoist', '--adce', '--loop-simplify', '--dse', '--newgvn', '--simplifycfg', '--lower-expect', '--simplifycfg', '--loop-unroll-and-jam', '--instcombine', '--globalopt', '--elim-avail-extern', '--gvn', '--gvn', '--ipsccp', '--gvn', '--nary-reassociate', '--lower-constant-intrinsics', '--loop-instsimplify', '--early-cse', '--mem2reg', '--jump-threading', '--slp-vectorizer', '--instcombine', '--simplifycfg', '--sroa', '--lower-constant-intrinsics', '--early-cse', '--lower-expect', '--sroa', '--sroa', '--lower-expect', '--globalopt', '--elim-avail-extern', '--lower-expect']",76,-4.0954601960035335,0.0,-1.4527443481830833,0.0,1,-4.0954601960035335,-1.4527443481830833,0.0,-69.54314720812182,12.411960525132804,11.76470588235294,34
736,"['--ipsccp', '--speculative-execution', '--sccp', '--early-cse', '--mem2reg', '--jump-threading', '--globalopt', '--elim-avail-extern', '--instcombine', '--adce', '--jump-threading', '--gvn', '--simplifycfg', '--instsimplify', '--gvn-hoist', '--mergefunc', '--gvn-hoist', '--instcombine', '--globalopt', '--elim-avail-extern', '--indvars', '--gvn', '--gvn', '--ipsccp', '--gvn', '--nary-reassociate', '--loop-instsimplify', '--loop-instsimplify', '--strip', '--mem2reg', '--jump-threading', '--globalopt', '--elim-avail-extern', '--simplifycfg', '--sroa', '--mem2reg', '--gvn-hoist', '--sccp', '--early-cse', '--lower-constant-intrinsics', '--adce', '--gvn-hoist', '--adce', '--loop-simplify', '--dse', '--nary-reassociate', '--newgvn', '--simplifycfg', '--lower-expect', '--simplifycfg', '--gvn-hoist', '--instcombine', '--globalopt', '--elim-avail-extern', '--gvn', '--gvn', '--ipsccp', '--gvn', '--nary-reassociate', '--lower-constant-intrinsics', '--loop-instsimplify', '--early-cse', '--mem2reg', '--mergefunc', '--jump-threading', '--slp-vectorizer', '--instcombine', '--simplifycfg', '--sroa', '--lower-constant-intrinsics', '--early-cse', '--lower-expect', '--sroa', '--sroa', '--lower-expect', '--globalopt', '--elim-avail-extern', '--lower-expect']",78,-4.0954601960035335,0.0,-1.4527443481830833,0.0,1,-4.0954601960035335,-1.4527443481830833,0.0,-69.54314720812182,12.411960525132804,11.76470588235294,34
719,"['--ipsccp', '--speculative-execution', '--sccp', '--early-cse', '--mem2reg', '--jump-threading', '--globalopt', '--elim-avail-extern', '--instcombine', '--adce', '--jump-threading', '--gvn', '--simplifycfg', '--instsimplify', '--gvn-hoist', '--mergefunc', '--gvn-hoist', '--instcombine', '--globalopt', '--elim-avail-extern', '--indvars', '--gvn', '--gvn', '--ipsccp', '--gvn', '--nary-reassociate', '--lower-constant-intrinsics', '--loop-instsimplify', '--strip', '--mem2reg', '--jump-threading', '--globalopt', '--elim-avail-extern', '--sroa', '--mem2reg', '--gvn-hoist', '--sccp', '--flattencfg', '--lower-constant-intrinsics', '--adce', '--gvn-hoist', '--adce', '--lower-constant-intrinsics', '--dse', '--newgvn', '--simplifycfg', '--lower-expect', '--simplifycfg', '--gvn-hoist', '--instcombine', '--globalopt', '--elim-avail-extern', '--gvn', '--gvn', '--ipsccp', '--gvn', '--nary-reassociate', '--lower-constant-intrinsics', '--loop-instsimplify', '--early-cse', '--mem2reg', '--jump-threading', '--globalopt', '--slp-vectorizer', '--instcombine', '--simplifycfg', '--sroa', '--early-cse', '--sroa', '--sroa', '--lower-expect', '--globalopt', '--elim-avail-extern', '--lower-expect']",74,-4.0954601960035335,0.0,-1.4527443481830833,0.0,1,-4.0954601960035335,-1.4527443481830833,0.0,-69.54314720812182,12.411960525132804,11.76470588235294,34
717,"['--ipsccp', '--speculative-execution', '--sccp', '--early-cse', '--mem2reg', '--jump-threading', '--globalopt', '--elim-avail-extern', '--instcombine', '--adce', '--jump-threading', '--gvn', '--simplifycfg', '--instsimplify', '--gvn-hoist', '--mergefunc', '--gvn-hoist', '--instcombine', '--globalopt', '--elim-avail-extern', '--indvars', '--gvn', '--gvn', '--ipsccp', '--gvn', '--nary-reassociate', '--lower-constant-intrinsics', '--loop-instsimplify', '--strip', '--mem2reg', '--jump-threading', '--globalopt', '--elim-avail-extern', '--simplifycfg', '--sroa', '--mem2reg', '--gvn-hoist', '--sccp', '--early-cse', '--lower-constant-intrinsics', '--adce', '--gvn-hoist', '--adce', '--loop-simplify', '--dse', '--newgvn', '--simplifycfg', '--lower-expect', '--simplifycfg', '--loop-unroll-and-jam', '--globalopt', '--elim-avail-extern', '--gvn', '--gvn', '--ipsccp', '--gvn', '--nary-reassociate', '--lower-constant-intrinsics', '--loop-instsimplify', '--early-cse', '--mem2reg', '--jump-threading', '--slp-vectorizer', '--instcombine', '--simplifycfg', '--sroa', '--lower-constant-intrinsics', '--early-cse', '--lower-expect', '--sroa', '--sroa', '--lower-expect', '--globalopt', '--elim-avail-extern', '--lower-expect']",75,-4.0954601960035335,0.0,-1.4527443481830833,0.0,1,-4.0954601960035335,-1.4527443481830833,0.0,-69.54314720812182,12.411960525132804,11.76470588235294,34
700,"['--ipsccp', '--speculative-execution', '--sccp', '--early-cse', '--mem2reg', '--jump-threading', '--globalopt', '--elim-avail-extern', '--instcombine', '--adce', '--jump-threading', '--gvn', '--simplifycfg', '--instsimplify', '--gvn-hoist', '--mergefunc', '--gvn-hoist', '--instcombine', '--globalopt', '--elim-avail-extern', '--indvars', '--gvn', '--gvn', '--ipsccp', '--gvn', '--nary-reassociate', '--lower-constant-intrinsics', '--loop-instsimplify', '--strip', '--mem2reg', '--jump-threading', '--globalopt', '--elim-avail-extern', '--simplifycfg', '--sroa', '--mem2reg', '--gvn-hoist', '--sccp', '--early-cse', '--lower-constant-intrinsics', '--adce', '--gvn-hoist', '--adce', '--loop-simplify', '--dse', '--newgvn', '--simplifycfg', '--lower-expect', '--simplifycfg', '--gvn-hoist', '--instcombine', '--gvn-hoist', '--instcombine', '--globalopt', '--elim-avail-extern', '--gvn', '--gvn', '--ipsccp', '--gvn', '--nary-reassociate', '--lower-constant-intrinsics', '--early-cse', '--mem2reg', '--jump-threading', '--globalopt', '--slp-vectorizer', '--instcombine', '--simplifycfg', '--sroa', '--lower-constant-intrinsics', '--early-cse', '--lower-expect', '--sroa', '--lower-expect', '--globalopt', '--elim-avail-extern', '--lower-expect']",77,-4.0954601960035335,0.0,-1.4527443481830833,0.0,1,-4.0954601960035335,-1.4527443481830833,0.0,-69.54314720812182,12.411960525132804,11.76470588235294,34
794,"['--ipsccp', '--speculative-execution', '--sccp', '--early-cse', '--mem2reg', '--jump-threading', '--globalopt', '--elim-avail-extern', '--instcombine', '--adce', '--jump-threading', '--gvn', '--simplifycfg', '--instsimplify', '--gvn-hoist', '--mergefunc', '--gvn-hoist', '--instcombine', '--globalopt', '--elim-avail-extern', '--indvars', '--gvn', '--gvn', '--ipsccp', '--gvn', '--nary-reassociate', '--loop-instsimplify', '--loop-instsimplify', '--strip', '--mem2reg', '--jump-threading', '--globalopt', '--elim-avail-extern', '--simplifycfg', '--sroa', '--mem2reg', '--gvn-hoist', '--sccp', '--early-cse', '--lower-constant-intrinsics', '--adce', '--gvn-hoist', '--adce', '--loop-simplify', '--dse', '--nary-reassociate', '--newgvn', '--simplifycfg', '--lower-expect', '--simplifycfg', '--gvn-hoist', '--instcombine', '--globalopt', '--elim-avail-extern', '--gvn', '--gvn', '--ipsccp', '--gvn', '--nary-reassociate', '--lower-constant-intrinsics', '--loop-instsimplify', '--early-cse', '--mem2reg', '--globalopt', '--slp-vectorizer', '--instcombine', '--simplifycfg', '--sroa', '--lower-constant-intrinsics', '--early-cse', '--separate-const-offset-from-gep', '--lower-expect', '--sroa', '--lower-expect', '--globalopt', '--elim-avail-extern', '--lower-expect']",77,-4.0954601960035335,0.0,-1.4527443481830833,0.0,1,-4.0954601960035335,-1.4527443481830833,0.0,-69.54314720812182,12.411960525132804,11.76470588235294,34
790,"['--ipsccp', '--speculative-execution', '--sccp', '--early-cse', '--mem2reg', '--jump-threading', '--globalopt', '--elim-avail-extern', '--instcombine', '--adce', '--jump-threading', '--gvn', '--simplifycfg', '--instsimplify', '--gvn-hoist', '--mergefunc', '--gvn-hoist', '--instcombine', '--globalopt', '--elim-avail-extern', '--indvars', '--gvn', '--gvn', '--ipsccp', '--gvn', '--nary-reassociate', '--lower-constant-intrinsics', '--loop-instsimplify', '--strip', '--mem2reg', '--jump-threading', '--globalopt', '--memcpyopt', '--elim-avail-extern', '--simplifycfg', '--sroa', '--mem2reg', '--gvn-hoist', '--sccp', '--early-cse', '--lower-constant-intrinsics', '--adce', '--gvn-hoist', '--adce', '--loop-simplify', '--dse', '--loop-sink', '--newgvn', '--simplifycfg', '--lower-expect', '--simplifycfg', '--gvn-hoist', '--instcombine', '--globalopt', '--elim-avail-extern', '--gvn', '--gvn', '--ipsccp', '--gvn', '--nary-reassociate', '--loop-instsimplify', '--early-cse', '--mem2reg', '--jump-threading', '--globalopt', '--slp-vectorizer', '--instcombine', '--simplifycfg', '--sroa', '--lower-expect', '--sroa', '--sroa', '--lower-expect', '--globalopt', '--elim-avail-extern', '--lower-expect']",76,-4.0954601960035335,0.0,-1.4527443481830833,0.0,1,-4.0954601960035335,-1.4527443481830833,0.0,-69.54314720812182,12.411960525132804,11.76470588235294,34
863,"['--ipsccp', '--speculative-execution', '--sccp', '--early-cse', '--mem2reg', '--jump-threading', '--globalopt', '--elim-avail-extern', '--instcombine', '--adce', '--jump-threading', '--gvn', '--simplifycfg', '--instsimplify', '--gvn-hoist', '--mergefunc', '--gvn-hoist', '--instcombine', '--globalopt', '--elim-avail-extern', '--indvars', '--gvn', '--gvn', '--instsimplify', '--gvn', '--nary-reassociate', '--lower-constant-intrinsics', '--loop-instsimplify', '--strip', '--mem2reg', '--jump-threading', '--globalopt', '--memcpyopt', '--elim-avail-extern', '--simplifycfg', '--sroa', '--mem2reg', '--gvn-hoist', '--sccp', '--early-cse', '--lower-constant-intrinsics', '--adce', '--gvn-hoist', '--adce', '--loop-simplify', '--dse', '--newgvn', '--simplifycfg', '--lower-expect', '--simplifycfg', '--gvn-hoist', '--instcombine', '--globalopt', '--elim-avail-extern', '--gvn', '--gvn', '--ipsccp', '--gvn', '--nary-reassociate', '--loop-instsimplify', '--loop-instsimplify', '--early-cse', '--mem2reg', '--jump-threading', '--globalopt', '--slp-vectorizer', '--instcombine', '--simplifycfg', '--sroa', '--lower-expect', '--sroa', '--sroa', '--lower-expect', '--globalopt', '--elim-avail-extern', '--lower-expect']",76,-4.0954601960035335,0.0,-1.4527443481830833,0.0,1,-4.0954601960035335,-1.4527443481830833,0.0,-69.54314720812182,12.411960525132804,11.76470588235294,34
714,"['--ipsccp', '--speculative-execution', '--sccp', '--early-cse', '--mem2reg', '--jump-threading', '--globalopt', '--elim-avail-extern', '--instcombine', '--adce', '--jump-threading', '--gvn', '--simplifycfg', '--instsimplify', '--gvn-hoist', '--mergefunc', '--gvn-hoist', '--instcombine', '--globalopt', '--elim-avail-extern', '--indvars', '--gvn', '--gvn', '--ipsccp', '--gvn', '--nary-reassociate', '--lower-constant-intrinsics', '--loop-instsimplify', '--strip', '--mem2reg', '--jump-threading', '--globalopt', '--elim-avail-extern', '--simplifycfg', '--sroa', '--mem2reg', '--gvn-hoist', '--sccp', '--early-cse', '--lower-constant-intrinsics', '--adce', '--gvn-hoist', '--adce', '--loop-simplify', '--dse', '--newgvn', '--simplifycfg', '--lower-expect', '--simplifycfg', '--loop-unroll-and-jam', '--instcombine', '--globalopt', '--elim-avail-extern', '--gvn', '--gvn', '--ipsccp', '--gvn', '--nary-reassociate', '--lower-constant-intrinsics', '--lower-constant-intrinsics', '--early-cse', '--mem2reg', '--jump-threading', '--slp-vectorizer', '--instcombine', '--simplifycfg', '--sroa', '--lower-constant-intrinsics', '--early-cse', '--lower-expect', '--sroa', '--sroa', '--lower-expect', '--globalopt', '--elim-avail-extern', '--lower-expect']",76,-4.0954601960035335,0.0,-1.4527443481830833,0.0,1,-4.0954601960035335,-1.4527443481830833,0.0,-69.54314720812182,12.411960525132804,11.76470588235294,34
800,"['--ipsccp', '--speculative-execution', '--sccp', '--early-cse', '--mem2reg', '--jump-threading', '--globalopt', '--elim-avail-extern', '--instcombine', '--adce', '--jump-threading', '--gvn', '--simplifycfg', '--instsimplify', '--gvn-hoist', '--mergefunc', '--gvn-hoist', '--instcombine', '--globalopt', '--elim-avail-extern', '--indvars', '--gvn', '--gvn', '--ipsccp', '--gvn', '--nary-reassociate', '--lower-constant-intrinsics', '--loop-instsimplify', '--strip', '--mem2reg', '--jump-threading', '--globalopt', '--elim-avail-extern', '--simplifycfg', '--sroa', '--mem2reg', '--gvn-hoist', '--sccp', '--early-cse', '--lower-constant-intrinsics', '--loop-fusion', '--gvn-hoist', '--adce', '--loop-simplify', '--dse', '--newgvn', '--simplifycfg', '--lower-expect', '--simplifycfg', '--loop-unroll-and-jam', '--instcombine', '--globalopt', '--elim-avail-extern', '--gvn', '--gvn', '--ipsccp', '--gvn', '--nary-reassociate', '--lower-constant-intrinsics', '--loop-instsimplify', '--early-cse', '--mem2reg', '--jump-threading', '--slp-vectorizer', '--instcombine', '--simplifycfg', '--sroa', '--lower-constant-intrinsics', '--early-cse', '--sroa', '--sroa', '--lower-expect', '--globalopt', '--globalopt', '--elim-avail-extern', '--lower-expect']",76,-4.0954601960035335,0.0,-1.4527443481830833,0.0,1,-4.0954601960035335,-1.4527443481830833,0.0,-69.54314720812182,12.411960525132804,11.76470588235294,34
801,"['--ipsccp', '--speculative-execution', '--sccp', '--early-cse', '--mem2reg', '--jump-threading', '--globalopt', '--elim-avail-extern', '--instcombine', '--instsimplify', '--jump-threading', '--gvn', '--simplifycfg', '--instsimplify', '--gvn-hoist', '--mergefunc', '--gvn-hoist', '--instcombine', '--globalopt', '--elim-avail-extern', '--indvars', '--gvn', '--gvn', '--ipsccp', '--gvn', '--nary-reassociate', '--lower-constant-intrinsics', '--loop-instsimplify', '--strip', '--mem2reg', '--jump-threading', '--globalopt', '--elim-avail-extern', '--simplifycfg', '--sroa', '--mem2reg', '--gvn-hoist', '--sccp', '--early-cse', '--lower-constant-intrinsics', '--adce', '--gvn-hoist', '--adce', '--loop-simplify', '--dse', '--nary-reassociate', '--newgvn', '--simplifycfg', '--lower-expect', '--simplifycfg', '--gvn-hoist', '--instcombine', '--gvn', '--gvn', '--ipsccp', '--gvn', '--nary-reassociate', '--lower-constant-intrinsics', '--loop-instsimplify', '--early-cse', '--mem2reg', '--jump-threading', '--globalopt', '--slp-vectorizer', '--instcombine', '--simplifycfg', '--sroa', '--early-cse', '--lower-expect', '--sroa', '--sroa', '--lower-expect', '--globalopt', '--elim-avail-extern', '--lower-expect']",75,-4.0954601960035335,0.0,-1.4527443481830833,0.0,1,-4.0954601960035335,-1.4527443481830833,0.0,-69.54314720812182,12.411960525132804,11.76470588235294,34
715,"['--ipsccp', '--speculative-execution', '--sccp', '--early-cse', '--mem2reg', '--jump-threading', '--globalopt', '--elim-avail-extern', '--instcombine', '--adce', '--jump-threading', '--gvn', '--simplifycfg', '--instsimplify', '--gvn-hoist', '--mergefunc', '--adce', '--instcombine', '--globalopt', '--elim-avail-extern', '--indvars', '--gvn', '--gvn', '--ipsccp', '--gvn', '--nary-reassociate', '--lower-constant-intrinsics', '--loop-instsimplify', '--strip', '--mem2reg', '--jump-threading', '--globalopt', '--elim-avail-extern', '--simplifycfg', '--sroa', '--mem2reg', '--gvn-hoist', '--sccp', '--early-cse', '--lower-constant-intrinsics', '--adce', '--gvn-hoist', '--adce', '--loop-simplify', '--dse', '--newgvn', '--simplifycfg', '--lower-expect', '--simplifycfg', '--gvn-hoist', '--instcombine', '--globalopt', '--elim-avail-extern', '--gvn', '--ipsccp', '--gvn', '--nary-reassociate', '--lower-constant-intrinsics', '--loop-instsimplify', '--early-cse', '--mem2reg', '--jump-threading', '--slp-vectorizer', '--instcombine', '--simplifycfg', '--sroa', '--lower-constant-intrinsics', '--early-cse', '--lower-expect', '--sroa', '--sccp', '--sroa', '--lower-expect', '--globalopt', '--elim-avail-extern', '--lower-expect']",76,-4.0954601960035335,0.0,-1.4527443481830833,0.0,1,-4.0954601960035335,-1.4527443481830833,0.0,-69.54314720812182,12.411960525132804,11.76470588235294,34
716,"['--ipsccp', '--speculative-execution', '--sccp', '--early-cse', '--mem2reg', '--jump-threading', '--globalopt', '--elim-avail-extern', '--instcombine', '--adce', '--jump-threading', '--gvn', '--simplifycfg', '--instsimplify', '--gvn-hoist', '--mergefunc', '--gvn-hoist', '--instcombine', '--globalopt', '--elim-avail-extern', '--indvars', '--gvn', '--gvn', '--ipsccp', '--gvn', '--nary-reassociate', '--lower-constant-intrinsics', '--loop-instsimplify', '--strip', '--mem2reg', '--jump-threading', '--bdce', '--elim-avail-extern', '--simplifycfg', '--sroa', '--mem2reg', '--gvn-hoist', '--sccp', '--early-cse', '--lower-constant-intrinsics', '--adce', '--gvn-hoist', '--adce', '--loop-simplify', '--dse', '--newgvn', '--simplifycfg', '--lower-expect', '--simplifycfg', '--gvn-hoist', '--instcombine', '--globalopt', '--elim-avail-extern', '--gvn', '--gvn', '--ipsccp', '--gvn', '--nary-reassociate', '--lower-constant-intrinsics', '--loop-instsimplify', '--early-cse', '--mem2reg', '--jump-threading', '--slp-vectorizer', '--instcombine', '--simplifycfg', '--sroa', '--lower-constant-intrinsics', '--early-cse', '--lower-expect', '--sroa', '--sccp', '--sroa', '--lower-expect', '--globalopt', '--elim-avail-extern', '--lower-expect']",77,-4.0954601960035335,0.0,-1.4527443481830833,0.0,1,-4.0954601960035335,-1.4527443481830833,0.0,-69.54314720812182,12.411960525132804,11.76470588235294,34
810,"['--ipsccp', '--speculative-execution', '--sccp', '--early-cse', '--mem2reg', '--jump-threading', '--globalopt', '--elim-avail-extern', '--instcombine', '--instsimplify', '--jump-threading', '--gvn', '--simplifycfg', '--instsimplify', '--gvn-hoist', '--mergefunc', '--gvn-hoist', '--instcombine', '--globalopt', '--elim-avail-extern', '--indvars', '--gvn', '--gvn', '--ipsccp', '--gvn', '--nary-reassociate', '--lower-constant-intrinsics', '--mem2reg', '--strip', '--mem2reg', '--jump-threading', '--globalopt', '--elim-avail-extern', '--simplifycfg', '--sroa', '--mem2reg', '--gvn-hoist', '--sccp', '--early-cse', '--lower-constant-intrinsics', '--adce', '--gvn-hoist', '--adce', '--loop-simplify', '--dse', '--nary-reassociate', '--newgvn', '--simplifycfg', '--lower-expect', '--simplifycfg', '--gvn-hoist', '--instcombine', '--globalopt', '--elim-avail-extern', '--gvn', '--gvn', '--ipsccp', '--gvn', '--nary-reassociate', '--lower-constant-intrinsics', '--loop-instsimplify', '--early-cse', '--loop-instsimplify', '--jump-threading', '--slp-vectorizer', '--instcombine', '--simplifycfg', '--sroa', '--lower-constant-intrinsics', '--early-cse', '--lower-expect', '--sroa', '--sroa', '--globalopt', '--elim-avail-extern', '--lower-expect']",76,-4.0954601960035335,0.0,-1.4527443481830833,0.0,1,-4.0954601960035335,-1.4527443481830833,0.0,-69.54314720812182,12.411960525132804,11.76470588235294,34
734,"['--ipsccp', '--speculative-execution', '--sccp', '--early-cse', '--mem2reg', '--jump-threading', '--globalopt', '--elim-avail-extern', '--instcombine', '--adce', '--jump-threading', '--gvn', '--simplifycfg', '--instsimplify', '--gvn-hoist', '--mergefunc', '--gvn-hoist', '--instcombine', '--globalopt', '--elim-avail-extern', '--indvars', '--gvn', '--gvn', '--ipsccp', '--gvn', '--nary-reassociate', '--lower-constant-intrinsics', '--loop-instsimplify', '--loop-guard-widening', '--mem2reg', '--jump-threading', '--globalopt', '--memcpyopt', '--elim-avail-extern', '--simplifycfg', '--sroa', '--mem2reg', '--gvn-hoist', '--sccp', '--early-cse', '--lower-constant-intrinsics', '--adce', '--gvn-hoist', '--adce', '--loop-simplify', '--dse', '--newgvn', '--simplifycfg', '--lower-expect', '--simplifycfg', '--gvn-hoist', '--instcombine', '--globalopt', '--elim-avail-extern', '--gvn', '--gvn', '--ipsccp', '--gvn', '--nary-reassociate', '--loop-instsimplify', '--early-cse', '--mem2reg', '--jump-threading', '--slp-vectorizer', '--instcombine', '--simplifycfg', '--sroa', '--lower-constant-intrinsics', '--early-cse', '--lower-expect', '--sroa', '--sroa', '--lower-expect', '--globalopt', '--elim-avail-extern', '--lower-expect']",76,-4.0954601960035335,0.0,-1.4527443481830833,0.0,1,-4.0954601960035335,-1.4527443481830833,0.0,-69.54314720812182,12.411960525132804,11.76470588235294,34
862,"['--ipsccp', '--speculative-execution', '--sccp', '--early-cse', '--mem2reg', '--jump-threading', '--globalopt', '--elim-avail-extern', '--instcombine', '--adce', '--jump-threading', '--gvn', '--simplifycfg', '--instsimplify', '--gvn-hoist', '--mergefunc', '--gvn-hoist', '--instcombine', '--globalopt', '--elim-avail-extern', '--indvars', '--gvn', '--gvn', '--ipsccp', '--gvn', '--nary-reassociate', '--lower-constant-intrinsics', '--loop-instsimplify', '--strip', '--mem2reg', '--jump-threading', '--globalopt', '--memcpyopt', '--elim-avail-extern', '--simplifycfg', '--sroa', '--gvn-hoist', '--sccp', '--early-cse', '--lower-constant-intrinsics', '--adce', '--gvn-hoist', '--adce', '--lower-constant-intrinsics', '--dse', '--newgvn', '--lower-expect', '--simplifycfg', '--gvn-hoist', '--instcombine', '--globalopt', '--elim-avail-extern', '--gvn', '--gvn', '--ipsccp', '--gvn', '--nary-reassociate', '--lower-constant-intrinsics', '--early-cse', '--mem2reg', '--jump-threading', '--globalopt', '--slp-vectorizer', '--instcombine', '--simplifycfg', '--sroa', '--early-cse', '--lower-expect', '--sroa', '--sroa', '--lower-expect', '--globalopt', '--elim-avail-extern', '--simplifycfg']",74,-4.0954601960035335,0.0,-1.4527443481830833,0.0,1,-4.0954601960035335,-1.4527443481830833,0.0,-69.54314720812182,12.411960525132804,11.76470588235294,34
797,"['--ipsccp', '--speculative-execution', '--sccp', '--early-cse', '--dce', '--mem2reg', '--jump-threading', '--globalopt', '--elim-avail-extern', '--instcombine', '--adce', '--jump-threading', '--gvn', '--simplifycfg', '--instsimplify', '--gvn-hoist', '--mergefunc', '--gvn-hoist', '--instcombine', '--globalopt', '--elim-avail-extern', '--indvars', '--gvn', '--gvn', '--ipsccp', '--gvn', '--nary-reassociate', '--lower-constant-intrinsics', '--loop-instsimplify', '--strip', '--mem2reg', '--jump-threading', '--globalopt', '--elim-avail-extern', '--simplifycfg', '--sroa', '--mem2reg', '--gvn-hoist', '--sccp', '--early-cse', '--lower-constant-intrinsics', '--adce', '--gvn-hoist', '--adce', '--loop-simplify', '--dse', '--nary-reassociate', '--newgvn', '--simplifycfg', '--lower-expect', '--simplifycfg', '--gvn-hoist', '--instcombine', '--globalopt', '--elim-avail-extern', '--gvn', '--gvn', '--ipsccp', '--gvn', '--nary-reassociate', '--lower-constant-intrinsics', '--loop-instsimplify', '--early-cse', '--mem2reg', '--jump-threading', '--slp-vectorizer', '--instcombine', '--simplifycfg', '--sroa', '--lower-constant-intrinsics', '--early-cse', '--lower-expect', '--gvn-hoist', '--sroa', '--lower-expect', '--globalopt', '--elim-avail-extern', '--lower-expect']",78,-4.0954601960035335,0.0,-1.4527443481830833,0.0,1,-4.0954601960035335,-1.4527443481830833,0.0,-69.54314720812182,12.411960525132804,11.76470588235294,34
811,"['--ipsccp', '--speculative-execution', '--sccp', '--early-cse', '--mem2reg', '--jump-threading', '--globalopt', '--elim-avail-extern', '--instcombine', '--adce', '--jump-threading', '--gvn', '--simplifycfg', '--instsimplify', '--gvn-hoist', '--mergefunc', '--gvn-hoist', '--instcombine', '--globalopt', '--elim-avail-extern', '--indvars', '--gvn', '--gvn', '--ipsccp', '--gvn', '--nary-reassociate', '--lower-constant-intrinsics', '--loop-instsimplify', '--loop-guard-widening', '--mem2reg', '--jump-threading', '--globalopt', '--memcpyopt', '--simplifycfg', '--sroa', '--mem2reg', '--gvn-hoist', '--sccp', '--early-cse', '--lower-constant-intrinsics', '--adce', '--gvn-hoist', '--adce', '--lower-constant-intrinsics', '--dse', '--newgvn', '--simplifycfg', '--lower-expect', '--simplifycfg', '--gvn-hoist', '--instcombine', '--globalopt', '--elim-avail-extern', '--gvn', '--gvn', '--ipsccp', '--gvn', '--nary-reassociate', '--lower-constant-intrinsics', '--loop-instsimplify', '--early-cse', '--mem2reg', '--globalopt', '--slp-vectorizer', '--instcombine', '--simplifycfg', '--sroa', '--lower-constant-intrinsics', '--early-cse', '--lower-expect', '--sroa', '--lower-expect', '--globalopt', '--elim-avail-extern', '--lower-expect']",75,-4.0954601960035335,0.0,-1.4527443481830833,0.0,1,-4.0954601960035335,-1.4527443481830833,0.0,-69.54314720812182,12.411960525132804,11.76470588235294,34
730,"['--ipsccp', '--speculative-execution', '--sccp', '--early-cse', '--mem2reg', '--jump-threading', '--globalopt', '--elim-avail-extern', '--instcombine', '--instsimplify', '--jump-threading', '--gvn', '--simplifycfg', '--instsimplify', '--gvn-hoist', '--mergefunc', '--gvn-hoist', '--instcombine', '--globalopt', '--elim-avail-extern', '--indvars', '--gvn', '--gvn', '--ipsccp', '--gvn', '--nary-reassociate', '--lower-constant-intrinsics', '--loop-instsimplify', '--strip', '--mem2reg', '--jump-threading', '--globalopt', '--elim-avail-extern', '--simplifycfg', '--sroa', '--mem2reg', '--gvn-hoist', '--sccp', '--early-cse', '--lower-constant-intrinsics', '--adce', '--gvn-hoist', '--adce', '--loop-simplify', '--dse', '--nary-reassociate', '--newgvn', '--simplifycfg', '--lower-expect', '--simplifycfg', '--gvn-hoist', '--instcombine', '--globalopt', '--elim-avail-extern', '--gvn', '--gvn', '--ipsccp', '--gvn', '--nary-reassociate', '--lower-constant-intrinsics', '--loop-instsimplify', '--early-cse', '--mem2reg', '--jump-threading', '--slp-vectorizer', '--instcombine', '--simplifycfg', '--sroa', '--lower-constant-intrinsics', '--early-cse', '--lower-expect', '--sroa', '--globalopt', '--elim-avail-extern', '--lower-expect']",75,-4.0954601960035335,0.0,-1.4527443481830833,0.0,1,-4.0954601960035335,-1.4527443481830833,0.0,-69.54314720812182,12.411960525132804,11.76470588235294,34
2019,"['--ipsccp', '--speculative-execution', '--sccp', '--early-cse', '--mem2reg', '--jump-threading', '--elim-avail-extern', '--instcombine', '--instsimplify', '--adce', '--loop-interchange', '--aggressive-instcombine', '--gvn', '--instsimplify', '--simplifycfg', '--inline', '--globaldce', '--mergefunc', '--gvn-hoist', '--gvn-hoist', '--instcombine', '--elim-avail-extern', '--indvars', '--jump-threading', '--gvn', '--gvn', '--gvn', '--gvn', '--ipsccp', '--gvn', '--nary-reassociate', '--loop-instsimplify', '--early-cse', '--mem2reg', '--jump-threading', '--globalopt', '--elim-avail-extern', '--instcombine', '--simplifycfg', '--sroa', '--mem2reg', '--globaldce', '--gvn-hoist', '--sccp', '--early-cse', '--lower-constant-intrinsics', '--adce', '--slsr', '--gvn-hoist', '--adce', '--loop-simplify', '--dse', '--scalarizer', '--simplifycfg', '--lower-expect', '--simplifycfg', '--elim-avail-extern', '--lower-constant-intrinsics', '--ipsccp', '--gvn', '--nary-reassociate', '--gvn', '--early-cse', '--mem2reg', '--indvars', '--globalopt', '--slp-vectorizer', '--instcombine', '--simplifycfg', '--early-cse', '--lower-expect', '--sroa', '--sroa', '--lower-expect', '--aggressive-instcombine']",75,-4.095594171828019,0.0,-1.4123317883757254,0.0,1,-4.095594171828019,-1.4123317883757254,0.5008908414855473,-67.51269035532995,12.71639448193284,11.76470588235294,34
815,"['--ipsccp', '--speculative-execution', '--sccp', '--early-cse', '--mem2reg', '--jump-threading', '--globalopt', '--elim-avail-extern', '--instcombine', '--adce', '--jump-threading', '--elim-avail-extern', '--simplifycfg', '--instsimplify', '--gvn-hoist', '--mergefunc', '--gvn-hoist', '--instcombine', '--globalopt', '--elim-avail-extern', '--indvars', '--gvn', '--gvn', '--ipsccp', '--gvn', '--nary-reassociate', '--lower-constant-intrinsics', '--loop-instsimplify', '--strip', '--mem2reg', '--jump-threading', '--globalopt', '--elim-avail-extern', '--simplifycfg', '--sroa', '--mem2reg', '--gvn-hoist', '--sccp', '--early-cse', '--lower-constant-intrinsics', '--adce', '--gvn-hoist', '--adce', '--loop-simplify', '--dse', '--newgvn', '--newgvn', '--simplifycfg', '--lower-expect', '--simplifycfg', '--gvn-hoist', '--instcombine', '--globalopt', '--elim-avail-extern', '--gvn', '--gvn', '--ipsccp', '--gvn', '--nary-reassociate', '--loop-instsimplify', '--early-cse', '--jump-threading', '--slsr', '--globalopt', '--slp-vectorizer', '--instcombine', '--simplifycfg', '--sroa', '--lower-constant-intrinsics', '--early-cse', '--lower-expect', '--sroa', '--sroa', '--lower-expect', '--globalopt', '--gvn', '--lower-expect']",77,-4.095864222087065,0.0,-1.4419260320806386,0.0,1,-4.095864222087065,-1.4419260320806386,0.0,-70.05076142131979,12.49713815673645,11.76470588235294,34
1202,"['--ipsccp', '--speculative-execution', '--sccp', '--early-cse', '--mem2reg', '--jump-threading', '--globalopt', '--elim-avail-extern', '--instcombine', '--adce', '--jump-threading', '--gvn', '--simplifycfg', '--instsimplify', '--inline', '--gvn-hoist', '--mergefunc', '--gvn-hoist', '--instcombine', '--elim-avail-extern', '--indvars', '--gvn', '--gvn', '--ipsccp', '--gvn', '--nary-reassociate', '--loop-instsimplify', '--early-cse', '--mem2reg', '--jump-threading', '--globalopt', '--lower-expect', '--instcombine', '--simplifycfg', '--globaldce', '--sroa', '--mem2reg', '--gvn-hoist', '--sccp', '--early-cse', '--lower-constant-intrinsics', '--adce', '--gvn-hoist', '--hotcoldsplit', '--lower-constant-intrinsics', '--dse', '--newgvn', '--elim-avail-extern', '--simplifycfg', '--gvn-hoist', '--instcombine', '--globalopt', '--instcombine', '--globalopt', '--aggressive-instcombine', '--gvn', '--gvn', '--ipsccp', '--gvn', '--lower-constant-intrinsics', '--loop-instsimplify', '--early-cse', '--mem2reg', '--early-cse-memssa', '--instcombine', '--simplifycfg', '--sroa', '--early-cse', '--lower-expect', '--sroa', '--sroa', '--lower-expect', '--aggressive-instcombine']",73,-4.113408168357368,0.0,-1.5303113641901502,0.0,1,-4.113408168357368,-1.5303113641901502,0.43655874448557375,-68.52791878172589,12.009687628618144,11.76470588235294,34
924,"['--ipsccp', '--sccp', '--early-cse', '--mem2reg', '--jump-threading', '--globalopt', '--elim-avail-extern', '--instcombine', '--adce', '--jump-threading', '--gvn', '--simplifycfg', '--instsimplify', '--gvn-hoist', '--mergefunc', '--gvn-hoist', '--instcombine', '--globalopt', '--elim-avail-extern', '--indvars', '--gvn', '--gvn', '--ipsccp', '--gvn', '--nary-reassociate', '--lower-constant-intrinsics', '--loop-instsimplify', '--strip', '--mem2reg', '--jump-threading', '--globalopt', '--memcpyopt', '--elim-avail-extern', '--simplifycfg', '--sroa', '--mem2reg', '--gvn-hoist', '--sccp', '--early-cse', '--lower-constant-intrinsics', '--adce', '--gvn-hoist', '--adce', '--loop-simplify', '--dse', '--newgvn', '--simplifycfg', '--lower-expect', '--simplifycfg', '--gvn-hoist', '--instcombine', '--globalopt', '--elim-avail-extern', '--gvn', '--gvn', '--ipsccp', '--gvn', '--nary-reassociate', '--loop-instsimplify', '--early-cse', '--jump-threading', '--slsr', '--globalopt', '--slp-vectorizer', '--instcombine', '--simplifycfg', '--sroa', '--lower-constant-intrinsics', '--early-cse', '--lower-expect', '--sroa', '--sroa', '--lower-expect', '--globalopt', '--elim-avail-extern', '--lower-expect']",76,-4.119793920658118,0.0,-1.4869655545052112,0.0,1,-4.119793920658118,-1.4869655545052112,0.0,-69.54314720812182,12.398638724262684,11.76470588235294,34
819,"['--ipsccp', '--speculative-execution', '--sccp', '--early-cse', '--mem2reg', '--jump-threading', '--globalopt', '--elim-avail-extern', '--instcombine', '--adce', '--jump-threading', '--gvn', '--simplifycfg', '--instsimplify', '--gvn-hoist', '--mergefunc', '--gvn-hoist', '--instcombine', '--globalopt', '--elim-avail-extern', '--indvars', '--gvn', '--gvn', '--ipsccp', '--gvn', '--nary-reassociate', '--loop-instsimplify', '--early-cse', '--mem2reg', '--jump-threading', '--globalopt', '--elim-avail-extern', '--instcombine', '--simplifycfg', '--sroa', '--mem2reg', '--gvn-hoist', '--sccp', '--early-cse', '--lower-constant-intrinsics', '--adce', '--gvn-hoist', '--adce', '--lower-constant-intrinsics', '--dse', '--newgvn', '--lower-expect', '--simplifycfg', '--licm', '--gvn-hoist', '--instcombine', '--globalopt', '--elim-avail-extern', '--gvn', '--gvn', '--ipsccp', '--gvn', '--nary-reassociate', '--lower-constant-intrinsics', '--early-cse', '--mem2reg', '--jump-threading', '--globalopt', '--slp-vectorizer', '--instcombine', '--simplifycfg', '--sroa', '--early-cse', '--lower-expect', '--sroa', '--sroa', '--lower-expect', '--globalopt', '--elim-avail-extern', '--lower-expect']",75,-4.126285442763518,0.0,-1.4839524571046987,0.0,1,-4.126285442763518,-1.4839524571046987,0.0,-70.05076142131979,12.486152175820523,11.76470588235294,34
765,"['--ipsccp', '--adce', '--sccp', '--early-cse', '--mem2reg', '--jump-threading', '--globalopt', '--elim-avail-extern', '--instcombine', '--adce', '--jump-threading', '--gvn', '--simplifycfg', '--instsimplify', '--gvn-hoist', '--mergefunc', '--gvn-hoist', '--instcombine', '--globalopt', '--elim-avail-extern', '--indvars', '--gvn', '--gvn', '--ipsccp', '--gvn', '--nary-reassociate', '--lower-constant-intrinsics', '--loop-instsimplify', '--strip', '--mem2reg', '--jump-threading', '--globalopt', '--elim-avail-extern', '--simplifycfg', '--sroa', '--mem2reg', '--gvn-hoist', '--sccp', '--early-cse', '--lower-constant-intrinsics', '--adce', '--gvn-hoist', '--adce', '--loop-simplify', '--dse', '--newgvn', '--simplifycfg', '--lower-expect', '--simplifycfg', '--gvn-hoist', '--instcombine', '--globalopt', '--elim-avail-extern', '--gvn', '--gvn', '--ipsccp', '--gvn', '--nary-reassociate', '--lower-constant-intrinsics', '--loop-instsimplify', '--early-cse', '--mem2reg', '--jump-threading', '--slp-vectorizer', '--instcombine', '--simplifycfg', '--sroa', '--lower-constant-intrinsics', '--early-cse', '--lower-expect', '--sroa', '--sccp', '--sroa', '--lower-expect', '--globalopt', '--elim-avail-extern', '--lower-expect']",77,-4.128487438171952,0.0,-1.499044307977853,0.0,1,-4.128487438171952,-1.499044307977853,0.0,-69.54314720812182,12.394983248356208,11.76470588235294,34
729,"['--ipsccp', '--speculative-execution', '--sccp', '--lower-constant-intrinsics', '--mem2reg', '--jump-threading', '--globalopt', '--elim-avail-extern', '--instcombine', '--adce', '--jump-threading', '--gvn', '--simplifycfg', '--instsimplify', '--gvn-hoist', '--mergefunc', '--gvn-hoist', '--instcombine', '--globalopt', '--elim-avail-extern', '--indvars', '--gvn', '--gvn', '--ipsccp', '--gvn', '--nary-reassociate', '--lower-constant-intrinsics', '--loop-instsimplify', '--strip', '--mem2reg', '--jump-threading', '--globalopt', '--elim-avail-extern', '--simplifycfg', '--sroa', '--mem2reg', '--gvn-hoist', '--sccp', '--early-cse', '--early-cse', '--adce', '--gvn-hoist', '--adce', '--loop-simplify', '--dse', '--newgvn', '--simplifycfg', '--lower-expect', '--simplifycfg', '--gvn-hoist', '--instcombine', '--instcombine', '--globalopt', '--elim-avail-extern', '--gvn', '--gvn', '--ipsccp', '--gvn', '--nary-reassociate', '--lower-constant-intrinsics', '--loop-instsimplify', '--early-cse', '--mem2reg', '--jump-threading', '--globalopt', '--slp-vectorizer', '--instcombine', '--simplifycfg', '--sroa', '--lower-constant-intrinsics', '--early-cse', '--separate-const-offset-from-gep', '--lower-expect', '--sroa', '--sroa', '--lower-expect', '--globalopt', '--elim-avail-extern', '--lower-expect']",79,-4.128487438171952,0.0,-1.499044307977853,0.0,1,-4.128487438171952,-1.499044307977853,0.0,-69.54314720812182,12.394983248356208,11.76470588235294,34
725,"['--ipsccp', '--speculative-execution', '--sccp', '--early-cse', '--mem2reg', '--jump-threading', '--globalopt', '--elim-avail-extern', '--instcombine', '--adce', '--jump-threading', '--gvn', '--simplifycfg', '--instsimplify', '--gvn-hoist', '--mergefunc', '--gvn-hoist', '--instcombine', '--globalopt', '--elim-avail-extern', '--indvars', '--gvn', '--gvn', '--ipsccp', '--gvn', '--nary-reassociate', '--licm', '--loop-instsimplify', '--strip', '--mem2reg', '--jump-threading', '--globalopt', '--elim-avail-extern', '--simplifycfg', '--sroa', '--mem2reg', '--gvn-hoist', '--sccp', '--early-cse', '--lower-constant-intrinsics', '--adce', '--gvn-hoist', '--adce', '--loop-simplify', '--dse', '--nary-reassociate', '--newgvn', '--simplifycfg', '--lower-expect', '--simplifycfg', '--gvn-hoist', '--instcombine', '--globalopt', '--elim-avail-extern', '--gvn', '--gvn', '--ipsccp', '--gvn', '--nary-reassociate', '--lower-constant-intrinsics', '--loop-instsimplify', '--early-cse', '--mem2reg', '--jump-threading', '--slp-vectorizer', '--instcombine', '--simplifycfg', '--sroa', '--lower-constant-intrinsics', '--early-cse', '--lower-expect', '--sroa', '--sroa', '--lower-expect', '--globalopt', '--elim-avail-extern', '--lower-expect']",77,-4.131420731317799,0.0,-1.4909552582251466,0.0,1,-4.131420731317799,-1.4909552582251466,0.0,-70.05076142131979,12.484984052959975,11.76470588235294,34
807,"['--ipsccp', '--speculative-execution', '--sccp', '--early-cse', '--mem2reg', '--jump-threading', '--globalopt', '--elim-avail-extern', '--instcombine', '--adce', '--jump-threading', '--gvn', '--simplifycfg', '--instsimplify', '--gvn-hoist', '--mergefunc', '--gvn-hoist', '--instcombine', '--globalopt', '--elim-avail-extern', '--indvars', '--gvn', '--gvn', '--ipsccp', '--gvn', '--nary-reassociate', '--licm', '--loop-instsimplify', '--strip', '--mem2reg', '--jump-threading', '--globalopt', '--elim-avail-extern', '--simplifycfg', '--sroa', '--mem2reg', '--gvn-hoist', '--sccp', '--early-cse', '--lower-constant-intrinsics', '--adce', '--gvn-hoist', '--adce', '--loop-simplify', '--dse', '--newgvn', '--simplifycfg', '--lower-expect', '--simplifycfg', '--gvn-hoist', '--instcombine', '--globalopt', '--elim-avail-extern', '--gvn', '--gvn', '--ipsccp', '--gvn', '--nary-reassociate', '--lower-constant-intrinsics', '--loop-instsimplify', '--early-cse', '--mem2reg', '--slp-vectorizer', '--instcombine', '--simplifycfg', '--sroa', '--lower-constant-intrinsics', '--early-cse', '--lower-expect', '--sroa', '--sroa', '--lower-expect', '--globalopt', '--elim-avail-extern', '--lower-expect']",75,-4.131420731317799,0.0,-1.4909552582251466,0.0,1,-4.131420731317799,-1.4909552582251466,0.0,-70.05076142131979,12.484984052959975,11.76470588235294,34
2695,"['--ipsccp', '--speculative-execution', '--sccp', '--lower-constant-intrinsics', '--instcombine', '--mem2reg', '--jump-threading', '--jump-threading', '--globalopt', '--elim-avail-extern', '--instcombine', '--loop-instsimplify', '--jump-threading', '--gvn', '--simplifycfg', '--instsimplify', '--inline', '--mergefunc', '--gvn-hoist', '--instcombine', '--globalopt', '--elim-avail-extern', '--loweratomic', '--indvars', '--indvars', '--gvn', '--gvn', '--ipsccp', '--gvn', '--nary-reassociate', '--adce', '--mem2reg', '--jump-threading', '--globalopt', '--jump-threading', '--bdce', '--elim-avail-extern', '--instcombine', '--memcpyopt', '--simplifycfg', '--sroa', '--lower-constant-intrinsics', '--adce', '--slsr', '--gvn-hoist', '--adce', '--loop-simplifycfg', '--loop-simplify', '--adce', '--loop-simplify', '--dse', '--scalarizer', '--scalarizer', '--simplifycfg', '--lower-expect', '--simplifycfg', '--elim-avail-extern', '--lower-constant-intrinsics', '--ipsccp', '--nary-reassociate', '--gvn', '--early-cse', '--loop-guard-widening', '--jump-threading', '--globalopt', '--slp-vectorizer', '--instcombine', '--slp-vectorizer', '--slp-vectorizer', '--early-cse', '--simplifycfg', '--sroa', '--early-cse', '--lower-expect', '--aggressive-instcombine']",75,-4.1393504608095,0.0,-0.9696607548674102,0.0,1,-4.1393504608095,-0.9696607548674102,0.43655874448557375,-67.00507614213198,12.062225417177656,14.705882352941178,34
822,"['--ipsccp', '--speculative-execution', '--sccp', '--early-cse', '--nary-reassociate', '--mem2reg', '--jump-threading', '--globalopt', '--elim-avail-extern', '--instcombine', '--adce', '--jump-threading', '--gvn', '--simplifycfg', '--instsimplify', '--gvn-hoist', '--mergefunc', '--gvn-hoist', '--instcombine', '--globalopt', '--elim-avail-extern', '--indvars', '--gvn', '--gvn', '--ipsccp', '--gvn', '--nary-reassociate', '--loop-instsimplify', '--early-cse', '--mem2reg', '--jump-threading', '--globalopt', '--elim-avail-extern', '--instcombine', '--elim-avail-extern', '--simplifycfg', '--sroa', '--mem2reg', '--gvn-hoist', '--sccp', '--early-cse', '--lower-constant-intrinsics', '--adce', '--gvn-hoist', '--adce', '--loop-simplify', '--dse', '--newgvn', '--simplifycfg', '--lower-expect', '--simplifycfg', '--gvn-hoist', '--instcombine', '--globalopt', '--elim-avail-extern', '--gvn', '--gvn', '--ipsccp', '--gvn', '--nary-reassociate', '--loop-instsimplify', '--early-cse', '--mem2reg', '--jump-threading', '--slp-vectorizer', '--instcombine', '--simplifycfg', '--sroa', '--lower-constant-intrinsics', '--early-cse', '--lower-expect', '--sroa', '--sroa', '--lower-expect', '--globalopt', '--elim-avail-extern', '--lower-expect']",77,-4.1677525364664545,0.0,-1.5398949854979487,0.0,1,-4.1677525364664545,-1.5398949854979487,0.0,-70.05076142131979,12.48125414990052,11.76470588235294,34
2165,"['--ipsccp', '--speculative-execution', '--jump-threading', '--early-cse', '--mem2reg', '--jump-threading', '--globalopt', '--elim-avail-extern', '--instcombine', '--loop-instsimplify', '--jump-threading', '--gvn', '--simplifycfg', '--instsimplify', '--inline', '--mergefunc', '--gvn-hoist', '--instcombine', '--globalopt', '--elim-avail-extern', '--elim-avail-extern', '--indvars', '--indvars', '--gvn', '--gvn', '--ipsccp', '--gvn', '--nary-reassociate', '--adce', '--early-cse', '--mem2reg', '--sccp', '--globalopt', '--elim-avail-extern', '--instcombine', '--simplifycfg', '--simplifycfg', '--sroa', '--mem2reg', '--globaldce', '--gvn-hoist', '--sccp', '--early-cse', '--lower-constant-intrinsics', '--adce', '--slsr', '--gvn-hoist', '--gvn', '--adce', '--simplifycfg', '--dse', '--scalarizer', '--simplifycfg', '--lower-expect', '--simplifycfg', '--elim-avail-extern', '--lower-constant-intrinsics', '--gvn', '--nary-reassociate', '--elim-avail-extern', '--early-cse', '--mem2reg', '--jump-threading', '--globalopt', '--slp-vectorizer', '--instcombine', '--simplifycfg', '--sroa', '--early-cse', '--lower-expect', '--sroa', '--lower-expect', '--simplifycfg', '--aggressive-instcombine']",74,-4.186533859732262,0.0,-1.485307150620036,0.0,1,-4.186533859732262,-1.485307150620036,0.5008908414855473,-67.51269035532995,13.078476144142945,11.76470588235294,34
988,"['--ipsccp', '--speculative-execution', '--sccp', '--early-cse', '--mem2reg', '--jump-threading', '--globalopt', '--elim-avail-extern', '--instcombine', '--adce', '--jump-threading', '--gvn', '--simplifycfg', '--instsimplify', '--gvn-hoist', '--mergefunc', '--gvn-hoist', '--instcombine', '--globalopt', '--elim-avail-extern', '--indvars', '--gvn', '--gvn', '--ipsccp', '--gvn', '--inline', '--loop-instsimplify', '--early-cse', '--mem2reg', '--jump-threading', '--globalopt', '--elim-avail-extern', '--instcombine', '--simplifycfg', '--sroa', '--mem2reg', '--gvn-hoist', '--sccp', '--early-cse', '--slsr', '--adce', '--gvn-hoist', '--lower-constant-intrinsics', '--dse', '--newgvn', '--simplifycfg', '--lower-expect', '--simplifycfg', '--gvn-hoist', '--instcombine', '--globalopt', '--globalopt', '--elim-avail-extern', '--gvn', '--gvn', '--ipsccp', '--gvn', '--nary-reassociate', '--loop-instsimplify', '--early-cse', '--jump-threading', '--slsr', '--globalopt', '--slp-vectorizer', '--instcombine', '--simplifycfg', '--sroa', '--lower-constant-intrinsics', '--early-cse', '--lower-expect', '--sroa', '--sroa', '--lower-expect', '--globalopt', '--elim-avail-extern', '--lower-expect']",76,-4.196182515382605,0.0,-1.6384828963012712,0.0,1,-4.196182515382605,-1.6384828963012712,0.0,-68.52791878172589,12.026144608037105,11.76470588235294,34
1024,"['--ipsccp', '--speculative-execution', '--sccp', '--early-cse', '--mem2reg', '--jump-threading', '--globalopt', '--elim-avail-extern', '--instcombine', '--adce', '--jump-threading', '--gvn', '--simplifycfg', '--instsimplify', '--gvn-hoist', '--mergefunc', '--gvn-hoist', '--instcombine', '--globalopt', '--elim-avail-extern', '--indvars', '--gvn', '--gvn', '--ipsccp', '--gvn', '--nary-reassociate', '--lower-constant-intrinsics', '--loop-instsimplify', '--strip', '--mem2reg', '--jump-threading', '--globalopt', '--memcpyopt', '--elim-avail-extern', '--simplifycfg', '--mem2reg', '--gvn-hoist', '--sccp', '--early-cse', '--lower-constant-intrinsics', '--adce', '--gvn-hoist', '--adce', '--loop-simplify', '--dse', '--loop-sink', '--newgvn', '--simplifycfg', '--lower-expect', '--simplifycfg', '--gvn-hoist', '--instcombine', '--globalopt', '--aggressive-instcombine', '--gvn', '--gvn', '--ipsccp', '--gvn', '--lower-constant-intrinsics', '--loop-instsimplify', '--early-cse', '--mem2reg', '--jump-threading', '--globalopt', '--slp-vectorizer', '--instcombine', '--simplifycfg', '--sroa', '--lower-constant-intrinsics', '--early-cse', '--lower-expect', '--lower-expect', '--loweratomic', '--elim-avail-extern', '--elim-avail-extern', '--lower-expect', '--slsr']",77,-4.207499915180317,0.0,-1.6288485457606083,0.0,1,-4.207499915180317,-1.6288485457606083,0.43655874448557375,-69.54314720812182,12.21157623506919,11.76470588235294,34
1018,"['--ipsccp', '--speculative-execution', '--sccp', '--dse', '--mem2reg', '--jump-threading', '--globalopt', '--elim-avail-extern', '--instcombine', '--adce', '--jump-threading', '--gvn', '--simplifycfg', '--instsimplify', '--gvn-hoist', '--mergefunc', '--gvn-hoist', '--instcombine', '--globalopt', '--elim-avail-extern', '--indvars', '--gvn', '--gvn', '--ipsccp', '--gvn', '--nary-reassociate', '--lower-constant-intrinsics', '--loop-instsimplify', '--strip', '--mem2reg', '--jump-threading', '--globalopt', '--memcpyopt', '--elim-avail-extern', '--simplifycfg', '--sroa', '--mem2reg', '--gvn-hoist', '--sccp', '--early-cse', '--lower-constant-intrinsics', '--adce', '--gvn-hoist', '--adce', '--loop-simplify', '--early-cse', '--loop-sink', '--newgvn', '--simplifycfg', '--lower-expect', '--simplifycfg', '--gvn-hoist', '--instcombine', '--globalopt', '--aggressive-instcombine', '--gvn', '--gvn', '--ipsccp', '--gvn', '--lower-constant-intrinsics', '--jump-threading', '--slsr', '--globalopt', '--slp-vectorizer', '--instcombine', '--simplifycfg', '--sroa', '--lower-constant-intrinsics', '--early-cse', '--lower-expect', '--sroa', '--sroa', '--lower-expect', '--globalopt', '--elim-avail-extern', '--lower-expect']",76,-4.209714915376555,0.0,-1.6318959103996686,0.0,1,-4.209714915376555,-1.6318959103996686,0.43655874448557375,-69.54314720812182,12.210871002238624,11.76470588235294,34
766,"['--ipsccp', '--speculative-execution', '--sccp', '--early-cse', '--mem2reg', '--jump-threading', '--globalopt', '--elim-avail-extern', '--instcombine', '--instsimplify', '--jump-threading', '--gvn', '--simplifycfg', '--instsimplify', '--gvn-hoist', '--mergefunc', '--gvn-hoist', '--instcombine', '--globalopt', '--elim-avail-extern', '--indvars', '--gvn', '--gvn', '--ipsccp', '--gvn', '--nary-reassociate', '--lower-constant-intrinsics', '--loop-instsimplify', '--strip', '--mem2reg', '--jump-threading', '--globalopt', '--elim-avail-extern', '--simplifycfg', '--sroa', '--mem2reg', '--gvn-hoist', '--sccp', '--early-cse', '--lower-constant-intrinsics', '--adce', '--gvn-hoist', '--inline', '--adce', '--loop-simplify', '--dse', '--nary-reassociate', '--newgvn', '--simplifycfg', '--lower-expect', '--simplifycfg', '--gvn-hoist', '--instcombine', '--globalopt', '--elim-avail-extern', '--gvn', '--gvn', '--ipsccp', '--gvn', '--nary-reassociate', '--lower-constant-intrinsics', '--loop-instsimplify', '--early-cse', '--mem2reg', '--jump-threading', '--slp-vectorizer', '--instcombine', '--simplifycfg', '--sroa', '--lower-constant-intrinsics', '--early-cse', '--lower-expect', '--sroa', '--sroa', '--lower-expect', '--globalopt', '--elim-avail-extern', '--lower-expect']",78,-4.209970558764127,0.0,-1.6575644508943608,0.0,1,-4.209970558764127,-1.6575644508943608,0.0,-68.52791878172589,12.02091338240415,11.76470588235294,34
795,"['--ipsccp', '--speculative-execution', '--sccp', '--early-cse', '--mem2reg', '--jump-threading', '--globalopt', '--elim-avail-extern', '--instcombine', '--adce', '--jump-threading', '--gvn', '--simplifycfg', '--instsimplify', '--gvn-hoist', '--mergefunc', '--gvn-hoist', '--instcombine', '--globalopt', '--elim-avail-extern', '--indvars', '--gvn', '--gvn', '--ipsccp', '--gvn', '--nary-reassociate', '--lower-constant-intrinsics', '--loop-instsimplify', '--strip', '--mem2reg', '--jump-threading', '--globalopt', '--elim-avail-extern', '--simplifycfg', '--sroa', '--mem2reg', '--gvn-hoist', '--sccp', '--early-cse', '--lower-constant-intrinsics', '--adce', '--gvn-hoist', '--inline', '--adce', '--loop-simplify', '--dse', '--nary-reassociate', '--newgvn', '--simplifycfg', '--lower-expect', '--simplifycfg', '--gvn-hoist', '--instcombine', '--globalopt', '--elim-avail-extern', '--gvn', '--gvn', '--ipsccp', '--gvn', '--nary-reassociate', '--lower-constant-intrinsics', '--loop-instsimplify', '--early-cse', '--mem2reg', '--jump-threading', '--slp-vectorizer', '--instcombine', '--simplifycfg', '--sroa', '--lower-constant-intrinsics', '--early-cse', '--lower-expect', '--sroa', '--sroa', '--lower-expect', '--globalopt', '--elim-avail-extern', '--lower-expect']",78,-4.209970558764127,0.0,-1.6575644508943608,0.0,1,-4.209970558764127,-1.6575644508943608,0.0,-68.52791878172589,12.02091338240415,11.76470588235294,34
943,"['--ipsccp', '--speculative-execution', '--sccp', '--early-cse', '--mem2reg', '--jump-threading', '--globalopt', '--elim-avail-extern', '--instcombine', '--adce', '--jump-threading', '--gvn', '--simplifycfg', '--instsimplify', '--gvn-hoist', '--mergefunc', '--gvn-hoist', '--instcombine', '--globalopt', '--elim-avail-extern', '--lower-expect', '--gvn', '--gvn', '--ipsccp', '--gvn', '--nary-reassociate', '--loop-instsimplify', '--early-cse', '--mem2reg', '--jump-threading', '--globalopt', '--elim-avail-extern', '--instcombine', '--simplifycfg', '--sroa', '--mem2reg', '--gvn-hoist', '--sccp', '--early-cse', '--lower-constant-intrinsics', '--adce', '--gvn-hoist', '--adce', '--loop-simplify', '--dse', '--newgvn', '--simplifycfg', '--newgvn', '--simplifycfg', '--indvars', '--simplifycfg', '--gvn-hoist', '--instcombine', '--globalopt', '--elim-avail-extern', '--ipsccp', '--gvn', '--ipsccp', '--gvn', '--nary-reassociate', '--lower-constant-intrinsics', '--loop-instsimplify', '--early-cse', '--simplifycfg', '--sroa', '--early-cse', '--lower-expect', '--sroa', '--sroa', '--lower-expect', '--globalopt', '--elim-avail-extern', '--aggressive-instcombine']",73,-4.214626361705698,0.0,-1.6509548449809286,0.0,1,-4.214626361705698,-1.6509548449809286,0.3712989007106654,-69.03553299492386,12.117043456170602,11.76470588235294,34
999,"['--ipsccp', '--speculative-execution', '--sccp', '--early-cse', '--mem2reg', '--jump-threading', '--globalopt', '--elim-avail-extern', '--instcombine', '--adce', '--jump-threading', '--gvn', '--simplifycfg', '--instsimplify', '--gvn-hoist', '--mergefunc', '--gvn-hoist', '--instcombine', '--globalopt', '--elim-avail-extern', '--lower-expect', '--gvn', '--gvn', '--ipsccp', '--gvn', '--nary-reassociate', '--loop-instsimplify', '--early-cse', '--mem2reg', '--jump-threading', '--globalopt', '--elim-avail-extern', '--instcombine', '--simplifycfg', '--sroa', '--mem2reg', '--gvn-hoist', '--sccp', '--early-cse', '--lower-constant-intrinsics', '--adce', '--gvn-hoist', '--adce', '--loop-simplify', '--dse', '--newgvn', '--simplifycfg', '--newgvn', '--simplifycfg', '--indvars', '--simplifycfg', '--gvn-hoist', '--instcombine', '--ipsccp', '--gvn', '--early-cse', '--lower-constant-intrinsics', '--early-cse', '--mem2reg', '--jump-threading', '--globalopt', '--simplifycfg', '--instcombine', '--simplifycfg', '--sroa', '--nary-reassociate', '--lower-expect', '--sroa', '--sroa', '--lower-expect', '--globalopt', '--elim-avail-extern', '--aggressive-instcombine']",73,-4.214626361705698,0.0,-1.6509548449809286,0.0,1,-4.214626361705698,-1.6509548449809286,0.3712989007106654,-69.03553299492386,12.117043456170602,11.76470588235294,34
1006,"['--ipsccp', '--speculative-execution', '--sccp', '--loop-fusion', '--early-cse', '--mem2reg', '--jump-threading', '--globalopt', '--elim-avail-extern', '--instcombine', '--adce', '--jump-threading', '--gvn', '--simplifycfg', '--instsimplify', '--gvn-hoist', '--mergefunc', '--gvn-hoist', '--instcombine', '--globalopt', '--elim-avail-extern', '--indvars', '--gvn', '--gvn', '--ipsccp', '--gvn', '--nary-reassociate', '--lower-constant-intrinsics', '--loop-instsimplify', '--strip', '--mem2reg', '--jump-threading', '--globalopt', '--memcpyopt', '--elim-avail-extern', '--simplifycfg', '--sroa', '--mem2reg', '--gvn-hoist', '--sccp', '--early-cse', '--lower-constant-intrinsics', '--adce', '--gvn-hoist', '--adce', '--loop-simplify', '--dse', '--loop-sink', '--newgvn', '--instcombine', '--lower-expect', '--simplifycfg', '--gvn-hoist', '--instcombine', '--globalopt', '--aggressive-instcombine', '--gvn', '--gvn', '--ipsccp', '--gvn', '--lower-constant-intrinsics', '--loop-instsimplify', '--early-cse', '--instcombine', '--simplifycfg', '--sroa', '--early-cse', '--lower-expect', '--sroa', '--sroa', '--lower-expect', '--globalopt', '--elim-avail-extern', '--aggressive-instcombine']",74,-4.223503631938819,0.0,-1.6511215135797133,0.0,1,-4.223503631938819,-1.6511215135797133,0.43655874448557375,-69.54314720812182,12.204566144010926,11.76470588235294,34
951,"['--ipsccp', '--speculative-execution', '--sccp', '--early-cse', '--mem2reg', '--jump-threading', '--globalopt', '--elim-avail-extern', '--instcombine', '--adce', '--jump-threading', '--gvn', '--simplifycfg', '--instsimplify', '--gvn-hoist', '--mergefunc', '--gvn-hoist', '--instcombine', '--globalopt', '--elim-avail-extern', '--indvars', '--gvn', '--gvn', '--ipsccp', '--gvn', '--nary-reassociate', '--loop-instsimplify', '--early-cse', '--mem2reg', '--jump-threading', '--globalopt', '--elim-avail-extern', '--instcombine', '--simplifycfg', '--sroa', '--mem2reg', '--mem2reg', '--gvn-hoist', '--sccp', '--early-cse', '--lower-constant-intrinsics', '--adce', '--gvn-hoist', '--adce', '--loop-simplify', '--dse', '--newgvn', '--simplifycfg', '--instcombine', '--globalopt', '--elim-avail-extern', '--gvn', '--gvn', '--ipsccp', '--gvn', '--loop-rotate', '--nary-reassociate', '--lower-constant-intrinsics', '--early-cse', '--mem2reg', '--jump-threading', '--globalopt', '--slp-vectorizer', '--instcombine', '--simplifycfg', '--sroa', '--early-cse', '--lower-expect', '--sroa', '--sroa', '--lower-expect', '--globalopt', '--elim-avail-extern', '--aggressive-instcombine']",74,-4.2321095027206095,0.0,-1.5333411508387496,0.0,1,-4.2321095027206095,-1.5333411508387496,0.43655874448557375,-74.11167512690355,13.17397757238606,11.76470588235294,34
2512,"['--ipsccp', '--speculative-execution', '--sccp', '--lower-constant-intrinsics', '--early-cse', '--mem2reg', '--jump-threading', '--instcombine', '--elim-avail-extern', '--globalopt', '--loop-instsimplify', '--jump-threading', '--gvn', '--simplifycfg', '--ipsccp', '--inline', '--mergefunc', '--gvn-hoist', '--globalopt', '--elim-avail-extern', '--loweratomic', '--indvars', '--indvars', '--gvn', '--gvn', '--ipsccp', '--gvn', '--nary-reassociate', '--adce', '--early-cse', '--mem2reg', '--jump-threading', '--elim-avail-extern', '--instcombine', '--simplifycfg', '--sroa', '--mem2reg', '--globaldce', '--simplifycfg', '--sccp', '--early-cse', '--lower-constant-intrinsics', '--adce', '--slsr', '--gvn-hoist', '--adce', '--loop-simplify', '--elim-avail-extern', '--scalarizer', '--simplifycfg', '--lower-expect', '--gvn-hoist', '--simplifycfg', '--lower-expect', '--simplifycfg', '--elim-avail-extern', '--lower-constant-intrinsics', '--ipsccp', '--gvn', '--nary-reassociate', '--gvn', '--early-cse', '--loop-guard-widening', '--jump-threading', '--globalopt', '--slp-vectorizer', '--instcombine', '--simplifycfg', '--sroa', '--early-cse', '--lower-expect', '--sroa', '--lower-expect', '--aggressive-instcombine']",74,-4.235973881717589,0.0,-1.1166836739372497,0.0,1,-4.235973881717589,-1.1166836739372497,0.5008908414855473,-67.00507614213198,11.925787733234753,14.705882352941178,34
2612,"['--ipsccp', '--speculative-execution', '--sccp', '--lower-constant-intrinsics', '--early-cse', '--mem2reg', '--mergefunc', '--jump-threading', '--globalopt', '--lower-constant-intrinsics', '--elim-avail-extern', '--instcombine', '--loop-instsimplify', '--jump-threading', '--gvn', '--simplifycfg', '--instsimplify', '--inline', '--mergefunc', '--gvn-hoist', '--elim-avail-extern', '--loweratomic', '--indvars', '--indvars', '--gvn', '--gvn', '--ipsccp', '--gvn', '--nary-reassociate', '--adce', '--early-cse', '--mem2reg', '--jump-threading', '--globalopt', '--jump-threading', '--bdce', '--elim-avail-extern', '--instcombine', '--simplifycfg', '--sroa', '--lower-constant-intrinsics', '--adce', '--slsr', '--gvn-hoist', '--adce', '--loop-simplify', '--adce', '--strip', '--early-cse-memssa', '--scalarizer', '--scalarizer', '--simplifycfg', '--lower-expect', '--simplifycfg', '--lower-expect', '--lower-constant-intrinsics', '--lower-constant-intrinsics', '--lower-expect', '--elim-avail-extern', '--lower-constant-intrinsics', '--ipsccp', '--nary-reassociate', '--gvn', '--jump-threading', '--globalopt', '--slp-vectorizer', '--instcombine', '--slp-vectorizer', '--instcombine', '--simplifycfg', '--sroa', '--early-cse', '--lower-expect', '--sroa', '--sroa', '--aggressive-instcombine']",76,-4.235973881717589,0.0,-1.1166836739372497,0.0,1,-4.235973881717589,-1.1166836739372497,0.5008908414855473,-67.00507614213198,11.925787733234753,14.705882352941178,34
2505,"['--ipsccp', '--speculative-execution', '--sccp', '--lower-constant-intrinsics', '--early-cse', '--mem2reg', '--mergefunc', '--jump-threading', '--elim-avail-extern', '--instcombine', '--loop-instsimplify', '--jump-threading', '--gvn', '--simplifycfg', '--instsimplify', '--inline', '--mergefunc', '--gvn-hoist', '--instcombine', '--globalopt', '--elim-avail-extern', '--loweratomic', '--indvars', '--indvars', '--gvn', '--gvn', '--ipsccp', '--gvn', '--nary-reassociate', '--mem2reg', '--jump-threading', '--correlated-propagation', '--mem2reg', '--memcpyopt', '--globalopt', '--jump-threading', '--bdce', '--elim-avail-extern', '--instcombine', '--simplifycfg', '--sroa', '--lower-constant-intrinsics', '--adce', '--slsr', '--gvn-hoist', '--adce', '--loop-simplify', '--adce', '--loop-simplify', '--scalarizer', '--dce', '--simplifycfg', '--lower-expect', '--simplifycfg', '--elim-avail-extern', '--lower-constant-intrinsics', '--lower-constant-intrinsics', '--ipsccp', '--nary-reassociate', '--adce', '--early-cse', '--loop-guard-widening', '--jump-threading', '--slp-vectorizer', '--instcombine', '--slp-vectorizer', '--instcombine', '--instcombine', '--simplifycfg', '--sroa', '--early-cse', '--elim-avail-extern', '--lower-expect', '--sroa', '--sroa', '--aggressive-instcombine']",76,-4.235973881717589,0.0,-1.1166836739372497,0.0,1,-4.235973881717589,-1.1166836739372497,0.5008908414855473,-67.00507614213198,11.925787733234753,14.705882352941178,34
2493,"['--ipsccp', '--speculative-execution', '--sccp', '--lower-constant-intrinsics', '--early-cse', '--mem2reg', '--jump-threading', '--globalopt', '--elim-avail-extern', '--instcombine', '--loop-instsimplify', '--jump-threading', '--gvn', '--simplifycfg', '--instsimplify', '--inline', '--mergefunc', '--gvn-hoist', '--instcombine', '--globalopt', '--elim-avail-extern', '--loweratomic', '--indvars', '--indvars', '--gvn', '--gvn', '--ipsccp', '--gvn', '--nary-reassociate', '--adce', '--early-cse', '--mem2reg', '--jump-threading', '--globalopt', '--elim-avail-extern', '--instcombine', '--simplifycfg', '--sroa', '--mem2reg', '--globaldce', '--gvn-hoist', '--sccp', '--early-cse', '--lower-constant-intrinsics', '--adce', '--slsr', '--gvn-hoist', '--adce', '--loop-simplify', '--elim-avail-extern', '--scalarizer', '--simplifycfg', '--lower-expect', '--gvn-hoist', '--simplifycfg', '--lower-expect', '--simplifycfg', '--elim-avail-extern', '--lower-constant-intrinsics', '--ipsccp', '--gvn', '--nary-reassociate', '--gvn', '--early-cse', '--loop-guard-widening', '--jump-threading', '--globalopt', '--slp-vectorizer', '--instcombine', '--slp-vectorizer', '--instcombine', '--simplifycfg', '--sroa', '--early-cse', '--lower-expect', '--aggressive-instcombine']",76,-4.235973881717589,0.0,-1.1166836739372497,0.0,1,-4.235973881717589,-1.1166836739372497,0.5008908414855473,-67.00507614213198,11.925787733234753,14.705882352941178,34
2550,"['--ipsccp', '--speculative-execution', '--sccp', '--lower-constant-intrinsics', '--early-cse', '--mem2reg', '--jump-threading', '--instcombine', '--elim-avail-extern', '--globalopt', '--loop-instsimplify', '--jump-threading', '--gvn', '--simplifycfg', '--instsimplify', '--inline', '--mergefunc', '--gvn-hoist', '--instcombine', '--globalopt', '--elim-avail-extern', '--loweratomic', '--indvars', '--indvars', '--gvn', '--gvn', '--ipsccp', '--gvn', '--nary-reassociate', '--adce', '--early-cse', '--slsr', '--jump-threading', '--globalopt', '--elim-avail-extern', '--instcombine', '--sroa', '--simplifycfg', '--sroa', '--instcombine', '--simplifycfg', '--sroa', '--lower-constant-intrinsics', '--adce', '--adce', '--slsr', '--gvn-hoist', '--adce', '--loop-simplify', '--elim-avail-extern', '--scalarizer', '--simplifycfg', '--lower-expect', '--gvn-hoist', '--simplifycfg', '--lower-expect', '--simplifycfg', '--elim-avail-extern', '--lower-constant-intrinsics', '--ipsccp', '--gvn', '--nary-reassociate', '--gvn', '--loop-idiom', '--loop-guard-widening', '--jump-threading', '--globalopt', '--slp-vectorizer', '--instcombine', '--slp-vectorizer', '--instcombine', '--simplifycfg', '--early-cse', '--lower-expect', '--aggressive-instcombine']",75,-4.235973881717589,0.0,-1.1166836739372497,0.0,1,-4.235973881717589,-1.1166836739372497,0.5008908414855473,-67.00507614213198,11.925787733234753,14.705882352941178,34
1185,"['--ipsccp', '--speculative-execution', '--sccp', '--early-cse', '--mem2reg', '--jump-threading', '--globalopt', '--elim-avail-extern', '--instcombine', '--adce', '--jump-threading', '--gvn', '--simplifycfg', '--instsimplify', '--inline', '--gvn-hoist', '--mergefunc', '--gvn-hoist', '--instcombine', '--globalopt', '--elim-avail-extern', '--indvars', '--gvn', '--gvn', '--ipsccp', '--gvn', '--nary-reassociate', '--loop-instsimplify', '--early-cse', '--mem2reg', '--inferattrs', '--globalopt', '--instcombine', '--instcombine', '--simplifycfg', '--sroa', '--mem2reg', '--gvn-hoist', '--sccp', '--early-cse', '--lower-constant-intrinsics', '--adce', '--gvn-hoist', '--adce', '--loop-simplify', '--dse', '--loop-sink', '--simplifycfg', '--lower-expect', '--simplifycfg', '--indvars', '--instcombine', '--globalopt', '--aggressive-instcombine', '--gvn', '--gvn', '--ipsccp', '--gvn', '--lower-constant-intrinsics', '--loop-instsimplify', '--early-cse', '--mem2reg', '--early-cse-memssa', '--jump-threading', '--globalopt', '--slp-vectorizer', '--instcombine', '--simplifycfg', '--sroa', '--lower-constant-intrinsics', '--early-cse', '--lower-expect', '--lower-expect', '--loweratomic', '--elim-avail-extern', '--elim-avail-extern', '--lower-expect', '--slsr']",78,-4.23768461041186,0.0,-1.6177399527963232,0.0,1,-4.23768461041186,-1.6177399527963232,0.5008908414855473,-67.00507614213198,12.59673763461677,11.76470588235294,34
1825,"['--ipsccp', '--speculative-execution', '--sccp', '--early-cse', '--mem2reg', '--jump-threading', '--globalopt', '--elim-avail-extern', '--instcombine', '--adce', '--jump-threading', '--gvn', '--simplifycfg', '--hotcoldsplit', '--jump-threading', '--mergefunc', '--gvn-hoist', '--instcombine', '--globalopt', '--elim-avail-extern', '--indvars', '--indvars', '--gvn-hoist', '--gvn', '--gvn', '--ipsccp', '--gvn', '--nary-reassociate', '--nary-reassociate', '--loop-instsimplify', '--early-cse', '--mem2reg', '--inline', '--globalopt', '--elim-avail-extern', '--instcombine', '--simplifycfg', '--sroa', '--mem2reg', '--globaldce', '--gvn-hoist', '--gvn', '--early-cse', '--lower-constant-intrinsics', '--adce', '--slsr', '--elim-avail-extern', '--gvn-hoist', '--adce', '--loop-simplify', '--dse', '--scalarizer', '--simplifycfg', '--lower-expect', '--simplifycfg', '--elim-avail-extern', '--lower-constant-intrinsics', '--ipsccp', '--gvn', '--nary-reassociate', '--sccp', '--early-cse', '--mem2reg', '--jump-threading', '--globalopt', '--slp-vectorizer', '--instcombine', '--sroa', '--early-cse', '--lower-expect', '--sroa', '--sroa', '--lower-expect', '--aggressive-instcombine']",74,-4.245989489152393,0.0,-1.6391359070571376,0.0,1,-4.245989489152393,-1.6391359070571376,0.5008908414855473,-67.00507614213198,12.519316765065987,11.76470588235294,34
1916,"['--ipsccp', '--speculative-execution', '--sccp', '--early-cse', '--mem2reg', '--jump-threading', '--globalopt', '--elim-avail-extern', '--instcombine', '--adce', '--jump-threading', '--gvn', '--simplifycfg', '--instsimplify', '--inline', '--mergefunc', '--gvn-hoist', '--instcombine', '--globalopt', '--elim-avail-extern', '--indvars', '--indvars', '--gvn', '--gvn', '--ipsccp', '--gvn', '--nary-reassociate', '--adce', '--early-cse', '--mem2reg', '--jump-threading', '--memcpyopt', '--elim-avail-extern', '--loop-interchange', '--instcombine', '--simplifycfg', '--instcombine', '--simplifycfg', '--sroa', '--inferattrs', '--mem2reg', '--globaldce', '--gvn-hoist', '--sccp', '--early-cse', '--lower-constant-intrinsics', '--adce', '--slsr', '--gvn-hoist', '--adce', '--loop-simplify', '--scalarizer', '--simplifycfg', '--lower-expect', '--simplifycfg', '--sccp', '--elim-avail-extern', '--lower-constant-intrinsics', '--gvn', '--nary-reassociate', '--adce', '--early-cse', '--mergefunc', '--jump-threading', '--globalopt', '--slp-vectorizer', '--instcombine', '--simplifycfg', '--sroa', '--early-cse', '--lower-expect', '--sroa', '--sroa', '--lower-expect', '--aggressive-instcombine']",75,-4.250767179663839,0.0,-1.1367371498730787,0.0,1,-4.250767179663839,-1.1367371498730787,0.43655874448557375,-67.00507614213198,11.923319643178537,14.705882352941178,34
2218,"['--ipsccp', '--speculative-execution', '--sccp', '--early-cse', '--mem2reg', '--jump-threading', '--elim-avail-extern', '--instcombine', '--loop-instsimplify', '--gvn', '--simplifycfg', '--instsimplify', '--inline', '--mergefunc', '--gvn-hoist', '--instcombine', '--globalopt', '--elim-avail-extern', '--indvars', '--indvars', '--gvn', '--gvn', '--ipsccp', '--gvn', '--nary-reassociate', '--adce', '--early-cse', '--mem2reg', '--jump-threading', '--globalopt', '--elim-avail-extern', '--instcombine', '--globalopt', '--jump-threading', '--bdce', '--elim-avail-extern', '--instcombine', '--simplifycfg', '--sroa', '--tailcallelim', '--globaldce', '--globaldce', '--gvn-hoist', '--sccp', '--early-cse', '--lower-constant-intrinsics', '--adce', '--slsr', '--gvn-hoist', '--scalarizer', '--scalarizer', '--simplifycfg', '--lower-expect', '--lower-constant-intrinsics', '--ipsccp', '--gvn', '--nary-reassociate', '--gvn', '--early-cse', '--mem2reg', '--jump-threading', '--globalopt', '--slp-vectorizer', '--instcombine', '--simplifycfg', '--sroa', '--early-cse', '--lower-expect', '--sroa', '--sroa', '--lower-expect', '--aggressive-instcombine']",72,-4.250767179663839,0.0,-1.1367371498730787,0.0,1,-4.250767179663839,-1.1367371498730787,0.43655874448557375,-67.00507614213198,11.923319643178537,14.705882352941178,34
1676,"['--ipsccp', '--speculative-execution', '--sccp', '--early-cse', '--mem2reg', '--jump-threading', '--globalopt', '--elim-avail-extern', '--instcombine', '--adce', '--jump-threading', '--gvn', '--loop-sink', '--simplifycfg', '--instsimplify', '--inline', '--mergefunc', '--gvn-hoist', '--instcombine', '--globalopt', '--elim-avail-extern', '--indvars', '--indvars', '--gvn', '--gvn', '--ipsccp', '--gvn', '--gvn', '--nary-reassociate', '--loop-instsimplify', '--early-cse', '--mem2reg', '--jump-threading', '--globalopt', '--elim-avail-extern', '--instcombine', '--simplifycfg', '--sroa', '--mem2reg', '--globaldce', '--gvn-hoist', '--sccp', '--early-cse', '--lower-constant-intrinsics', '--adce', '--slsr', '--gvn-hoist', '--sroa', '--loop-simplify', '--scalarizer', '--simplifycfg', '--lower-expect', '--simplifycfg', '--elim-avail-extern', '--lower-constant-intrinsics', '--ipsccp', '--gvn', '--nary-reassociate', '--gvn', '--early-cse', '--mem2reg', '--jump-threading', '--globalopt', '--slp-vectorizer', '--instcombine', '--simplifycfg', '--sroa', '--early-cse', '--lower-expect', '--sroa', '--sroa', '--lower-expect', '--aggressive-instcombine']",73,-4.250767179663839,0.0,-1.1367371498730787,0.0,1,-4.250767179663839,-1.1367371498730787,0.43655874448557375,-67.00507614213198,11.923319643178537,14.705882352941178,34
1771,"['--ipsccp', '--speculative-execution', '--sccp', '--early-cse', '--mem2reg', '--jump-threading', '--elim-avail-extern', '--instcombine', '--adce', '--loop-interchange', '--aggressive-instcombine', '--gvn', '--simplifycfg', '--instsimplify', '--inline', '--mergefunc', '--gvn-hoist', '--gvn-hoist', '--instcombine', '--globalopt', '--elim-avail-extern', '--indvars', '--elim-avail-extern', '--indvars', '--gvn', '--gvn', '--ipsccp', '--gvn', '--nary-reassociate', '--loop-instsimplify', '--early-cse', '--mem2reg', '--jump-threading', '--globalopt', '--elim-avail-extern', '--instcombine', '--simplifycfg', '--sroa', '--mem2reg', '--globaldce', '--gvn-hoist', '--sccp', '--early-cse', '--lower-constant-intrinsics', '--adce', '--slsr', '--gvn-hoist', '--adce', '--loop-simplify', '--scalarizer', '--simplifycfg', '--lower-expect', '--simplifycfg', '--elim-avail-extern', '--lower-constant-intrinsics', '--ipsccp', '--gvn', '--nary-reassociate', '--gvn', '--early-cse', '--mem2reg', '--jump-threading', '--globalopt', '--slp-vectorizer', '--instcombine', '--mem2reg', '--simplifycfg', '--sroa', '--early-cse', '--lower-expect', '--sroa', '--sroa', '--aggressive-instcombine']",73,-4.250767179663839,0.0,-1.1367371498730787,0.0,1,-4.250767179663839,-1.1367371498730787,0.43655874448557375,-67.00507614213198,11.923319643178537,14.705882352941178,34
2717,"['--ipsccp', '--sccp', '--speculative-execution', '--lower-constant-intrinsics', '--early-cse', '--mem2reg', '--jump-threading', '--globalopt', '--elim-avail-extern', '--instcombine', '--loop-instsimplify', '--gvn', '--simplifycfg', '--instsimplify', '--inline', '--mergefunc', '--reassociate', '--gvn-hoist', '--instcombine', '--lower-expect', '--elim-avail-extern', '--loweratomic', '--indvars', '--indvars', '--gvn', '--gvn', '--ipsccp', '--gvn', '--nary-reassociate', '--mem2reg', '--jump-threading', '--correlated-propagation', '--mem2reg', '--jump-threading', '--memcpyopt', '--globalopt', '--bdce', '--elim-avail-extern', '--instcombine', '--simplifycfg', '--globaldce', '--gvn-hoist', '--sccp', '--early-cse', '--lower-constant-intrinsics', '--adce', '--slsr', '--gvn-hoist', '--adce', '--ipsccp', '--dse', '--scalarizer', '--adce', '--loop-simplify', '--dse', '--scalarizer', '--simplifycfg', '--mergereturn', '--lower-expect', '--elim-avail-extern', '--lower-constant-intrinsics', '--loop-simplify', '--nary-reassociate', '--gvn', '--jump-threading', '--globalopt', '--correlated-propagation', '--slp-vectorizer', '--instcombine', '--slp-vectorizer', '--instcombine', '--simplifycfg', '--sroa', '--early-cse', '--lower-expect', '--sroa', '--sroa', '--aggressive-instcombine']",78,-4.257835896312114,0.0,-1.145963934315818,0.0,1,-4.257835896312114,-1.145963934315818,0.5008908414855473,-67.00507614213198,11.924805926340747,14.705882352941178,34
2377,"['--ipsccp', '--speculative-execution', '--sccp', '--lower-constant-intrinsics', '--early-cse', '--speculative-execution', '--mem2reg', '--jump-threading', '--globalopt', '--elim-avail-extern', '--instcombine', '--loop-instsimplify', '--jump-threading', '--gvn', '--simplifycfg', '--instsimplify', '--inline', '--mergefunc', '--gvn-hoist', '--instcombine', '--globalopt', '--elim-avail-extern', '--loweratomic', '--indvars', '--indvars', '--gvn', '--gvn', '--ipsccp', '--gvn', '--nary-reassociate', '--mem2reg', '--jump-threading', '--correlated-propagation', '--mem2reg', '--memcpyopt', '--globalopt', '--jump-threading', '--bdce', '--elim-avail-extern', '--instcombine', '--simplifycfg', '--reassociate', '--lower-constant-intrinsics', '--adce', '--slsr', '--gvn-hoist', '--adce', '--loop-simplify', '--adce', '--loop-simplify', '--dse', '--scalarizer', '--scalarizer', '--simplifycfg', '--lower-expect', '--simplifycfg', '--elim-avail-extern', '--lower-constant-intrinsics', '--lower-constant-intrinsics', '--ipsccp', '--nary-reassociate', '--adce', '--early-cse', '--loop-guard-widening', '--jump-threading', '--slp-vectorizer', '--instcombine', '--slp-vectorizer', '--instcombine', '--simplifycfg', '--sroa', '--early-cse', '--lower-expect', '--sroa', '--lower-expect', '--aggressive-instcombine']",76,-4.257835896312114,0.0,-1.145963934315818,0.0,1,-4.257835896312114,-1.145963934315818,0.5008908414855473,-67.00507614213198,11.924805926340747,14.705882352941178,34
2412,"['--ipsccp', '--speculative-execution', '--sccp', '--lower-constant-intrinsics', '--early-cse', '--mem2reg', '--mergefunc', '--jump-threading', '--globalopt', '--elim-avail-extern', '--instcombine', '--loop-instsimplify', '--jump-threading', '--gvn', '--simplifycfg', '--instsimplify', '--inline', '--mergefunc', '--gvn-hoist', '--instcombine', '--elim-avail-extern', '--loweratomic', '--indvars', '--indvars', '--gvn', '--gvn', '--ipsccp', '--gvn', '--nary-reassociate', '--adce', '--early-cse', '--mem2reg', '--jump-threading', '--globalopt', '--elim-avail-extern', '--instcombine', '--mem2reg', '--globaldce', '--simplifycfg', '--sccp', '--early-cse', '--lower-constant-intrinsics', '--adce', '--slsr', '--gvn-hoist', '--adce', '--loop-simplify', '--dse', '--scalarizer', '--simplifycfg', '--lower-expect', '--gvn-hoist', '--simplifycfg', '--lower-expect', '--simplifycfg', '--elim-avail-extern', '--lower-constant-intrinsics', '--ipsccp', '--gvn', '--nary-reassociate', '--gvn', '--early-cse', '--loop-guard-widening', '--jump-threading', '--globalopt', '--slp-vectorizer', '--instcombine', '--slp-vectorizer', '--instcombine', '--simplifycfg', '--sroa', '--early-cse', '--lower-expect', '--aggressive-instcombine']",74,-4.257835896312114,0.0,-1.145963934315818,0.0,1,-4.257835896312114,-1.145963934315818,0.5008908414855473,-67.00507614213198,11.924805926340747,14.705882352941178,34
1260,"['--ipsccp', '--speculative-execution', '--sccp', '--early-cse', '--mem2reg', '--globalopt', '--elim-avail-extern', '--instcombine', '--adce', '--jump-threading', '--gvn', '--simplifycfg', '--instsimplify', '--inline', '--gvn-hoist', '--mergefunc', '--gvn-hoist', '--instcombine', '--globalopt', '--elim-avail-extern', '--indvars', '--indvars', '--gvn', '--gvn', '--ipsccp', '--gvn', '--nary-reassociate', '--loop-instsimplify', '--early-cse', '--mem2reg', '--jump-threading', '--globalopt', '--instcombine', '--simplifycfg', '--sroa', '--gvn-hoist', '--sccp', '--sccp', '--early-cse', '--lower-constant-intrinsics', '--adce', '--gvn-hoist', '--adce', '--loop-simplify', '--dse', '--newgvn', '--simplifycfg', '--newgvn', '--lower-expect', '--simplifycfg', '--gvn-hoist', '--instcombine', '--globalopt', '--aggressive-instcombine', '--gvn', '--gvn', '--ipsccp', '--gvn', '--lower-constant-intrinsics', '--loop-instsimplify', '--early-cse', '--mem2reg', '--early-cse-memssa', '--jump-threading', '--globalopt', '--slp-vectorizer', '--instcombine', '--simplifycfg', '--mergereturn', '--sroa', '--lower-constant-intrinsics', '--early-cse', '--lower-expect', '--lower-expect', '--loweratomic', '--elim-avail-extern', '--elim-avail-extern', '--lower-expect', '--slsr']",79,-4.259406418245731,0.0,-1.138303120748102,0.0,1,-4.259406418245731,-1.138303120748102,0.5008908414855473,-67.00507614213198,11.997967247434774,14.705882352941178,34
1337,"['--speculative-execution', '--sccp', '--early-cse', '--mem2reg', '--jump-threading', '--globalopt', '--elim-avail-extern', '--instcombine', '--adce', '--loop-guard-widening', '--gvn', '--simplifycfg', '--instsimplify', '--inline', '--gvn-hoist', '--mergefunc', '--gvn-hoist', '--instcombine', '--globalopt', '--elim-avail-extern', '--indvars', '--indvars', '--gvn', '--gvn', '--ipsccp', '--gvn', '--nary-reassociate', '--loop-instsimplify', '--early-cse', '--mem2reg', '--jump-threading', '--globalopt', '--elim-avail-extern', '--instcombine', '--simplifycfg', '--sroa', '--mem2reg', '--gvn', '--gvn-hoist', '--sccp', '--early-cse', '--lower-constant-intrinsics', '--adce', '--gvn-hoist', '--adce', '--loop-simplify', '--scalarizer', '--simplifycfg', '--lower-expect', '--simplifycfg', '--gvn-hoist', '--elim-avail-extern', '--lower-constant-intrinsics', '--gvn', '--ipsccp', '--gvn', '--nary-reassociate', '--gvn', '--early-cse', '--mem2reg', '--jump-threading', '--globalopt', '--slp-vectorizer', '--instcombine', '--simplifycfg', '--sroa', '--early-cse', '--lower-expect', '--sroa', '--sroa', '--lower-expect', '--aggressive-instcombine']",72,-4.259481610377968,0.0,-1.1488159033457204,0.0,1,-4.259481610377968,-1.1488159033457204,0.43655874448557375,-67.00507614213198,11.919873299275013,14.705882352941178,34
2074,"['--early-cse', '--speculative-execution', '--sccp', '--early-cse', '--mem2reg', '--jump-threading', '--elim-avail-extern', '--instcombine', '--instsimplify', '--adce', '--loop-interchange', '--aggressive-instcombine', '--gvn', '--instsimplify', '--simplifycfg', '--inline', '--globaldce', '--mergefunc', '--gvn-hoist', '--gvn-hoist', '--lower-expect', '--elim-avail-extern', '--indvars', '--indvars', '--indvars', '--gvn', '--gvn', '--nary-reassociate', '--loop-instsimplify', '--early-cse', '--mem2reg', '--jump-threading', '--mem2reg', '--globalopt', '--jump-threading', '--bdce', '--elim-avail-extern', '--instcombine', '--mem2reg', '--globaldce', '--gvn-hoist', '--sccp', '--early-cse', '--lower-constant-intrinsics', '--adce', '--slsr', '--gvn-hoist', '--gvn', '--adce', '--loop-simplify', '--dse', '--scalarizer', '--simplifycfg', '--lower-expect', '--simplifycfg', '--elim-avail-extern', '--lower-constant-intrinsics', '--gvn', '--nary-reassociate', '--elim-avail-extern', '--ipsccp', '--mem2reg', '--jump-threading', '--globalopt', '--slp-vectorizer', '--instcombine', '--simplifycfg', '--sroa', '--early-cse', '--lower-expect', '--sroa', '--lower-expect', '--simplifycfg', '--aggressive-instcombine']",74,-4.272624248958076,0.0,-1.166017410251647,0.0,1,-4.272624248958076,-1.166017410251647,0.43655874448557375,-67.00507614213198,11.922288383281641,14.705882352941178,34
2000,"['--ipsccp', '--speculative-execution', '--sccp', '--early-cse', '--mem2reg', '--jump-threading', '--globalopt', '--elim-avail-extern', '--instcombine', '--loop-instsimplify', '--jump-threading', '--gvn', '--simplifycfg', '--instsimplify', '--inline', '--mergefunc', '--gvn-hoist', '--tailcallelim', '--globalopt', '--elim-avail-extern', '--globalopt', '--indvars', '--indvars', '--gvn', '--gvn', '--ipsccp', '--gvn', '--nary-reassociate', '--adce', '--early-cse', '--mem2reg', '--jump-threading', '--globalopt', '--elim-avail-extern', '--loop-interchange', '--instcombine', '--simplifycfg', '--instcombine', '--simplifycfg', '--globaldce', '--gvn-hoist', '--sccp', '--early-cse', '--lower-constant-intrinsics', '--adce', '--slsr', '--gvn-hoist', '--adce', '--loop-simplify', '--dse', '--scalarizer', '--simplifycfg', '--lower-expect', '--simplifycfg', '--elim-avail-extern', '--lower-constant-intrinsics', '--ipsccp', '--gvn', '--nary-reassociate', '--gvn', '--early-cse', '--mem2reg', '--jump-threading', '--globalopt', '--slp-vectorizer', '--instcombine', '--simplifycfg', '--sroa', '--early-cse', '--lower-expect', '--sroa', '--sroa', '--lower-expect', '--aggressive-instcombine']",74,-4.272624248958076,0.0,-1.166017410251647,0.0,1,-4.272624248958076,-1.166017410251647,0.43655874448557375,-67.00507614213198,11.922288383281641,14.705882352941178,34
1723,"['--ipsccp', '--speculative-execution', '--sccp', '--early-cse', '--ipsccp', '--mem2reg', '--jump-threading', '--globalopt', '--elim-avail-extern', '--instcombine', '--loop-instsimplify', '--jump-threading', '--gvn', '--simplifycfg', '--instsimplify', '--inline', '--mergefunc', '--gvn-hoist', '--instcombine', '--globalopt', '--elim-avail-extern', '--indvars', '--indvars', '--gvn', '--gvn', '--ipsccp', '--gvn', '--nary-reassociate', '--adce', '--early-cse', '--mem2reg', '--jump-threading', '--globalopt', '--elim-avail-extern', '--instcombine', '--simplifycfg', '--mem2reg', '--globaldce', '--gvn-hoist', '--sccp', '--early-cse', '--lower-constant-intrinsics', '--adce', '--slsr', '--gvn-hoist', '--adce', '--loop-simplify', '--dse', '--scalarizer', '--simplifycfg', '--lower-expect', '--simplifycfg', '--gvn-hoist', '--elim-avail-extern', '--lower-constant-intrinsics', '--gvn', '--ipsccp', '--gvn', '--nary-reassociate', '--gvn', '--early-cse', '--mem2reg', '--jump-threading', '--globalopt', '--slp-vectorizer', '--instcombine', '--simplifycfg', '--sroa', '--early-cse', '--lower-expect', '--sroa', '--sroa', '--sroa', '--aggressive-instcombine']",74,-4.272624248958076,0.0,-1.166017410251647,0.0,1,-4.272624248958076,-1.166017410251647,0.43655874448557375,-67.00507614213198,11.922288383281641,14.705882352941178,34
1796,"['--simplifycfg', '--speculative-execution', '--sccp', '--early-cse', '--mem2reg', '--jump-threading', '--elim-avail-extern', '--instcombine', '--adce', '--loop-interchange', '--aggressive-instcombine', '--loop-guard-widening', '--simplifycfg', '--instsimplify', '--inline', '--mergefunc', '--gvn-hoist', '--gvn-hoist', '--instcombine', '--globalopt', '--elim-avail-extern', '--indvars', '--elim-avail-extern', '--indvars', '--gvn', '--gvn', '--ipsccp', '--gvn', '--nary-reassociate', '--loop-instsimplify', '--early-cse', '--mem2reg', '--jump-threading', '--globalopt', '--elim-avail-extern', '--instcombine', '--mem2reg', '--globaldce', '--gvn-hoist', '--sccp', '--early-cse', '--lower-constant-intrinsics', '--adce', '--slsr', '--gvn-hoist', '--adce', '--loop-simplify', '--adce', '--loop-simplify', '--dse', '--scalarizer', '--simplifycfg', '--lower-expect', '--nary-reassociate', '--elim-avail-extern', '--lower-constant-intrinsics', '--ipsccp', '--gvn', '--nary-reassociate', '--gvn', '--early-cse', '--mem2reg', '--jump-threading', '--globalopt', '--slp-vectorizer', '--instcombine', '--simplifycfg', '--sroa', '--early-cse', '--lower-expect', '--sroa', '--sroa', '--lower-expect', '--simplifycfg', '--aggressive-instcombine']",75,-4.275729618017706,0.0,-1.1576661598094642,0.0,1,-4.275729618017706,-1.1576661598094642,0.43655874448557375,-67.51269035532995,12.015976452194307,14.705882352941178,34
1562,"['--ipsccp', '--speculative-execution', '--sccp', '--early-cse', '--mem2reg', '--jump-threading', '--elim-avail-extern', '--instcombine', '--adce', '--loop-interchange', '--aggressive-instcombine', '--gvn', '--simplifycfg', '--instsimplify', '--inline', '--gvn-hoist', '--gvn-hoist', '--instcombine', '--globalopt', '--elim-avail-extern', '--indvars', '--elim-avail-extern', '--indvars', '--gvn', '--gvn', '--ipsccp', '--gvn', '--nary-reassociate', '--loop-instsimplify', '--early-cse', '--mem2reg', '--elim-avail-extern', '--instcombine', '--simplifycfg', '--sroa', '--mem2reg', '--globaldce', '--gvn-hoist', '--sccp', '--early-cse', '--lower-constant-intrinsics', '--adce', '--slsr', '--gvn-hoist', '--adce', '--loop-simplify', '--dse', '--scalarizer', '--simplifycfg', '--lower-expect', '--simplifycfg', '--gvn-hoist', '--elim-avail-extern', '--lower-constant-intrinsics', '--irce', '--ipsccp', '--gvn', '--nary-reassociate', '--gvn', '--early-cse', '--mem2reg', '--jump-threading', '--globalopt', '--slp-vectorizer', '--instcombine', '--simplifycfg', '--sroa', '--early-cse', '--lower-expect', '--sroa', '--lower-expect', '--aggressive-instcombine']",72,-4.285813389561569,0.0,-1.693356300976641,0.0,1,-4.285813389561569,-1.693356300976641,0.13175230566534915,-67.00507614213198,12.51090281476147,11.76470588235294,34
2025,"['--ipsccp', '--speculative-execution', '--sccp', '--early-cse', '--mem2reg', '--jump-threading', '--globalopt', '--elim-avail-extern', '--instcombine', '--loop-instsimplify', '--jump-threading', '--gvn', '--simplifycfg', '--hotcoldsplit', '--inline', '--mergefunc', '--gvn-hoist', '--loop-vectorize', '--elim-avail-extern', '--globalopt', '--instcombine', '--indvars', '--indvars', '--gvn-hoist', '--gvn', '--gvn', '--gvn', '--ipsccp', '--gvn', '--nary-reassociate', '--loop-instsimplify', '--early-cse', '--mem2reg', '--memcpyopt', '--globalopt', '--jump-threading', '--bdce', '--elim-avail-extern', '--mem2reg', '--globaldce', '--gvn-hoist', '--sccp', '--early-cse', '--lower-constant-intrinsics', '--adce', '--slsr', '--gvn-hoist', '--adce', '--loop-simplify', '--dse', '--scalarizer', '--simplifycfg', '--lower-expect', '--simplifycfg', '--elim-avail-extern', '--lower-constant-intrinsics', '--ipsccp', '--gvn', '--lower-constant-intrinsics', '--gvn', '--early-cse', '--mem2reg', '--jump-threading', '--globalopt', '--slp-vectorizer', '--instcombine', '--simplifycfg', '--sroa', '--early-cse', '--lower-expect', '--sroa', '--sroa', '--lower-expect', '--aggressive-instcombine']",74,-4.292068721390263,0.0,-1.1809472400515872,0.0,1,-4.292068721390263,-1.1809472400515872,0.43655874448557375,-67.51269035532995,12.004759384103957,14.705882352941178,34
2203,"['--ipsccp', '--speculative-execution', '--sccp', '--early-cse', '--mem2reg', '--jump-threading', '--globalopt', '--elim-avail-extern', '--instcombine', '--loop-instsimplify', '--jump-threading', '--gvn', '--simplifycfg', '--instsimplify', '--inline', '--mergefunc', '--gvn-hoist', '--tailcallelim', '--globalopt', '--elim-avail-extern', '--indvars', '--indvars', '--gvn', '--gvn', '--gvn', '--gvn', '--ipsccp', '--gvn', '--loop-instsimplify', '--early-cse', '--mem2reg', '--jump-threading', '--mem2reg', '--globalopt', '--jump-threading', '--bdce', '--elim-avail-extern', '--globaldce', '--gvn-hoist', '--sccp', '--early-cse', '--lower-constant-intrinsics', '--adce', '--slsr', '--gvn-hoist', '--adce', '--loop-simplify', '--dse', '--scalarizer', '--simplifycfg', '--lower-expect', '--simplifycfg', '--gvn-hoist', '--elim-avail-extern', '--lower-constant-intrinsics', '--gvn', '--ipsccp', '--gvn', '--nary-reassociate', '--gvn', '--early-cse', '--mem2reg', '--jump-threading', '--globalopt', '--slp-vectorizer', '--instcombine', '--simplifycfg', '--sroa', '--early-cse', '--lower-expect', '--sroa', '--lower-expect', '--aggressive-instcombine']",73,-4.292068721390263,0.0,-1.1809472400515872,0.0,1,-4.292068721390263,-1.1809472400515872,0.43655874448557375,-67.51269035532995,12.004759384103957,14.705882352941178,34
1123,"['--ipsccp', '--speculative-execution', '--sccp', '--early-cse', '--mem2reg', '--jump-threading', '--globalopt', '--elim-avail-extern', '--instcombine', '--mem2reg', '--jump-threading', '--gvn', '--simplifycfg', '--gvn', '--inline', '--gvn-hoist', '--mergefunc', '--gvn-hoist', '--instcombine', '--globalopt', '--elim-avail-extern', '--indvars', '--instsimplify', '--gvn', '--ipsccp', '--nary-reassociate', '--lower-constant-intrinsics', '--loop-instsimplify', '--strip', '--adce', '--jump-threading', '--globalopt', '--instcombine', '--simplifycfg', '--sroa', '--mem2reg', '--gvn-hoist', '--sccp', '--early-cse', '--lower-constant-intrinsics', '--adce', '--gvn-hoist', '--adce', '--lower-constant-intrinsics', '--dse', '--dse', '--loop-sink', '--newgvn', '--simplifycfg', '--lower-expect', '--simplifycfg', '--gvn-hoist', '--instcombine', '--globalopt', '--aggressive-instcombine', '--gvn', '--gvn', '--ipsccp', '--gvn', '--lower-constant-intrinsics', '--loop-instsimplify', '--early-cse', '--mem2reg', '--jump-threading', '--globalopt', '--slp-vectorizer', '--instcombine', '--simplifycfg', '--sroa', '--lower-constant-intrinsics', '--early-cse', '--lower-expect', '--lower-expect', '--loweratomic', '--elim-avail-extern', '--elim-avail-extern', '--lower-expect', '--slsr']",78,-4.294573466714523,0.0,-1.6625294421961438,0.0,1,-4.294573466714523,-1.6625294421961438,0.5008908414855473,-68.52791878172589,12.829705027144742,11.76470588235294,34
2046,"['--ipsccp', '--speculative-execution', '--sccp', '--early-cse', '--mem2reg', '--jump-threading', '--globalopt', '--elim-avail-extern', '--instcombine', '--loop-instsimplify', '--jump-threading', '--gvn', '--simplifycfg', '--instsimplify', '--inline', '--mergefunc', '--gvn-hoist', '--tailcallelim', '--globalopt', '--elim-avail-extern', '--loop-interchange', '--indvars', '--indvars', '--gvn', '--gvn', '--gvn', '--gvn', '--ipsccp', '--gvn', '--nary-reassociate', '--loop-instsimplify', '--early-cse', '--mem2reg', '--jump-threading', '--globalopt', '--elim-avail-extern', '--simplifycfg', '--sroa', '--mem2reg', '--globaldce', '--gvn-hoist', '--sccp', '--early-cse', '--lower-constant-intrinsics', '--adce', '--slsr', '--gvn-hoist', '--adce', '--loop-simplify', '--licm', '--scalarizer', '--simplifycfg', '--lower-expect', '--simplifycfg', '--elim-avail-extern', '--lower-constant-intrinsics', '--ipsccp', '--gvn', '--nary-reassociate', '--gvn', '--early-cse', '--mem2reg', '--jump-threading', '--globalopt', '--slp-vectorizer', '--instcombine', '--simplifycfg', '--sroa', '--early-cse', '--lower-expect', '--sroa', '--sroa', '--lower-expect', '--aggressive-instcombine']",74,-4.306163217890793,0.0,-1.1898778897150826,0.0,1,-4.306163217890793,-1.1898778897150826,0.43655874448557375,-68.02030456852792,12.078724476633049,14.705882352941178,34
1147,"['--ipsccp', '--speculative-execution', '--sccp', '--early-cse', '--mem2reg', '--jump-threading', '--globalopt', '--elim-avail-extern', '--instcombine', '--adce', '--jump-threading', '--gvn', '--simplifycfg', '--instsimplify', '--inline', '--nary-reassociate', '--mergefunc', '--gvn-hoist', '--instcombine', '--globalopt', '--elim-avail-extern', '--indvars', '--gvn', '--gvn', '--loop-simplify', '--gvn', '--gvn-hoist', '--loop-instsimplify', '--early-cse', '--mem2reg', '--jump-threading', '--globalopt', '--elim-avail-extern', '--instcombine', '--simplifycfg', '--sroa', '--mem2reg', '--gvn-hoist', '--sccp', '--early-cse', '--lower-constant-intrinsics', '--adce', '--gvn-hoist', '--adce', '--ipsccp', '--dse', '--loop-sink', '--simplifycfg', '--lower-expect', '--simplifycfg', '--simplifycfg', '--gvn-hoist', '--instcombine', '--globalopt', '--aggressive-instcombine', '--gvn', '--gvn', '--ipsccp', '--gvn', '--lower-constant-intrinsics', '--loop-instsimplify', '--early-cse', '--mem2reg', '--jump-threading', '--globalopt', '--slp-vectorizer', '--instcombine', '--simplifycfg', '--sroa', '--lower-expect', '--globalopt', '--elim-avail-extern', '--aggressive-instcombine']",73,-4.311989447133626,0.0,-1.6866869491414274,0.0,1,-4.311989447133626,-1.6866869491414274,0.5008908414855473,-68.52791878172589,12.822683529246138,11.76470588235294,34
1000,"['--ipsccp', '--speculative-execution', '--sccp', '--early-cse', '--mem2reg', '--jump-threading', '--globalopt', '--elim-avail-extern', '--instcombine', '--adce', '--jump-threading', '--gvn', '--simplifycfg', '--early-cse-memssa', '--loop-sink', '--gvn-hoist', '--lower-constant-intrinsics', '--globalopt', '--elim-avail-extern', '--indvars', '--gvn', '--gvn', '--ipsccp', '--gvn', '--nary-reassociate', '--lower-constant-intrinsics', '--loop-instsimplify', '--strip', '--mem2reg', '--jump-threading', '--globalopt', '--elim-avail-extern', '--simplifycfg', '--sroa', '--mem2reg', '--sccp', '--early-cse', '--lower-constant-intrinsics', '--adce', '--gvn-hoist', '--adce', '--loop-simplify', '--dse', '--loweratomic', '--simplifycfg', '--lower-expect', '--simplifycfg', '--loop-unroll-and-jam', '--globalopt', '--elim-avail-extern', '--gvn', '--gvn', '--ipsccp', '--gvn', '--gvn', '--ipsccp', '--gvn', '--lower-constant-intrinsics', '--loop-instsimplify', '--early-cse', '--mem2reg', '--jump-threading', '--globalopt', '--slp-vectorizer', '--instcombine', '--simplifycfg', '--sroa', '--lower-constant-intrinsics', '--early-cse', '--lower-expect', '--lower-expect', '--loweratomic', '--elim-avail-extern', '--elim-avail-extern', '--lower-expect', '--slsr']",76,-4.326091360394613,0.0,-1.7864571625540602,0.0,1,-4.326091360394613,-1.7864571625540602,0.0,-69.54314720812182,12.215426061261269,11.76470588235294,34
1694,"['--ipsccp', '--speculative-execution', '--sccp', '--early-cse', '--mem2reg', '--jump-threading', '--globalopt', '--elim-avail-extern', '--instcombine', '--loop-instsimplify', '--jump-threading', '--gvn', '--simplifycfg', '--instsimplify', '--inline', '--mergefunc', '--gvn-hoist', '--instcombine', '--globalopt', '--elim-avail-extern', '--indvars', '--loop-simplifycfg', '--gvn', '--gvn', '--gvn', '--ipsccp', '--gvn', '--nary-reassociate', '--adce', '--early-cse', '--mem2reg', '--jump-threading', '--globalopt', '--elim-avail-extern', '--instcombine', '--mem2reg', '--globaldce', '--gvn-hoist', '--sccp', '--early-cse', '--lower-constant-intrinsics', '--adce', '--slsr', '--gvn-hoist', '--adce', '--loop-simplify', '--dse', '--scalarizer', '--simplifycfg', '--lower-expect', '--simplifycfg', '--gvn-hoist', '--elim-avail-extern', '--lower-constant-intrinsics', '--gvn', '--ipsccp', '--gvn', '--nary-reassociate', '--gvn', '--early-cse', '--mem2reg', '--jump-threading', '--globalopt', '--slp-vectorizer', '--instcombine', '--simplifycfg', '--sroa', '--early-cse', '--lower-expect', '--sroa', '--lower-expect', '--aggressive-instcombine']",72,-4.330971328666326,0.0,-1.2108068996514678,0.0,1,-4.330971328666326,-1.2108068996514678,0.43655874448557375,-68.52791878172589,12.169838009865487,14.705882352941178,34
1363,"['--ipsccp', '--speculative-execution', '--sccp', '--early-cse', '--mem2reg', '--jump-threading', '--globalopt', '--elim-avail-extern', '--instcombine', '--adce', '--jump-threading', '--gvn', '--simplifycfg', '--instsimplify', '--inline', '--mergefunc', '--gvn-hoist', '--gvn-hoist', '--instcombine', '--globalopt', '--elim-avail-extern', '--indvars', '--gvn', '--gvn', '--ipsccp', '--gvn', '--nary-reassociate', '--loop-simplify', '--early-cse', '--mem2reg', '--jump-threading', '--globalopt', '--elim-avail-extern', '--instcombine', '--simplifycfg', '--loop-simplify', '--mem2reg', '--globaldce', '--gvn-hoist', '--sccp', '--early-cse', '--lower-constant-intrinsics', '--adce', '--gvn-hoist', '--adce', '--loop-instsimplify', '--dse', '--scalarizer', '--simplifycfg', '--lower-expect', '--simplifycfg', '--gvn-hoist', '--elim-avail-extern', '--lower-constant-intrinsics', '--gvn', '--ipsccp', '--gvn', '--nary-reassociate', '--gvn', '--early-cse', '--mem2reg', '--jump-threading', '--globalopt', '--slp-vectorizer', '--instcombine', '--simplifycfg', '--sroa', '--early-cse', '--lower-expect', '--sroa', '--sroa', '--lower-expect', '--aggressive-instcombine']",73,-4.339685388825361,0.0,-1.2228856531241095,0.0,1,-4.339685388825361,-1.2228856531241095,0.43655874448557375,-68.52791878172589,12.166387960411019,14.705882352941178,34
857,"['--ipsccp', '--speculative-execution', '--sccp', '--early-cse', '--mem2reg', '--jump-threading', '--globalopt', '--elim-avail-extern', '--instcombine', '--adce', '--jump-threading', '--gvn', '--simplifycfg', '--instsimplify', '--gvn-hoist', '--mergefunc', '--gvn-hoist', '--instcombine', '--globalopt', '--elim-avail-extern', '--indvars', '--gvn', '--gvn', '--ipsccp', '--gvn', '--nary-reassociate', '--loop-instsimplify', '--early-cse', '--mem2reg', '--jump-threading', '--globalopt', '--elim-avail-extern', '--instcombine', '--simplifycfg', '--lowerinvoke', '--mem2reg', '--gvn-hoist', '--sccp', '--early-cse', '--lower-constant-intrinsics', '--adce', '--gvn-hoist', '--adce', '--loop-simplify', '--dse', '--newgvn', '--simplifycfg', '--lower-expect', '--simplifycfg', '--loop-unroll-and-jam', '--globalopt', '--elim-avail-extern', '--gvn', '--gvn', '--ipsccp', '--gvn', '--nary-reassociate', '--lower-constant-intrinsics', '--loop-instsimplify', '--early-cse', '--mem2reg', '--lower-expect', '--slp-vectorizer', '--instcombine', '--simplifycfg', '--sroa', '--lower-constant-intrinsics', '--early-cse', '--jump-threading', '--sroa', '--sroa', '--lower-expect', '--globalopt', '--elim-avail-extern', '--lower-expect']",75,-4.344016613671602,0.0,-1.8157915278392596,0.0,1,-4.344016613671602,-1.8157915278392596,0.0,-69.54314720812182,12.174670854392165,11.76470588235294,34
782,"['--ipsccp', '--speculative-execution', '--sccp', '--early-cse', '--mem2reg', '--jump-threading', '--globalopt', '--elim-avail-extern', '--instcombine', '--adce', '--jump-threading', '--gvn', '--simplifycfg', '--instsimplify', '--gvn-hoist', '--mergefunc', '--gvn-hoist', '--instcombine', '--globalopt', '--elim-avail-extern', '--indvars', '--gvn', '--gvn', '--ipsccp', '--gvn', '--nary-reassociate', '--lower-constant-intrinsics', '--loop-instsimplify', '--strip', '--mem2reg', '--jump-threading', '--globalopt', '--memcpyopt', '--elim-avail-extern', '--simplifycfg', '--sroa', '--mem2reg', '--gvn-hoist', '--sccp', '--early-cse', '--lower-constant-intrinsics', '--adce', '--gvn-hoist', '--adce', '--loop-simplify', '--dse', '--newgvn', '--simplifycfg', '--lower-expect', '--simplifycfg', '--gvn-hoist', '--instcombine', '--globalopt', '--elim-avail-extern', '--gvn', '--gvn', '--ipsccp', '--gvn', '--nary-reassociate', '--instcombine', '--loop-instsimplify', '--early-cse', '--jump-threading', '--slsr', '--simplifycfg', '--sroa', '--simplifycfg', '--sroa', '--lower-constant-intrinsics', '--early-cse', '--lower-expect', '--lower-expect', '--elim-avail-extern', '--elim-avail-extern', '--lower-expect', '--slsr']",76,-4.34778990807823,0.0,-1.8209097898335296,0.0,1,-4.34778990807823,-1.8209097898335296,0.0,-69.54314720812182,12.174016833501414,11.76470588235294,34
755,"['--ipsccp', '--speculative-execution', '--sccp', '--early-cse', '--mem2reg', '--jump-threading', '--globalopt', '--elim-avail-extern', '--instcombine', '--adce', '--jump-threading', '--gvn', '--simplifycfg', '--instsimplify', '--gvn-hoist', '--mergefunc', '--gvn-hoist', '--instcombine', '--globalopt', '--elim-avail-extern', '--indvars', '--gvn', '--gvn', '--ipsccp', '--gvn', '--nary-reassociate', '--lower-constant-intrinsics', '--loop-instsimplify', '--strip', '--mem2reg', '--jump-threading', '--globalopt', '--memcpyopt', '--elim-avail-extern', '--simplifycfg', '--sroa', '--mem2reg', '--gvn-hoist', '--sccp', '--early-cse', '--lower-constant-intrinsics', '--adce', '--gvn-hoist', '--adce', '--loop-simplify', '--dse', '--newgvn', '--simplifycfg', '--lower-expect', '--simplifycfg', '--gvn-hoist', '--instcombine', '--globalopt', '--elim-avail-extern', '--gvn', '--gvn', '--ipsccp', '--gvn', '--nary-reassociate', '--lower-constant-intrinsics', '--loop-instsimplify', '--early-cse', '--jump-threading', '--slsr', '--simplifycfg', '--sroa', '--simplifycfg', '--sroa', '--lower-constant-intrinsics', '--early-cse', '--lower-expect', '--lower-expect', '--elim-avail-extern', '--elim-avail-extern', '--lower-expect', '--slsr']",76,-4.34778990807823,0.0,-1.8209097898335296,0.0,1,-4.34778990807823,-1.8209097898335296,0.0,-69.54314720812182,12.174016833501414,11.76470588235294,34
781,"['--ipsccp', '--speculative-execution', '--sccp', '--early-cse', '--mem2reg', '--jump-threading', '--globalopt', '--elim-avail-extern', '--instcombine', '--adce', '--jump-threading', '--gvn', '--simplifycfg', '--instsimplify', '--gvn-hoist', '--mergefunc', '--gvn-hoist', '--instcombine', '--globalopt', '--elim-avail-extern', '--indvars', '--gvn', '--gvn', '--ipsccp', '--gvn', '--nary-reassociate', '--lower-constant-intrinsics', '--loop-instsimplify', '--strip', '--mem2reg', '--jump-threading', '--globalopt', '--memcpyopt', '--elim-avail-extern', '--simplifycfg', '--mem2reg', '--gvn-hoist', '--sccp', '--early-cse', '--lower-constant-intrinsics', '--adce', '--gvn-hoist', '--adce', '--loop-simplify', '--dse', '--newgvn', '--simplifycfg', '--lower-expect', '--simplifycfg', '--gvn-hoist', '--instcombine', '--globalopt', '--elim-avail-extern', '--gvn', '--gvn', '--gvn', '--nary-reassociate', '--lower-constant-intrinsics', '--loop-instsimplify', '--early-cse', '--mem2reg', '--jump-threading', '--globalopt', '--slp-vectorizer', '--instcombine', '--simplifycfg', '--sroa', '--lower-constant-intrinsics', '--early-cse', '--lower-expect', '--gvn-hoist', '--sroa', '--lower-expect', '--globalopt', '--elim-avail-extern', '--lower-expect']",76,-4.349129824144498,0.0,-1.8227943289597077,0.0,1,-4.349129824144498,-1.8227943289597077,0.0,-69.54314720812182,12.173281950717756,11.76470588235294,34
1034,"['--ipsccp', '--speculative-execution', '--sccp', '--early-cse', '--mem2reg', '--jump-threading', '--globalopt', '--elim-avail-extern', '--instcombine', '--adce', '--jump-threading', '--gvn', '--simplifycfg', '--instsimplify', '--gvn-hoist', '--mergefunc', '--gvn-hoist', '--instcombine', '--globalopt', '--elim-avail-extern', '--indvars', '--gvn', '--gvn', '--gvn', '--nary-reassociate', '--lower-constant-intrinsics', '--loop-instsimplify', '--strip', '--mem2reg', '--globalopt', '--elim-avail-extern', '--instcombine', '--simplifycfg', '--sroa', '--mem2reg', '--gvn-hoist', '--sccp', '--early-cse', '--lower-constant-intrinsics', '--adce', '--gvn-hoist', '--adce', '--loop-simplify', '--dse', '--newgvn', '--simplifycfg', '--newgvn', '--simplifycfg', '--indvars', '--simplifycfg', '--gvn-hoist', '--instcombine', '--ipsccp', '--gvn', '--early-cse', '--lower-constant-intrinsics', '--early-cse', '--mem2reg', '--jump-threading', '--globalopt', '--slp-vectorizer', '--instcombine', '--simplifycfg', '--sroa', '--nary-reassociate', '--lower-expect', '--sroa', '--sroa', '--lower-expect', '--globalopt', '--elim-avail-extern', '--aggressive-instcombine']",72,-4.355223441536793,0.0,-1.7436260545380804,0.0,1,-4.355223441536793,-1.7436260545380804,0.5008908414855473,-68.02030456852792,12.827980182802918,11.76470588235294,34
777,"['--ipsccp', '--speculative-execution', '--sccp', '--early-cse', '--mem2reg', '--jump-threading', '--globalopt', '--elim-avail-extern', '--instcombine', '--adce', '--jump-threading', '--gvn', '--simplifycfg', '--instsimplify', '--gvn-hoist', '--mergefunc', '--gvn-hoist', '--instcombine', '--globalopt', '--elim-avail-extern', '--indvars', '--gvn', '--gvn', '--ipsccp', '--gvn', '--nary-reassociate', '--lower-constant-intrinsics', '--loop-instsimplify', '--strip', '--mem2reg', '--jump-threading', '--globalopt', '--elim-avail-extern', '--simplifycfg', '--sroa', '--mem2reg', '--gvn-hoist', '--early-cse', '--sccp', '--early-cse', '--lower-constant-intrinsics', '--adce', '--gvn-hoist', '--adce', '--loop-simplify', '--dse', '--newgvn', '--simplifycfg', '--lower-expect', '--simplifycfg', '--gvn-hoist', '--instcombine', '--globalopt', '--elim-avail-extern', '--gvn', '--gvn', '--ipsccp', '--gvn', '--nary-reassociate', '--lower-constant-intrinsics', '--loop-instsimplify', '--early-cse', '--mem2reg', '--instcombine', '--simplifycfg', '--sroa', '--lower-constant-intrinsics', '--early-cse', '--lower-expect', '--sroa', '--sccp', '--sroa', '--lower-expect', '--globalopt', '--elim-avail-extern', '--lower-expect']",76,-4.356443535161356,0.0,-1.8329885433061712,0.0,1,-4.356443535161356,-1.8329885433061712,0.0,-69.54314720812182,12.169962453287864,11.76470588235294,34
891,"['--ipsccp', '--speculative-execution', '--sccp', '--early-cse', '--mem2reg', '--loop-unroll-and-jam', '--globalopt', '--elim-avail-extern', '--instcombine', '--adce', '--gvn', '--simplifycfg', '--instsimplify', '--gvn-hoist', '--mergefunc', '--gvn-hoist', '--instcombine', '--globalopt', '--elim-avail-extern', '--indvars', '--gvn', '--gvn', '--ipsccp', '--gvn', '--nary-reassociate', '--loop-instsimplify', '--early-cse', '--mem2reg', '--jump-threading', '--globalopt', '--elim-avail-extern', '--instcombine', '--simplifycfg', '--sroa', '--mem2reg', '--gvn-hoist', '--sccp', '--early-cse', '--lower-constant-intrinsics', '--adce', '--gvn-hoist', '--adce', '--loop-simplify', '--dse', '--newgvn', '--simplifycfg', '--lower-expect', '--simplifycfg', '--jump-threading', '--globalopt', '--elim-avail-extern', '--gvn', '--gvn', '--ipsccp', '--gvn', '--nary-reassociate', '--lower-constant-intrinsics', '--loop-instsimplify', '--early-cse', '--mem2reg', '--lower-expect', '--slp-vectorizer', '--instcombine', '--simplifycfg', '--sroa', '--lower-constant-intrinsics', '--early-cse', '--jump-threading', '--sroa', '--sroa', '--lower-expect', '--globalopt', '--elim-avail-extern', '--elim-avail-extern', '--elim-avail-extern', '--lower-expect', '--slsr']",77,-4.36610029583435,0.0,-1.77086773926253,0.0,1,-4.36610029583435,-1.77086773926253,0.0,-69.54314720812182,12.732436090345113,11.76470588235294,34
1054,"['--ipsccp', '--speculative-execution', '--sccp', '--early-cse', '--mem2reg', '--jump-threading', '--globalopt', '--elim-avail-extern', '--instcombine', '--adce', '--jump-threading', '--gvn', '--simplifycfg', '--instsimplify', '--inline', '--gvn-hoist', '--mergefunc', '--gvn-hoist', '--instcombine', '--globalopt', '--elim-avail-extern', '--indvars', '--gvn', '--ipsccp', '--gvn', '--lower-constant-intrinsics', '--loop-instsimplify', '--strip', '--mem2reg', '--jump-threading', '--globalopt', '--instcombine', '--simplifycfg', '--sroa', '--mem2reg', '--gvn-hoist', '--sccp', '--early-cse', '--lower-constant-intrinsics', '--adce', '--gvn-hoist', '--adce', '--lower-constant-intrinsics', '--dse', '--newgvn', '--lower-expect', '--gvn-hoist', '--instcombine', '--globalopt', '--elim-avail-extern', '--gvn', '--gvn', '--ipsccp', '--early-cse', '--lower-constant-intrinsics', '--early-cse', '--mem2reg', '--jump-threading', '--globalopt', '--slp-vectorizer', '--instcombine', '--simplifycfg', '--sroa', '--nary-reassociate', '--lower-expect', '--sroa', '--lower-expect', '--globalopt', '--elim-avail-extern', '--aggressive-instcombine']",70,-4.385208198214523,0.0,-1.2759180196431215,0.0,1,-4.385208198214523,-1.2759180196431215,0.33670033670033667,-68.52791878172589,12.22387330541005,14.705882352941178,34
2649,"['--ipsccp', '--speculative-execution', '--sccp', '--early-cse', '--mem2reg', '--sroa', '--globalopt', '--elim-avail-extern', '--instcombine', '--loop-instsimplify', '--jump-threading', '--gvn', '--simplifycfg', '--instsimplify', '--inline', '--mergefunc', '--gvn-hoist', '--mergefunc', '--gvn-hoist', '--globalopt', '--elim-avail-extern', '--loweratomic', '--indvars', '--indvars', '--gvn', '--gvn', '--ipsccp', '--gvn', '--nary-reassociate', '--adce', '--early-cse', '--mem2reg', '--jump-threading', '--simplifycfg', '--gvn-hoist', '--instcombine', '--globalopt', '--sroa', '--mem2reg', '--globaldce', '--elim-avail-extern', '--sccp', '--early-cse', '--lower-constant-intrinsics', '--adce', '--slsr', '--gvn-hoist', '--adce', '--loop-simplify', '--dse', '--scalarizer', '--adce', '--loop-simplify', '--scalarizer', '--simplifycfg', '--mergereturn', '--lower-expect', '--elim-avail-extern', '--lower-constant-intrinsics', '--lower-constant-intrinsics', '--ipsccp', '--nary-reassociate', '--adce', '--early-cse', '--loop-guard-widening', '--jump-threading', '--slp-vectorizer', '--instcombine', '--slp-vectorizer', '--instcombine', '--simplifycfg', '--sroa', '--early-cse', '--early-cse', '--lower-expect', '--aggressive-instcombine']",76,-4.393569465575082,0.0,-1.2394928825463836,0.0,1,-4.393569465575082,-1.2394928825463836,0.5620873773639496,-67.00507614213198,12.580674507241172,14.705882352941178,34
2350,"['--ipsccp', '--speculative-execution', '--sccp', '--lower-constant-intrinsics', '--early-cse', '--mem2reg', '--jump-threading', '--globalopt', '--elim-avail-extern', '--instcombine', '--loop-instsimplify', '--jump-threading', '--gvn', '--simplifycfg', '--loop-versioning-licm', '--instsimplify', '--inline', '--mergefunc', '--gvn-hoist', '--instcombine', '--globalopt', '--elim-avail-extern', '--loweratomic', '--indvars', '--indvars', '--gvn', '--gvn', '--ipsccp', '--gvn', '--nary-reassociate', '--early-cse', '--mem2reg', '--jump-threading', '--globalopt', '--elim-avail-extern', '--instcombine', '--simplifycfg', '--sroa', '--mem2reg', '--globaldce', '--gvn-hoist', '--sccp', '--early-cse', '--lower-constant-intrinsics', '--adce', '--slsr', '--adce', '--loop-simplify', '--dse', '--scalarizer', '--adce', '--loop-simplify', '--dse', '--scalarizer', '--simplifycfg', '--mergereturn', '--lower-expect', '--elim-avail-extern', '--lower-constant-intrinsics', '--ipsccp', '--gvn-hoist', '--early-cse', '--loop-guard-widening', '--jump-threading', '--slp-vectorizer', '--instcombine', '--slp-vectorizer', '--instcombine', '--simplifycfg', '--sroa', '--early-cse', '--lower-expect', '--sroa', '--lower-expect', '--aggressive-instcombine']",75,-4.393569465575082,0.0,-1.2394928825463836,0.0,1,-4.393569465575082,-1.2394928825463836,0.5620873773639496,-67.00507614213198,12.580674507241172,14.705882352941178,34
2188,"['--ipsccp', '--speculative-execution', '--sccp', '--lower-constant-intrinsics', '--early-cse', '--mem2reg', '--jump-threading', '--globalopt', '--elim-avail-extern', '--instcombine', '--loop-instsimplify', '--jump-threading', '--gvn', '--simplifycfg', '--instsimplify', '--inline', '--mergefunc', '--gvn-hoist', '--instcombine', '--globalopt', '--elim-avail-extern', '--loweratomic', '--gvn', '--gvn', '--ipsccp', '--gvn', '--gvn', '--nary-reassociate', '--adce', '--early-cse', '--mem2reg', '--jump-threading', '--globalopt', '--elim-avail-extern', '--instcombine', '--simplifycfg', '--sroa', '--mem2reg', '--globaldce', '--gvn-hoist', '--sccp', '--early-cse', '--lower-constant-intrinsics', '--adce', '--slsr', '--gvn-hoist', '--adce', '--dce', '--loop-simplify', '--dse', '--scalarizer', '--adce', '--loop-simplify', '--dse', '--scalarizer', '--simplifycfg', '--mergereturn', '--lower-expect', '--elim-avail-extern', '--lower-constant-intrinsics', '--ipsccp', '--nary-reassociate', '--gvn', '--jump-threading', '--globalopt', '--slp-vectorizer', '--instcombine', '--slp-vectorizer', '--instcombine', '--simplifycfg', '--sroa', '--early-cse', '--lower-expect', '--sroa', '--sroa', '--aggressive-instcombine']",76,-4.395877613454314,0.0,-1.4582011966085242,0.0,1,-4.395877613454314,-1.4582011966085242,0.5620873773639496,-87.30964467005076,15.37520833644979,11.76470588235294,34
2617,"['--ipsccp', '--speculative-execution', '--sccp', '--early-cse', '--early-cse', '--mem2reg', '--jump-threading', '--loop-unroll-and-jam', '--globalopt', '--elim-avail-extern', '--bdce', '--instcombine', '--loop-instsimplify', '--jump-threading', '--gvn', '--simplifycfg', '--instsimplify', '--inline', '--mergefunc', '--gvn-hoist', '--instcombine', '--globalopt', '--elim-avail-extern', '--loweratomic', '--gvn', '--gvn', '--ipsccp', '--gvn', '--nary-reassociate', '--mem2reg', '--jump-threading', '--correlated-propagation', '--mem2reg', '--memcpyopt', '--globalopt', '--bdce', '--elim-avail-extern', '--instcombine', '--simplifycfg', '--sroa', '--lower-constant-intrinsics', '--adce', '--slsr', '--gvn-hoist', '--adce', '--loop-simplify', '--adce', '--loop-simplify', '--dse', '--scalarizer', '--dce', '--simplifycfg', '--globalopt', '--simplifycfg', '--elim-avail-extern', '--lower-constant-intrinsics', '--lower-constant-intrinsics', '--ipsccp', '--nary-reassociate', '--adce', '--early-cse', '--loop-guard-widening', '--jump-threading', '--slp-vectorizer', '--instcombine', '--slp-vectorizer', '--instcombine', '--instcombine', '--simplifycfg', '--sroa', '--early-cse', '--elim-avail-extern', '--lower-expect', '--sroa', '--sroa', '--aggressive-instcombine']",76,-4.395877613454314,0.0,-1.4582011966085242,0.0,1,-4.395877613454314,-1.4582011966085242,0.5620873773639496,-87.30964467005076,15.37520833644979,11.76470588235294,34
2552,"['--ipsccp', '--speculative-execution', '--early-cse-memssa', '--sccp', '--lower-constant-intrinsics', '--early-cse', '--mem2reg', '--jump-threading', '--globalopt', '--elim-avail-extern', '--instcombine', '--loop-instsimplify', '--jump-threading', '--gvn', '--simplifycfg', '--instsimplify', '--inline', '--mergefunc', '--gvn-hoist', '--instcombine', '--globalopt', '--elim-avail-extern', '--loweratomic', '--indvars', '--indvars', '--gvn', '--gvn', '--ipsccp', '--gvn', '--nary-reassociate', '--mem2reg', '--jump-threading', '--correlated-propagation', '--jump-threading', '--globalopt', '--elim-avail-extern', '--instcombine', '--loop-vectorize', '--sroa', '--mem2reg', '--globaldce', '--gvn-hoist', '--sccp', '--early-cse', '--lower-constant-intrinsics', '--adce', '--slsr', '--gvn-hoist', '--adce', '--loop-simplify', '--dse', '--scalarizer', '--adce', '--loop-simplify', '--dse', '--scalarizer', '--simplifycfg', '--mergereturn', '--lower-expect', '--elim-avail-extern', '--lower-constant-intrinsics', '--ipsccp', '--nary-reassociate', '--gvn', '--loop-interchange', '--globalopt', '--slp-vectorizer', '--instcombine', '--slp-vectorizer', '--instcombine', '--simplifycfg', '--sroa', '--early-cse', '--early-cse', '--lower-expect', '--aggressive-instcombine']",76,-4.402152580485437,0.0,-1.6970736380237126,0.0,1,-4.402152580485437,-1.6970736380237126,0.5620873773639496,-67.00507614213198,13.64641469614711,11.76470588235294,34
2451,"['--ipsccp', '--speculative-execution', '--sccp', '--lower-constant-intrinsics', '--early-cse', '--mem2reg', '--jump-threading', '--globalopt', '--elim-avail-extern', '--instcombine', '--loop-instsimplify', '--jump-threading', '--gvn', '--simplifycfg', '--instsimplify', '--inline', '--mergefunc', '--gvn-hoist', '--instcombine', '--globalopt', '--elim-avail-extern', '--loweratomic', '--indvars', '--indvars', '--gvn', '--gvn', '--ipsccp', '--gvn', '--nary-reassociate', '--adce', '--early-cse', '--slp-vectorizer', '--jump-threading', '--globalopt', '--elim-avail-extern', '--instcombine', '--simplifycfg', '--sroa', '--mem2reg', '--globaldce', '--gvn-hoist', '--sccp', '--early-cse', '--lower-constant-intrinsics', '--adce', '--slsr', '--gvn-hoist', '--adce', '--loop-simplify', '--dse', '--scalarizer', '--adce', '--loop-simplify', '--dse', '--scalarizer', '--simplifycfg', '--mergereturn', '--ipsccp', '--nary-reassociate', '--adce', '--early-cse', '--loop-guard-widening', '--jump-threading', '--slp-vectorizer', '--instcombine', '--mem2reg', '--instcombine', '--simplifycfg', '--sroa', '--sroa', '--early-cse', '--lower-expect', '--sroa', '--lower-expect', '--aggressive-instcombine']",75,-4.402974976588962,0.0,-1.253910414264953,0.0,1,-4.402974976588962,-1.253910414264953,0.5620873773639496,-67.00507614213198,12.566598129490707,14.705882352941178,34
689,"['--ipsccp', '--speculative-execution', '--sccp', '--early-cse', '--mem2reg', '--jump-threading', '--globalopt', '--elim-avail-extern', '--instcombine', '--adce', '--jump-threading', '--gvn', '--simplifycfg', '--instsimplify', '--gvn-hoist', '--mergefunc', '--gvn-hoist', '--instcombine', '--globalopt', '--elim-avail-extern', '--indvars', '--gvn', '--lower-expect', '--ipsccp', '--gvn-hoist', '--nary-reassociate', '--lower-constant-intrinsics', '--loop-instsimplify', '--strip', '--mem2reg', '--jump-threading', '--globalopt', '--elim-avail-extern', '--instcombine', '--simplifycfg', '--sroa', '--mem2reg', '--gvn-hoist', '--sccp', '--early-cse', '--lower-constant-intrinsics', '--adce', '--gvn', '--aggressive-instcombine', '--lower-constant-intrinsics', '--dse', '--newgvn', '--simplifycfg', '--lower-expect', '--simplifycfg', '--gvn-hoist', '--instcombine', '--globalopt', '--elim-avail-extern', '--gvn', '--gvn', '--ipsccp', '--gvn', '--nary-reassociate', '--lower-constant-intrinsics', '--loop-instsimplify', '--early-cse', '--mem2reg', '--jump-threading', '--globalopt', '--slp-vectorizer', '--instcombine', '--simplifycfg', '--sroa', '--lower-constant-intrinsics', '--early-cse', '--lower-expect', '--lower-expect', '--elim-avail-extern', '--elim-avail-extern', '--lower-expect', '--slsr']",77,-4.403319439756477,0.0,-1.7763367904652596,0.0,1,-4.403319439756477,-1.7763367904652596,0.5008908414855473,-69.54314720812182,13.063609645545917,11.76470588235294,34
611,"['--ipsccp', '--speculative-execution', '--sccp', '--early-cse', '--mem2reg', '--jump-threading', '--globalopt', '--elim-avail-extern', '--instcombine', '--adce', '--jump-threading', '--gvn', '--simplifycfg', '--instsimplify', '--gvn-hoist', '--mergefunc', '--gvn-hoist', '--instcombine', '--globalopt', '--elim-avail-extern', '--indvars', '--gvn', '--gvn', '--ipsccp', '--gvn', '--nary-reassociate', '--lower-constant-intrinsics', '--loop-instsimplify', '--strip', '--mem2reg', '--elim-avail-extern', '--instcombine', '--simplifycfg', '--sroa', '--mem2reg', '--gvn-hoist', '--sccp', '--early-cse', '--lower-constant-intrinsics', '--adce', '--gvn-hoist', '--adce', '--sroa', '--aggressive-instcombine', '--lower-constant-intrinsics', '--dse', '--newgvn', '--simplifycfg', '--lower-expect', '--simplifycfg', '--gvn-hoist', '--instcombine', '--globalopt', '--elim-avail-extern', '--gvn', '--gvn', '--ipsccp', '--gvn', '--nary-reassociate', '--lower-constant-intrinsics', '--loop-instsimplify', '--early-cse', '--mem2reg', '--jump-threading', '--globalopt', '--slp-vectorizer', '--instcombine', '--simplifycfg', '--sroa', '--lower-constant-intrinsics', '--early-cse', '--lower-expect', '--lower-expect', '--elim-avail-extern', '--elim-avail-extern', '--lower-expect', '--slsr']",77,-4.403319439756477,0.0,-1.7763367904652596,0.0,1,-4.403319439756477,-1.7763367904652596,0.5008908414855473,-69.54314720812182,13.063609645545917,11.76470588235294,34
1443,"['--ipsccp', '--speculative-execution', '--sccp', '--early-cse', '--mem2reg', '--jump-threading', '--loop-vectorize', '--globalopt', '--elim-avail-extern', '--instcombine', '--adce', '--jump-threading', '--gvn', '--simplifycfg', '--instsimplify', '--inline', '--mergefunc', '--gvn-hoist', '--gvn-hoist', '--instcombine', '--globalopt', '--gvn', '--lowerinvoke', '--ipsccp', '--gvn', '--loop-instsimplify', '--early-cse', '--mem2reg', '--jump-threading', '--globalopt', '--elim-avail-extern', '--instcombine', '--simplifycfg', '--sroa', '--mem2reg', '--globaldce', '--gvn-hoist', '--sccp', '--early-cse', '--lower-constant-intrinsics', '--lower-constant-intrinsics', '--adce', '--slsr', '--gvn-hoist', '--adce', '--loop-simplify', '--dse', '--scalarizer', '--mergereturn', '--scalarizer', '--simplifycfg', '--lower-expect', '--simplifycfg', '--gvn-hoist', '--elim-avail-extern', '--lower-constant-intrinsics', '--gvn', '--ipsccp', '--gvn', '--nary-reassociate', '--gvn', '--early-cse', '--mem2reg', '--jump-threading', '--globalopt', '--slp-vectorizer', '--instcombine', '--simplifycfg', '--sroa', '--early-cse', '--lower-expect', '--sroa', '--gvn', '--lower-expect', '--aggressive-instcombine']",75,-4.410681741359158,0.0,-1.4782546725443533,0.0,1,-4.410681741359158,-1.4782546725443533,0.5008908414855473,-87.30964467005076,15.372848545979522,11.76470588235294,34
663,"['--ipsccp', '--speculative-execution', '--sccp', '--early-cse', '--mem2reg', '--jump-threading', '--globalopt', '--elim-avail-extern', '--instcombine', '--adce', '--jump-threading', '--gvn', '--simplifycfg', '--instsimplify', '--gvn-hoist', '--mergefunc', '--loop-predication', '--instcombine', '--globalopt', '--elim-avail-extern', '--indvars', '--gvn', '--gvn', '--ipsccp', '--gvn', '--nary-reassociate', '--lower-constant-intrinsics', '--loop-instsimplify', '--strip', '--mem2reg', '--elim-avail-extern', '--instcombine', '--simplifycfg', '--sroa', '--mem2reg', '--gvn-hoist', '--sccp', '--early-cse', '--lower-constant-intrinsics', '--adce', '--gvn-hoist', '--adce', '--aggressive-instcombine', '--lower-constant-intrinsics', '--dse', '--newgvn', '--simplifycfg', '--lower-expect', '--simplifycfg', '--gvn-hoist', '--instcombine', '--globalopt', '--gvn', '--gvn', '--ipsccp', '--gvn', '--nary-reassociate', '--lower-constant-intrinsics', '--loop-instsimplify', '--early-cse', '--mem2reg', '--jump-threading', '--globalopt', '--slp-vectorizer', '--instcombine', '--simplifycfg', '--sroa', '--early-cse', '--lower-expect', '--sroa', '--sroa', '--lower-expect', '--globalopt', '--elim-avail-extern', '--lower-expect']",75,-4.412004806690701,0.0,-1.788415543937901,0.0,1,-4.412004806690701,-1.788415543937901,0.5008908414855473,-69.54314720812182,13.059872663843347,11.76470588235294,34
728,"['--ipsccp', '--speculative-execution', '--sccp', '--early-cse', '--mem2reg', '--jump-threading', '--globalopt', '--elim-avail-extern', '--instcombine', '--adce', '--jump-threading', '--gvn', '--simplifycfg', '--instsimplify', '--gvn-hoist', '--mergefunc', '--loop-predication', '--instcombine', '--globalopt', '--elim-avail-extern', '--indvars', '--gvn', '--gvn', '--ipsccp', '--gvn', '--nary-reassociate', '--lower-constant-intrinsics', '--loop-instsimplify', '--strip', '--mem2reg', '--elim-avail-extern', '--instcombine', '--simplifycfg', '--sroa', '--mem2reg', '--gvn-hoist', '--sccp', '--early-cse', '--lower-constant-intrinsics', '--adce', '--gvn-hoist', '--adce', '--aggressive-instcombine', '--dse', '--newgvn', '--simplifycfg', '--lower-expect', '--simplifycfg', '--gvn-hoist', '--instcombine', '--globalopt', '--gvn', '--gvn', '--ipsccp', '--gvn', '--nary-reassociate', '--lower-constant-intrinsics', '--loop-instsimplify', '--early-cse', '--mem2reg', '--jump-threading', '--globalopt', '--slp-vectorizer', '--instcombine', '--simplifycfg', '--sroa', '--early-cse', '--lower-expect', '--sroa', '--sroa', '--lower-expect', '--sroa', '--lower-expect', '--globalopt', '--elim-avail-extern', '--lower-expect']",76,-4.412004806690701,0.0,-1.788415543937901,0.0,1,-4.412004806690701,-1.788415543937901,0.5008908414855473,-69.54314720812182,13.059872663843347,11.76470588235294,34
633,"['--ipsccp', '--speculative-execution', '--sccp', '--early-cse', '--mem2reg', '--jump-threading', '--globalopt', '--elim-avail-extern', '--instcombine', '--adce', '--jump-threading', '--gvn', '--simplifycfg', '--instsimplify', '--gvn-hoist', '--mergefunc', '--gvn-hoist', '--instcombine', '--globalopt', '--elim-avail-extern', '--indvars', '--gvn', '--gvn', '--ipsccp', '--gvn', '--nary-reassociate', '--lower-constant-intrinsics', '--loop-instsimplify', '--strip', '--mem2reg', '--elim-avail-extern', '--instcombine', '--simplifycfg', '--sroa', '--mem2reg', '--gvn-hoist', '--sccp', '--early-cse', '--lower-constant-intrinsics', '--adce', '--gvn-hoist', '--adce', '--aggressive-instcombine', '--lower-constant-intrinsics', '--dse', '--newgvn', '--simplifycfg', '--lower-expect', '--simplifycfg', '--gvn-hoist', '--instcombine', '--globalopt', '--elim-avail-extern', '--gvn', '--gvn', '--ipsccp', '--gvn', '--nary-reassociate', '--lower-constant-intrinsics', '--loop-instsimplify', '--early-cse', '--mem2reg', '--jump-threading', '--globalopt', '--slp-vectorizer', '--instcombine', '--simplifycfg', '--sroa', '--lower-constant-intrinsics', '--early-cse', '--lower-expect', '--sroa', '--lower-expect', '--globalopt', '--elim-avail-extern', '--lower-expect']",76,-4.412004806690701,0.0,-1.788415543937901,0.0,1,-4.412004806690701,-1.788415543937901,0.5008908414855473,-69.54314720812182,13.059872663843347,11.76470588235294,34
595,"['--ipsccp', '--speculative-execution', '--sccp', '--early-cse', '--mem2reg', '--jump-threading', '--globalopt', '--elim-avail-extern', '--instcombine', '--adce', '--jump-threading', '--gvn', '--simplifycfg', '--instsimplify', '--gvn-hoist', '--mergefunc', '--gvn-hoist', '--instcombine', '--globalopt', '--elim-avail-extern', '--indvars', '--gvn', '--gvn', '--ipsccp', '--gvn', '--nary-reassociate', '--lower-constant-intrinsics', '--loop-instsimplify', '--strip', '--mem2reg', '--elim-avail-extern', '--instcombine', '--simplifycfg', '--sroa', '--mem2reg', '--gvn-hoist', '--sccp', '--early-cse', '--lower-constant-intrinsics', '--adce', '--gvn-hoist', '--adce', '--aggressive-instcombine', '--lower-constant-intrinsics', '--dse', '--newgvn', '--simplifycfg', '--lower-expect', '--simplifycfg', '--gvn-hoist', '--instcombine', '--globalopt', '--elim-avail-extern', '--gvn', '--gvn', '--ipsccp', '--gvn', '--nary-reassociate', '--lower-constant-intrinsics', '--loop-instsimplify', '--early-cse', '--mem2reg', '--jump-threading', '--globalopt', '--slp-vectorizer', '--instcombine', '--simplifycfg', '--sroa', '--lower-constant-intrinsics', '--early-cse', '--lower-expect', '--sroa', '--sroa', '--lower-expect', '--globalopt', '--elim-avail-extern', '--lower-expect']",77,-4.412004806690701,0.0,-1.788415543937901,0.0,1,-4.412004806690701,-1.788415543937901,0.5008908414855473,-69.54314720812182,13.059872663843347,11.76470588235294,34
783,"['--ipsccp', '--speculative-execution', '--sccp', '--early-cse', '--mem2reg', '--jump-threading', '--globalopt', '--elim-avail-extern', '--instcombine', '--adce', '--jump-threading', '--gvn', '--simplifycfg', '--instsimplify', '--gvn-hoist', '--mergefunc', '--gvn-hoist', '--instcombine', '--globalopt', '--elim-avail-extern', '--indvars', '--gvn', '--lower-expect', '--ipsccp', '--gvn-hoist', '--nary-reassociate', '--lower-constant-intrinsics', '--loop-instsimplify', '--strip', '--mem2reg', '--jump-threading', '--globalopt', '--elim-avail-extern', '--instcombine', '--simplifycfg', '--sroa', '--mem2reg', '--gvn-hoist', '--sccp', '--early-cse', '--loop-instsimplify', '--adce', '--gvn', '--early-cse', '--lower-constant-intrinsics', '--dse', '--newgvn', '--simplifycfg', '--lower-expect', '--simplifycfg', '--gvn-hoist', '--instcombine', '--globalopt', '--elim-avail-extern', '--gvn', '--ipsccp', '--gvn', '--nary-reassociate', '--lower-constant-intrinsics', '--loop-instsimplify', '--early-cse', '--mem2reg', '--jump-threading', '--mergefunc', '--jump-threading', '--slp-vectorizer', '--instcombine', '--simplifycfg', '--sroa', '--lower-constant-intrinsics', '--aggressive-instcombine', '--lower-expect', '--sroa', '--sroa', '--lower-expect', '--globalopt', '--elim-avail-extern', '--lower-expect']",78,-4.412004806690701,0.0,-1.788415543937901,0.0,1,-4.412004806690701,-1.788415543937901,0.5008908414855473,-69.54314720812182,13.059872663843347,11.76470588235294,34
751,"['--ipsccp', '--speculative-execution', '--sccp', '--early-cse', '--mem2reg', '--jump-threading', '--globalopt', '--elim-avail-extern', '--instcombine', '--adce', '--jump-threading', '--gvn', '--simplifycfg', '--instsimplify', '--gvn-hoist', '--mergefunc', '--gvn-hoist', '--instcombine', '--globalopt', '--elim-avail-extern', '--indvars', '--gvn', '--lower-expect', '--ipsccp', '--gvn-hoist', '--nary-reassociate', '--lower-constant-intrinsics', '--loop-instsimplify', '--strip', '--mem2reg', '--jump-threading', '--globalopt', '--elim-avail-extern', '--instcombine', '--simplifycfg', '--sroa', '--mem2reg', '--gvn-hoist', '--sccp', '--early-cse', '--loop-instsimplify', '--adce', '--gvn', '--aggressive-instcombine', '--lower-constant-intrinsics', '--dse', '--newgvn', '--simplifycfg', '--lower-expect', '--simplifycfg', '--gvn-hoist', '--instcombine', '--globalopt', '--elim-avail-extern', '--gvn', '--ipsccp', '--gvn', '--nary-reassociate', '--lower-constant-intrinsics', '--loop-instsimplify', '--early-cse', '--mem2reg', '--jump-threading', '--globalopt', '--slp-vectorizer', '--instcombine', '--simplifycfg', '--sroa', '--lower-constant-intrinsics', '--early-cse', '--separate-const-offset-from-gep', '--lower-expect', '--sroa', '--sroa', '--lower-expect', '--globalopt', '--elim-avail-extern', '--lower-expect']",78,-4.412004806690701,0.0,-1.788415543937901,0.0,1,-4.412004806690701,-1.788415543937901,0.5008908414855473,-69.54314720812182,13.059872663843347,11.76470588235294,34
699,"['--ipsccp', '--speculative-execution', '--sccp', '--early-cse', '--mem2reg', '--jump-threading', '--globalopt', '--elim-avail-extern', '--instcombine', '--adce', '--jump-threading', '--gvn', '--simplifycfg', '--instsimplify', '--gvn-hoist', '--mergefunc', '--gvn-hoist', '--instcombine', '--globalopt', '--elim-avail-extern', '--indvars', '--gvn', '--gvn', '--ipsccp', '--gvn', '--nary-reassociate', '--lower-constant-intrinsics', '--loop-instsimplify', '--strip', '--mem2reg', '--elim-avail-extern', '--instcombine', '--simplifycfg', '--sroa', '--mem2reg', '--gvn-hoist', '--sccp', '--early-cse', '--lower-constant-intrinsics', '--gvn-hoist', '--adce', '--aggressive-instcombine', '--lower-constant-intrinsics', '--dse', '--newgvn', '--simplifycfg', '--lower-expect', '--simplifycfg', '--gvn-hoist', '--instcombine', '--globalopt', '--elim-avail-extern', '--gvn', '--gvn', '--ipsccp', '--gvn', '--nary-reassociate', '--lower-constant-intrinsics', '--loop-instsimplify', '--early-cse', '--mem2reg', '--jump-threading', '--globalopt', '--slp-vectorizer', '--instcombine', '--simplifycfg', '--sroa', '--lower-constant-intrinsics', '--early-cse', '--lower-expect', '--sroa', '--lower-expect', '--globalopt', '--elim-avail-extern', '--lower-expect']",75,-4.412004806690701,0.0,-1.788415543937901,0.0,1,-4.412004806690701,-1.788415543937901,0.5008908414855473,-69.54314720812182,13.059872663843347,11.76470588235294,34
688,"['--ipsccp', '--speculative-execution', '--sccp', '--early-cse', '--mem2reg', '--jump-threading', '--globalopt', '--elim-avail-extern', '--instcombine', '--adce', '--jump-threading', '--gvn', '--simplifycfg', '--instsimplify', '--gvn-hoist', '--mergefunc', '--gvn-hoist', '--instcombine', '--globalopt', '--elim-avail-extern', '--indvars', '--gvn', '--gvn', '--ipsccp', '--gvn', '--nary-reassociate', '--lower-constant-intrinsics', '--loop-instsimplify', '--strip', '--mem2reg', '--elim-avail-extern', '--instcombine', '--simplifycfg', '--sroa', '--mem2reg', '--gvn-hoist', '--sccp', '--early-cse', '--lower-constant-intrinsics', '--adce', '--gvn-hoist', '--adce', '--aggressive-instcombine', '--lower-constant-intrinsics', '--dse', '--newgvn', '--simplifycfg', '--lower-expect', '--simplifycfg', '--gvn-hoist', '--instcombine', '--globalopt', '--elim-avail-extern', '--gvn', '--gvn', '--ipsccp', '--gvn', '--nary-reassociate', '--lower-constant-intrinsics', '--loop-instsimplify', '--early-cse', '--mem2reg', '--jump-threading', '--slp-vectorizer', '--instcombine', '--simplifycfg', '--sroa', '--lower-constant-intrinsics', '--early-cse', '--lower-expect', '--sroa', '--sroa', '--lower-expect', '--globalopt', '--elim-avail-extern', '--lower-expect']",76,-4.412004806690701,0.0,-1.788415543937901,0.0,1,-4.412004806690701,-1.788415543937901,0.5008908414855473,-69.54314720812182,13.059872663843347,11.76470588235294,34
630,"['--ipsccp', '--speculative-execution', '--sccp', '--early-cse', '--mem2reg', '--jump-threading', '--globalopt', '--elim-avail-extern', '--instcombine', '--dse', '--jump-threading', '--gvn', '--simplifycfg', '--instsimplify', '--gvn-hoist', '--mergefunc', '--gvn-hoist', '--instcombine', '--globalopt', '--elim-avail-extern', '--indvars', '--gvn', '--gvn', '--ipsccp', '--gvn', '--nary-reassociate', '--lower-constant-intrinsics', '--loop-instsimplify', '--strip', '--mem2reg', '--elim-avail-extern', '--instcombine', '--simplifycfg', '--sroa', '--mem2reg', '--gvn-hoist', '--sccp', '--early-cse', '--lower-constant-intrinsics', '--adce', '--gvn-hoist', '--adce', '--aggressive-instcombine', '--lower-constant-intrinsics', '--dse', '--newgvn', '--simplifycfg', '--lower-expect', '--simplifycfg', '--gvn-hoist', '--instcombine', '--globalopt', '--elim-avail-extern', '--gvn', '--gvn', '--ipsccp', '--gvn', '--nary-reassociate', '--lower-constant-intrinsics', '--loop-instsimplify', '--early-cse', '--mem2reg', '--jump-threading', '--globalopt', '--slp-vectorizer', '--instcombine', '--simplifycfg', '--sroa', '--lower-constant-intrinsics', '--early-cse', '--lower-expect', '--sroa', '--sroa', '--lower-expect', '--globalopt', '--elim-avail-extern', '--lower-expect']",77,-4.412004806690701,0.0,-1.788415543937901,0.0,1,-4.412004806690701,-1.788415543937901,0.5008908414855473,-69.54314720812182,13.059872663843347,11.76470588235294,34
738,"['--ipsccp', '--speculative-execution', '--sccp', '--early-cse', '--mem2reg', '--jump-threading', '--globalopt', '--elim-avail-extern', '--instcombine', '--adce', '--jump-threading', '--gvn', '--simplifycfg', '--instsimplify', '--gvn-hoist', '--mergefunc', '--gvn-hoist', '--instcombine', '--globalopt', '--elim-avail-extern', '--indvars', '--gvn', '--gvn', '--ipsccp', '--gvn', '--nary-reassociate', '--lower-constant-intrinsics', '--loop-instsimplify', '--strip', '--mem2reg', '--elim-avail-extern', '--instcombine', '--simplifycfg', '--sroa', '--mem2reg', '--gvn-hoist', '--sccp', '--early-cse', '--lower-constant-intrinsics', '--adce', '--gvn-hoist', '--adce', '--aggressive-instcombine', '--lower-constant-intrinsics', '--dse', '--newgvn', '--simplifycfg', '--lower-expect', '--simplifycfg', '--gvn-hoist', '--instcombine', '--globalopt', '--elim-avail-extern', '--gvn', '--gvn', '--ipsccp', '--gvn', '--nary-reassociate', '--lower-constant-intrinsics', '--loop-instsimplify', '--early-cse', '--mem2reg', '--jump-threading', '--slp-vectorizer', '--instcombine', '--simplifycfg', '--sroa', '--lower-constant-intrinsics', '--early-cse', '--lower-expect', '--sroa', '--sroa', '--lower-expect', '--globalopt', '--elim-avail-extern']",75,-4.412004806690701,0.0,-1.788415543937901,0.0,1,-4.412004806690701,-1.788415543937901,0.5008908414855473,-69.54314720812182,13.059872663843347,11.76470588235294,34
743,"['--ipsccp', '--speculative-execution', '--sccp', '--early-cse', '--mem2reg', '--jump-threading', '--globalopt', '--elim-avail-extern', '--instcombine', '--adce', '--jump-threading', '--gvn', '--simplifycfg', '--instsimplify', '--gvn-hoist', '--mergefunc', '--gvn-hoist', '--instcombine', '--globalopt', '--elim-avail-extern', '--indvars', '--gvn', '--lower-expect', '--ipsccp', '--gvn-hoist', '--nary-reassociate', '--lower-constant-intrinsics', '--loop-instsimplify', '--strip', '--mem2reg', '--jump-threading', '--globalopt', '--elim-avail-extern', '--instcombine', '--simplifycfg', '--sroa', '--mem2reg', '--gvn-hoist', '--sccp', '--early-cse', '--lower-constant-intrinsics', '--adce', '--gvn', '--aggressive-instcombine', '--lower-constant-intrinsics', '--dse', '--newgvn', '--simplifycfg', '--lower-expect', '--simplifycfg', '--gvn-hoist', '--instcombine', '--globalopt', '--elim-avail-extern', '--gvn', '--gvn', '--ipsccp', '--gvn', '--nary-reassociate', '--lower-constant-intrinsics', '--loop-instsimplify', '--early-cse', '--sink', '--mem2reg', '--jump-threading', '--globalopt', '--slp-vectorizer', '--instcombine', '--simplifycfg', '--sroa', '--lower-constant-intrinsics', '--early-cse', '--lower-expect', '--lower-expect', '--elim-avail-extern', '--elim-avail-extern', '--lower-expect', '--slsr']",78,-4.4127995598171434,0.0,-1.7891245142504255,0.0,1,-4.4127995598171434,-1.7891245142504255,0.5008908414855473,-69.54314720812182,13.062502917763833,11.76470588235294,34
2548,"['--ipsccp', '--speculative-execution', '--sccp', '--lower-constant-intrinsics', '--early-cse', '--mem2reg', '--jump-threading', '--globalopt', '--elim-avail-extern', '--instcombine', '--loop-instsimplify', '--jump-threading', '--gvn', '--lower-expect', '--instsimplify', '--inline', '--mergefunc', '--gvn-hoist', '--instcombine', '--globalopt', '--elim-avail-extern', '--loweratomic', '--indvars', '--indvars', '--gvn', '--gvn', '--ipsccp', '--gvn', '--nary-reassociate', '--adce', '--early-cse', '--mem2reg', '--jump-threading', '--globalopt', '--elim-avail-extern', '--instcombine', '--simplifycfg', '--sroa', '--mem2reg', '--globaldce', '--gvn-hoist', '--sccp', '--early-cse', '--lower-constant-intrinsics', '--adce', '--slsr', '--gvn-hoist', '--adce', '--loop-simplify', '--dse', '--scalarizer', '--bdce', '--adce', '--loop-simplify', '--scalarizer', '--simplifycfg', '--mergereturn', '--lower-expect', '--ipsccp', '--gvn', '--nary-reassociate', '--gvn', '--early-cse', '--mem2reg', '--jump-threading', '--globalopt', '--slp-vectorizer', '--instcombine', '--simplifycfg', '--sroa', '--early-cse', '--simplifycfg', '--sroa', '--sroa', '--lower-expect', '--aggressive-instcombine']",76,-4.413088883947927,0.0,-1.7125943581851282,0.0,1,-4.413088883947927,-1.7125943581851282,0.5620873773639496,-67.00507614213198,13.6393723295614,11.76470588235294,34
2651,"['--ipsccp', '--speculative-execution', '--simplifycfg', '--lower-constant-intrinsics', '--early-cse', '--mem2reg', '--jump-threading', '--globalopt', '--elim-avail-extern', '--instcombine', '--loop-instsimplify', '--jump-threading', '--gvn', '--sccp', '--instsimplify', '--inline', '--mergefunc', '--mergefunc', '--gvn-hoist', '--globalopt', '--elim-avail-extern', '--loweratomic', '--indvars', '--indvars', '--gvn', '--gvn', '--ipsccp', '--gvn', '--nary-reassociate', '--adce', '--early-cse', '--mem2reg', '--jump-threading', '--simplifycfg', '--elim-avail-extern', '--instcombine', '--globalopt', '--sroa', '--mem2reg', '--globaldce', '--sccp', '--early-cse', '--lower-constant-intrinsics', '--adce', '--slsr', '--gvn-hoist', '--adce', '--ipsccp', '--dse', '--scalarizer', '--adce', '--loop-simplify', '--dse', '--scalarizer', '--simplifycfg', '--mergereturn', '--lower-expect', '--elim-avail-extern', '--lower-constant-intrinsics', '--loop-simplify', '--nary-reassociate', '--gvn', '--jump-threading', '--globalopt', '--correlated-propagation', '--slp-vectorizer', '--instcombine', '--slp-vectorizer', '--instcombine', '--simplifycfg', '--sroa', '--early-cse', '--lower-expect', '--sroa', '--sroa', '--aggressive-instcombine']",76,-4.413088883947927,0.0,-1.7125943581851282,0.0,1,-4.413088883947927,-1.7125943581851282,0.5620873773639496,-67.00507614213198,13.6393723295614,11.76470588235294,34
2402,"['--ipsccp', '--speculative-execution', '--sccp', '--lower-constant-intrinsics', '--early-cse', '--mem2reg', '--jump-threading', '--globalopt', '--elim-avail-extern', '--instcombine', '--loop-instsimplify', '--gvn', '--adce', '--instsimplify', '--loop-versioning-licm', '--instsimplify', '--inline', '--mergefunc', '--gvn-hoist', '--instcombine', '--globalopt', '--elim-avail-extern', '--loweratomic', '--indvars', '--indvars', '--gvn', '--gvn', '--ipsccp', '--gvn', '--nary-reassociate', '--early-cse', '--mem2reg', '--jump-threading', '--globalopt', '--elim-avail-extern', '--instcombine', '--simplifycfg', '--sroa', '--mem2reg', '--globaldce', '--gvn-hoist', '--sccp', '--early-cse', '--lower-constant-intrinsics', '--aggressive-instcombine', '--slsr', '--nary-reassociate', '--simplifycfg', '--loop-simplify', '--dse', '--scalarizer', '--adce', '--loop-simplify', '--dse', '--scalarizer', '--simplifycfg', '--lower-expect', '--elim-avail-extern', '--lower-constant-intrinsics', '--ipsccp', '--gvn-hoist', '--gvn', '--jump-threading', '--globalopt', '--slp-vectorizer', '--instcombine', '--slp-vectorizer', '--instcombine', '--simplifycfg', '--sroa', '--early-cse', '--early-cse', '--lower-expect', '--adce']",74,-4.413088883947927,0.0,-1.7125943581851282,0.0,1,-4.413088883947927,-1.7125943581851282,0.5620873773639496,-67.00507614213198,13.6393723295614,11.76470588235294,34
2615,"['--ipsccp', '--speculative-execution', '--sccp', '--early-cse', '--mem2reg', '--sroa', '--globalopt', '--elim-avail-extern', '--instcombine', '--loop-instsimplify', '--jump-threading', '--gvn', '--instsimplify', '--inline', '--mergefunc', '--gvn-hoist', '--mergefunc', '--gvn-hoist', '--globalopt', '--elim-avail-extern', '--loweratomic', '--indvars', '--indvars', '--gvn', '--gvn', '--ipsccp', '--gvn', '--nary-reassociate', '--adce', '--early-cse', '--mem2reg', '--jump-threading', '--simplifycfg', '--elim-avail-extern', '--instcombine', '--globalopt', '--sroa', '--mem2reg', '--globaldce', '--gvn-hoist', '--sccp', '--early-cse', '--lower-constant-intrinsics', '--adce', '--slsr', '--gvn-hoist', '--adce', '--loop-simplify', '--dse', '--scalarizer', '--adce', '--loop-simplify', '--scalarizer', '--simplifycfg', '--mergereturn', '--lower-expect', '--ipsccp', '--gvn', '--nary-reassociate', '--gvn', '--early-cse', '--mem2reg', '--jump-threading', '--globalopt', '--slp-vectorizer', '--instcombine', '--simplifycfg', '--sroa', '--early-cse', '--lower-expect', '--sroa', '--sroa', '--lower-expect', '--lower-expect', '--sroa', '--lower-expect', '--aggressive-instcombine']",77,-4.413088883947927,0.0,-1.7125943581851282,0.0,1,-4.413088883947927,-1.7125943581851282,0.5620873773639496,-67.00507614213198,13.6393723295614,11.76470588235294,34
2414,"['--ipsccp', '--speculative-execution', '--sccp', '--simplifycfg', '--early-cse', '--mem2reg', '--jump-threading', '--globalopt', '--elim-avail-extern', '--instcombine', '--loop-instsimplify', '--jump-threading', '--gvn', '--lower-constant-intrinsics', '--instsimplify', '--inline', '--mergefunc', '--gvn-hoist', '--instcombine', '--globalopt', '--elim-avail-extern', '--loweratomic', '--indvars', '--indvars', '--gvn', '--gvn', '--ipsccp', '--gvn', '--nary-reassociate', '--adce', '--early-cse', '--mem2reg', '--jump-threading', '--globalopt', '--elim-avail-extern', '--instcombine', '--simplifycfg', '--sroa', '--mem2reg', '--globaldce', '--gvn-hoist', '--sccp', '--early-cse', '--lower-constant-intrinsics', '--adce', '--slsr', '--gvn-hoist', '--adce', '--gvn-hoist', '--adce', '--loop-simplify', '--dse', '--scalarizer', '--simplifycfg', '--lower-expect', '--simplifycfg', '--elim-avail-extern', '--lower-constant-intrinsics', '--ipsccp', '--nary-reassociate', '--gvn', '--early-cse', '--loop-guard-widening', '--jump-threading', '--globalopt', '--slp-vectorizer', '--instcombine', '--slp-vectorizer', '--instcombine', '--simplifycfg', '--sroa', '--early-cse', '--early-cse', '--lower-expect', '--aggressive-instcombine']",75,-4.413088883947927,0.0,-1.7125943581851282,0.0,1,-4.413088883947927,-1.7125943581851282,0.5620873773639496,-67.00507614213198,13.6393723295614,11.76470588235294,34
2442,"['--ipsccp', '--speculative-execution', '--sccp', '--lower-constant-intrinsics', '--early-cse', '--mem2reg', '--jump-threading', '--globalopt', '--elim-avail-extern', '--instcombine', '--loop-instsimplify', '--gvn', '--instsimplify', '--inline', '--mergefunc', '--gvn-hoist', '--gvn-hoist', '--instcombine', '--globalopt', '--elim-avail-extern', '--loweratomic', '--indvars', '--indvars', '--gvn', '--gvn', '--ipsccp', '--gvn', '--nary-reassociate', '--adce', '--early-cse', '--mem2reg', '--jump-threading', '--globalopt', '--elim-avail-extern', '--instcombine', '--simplifycfg', '--sroa', '--mem2reg', '--globaldce', '--gvn-hoist', '--sccp', '--early-cse', '--lower-constant-intrinsics', '--adce', '--slsr', '--gvn-hoist', '--adce', '--loop-simplify', '--dse', '--scalarizer', '--adce', '--loop-simplify', '--dse', '--scalarizer', '--simplifycfg', '--mergereturn', '--lower-expect', '--elim-avail-extern', '--nary-reassociate', '--gvn', '--early-cse', '--loop-guard-widening', '--jump-threading', '--globalopt', '--slp-vectorizer', '--instcombine', '--slp-vectorizer', '--instcombine', '--simplifycfg', '--early-cse', '--lower-expect', '--sroa', '--lower-expect', '--aggressive-instcombine']",74,-4.413088883947927,0.0,-1.7125943581851282,0.0,1,-4.413088883947927,-1.7125943581851282,0.5620873773639496,-67.00507614213198,13.6393723295614,11.76470588235294,34
2448,"['--ipsccp', '--speculative-execution', '--sccp', '--lower-constant-intrinsics', '--early-cse', '--mem2reg', '--jump-threading', '--globalopt', '--elim-avail-extern', '--instcombine', '--loop-instsimplify', '--jump-threading', '--gvn', '--instsimplify', '--inline', '--inline', '--mergefunc', '--gvn-hoist', '--instcombine', '--globalopt', '--elim-avail-extern', '--loweratomic', '--indvars', '--indvars', '--gvn', '--gvn', '--ipsccp', '--gvn', '--nary-reassociate', '--mem2reg', '--jump-threading', '--correlated-propagation', '--mem2reg', '--memcpyopt', '--globalopt', '--jump-threading', '--bdce', '--elim-avail-extern', '--instcombine', '--simplifycfg', '--sroa', '--lower-constant-intrinsics', '--adce', '--slsr', '--gvn-hoist', '--adce', '--loop-simplify', '--adce', '--loop-simplify', '--dse', '--scalarizer', '--dce', '--simplifycfg', '--lower-expect', '--simplifycfg', '--elim-avail-extern', '--lower-constant-intrinsics', '--lower-constant-intrinsics', '--ipsccp', '--nary-reassociate', '--adce', '--early-cse', '--loop-guard-widening', '--jump-threading', '--slp-vectorizer', '--instcombine', '--slp-vectorizer', '--instcombine', '--instcombine', '--simplifycfg', '--sroa', '--early-cse', '--elim-avail-extern', '--lower-expect', '--sroa', '--sroa', '--aggressive-instcombine']",77,-4.413088883947927,0.0,-1.7125943581851282,0.0,1,-4.413088883947927,-1.7125943581851282,0.5620873773639496,-67.00507614213198,13.6393723295614,11.76470588235294,34
1037,"['--ipsccp', '--speculative-execution', '--sccp', '--early-cse', '--mem2reg', '--jump-threading', '--globalopt', '--elim-avail-extern', '--instcombine', '--adce', '--jump-threading', '--gvn', '--simplifycfg', '--instsimplify', '--gvn-hoist', '--mergefunc', '--gvn-hoist', '--instcombine', '--globalopt', '--elim-avail-extern', '--indvars', '--gvn', '--gvn', '--ipsccp', '--gvn', '--nary-reassociate', '--lower-constant-intrinsics', '--loop-instsimplify', '--strip', '--mem2reg', '--gvn', '--globalopt', '--memcpyopt', '--elim-avail-extern', '--simplifycfg', '--sroa', '--mem2reg', '--gvn-hoist', '--sccp', '--early-cse', '--lower-constant-intrinsics', '--adce', '--gvn-hoist', '--adce', '--lower-constant-intrinsics', '--dse', '--newgvn', '--lower-expect', '--simplifycfg', '--gvn-hoist', '--instcombine', '--globalopt', '--elim-avail-extern', '--lower-constant-intrinsics', '--gvn', '--ipsccp', '--gvn', '--nary-reassociate', '--jump-threading', '--early-cse', '--mem2reg', '--jump-threading', '--globalopt', '--slp-vectorizer', '--instcombine', '--simplifycfg', '--sroa', '--early-cse', '--lower-expect', '--sroa', '--sroa', '--lower-expect', '--aggressive-instcombine']",73,-4.417128900224146,0.0,-1.7954183450583494,0.0,1,-4.417128900224146,-1.7954183450583494,0.46675377468060397,-69.54314720812182,13.05859259077443,11.76470588235294,34
759,"['--ipsccp', '--speculative-execution', '--sccp', '--early-cse', '--mem2reg', '--jump-threading', '--globalopt', '--elim-avail-extern', '--instcombine', '--adce', '--jump-threading', '--gvn', '--simplifycfg', '--instsimplify', '--gvn-hoist', '--mergefunc', '--gvn-hoist', '--instcombine', '--globalopt', '--elim-avail-extern', '--indvars', '--gvn', '--gvn', '--ipsccp', '--gvn', '--nary-reassociate', '--lower-constant-intrinsics', '--loop-instsimplify', '--strip', '--mem2reg', '--elim-avail-extern', '--instcombine', '--simplifycfg', '--sroa', '--mem2reg', '--gvn-hoist', '--sccp', '--early-cse', '--lower-constant-intrinsics', '--adce', '--gvn-hoist', '--adce', '--aggressive-instcombine', '--lower-constant-intrinsics', '--dse', '--newgvn', '--simplifycfg', '--lower-expect', '--simplifycfg', '--gvn-hoist', '--instcombine', '--globalopt', '--elim-avail-extern', '--gvn', '--gvn', '--ipsccp', '--gvn', '--nary-reassociate', '--lower-constant-intrinsics', '--loop-instsimplify', '--early-cse', '--mem2reg', '--jump-threading', '--globalopt', '--slp-vectorizer', '--instcombine', '--simplifycfg', '--sroa', '--lower-constant-intrinsics', '--early-cse', '--lower-expect', '--sroa', '--jump-threading', '--lower-expect', '--globalopt', '--elim-avail-extern', '--gvn']",77,-4.418167226550175,0.0,-1.798027231750281,0.0,1,-4.418167226550175,-1.798027231750281,0.5008908414855473,-69.54314720812182,13.04940920384523,11.76470588235294,34
712,"['--ipsccp', '--speculative-execution', '--sccp', '--early-cse', '--mem2reg', '--jump-threading', '--globalopt', '--elim-avail-extern', '--instcombine', '--adce', '--jump-threading', '--gvn', '--simplifycfg', '--instsimplify', '--gvn-hoist', '--mergefunc', '--gvn-hoist', '--instcombine', '--globalopt', '--elim-avail-extern', '--indvars', '--gvn', '--gvn', '--ipsccp', '--gvn', '--nary-reassociate', '--lower-constant-intrinsics', '--loop-instsimplify', '--strip', '--mem2reg', '--elim-avail-extern', '--instcombine', '--simplifycfg', '--sroa', '--mem2reg', '--gvn-hoist', '--sccp', '--early-cse', '--lower-constant-intrinsics', '--adce', '--gvn-hoist', '--adce', '--aggressive-instcombine', '--lower-constant-intrinsics', '--dse', '--newgvn', '--simplifycfg', '--lower-expect', '--simplifycfg', '--gvn-hoist', '--instcombine', '--globalopt', '--elim-avail-extern', '--gvn', '--gvn', '--ipsccp', '--gvn', '--nary-reassociate', '--lower-constant-intrinsics', '--loop-instsimplify', '--early-cse', '--mem2reg', '--jump-threading', '--globalopt', '--slp-vectorizer', '--instcombine', '--simplifycfg', '--sroa', '--lower-constant-intrinsics', '--early-cse', '--lower-expect', '--sroa', '--sroa', '--lower-expect', '--globalopt', '--elim-avail-extern', '--gvn']",77,-4.418167226550175,0.0,-1.798027231750281,0.0,1,-4.418167226550175,-1.798027231750281,0.5008908414855473,-69.54314720812182,13.04940920384523,11.76470588235294,34
2316,"['--simplifycfg', '--speculative-execution', '--sccp', '--early-cse', '--mem2reg', '--jump-threading', '--globalopt', '--elim-avail-extern', '--instcombine', '--loop-instsimplify', '--jump-threading', '--gvn', '--simplifycfg', '--instsimplify', '--inline', '--mergefunc', '--gvn-hoist', '--instcombine', '--globalopt', '--elim-avail-extern', '--indvars', '--indvars', '--gvn', '--gvn', '--lowerinvoke', '--ipsccp', '--gvn', '--nary-reassociate', '--loop-instsimplify', '--early-cse', '--mem2reg', '--jump-threading', '--jump-threading', '--bdce', '--bdce', '--elim-avail-extern', '--instcombine', '--simplifycfg', '--sroa', '--mem2reg', '--loop-rotate', '--gvn-hoist', '--sccp', '--early-cse', '--lower-constant-intrinsics', '--adce', '--slsr', '--gvn-hoist', '--adce', '--loop-simplify', '--lower-constant-intrinsics', '--dse', '--scalarizer', '--scalarizer', '--simplifycfg', '--lower-expect', '--simplifycfg', '--elim-avail-extern', '--lower-constant-intrinsics', '--ipsccp', '--gvn', '--nary-reassociate', '--gvn', '--early-cse', '--loop-guard-widening', '--jump-threading', '--globalopt', '--slp-vectorizer', '--instcombine', '--slp-vectorizer', '--instcombine', '--simplifycfg', '--sroa', '--early-cse', '--lower-expect', '--aggressive-instcombine']",76,-4.423794827377746,0.0,-1.2027569829844338,0.0,1,-4.423794827377746,-1.2027569829844338,0.43655874448557375,-73.60406091370558,13.15844737198244,14.705882352941178,34
903,"['--ipsccp', '--speculative-execution', '--sccp', '--early-cse', '--mem2reg', '--jump-threading', '--globalopt', '--elim-avail-extern', '--instcombine', '--adce', '--jump-threading', '--gvn', '--simplifycfg', '--jump-threading', '--inline', '--gvn-hoist', '--mergefunc', '--gvn-hoist', '--instcombine', '--globalopt', '--elim-avail-extern', '--indvars', '--gvn', '--gvn', '--ipsccp', '--gvn', '--nary-reassociate', '--loop-instsimplify', '--early-cse', '--mem2reg', '--jump-threading', '--globalopt', '--elim-avail-extern', '--instcombine', '--simplifycfg', '--sroa', '--mem2reg', '--gvn-hoist', '--sccp', '--early-cse', '--lower-constant-intrinsics', '--adce', '--gvn-hoist', '--adce', '--lower-constant-intrinsics', '--dse', '--newgvn', '--lower-expect', '--simplifycfg', '--gvn-hoist', '--instcombine', '--globalopt', '--elim-avail-extern', '--gvn', '--gvn', '--ipsccp', '--gvn', '--nary-reassociate', '--lower-constant-intrinsics', '--early-cse', '--nary-reassociate', '--loop-instsimplify', '--early-cse', '--jump-threading', '--slsr', '--globalopt', '--slp-vectorizer', '--instcombine', '--simplifycfg', '--sroa', '--lower-constant-intrinsics', '--early-cse', '--lower-expect', '--sroa', '--sroa', '--lower-expect', '--globalopt', '--elim-avail-extern', '--lower-expect']",79,-4.427666211387383,0.0,-1.844396471922602,0.0,1,-4.427666211387383,-1.844396471922602,0.0,-68.52791878172589,12.796629750924899,11.76470588235294,34
1711,"['--ipsccp', '--speculative-execution', '--sccp', '--sccp', '--early-cse', '--mem2reg', '--jump-threading', '--elim-avail-extern', '--instcombine', '--adce', '--loop-interchange', '--aggressive-instcombine', '--gvn', '--early-cse', '--instsimplify', '--inline', '--mergefunc', '--gvn-hoist', '--gvn-hoist', '--instcombine', '--globalopt', '--elim-avail-extern', '--indvars', '--elim-avail-extern', '--indvars', '--gvn', '--gvn', '--ipsccp', '--gvn', '--nary-reassociate', '--loop-instsimplify', '--early-cse', '--mem2reg', '--jump-threading', '--globalopt', '--elim-avail-extern', '--instcombine', '--simplifycfg', '--sroa', '--globaldce', '--gvn-hoist', '--sccp', '--early-cse', '--lower-constant-intrinsics', '--slsr', '--gvn-hoist', '--adce', '--loop-fusion', '--loop-simplify', '--dse', '--scalarizer', '--simplifycfg', '--lower-expect', '--simplifycfg', '--elim-avail-extern', '--lower-constant-intrinsics', '--ipsccp', '--gvn', '--nary-reassociate', '--gvn', '--early-cse', '--mem2reg', '--jump-threading', '--globalopt', '--slp-vectorizer', '--instcombine', '--simplifycfg', '--sroa', '--early-cse', '--lower-expect', '--sroa', '--sroa', '--lower-expect', '--aggressive-instcombine']",74,-4.427825563767301,0.0,-1.7326478341209572,0.0,1,-4.427825563767301,-1.7326478341209572,0.5008908414855473,-67.00507614213198,13.63633805823642,11.76470588235294,34
1876,"['--ipsccp', '--speculative-execution', '--sccp', '--early-cse', '--mem2reg', '--jump-threading', '--globalopt', '--elim-avail-extern', '--instcombine', '--loop-instsimplify', '--jump-threading', '--gvn', '--lower-constant-intrinsics', '--instsimplify', '--inline', '--mergefunc', '--gvn-hoist', '--tailcallelim', '--globalopt', '--elim-avail-extern', '--indvars', '--indvars', '--gvn', '--gvn', '--gvn', '--gvn', '--ipsccp', '--gvn', '--nary-reassociate', '--loop-instsimplify', '--early-cse', '--mem2reg', '--hotcoldsplit', '--jump-threading', '--globalopt', '--elim-avail-extern', '--instcombine', '--simplifycfg', '--sroa', '--mem2reg', '--globaldce', '--gvn-hoist', '--sccp', '--early-cse', '--lower-constant-intrinsics', '--adce', '--slsr', '--gvn-hoist', '--adce', '--loop-simplify', '--dse', '--scalarizer', '--simplifycfg', '--lower-expect', '--simplifycfg', '--elim-avail-extern', '--simplifycfg', '--ipsccp', '--gvn', '--nary-reassociate', '--gvn', '--early-cse', '--mem2reg', '--jump-threading', '--globalopt', '--slp-vectorizer', '--instcombine', '--simplifycfg', '--early-cse', '--lower-expect', '--sroa', '--sroa', '--lower-expect', '--aggressive-instcombine']",74,-4.427825563767301,0.0,-1.7326478341209572,0.0,1,-4.427825563767301,-1.7326478341209572,0.5008908414855473,-67.00507614213198,13.63633805823642,11.76470588235294,34
2132,"['--ipsccp', '--speculative-execution', '--sccp', '--early-cse', '--mem2reg', '--mem2reg', '--jump-threading', '--globalopt', '--elim-avail-extern', '--instcombine', '--loop-instsimplify', '--jump-threading', '--gvn', '--adce', '--instsimplify', '--inline', '--mergefunc', '--gvn-hoist', '--instcombine', '--globalopt', '--elim-avail-extern', '--indvars', '--indvars', '--gvn', '--gvn', '--ipsccp', '--gvn', '--nary-reassociate', '--adce', '--early-cse', '--mem2reg', '--jump-threading', '--loop-guard-widening', '--globalopt', '--elim-avail-extern', '--instcombine', '--simplifycfg', '--sroa', '--globaldce', '--gvn-hoist', '--sccp', '--early-cse', '--lower-constant-intrinsics', '--simplifycfg', '--slsr', '--gvn-hoist', '--adce', '--loop-simplify', '--dse', '--scalarizer', '--adce', '--loop-simplify', '--dse', '--scalarizer', '--simplifycfg', '--mergereturn', '--lower-expect', '--elim-avail-extern', '--lower-constant-intrinsics', '--ipsccp', '--nary-reassociate', '--gvn', '--jump-threading', '--globalopt', '--slp-vectorizer', '--instcombine', '--slp-vectorizer', '--instcombine', '--simplifycfg', '--sroa', '--early-cse', '--lower-expect', '--sroa', '--sroa', '--aggressive-instcombine']",75,-4.427825563767301,0.0,-1.7326478341209572,0.0,1,-4.427825563767301,-1.7326478341209572,0.5008908414855473,-67.00507614213198,13.63633805823642,11.76470588235294,34
1744,"['--ipsccp', '--speculative-execution', '--sccp', '--early-cse', '--mergefunc', '--ipsccp', '--mem2reg', '--jump-threading', '--globalopt', '--elim-avail-extern', '--instcombine', '--loop-instsimplify', '--jump-threading', '--gvn', '--inline', '--mergefunc', '--gvn-hoist', '--gvn-hoist', '--instcombine', '--globalopt', '--elim-avail-extern', '--indvars', '--elim-avail-extern', '--indvars', '--gvn', '--gvn', '--ipsccp', '--gvn', '--nary-reassociate', '--loop-instsimplify', '--early-cse', '--mem2reg', '--jump-threading', '--globalopt', '--elim-avail-extern', '--instcombine', '--simplifycfg', '--sroa', '--mem2reg', '--globaldce', '--gvn-hoist', '--sccp', '--early-cse', '--lower-constant-intrinsics', '--adce', '--slsr', '--gvn-hoist', '--adce', '--loop-simplify', '--dse', '--scalarizer', '--simplifycfg', '--lower-expect', '--simplifycfg', '--elim-avail-extern', '--lower-constant-intrinsics', '--ipsccp', '--gvn', '--nary-reassociate', '--gvn', '--early-cse', '--mem2reg', '--jump-threading', '--globalopt', '--slp-vectorizer', '--instcombine', '--mem2reg', '--simplifycfg', '--sroa', '--early-cse', '--lower-expect', '--sroa', '--mem2reg', '--sroa', '--aggressive-instcombine']",75,-4.427825563767301,0.0,-1.7326478341209572,0.0,1,-4.427825563767301,-1.7326478341209572,0.5008908414855473,-67.00507614213198,13.63633805823642,11.76470588235294,34
2619,"['--ipsccp', '--speculative-execution', '--sccp', '--lower-constant-intrinsics', '--globalopt', '--mem2reg', '--jump-threading', '--early-cse', '--elim-avail-extern', '--instcombine', '--loop-instsimplify', '--jump-threading', '--gvn', '--simplifycfg', '--instsimplify', '--inline', '--mergefunc', '--gvn-hoist', '--instcombine', '--globalopt', '--elim-avail-extern', '--loweratomic', '--indvars', '--indvars', '--gvn', '--gvn', '--ipsccp', '--gvn', '--nary-reassociate', '--mem2reg', '--jump-threading', '--correlated-propagation', '--mem2reg', '--memcpyopt', '--jump-threading', '--bdce', '--elim-avail-extern', '--instcombine', '--memcpyopt', '--simplifycfg', '--sroa', '--lower-constant-intrinsics', '--adce', '--slsr', '--gvn-hoist', '--adce', '--loop-simplify', '--adce', '--loop-simplify', '--dse', '--scalarizer', '--scalarizer', '--simplifycfg', '--lower-expect', '--simplifycfg', '--elim-avail-extern', '--lower-constant-intrinsics', '--lower-constant-intrinsics', '--ipsccp', '--nary-reassociate', '--adce', '--early-cse', '--elim-avail-extern', '--gvn', '--jump-threading', '--globalopt', '--slp-vectorizer', '--instcombine', '--slp-vectorizer', '--instcombine', '--simplifycfg', '--sroa', '--simplifycfg', '--sroa', '--early-cse', '--lower-expect', '--aggressive-instcombine']",77,-4.435135418103402,0.0,-1.7436357985079594,0.0,1,-4.435135418103402,-1.7436357985079594,0.5620873773639496,-67.00507614213198,13.627026868694914,11.76470588235294,34
1522,"['--ipsccp', '--speculative-execution', '--sccp', '--early-cse', '--mem2reg', '--jump-threading', '--globalopt', '--elim-avail-extern', '--instcombine', '--adce', '--jump-threading', '--gvn', '--loop-sink', '--instsimplify', '--inline', '--mergefunc', '--gvn-hoist', '--instcombine', '--globalopt', '--hotcoldsplit', '--indvars', '--indvars', '--gvn', '--gvn', '--ipsccp', '--gvn', '--nary-reassociate', '--loop-instsimplify', '--early-cse', '--mem2reg', '--jump-threading', '--globalopt', '--elim-avail-extern', '--instcombine', '--simplifycfg', '--sroa', '--mem2reg', '--gvn', '--gvn-hoist', '--sccp', '--early-cse', '--lower-constant-intrinsics', '--adce', '--adce', '--loop-simplify', '--dse', '--scalarizer', '--ipconstprop', '--scalarizer', '--simplifycfg', '--lower-expect', '--simplifycfg', '--gvn-hoist', '--elim-avail-extern', '--lower-constant-intrinsics', '--gvn', '--ipsccp', '--gvn', '--nary-reassociate', '--gvn', '--early-cse', '--mem2reg', '--jump-threading', '--globalopt', '--slp-vectorizer', '--instcombine', '--simplifycfg', '--sroa', '--early-cse', '--lower-expect', '--sroa', '--lower-expect', '--aggressive-instcombine']",73,-4.436530501175031,0.0,-1.744726587593599,0.0,1,-4.436530501175031,-1.744726587593599,0.5008908414855473,-67.00507614213198,13.6327967812689,11.76470588235294,34
983,"['--ipsccp', '--speculative-execution', '--sccp', '--early-cse', '--mem2reg', '--jump-threading', '--globalopt', '--elim-avail-extern', '--instcombine', '--adce', '--jump-threading', '--gvn', '--simplifycfg', '--instsimplify', '--inline', '--gvn-hoist', '--mergefunc', '--gvn-hoist', '--instcombine', '--globalopt', '--elim-avail-extern', '--indvars', '--gvn', '--ipsccp', '--gvn', '--nary-reassociate', '--lower-constant-intrinsics', '--loop-instsimplify', '--strip', '--mem2reg', '--jump-threading', '--globalopt', '--elim-avail-extern', '--simplifycfg', '--sroa', '--mem2reg', '--gvn-hoist', '--sccp', '--early-cse', '--loweratomic', '--adce', '--gvn-hoist', '--gvn-hoist', '--adce', '--loop-simplify', '--dse', '--newgvn', '--simplifycfg', '--lower-expect', '--simplifycfg', '--gvn-hoist', '--instcombine', '--globalopt', '--elim-avail-extern', '--gvn', '--gvn', '--ipsccp', '--gvn', '--nary-reassociate', '--lower-constant-intrinsics', '--loop-instsimplify', '--early-cse', '--jump-threading', '--slsr', '--globalopt', '--slp-vectorizer', '--sccp', '--instcombine', '--simplifycfg', '--sroa', '--lower-constant-intrinsics', '--early-cse', '--lower-expect', '--sroa', '--sroa', '--lower-expect', '--globalopt', '--elim-avail-extern', '--mergereturn', '--lower-expect']",80,-4.441637632366802,0.0,-1.3519089650590002,0.0,1,-4.441637632366802,-1.3519089650590002,0.0,-68.52791878172589,12.218235556313745,14.705882352941178,34
1536,"['--ipsccp', '--speculative-execution', '--sccp', '--early-cse', '--mem2reg', '--jump-threading', '--globalopt', '--elim-avail-extern', '--instcombine', '--loop-instsimplify', '--jump-threading', '--gvn', '--nary-reassociate', '--instsimplify', '--inline', '--mergefunc', '--gvn-hoist', '--instcombine', '--globalopt', '--elim-avail-extern', '--indvars', '--indvars', '--gvn', '--gvn', '--ipsccp', '--gvn', '--nary-reassociate', '--adce', '--early-cse', '--loop-instsimplify', '--early-cse', '--mem2reg', '--jump-threading', '--globalopt', '--elim-avail-extern', '--instcombine', '--simplifycfg', '--sroa', '--mem2reg', '--globaldce', '--gvn-hoist', '--sccp', '--early-cse', '--lower-constant-intrinsics', '--adce', '--slsr', '--gvn-hoist', '--adce', '--loop-simplify', '--dse', '--scalarizer', '--simplifycfg', '--lower-expect', '--simplifycfg', '--elim-avail-extern', '--lower-constant-intrinsics', '--gvn', '--simplifycfg', '--gvn', '--early-cse', '--mem2reg', '--jump-threading', '--globalopt', '--slp-vectorizer', '--instcombine', '--simplifycfg', '--sroa', '--early-cse', '--lower-expect', '--sroa', '--sroa', '--lower-expect', '--simplifycfg', '--aggressive-instcombine']",74,-4.446177530532801,0.0,-1.7475776639208975,0.0,1,-4.446177530532801,-1.7475776639208975,0.5008908414855473,-67.51269035532995,13.707884002391873,11.76470588235294,34
2629,"['--ipsccp', '--speculative-execution', '--sccp', '--early-cse', '--mem2reg', '--jump-threading', '--globalopt', '--jump-threading', '--instcombine', '--elim-avail-extern', '--gvn', '--licm', '--instsimplify', '--inline', '--mergefunc', '--loop-versioning-licm', '--gvn-hoist', '--instcombine', '--globalopt', '--elim-avail-extern', '--loweratomic', '--loweratomic', '--indvars', '--indvars', '--gvn', '--gvn', '--ipsccp', '--gvn', '--nary-reassociate', '--mem2reg', '--jump-threading', '--correlated-propagation', '--mem2reg', '--memcpyopt', '--globalopt', '--jump-threading', '--bdce', '--elim-avail-extern', '--instcombine', '--memcpyopt', '--simplifycfg', '--sroa', '--lower-constant-intrinsics', '--adce', '--slsr', '--gvn-hoist', '--adce', '--loop-simplify', '--adce', '--loop-simplify', '--dse', '--scalarizer', '--scalarizer', '--simplifycfg', '--lower-expect', '--simplifycfg', '--mergereturn', '--lower-expect', '--elim-avail-extern', '--loop-deletion', '--lower-constant-intrinsics', '--ipsccp', '--nary-reassociate', '--gvn', '--die', '--globalopt', '--slp-vectorizer', '--instcombine', '--slp-vectorizer', '--instcombine', '--simplifycfg', '--sroa', '--early-cse', '--early-cse', '--lower-expect', '--aggressive-instcombine']",76,-4.44795699737067,0.0,-1.7508052682271917,0.0,1,-4.44795699737067,-1.7508052682271917,0.5620873773639496,-67.51269035532995,13.701471638473349,11.76470588235294,34
1330,"['--ipsccp', '--speculative-execution', '--sccp', '--early-cse', '--mem2reg', '--jump-threading', '--globalopt', '--elim-avail-extern', '--instcombine', '--adce', '--jump-threading', '--gvn', '--simplifycfg', '--instsimplify', '--inline', '--mergefunc', '--gvn-hoist', '--gvn-hoist', '--instcombine', '--globalopt', '--elim-avail-extern', '--indvars', '--gvn', '--gvn', '--ipsccp', '--gvn', '--nary-reassociate', '--loop-simplify', '--early-cse', '--mem2reg', '--jump-threading', '--globalopt', '--elim-avail-extern', '--instcombine', '--simplifycfg', '--sroa', '--mem2reg', '--globaldce', '--gvn-hoist', '--sccp', '--early-cse', '--lower-constant-intrinsics', '--adce', '--gvn-hoist', '--adce', '--loop-instsimplify', '--scalarizer', '--simplifycfg', '--lower-expect', '--simplifycfg', '--gvn-hoist', '--elim-avail-extern', '--lower-constant-intrinsics', '--gvn', '--elim-avail-extern', '--ipsccp', '--gvn', '--separate-const-offset-from-gep', '--ipsccp', '--gvn', '--nary-reassociate', '--lower-constant-intrinsics', '--loop-instsimplify', '--early-cse', '--mem2reg', '--jump-threading', '--globalopt', '--slp-vectorizer', '--instcombine', '--simplifycfg', '--sroa', '--lower-constant-intrinsics', '--early-cse', '--jump-threading']",74,-4.451454885207841,0.0,-1.3754724224719992,0.0,1,-4.451454885207841,-1.3754724224719992,0.0,-68.52791878172589,12.139682154126653,14.705882352941178,34
1977,"['--ipsccp', '--speculative-execution', '--sccp', '--early-cse', '--mem2reg', '--jump-threading', '--globalopt', '--elim-avail-extern', '--instcombine', '--loop-instsimplify', '--jump-threading', '--gvn', '--simplifycfg', '--instsimplify', '--inline', '--mergefunc', '--gvn-hoist', '--instcombine', '--globalopt', '--elim-avail-extern', '--indvars', '--indvars', '--gvn', '--gvn', '--ipsccp', '--gvn', '--nary-reassociate', '--adce', '--early-cse', '--mem2reg', '--jump-threading', '--globalopt', '--elim-avail-extern', '--instcombine', '--simplifycfg', '--sroa', '--ipsccp', '--sroa', '--inferattrs', '--mem2reg', '--globaldce', '--gvn-hoist', '--sccp', '--early-cse', '--lower-constant-intrinsics', '--lower-constant-intrinsics', '--adce', '--slsr', '--gvn-hoist', '--simplifycfg', '--lower-expect', '--simplifycfg', '--gvn-hoist', '--elim-avail-extern', '--lower-constant-intrinsics', '--gvn', '--ipsccp', '--gvn', '--nary-reassociate', '--gvn', '--early-cse', '--mem2reg', '--jump-threading', '--globalopt', '--slp-vectorizer', '--instcombine', '--simplifycfg', '--adce', '--early-cse', '--lower-expect', '--sroa', '--lower-expect', '--aggressive-instcombine']",73,-4.458712137662657,0.0,-1.433968646592656,0.0,1,-4.458712137662657,-1.433968646592656,0.5008908414855473,-67.00507614213198,11.773532997769879,14.705882352941178,34
1658,"['--ipsccp', '--speculative-execution', '--sccp', '--early-cse', '--correlated-propagation', '--mem2reg', '--jump-threading', '--newgvn', '--elim-avail-extern', '--instcombine', '--loop-instsimplify', '--jump-threading', '--gvn', '--simplifycfg', '--instsimplify', '--inline', '--mergefunc', '--gvn-hoist', '--instcombine', '--globalopt', '--elim-avail-extern', '--indvars', '--indvars', '--gvn', '--ipsccp', '--gvn', '--nary-reassociate', '--adce', '--early-cse', '--mem2reg', '--jump-threading', '--globalopt', '--elim-avail-extern', '--instcombine', '--simplifycfg', '--sroa', '--mem2reg', '--globaldce', '--gvn-hoist', '--sccp', '--early-cse', '--lower-constant-intrinsics', '--adce', '--early-cse', '--lower-constant-intrinsics', '--adce', '--slsr', '--gvn-hoist', '--adce', '--loop-simplify', '--dse', '--scalarizer', '--simplifycfg', '--lower-expect', '--simplifycfg', '--lower-constant-intrinsics', '--gvn', '--ipsccp', '--gvn', '--nary-reassociate', '--gvn', '--early-cse', '--mem2reg', '--jump-threading', '--globalopt', '--slp-vectorizer', '--instcombine', '--simplifycfg', '--sroa', '--early-cse', '--lower-expect', '--sroa', '--lower-expect', '--aggressive-instcombine', '--nary-reassociate']",75,-4.478495191308165,0.0,-1.7926247064846252,0.0,1,-4.478495191308165,-1.7926247064846252,0.43655874448557375,-67.51269035532995,13.693207790917551,11.76470588235294,34
2576,"['--ipsccp', '--speculative-execution', '--sccp', '--lower-constant-intrinsics', '--early-cse', '--mem2reg', '--jump-threading', '--globalopt', '--elim-avail-extern', '--instcombine', '--loop-instsimplify', '--jump-threading', '--gvn', '--simplifycfg', '--instsimplify', '--inline', '--mergefunc', '--gvn-hoist', '--instcombine', '--globalopt', '--elim-avail-extern', '--loweratomic', '--indvars', '--indvars', '--gvn', '--gvn', '--loop-rotate', '--gvn', '--nary-reassociate', '--adce', '--early-cse', '--lower-constant-intrinsics', '--jump-threading', '--globalopt', '--elim-avail-extern', '--instcombine', '--elim-avail-extern', '--sroa', '--simplifycfg', '--sroa', '--instcombine', '--simplifycfg', '--sroa', '--lower-constant-intrinsics', '--adce', '--slsr', '--gvn-hoist', '--adce', '--loop-simplify', '--adce', '--loop-simplify', '--dse', '--scalarizer', '--simplifycfg', '--lower-expect', '--elim-avail-extern', '--lower-constant-intrinsics', '--ipsccp', '--gvn', '--nary-reassociate', '--gvn', '--early-cse', '--mem2reg', '--jump-threading', '--globalopt', '--slp-vectorizer', '--instcombine', '--slp-vectorizer', '--instcombine', '--simplifycfg', '--sroa', '--early-cse', '--lower-expect', '--aggressive-instcombine']",74,-4.478989604491659,0.0,-1.2430137166098414,0.0,1,-4.478989604491659,-1.2430137166098414,0.5008908414855473,-75.1269035532995,13.40846964093101,14.705882352941178,34
1286,"['--ipsccp', '--speculative-execution', '--sccp', '--early-cse', '--mem2reg', '--jump-threading', '--globalopt', '--elim-avail-extern', '--instcombine', '--adce', '--jump-threading', '--gvn', '--simplifycfg', '--instsimplify', '--inline', '--mergefunc', '--gvn-hoist', '--gvn-hoist', '--instcombine', '--globalopt', '--elim-avail-extern', '--indvars', '--gvn', '--gvn', '--ipsccp', '--gvn', '--nary-reassociate', '--loop-instsimplify', '--early-cse', '--mem2reg', '--jump-threading', '--globalopt', '--elim-avail-extern', '--instcombine', '--simplifycfg', '--sroa', '--mem2reg', '--globaldce', '--gvn-hoist', '--sccp', '--early-cse', '--lower-constant-intrinsics', '--adce', '--slsr', '--gvn-hoist', '--adce', '--loop-simplify', '--dse', '--scalarizer', '--simplifycfg', '--lower-expect', '--simplifycfg', '--gvn-hoist', '--loop-rotate', '--lower-constant-intrinsics', '--gvn', '--ipsccp', '--gvn', '--nary-reassociate', '--gvn', '--early-cse', '--mem2reg', '--jump-threading', '--globalopt', '--slp-vectorizer', '--instcombine', '--simplifycfg', '--sroa', '--early-cse', '--lower-expect', '--sroa', '--sroa', '--lower-expect', '--aggressive-instcombine']",74,-4.482051712443751,0.0,-1.2475464723842549,0.0,1,-4.482051712443751,-1.2475464723842549,0.43655874448557375,-75.1269035532995,13.405095052143837,14.705882352941178,34
1416,"['--ipsccp', '--speculative-execution', '--sccp', '--early-cse', '--mem2reg', '--jump-threading', '--globalopt', '--elim-avail-extern', '--instcombine', '--adce', '--jump-threading', '--gvn', '--lower-constant-intrinsics', '--instsimplify', '--inline', '--mergefunc', '--aggressive-instcombine', '--gvn-hoist', '--instcombine', '--globalopt', '--elim-avail-extern', '--indvars', '--gvn', '--gvn', '--ipsccp', '--gvn', '--nary-reassociate', '--loop-instsimplify', '--early-cse', '--mem2reg', '--jump-threading', '--globalopt', '--elim-avail-extern', '--instcombine', '--simplifycfg', '--sroa', '--mem2reg', '--globaldce', '--gvn-hoist', '--sccp', '--early-cse', '--lower-constant-intrinsics', '--adce', '--slsr', '--gvn-hoist', '--adce', '--loop-simplify', '--dse', '--scalarizer', '--simplifycfg', '--lower-expect', '--simplifycfg', '--gvn-hoist', '--elim-avail-extern', '--simplifycfg', '--gvn', '--ipsccp', '--gvn', '--nary-reassociate', '--gvn', '--early-cse', '--irce', '--mem2reg', '--jump-threading', '--globalopt', '--slp-vectorizer', '--instcombine', '--simplifycfg', '--sroa', '--early-cse', '--lower-expect', '--sroa', '--sroa', '--lower-expect', '--gvn-hoist']",75,-4.482929911900877,0.0,-1.7774373235207779,0.0,1,-4.482929911900877,-1.7774373235207779,0.5008908414855473,-68.52791878172589,13.851460369073525,11.76470588235294,34
1405,"['--ipsccp', '--speculative-execution', '--sccp', '--early-cse', '--mem2reg', '--jump-threading', '--globalopt', '--elim-avail-extern', '--instcombine', '--adce', '--jump-threading', '--gvn', '--instsimplify', '--inline', '--mergefunc', '--gvn-hoist', '--instcombine', '--globalopt', '--elim-avail-extern', '--indvars', '--gvn', '--gvn', '--ipsccp', '--gvn', '--nary-reassociate', '--loop-instsimplify', '--early-cse', '--mem2reg', '--jump-threading', '--globalopt', '--instcombine', '--instcombine', '--simplifycfg', '--sroa', '--mem2reg', '--gvn-hoist', '--sccp', '--early-cse', '--lower-constant-intrinsics', '--adce', '--gvn-hoist', '--adce', '--loop-simplify', '--loop-instsimplify', '--dse', '--scalarizer', '--simplifycfg', '--lower-expect', '--simplifycfg', '--gvn-hoist', '--globalopt', '--aggressive-instcombine', '--gvn', '--gvn', '--ipsccp', '--gvn', '--lower-constant-intrinsics', '--loop-instsimplify', '--early-cse', '--mem2reg', '--early-cse-memssa', '--jump-threading', '--globalopt', '--slp-vectorizer', '--instcombine', '--simplifycfg', '--sroa', '--lower-constant-intrinsics', '--early-cse', '--prune-eh', '--lower-expect', '--loweratomic', '--elim-avail-extern', '--elim-avail-extern', '--lower-expect', '--slsr']",76,-4.482929911900877,0.0,-1.7774373235207779,0.0,1,-4.482929911900877,-1.7774373235207779,0.5008908414855473,-68.52791878172589,13.851460369073525,11.76470588235294,34
2670,"['--ipsccp', '--sccp', '--speculative-execution', '--lower-constant-intrinsics', '--early-cse', '--mem2reg', '--mergefunc', '--jump-threading', '--globalopt', '--lower-constant-intrinsics', '--elim-avail-extern', '--jump-threading', '--gvn', '--instsimplify', '--inline', '--mergefunc', '--mergefunc', '--gvn-hoist', '--globalopt', '--elim-avail-extern', '--loweratomic', '--indvars', '--indvars', '--gvn', '--gvn', '--ipsccp', '--gvn', '--nary-reassociate', '--adce', '--early-cse', '--loop-unroll', '--jump-threading', '--simplifycfg', '--elim-avail-extern', '--instcombine', '--globalopt', '--sroa', '--mem2reg', '--globaldce', '--gvn-hoist', '--sccp', '--early-cse', '--early-cse', '--lower-constant-intrinsics', '--adce', '--slsr', '--gvn-hoist', '--adce', '--loop-simplify', '--dse', '--scalarizer', '--adce', '--loop-simplify', '--scalarizer', '--simplifycfg', '--mergereturn', '--lower-expect', '--ipsccp', '--gvn', '--nary-reassociate', '--gvn', '--early-cse', '--mem2reg', '--jump-threading', '--globalopt', '--slp-vectorizer', '--instcombine', '--simplifycfg', '--sroa', '--early-cse', '--lower-expect', '--sroa', '--sroa', '--lower-expect', '--aggressive-instcombine']",75,-4.494426008296947,0.0,-1.8179833347844296,0.0,1,-4.494426008296947,-1.8179833347844296,0.5620873773639496,-67.51269035532995,13.662326248556834,11.76470588235294,34
2397,"['--ipsccp', '--speculative-execution', '--sccp', '--lower-constant-intrinsics', '--early-cse', '--instsimplify', '--jump-threading', '--instcombine', '--elim-avail-extern', '--globalopt', '--loop-instsimplify', '--jump-threading', '--gvn', '--simplifycfg', '--mem2reg', '--inline', '--mergefunc', '--gvn-hoist', '--instcombine', '--globalopt', '--elim-avail-extern', '--loweratomic', '--indvars', '--indvars', '--gvn', '--gvn', '--ipsccp', '--gvn', '--nary-reassociate', '--adce', '--early-cse', '--mem2reg', '--jump-threading', '--globalopt', '--elim-avail-extern', '--instcombine', '--simplifycfg', '--sroa', '--mem2reg', '--globaldce', '--gvn-hoist', '--sccp', '--early-cse', '--lower-constant-intrinsics', '--adce', '--slsr', '--gvn-hoist', '--adce', '--loop-simplify', '--dse', '--scalarizer', '--adce', '--loop-simplify', '--dse', '--scalarizer', '--simplifycfg', '--mergereturn', '--lower-expect', '--elim-avail-extern', '--lower-constant-intrinsics', '--correlated-propagation', '--ipsccp', '--nary-reassociate', '--jump-threading', '--globalopt', '--slp-vectorizer', '--instcombine', '--slp-vectorizer', '--instcombine', '--simplifycfg', '--sroa', '--early-cse', '--lower-expect', '--sroa', '--lower-expect', '--aggressive-instcombine']",76,-4.503948757089682,0.0,-1.8284088690342697,0.0,1,-4.503948757089682,-1.8284088690342697,0.5620873773639496,-67.51269035532995,13.679362229610383,11.76470588235294,34
2281,"['--ipsccp', '--speculative-execution', '--sccp', '--lower-constant-intrinsics', '--early-cse', '--lower-constant-intrinsics', '--jump-threading', '--globalopt', '--elim-avail-extern', '--instcombine', '--loop-instsimplify', '--jump-threading', '--gvn', '--simplifycfg', '--instsimplify', '--inline', '--mergefunc', '--gvn-hoist', '--instcombine', '--globalopt', '--elim-avail-extern', '--loweratomic', '--indvars', '--indvars', '--gvn', '--gvn', '--ipsccp', '--gvn', '--nary-reassociate', '--adce', '--early-cse', '--mem2reg', '--jump-threading', '--globalopt', '--elim-avail-extern', '--instcombine', '--simplifycfg', '--sroa', '--mem2reg', '--globaldce', '--gvn-hoist', '--sccp', '--early-cse', '--lower-constant-intrinsics', '--adce', '--slsr', '--gvn-hoist', '--adce', '--loop-simplify', '--dse', '--scalarizer', '--adce', '--loop-simplify', '--dse', '--scalarizer', '--simplifycfg', '--mergereturn', '--lower-expect', '--elim-avail-extern', '--mem2reg', '--ipsccp', '--nary-reassociate', '--gvn', '--jump-threading', '--globalopt', '--slp-vectorizer', '--instcombine', '--slp-vectorizer', '--instcombine', '--simplifycfg', '--sroa', '--early-cse', '--sroa', '--lower-expect', '--simplifycfg', '--aggressive-instcombine']",76,-4.503948757089682,0.0,-1.8284088690342697,0.0,1,-4.503948757089682,-1.8284088690342697,0.5620873773639496,-67.51269035532995,13.679362229610383,11.76470588235294,34
1072,"['--ipsccp', '--speculative-execution', '--sccp', '--early-cse', '--mem2reg', '--jump-threading', '--globalopt', '--elim-avail-extern', '--instcombine', '--adce', '--jump-threading', '--gvn', '--simplifycfg', '--instsimplify', '--inline', '--gvn-hoist', '--mergefunc', '--gvn-hoist', '--instcombine', '--globalopt', '--elim-avail-extern', '--indvars', '--gvn', '--gvn', '--ipsccp', '--gvn', '--nary-reassociate', '--loop-instsimplify', '--early-cse', '--mem2reg', '--jump-threading', '--globalopt', '--elim-avail-extern', '--instcombine', '--simplifycfg', '--sroa', '--mem2reg', '--globaldce', '--gvn-hoist', '--sccp', '--early-cse', '--lower-constant-intrinsics', '--adce', '--gvn-hoist', '--instsimplify', '--loop-simplify', '--loop-sink', '--newgvn', '--simplifycfg', '--lower-expect', '--simplifycfg', '--gvn-hoist', '--instcombine', '--globalopt', '--aggressive-instcombine', '--gvn', '--nary-reassociate', '--lower-constant-intrinsics', '--ipconstprop', '--early-cse', '--mem2reg', '--lower-expect', '--slp-vectorizer', '--early-cse', '--mem2reg', '--jump-threading', '--globalopt', '--slp-vectorizer', '--instcombine', '--simplifycfg', '--sroa', '--lower-constant-intrinsics', '--early-cse', '--lower-expect', '--lower-expect', '--elim-avail-extern', '--elim-avail-extern', '--lower-expect', '--slsr']",79,-4.517265694692521,0.0,-1.478758135992477,0.0,1,-4.517265694692521,-1.478758135992477,0.5008908414855473,-68.52791878172589,12.023147397569868,14.705882352941178,34
1628,"['--ipsccp', '--speculative-execution', '--sccp', '--early-cse', '--loop-versioning-licm', '--jump-threading', '--globalopt', '--elim-avail-extern', '--instcombine', '--loop-instsimplify', '--jump-threading', '--gvn', '--simplifycfg', '--instsimplify', '--inline', '--mergefunc', '--gvn-hoist', '--instcombine', '--globalopt', '--elim-avail-extern', '--indvars', '--indvars', '--elim-avail-extern', '--indvars', '--gvn', '--gvn', '--ipsccp', '--gvn', '--nary-reassociate', '--loop-instsimplify', '--early-cse', '--mem2reg', '--jump-threading', '--globalopt', '--elim-avail-extern', '--instcombine', '--simplifycfg', '--sroa', '--mem2reg', '--globaldce', '--gvn-hoist', '--sccp', '--early-cse', '--lower-constant-intrinsics', '--adce', '--slsr', '--gvn-hoist', '--adce', '--loop-simplify', '--dse', '--scalarizer', '--simplifycfg', '--lower-expect', '--simplifycfg', '--elim-avail-extern', '--lower-constant-intrinsics', '--ipsccp', '--gvn', '--nary-reassociate', '--gvn', '--early-cse', '--mem2reg', '--jump-threading', '--globalopt', '--slp-vectorizer', '--instcombine', '--simplifycfg', '--sroa', '--early-cse', '--lower-expect', '--sroa', '--sroa', '--lower-expect', '--aggressive-instcombine']",74,-4.518669342265391,0.0,-1.8484623449700988,0.0,1,-4.518669342265391,-1.8484623449700988,0.5008908414855473,-67.51269035532995,13.67616701184876,11.76470588235294,34
2082,"['--ipsccp', '--speculative-execution', '--sccp', '--lower-constant-intrinsics', '--early-cse', '--jump-threading', '--elim-avail-extern', '--instcombine', '--adce', '--loop-interchange', '--aggressive-instcombine', '--gvn', '--simplifycfg', '--instsimplify', '--inline', '--mergefunc', '--gvn-hoist', '--instcombine', '--globalopt', '--elim-avail-extern', '--indvars', '--indvars', '--loop-unroll-and-jam', '--elim-avail-extern', '--indvars', '--gvn', '--gvn', '--nary-reassociate', '--loop-instsimplify', '--early-cse', '--mem2reg', '--jump-threading', '--mem2reg', '--instcombine', '--jump-threading', '--bdce', '--elim-avail-extern', '--globalopt', '--simplifycfg', '--sroa', '--tailcallelim', '--globaldce', '--gvn-hoist', '--sccp', '--early-cse', '--lower-constant-intrinsics', '--adce', '--nary-reassociate', '--slsr', '--gvn-hoist', '--adce', '--loop-simplify', '--dse', '--scalarizer', '--elim-avail-extern', '--lower-expect', '--simplifycfg', '--elim-avail-extern', '--jump-threading', '--lower-constant-intrinsics', '--ipsccp', '--gvn', '--nary-reassociate', '--gvn', '--early-cse', '--mem2reg', '--globalopt', '--slp-vectorizer', '--instcombine', '--simplifycfg', '--sroa', '--early-cse', '--lower-expect', '--sroa', '--simplifycfg', '--lower-expect', '--aggressive-instcombine']",77,-4.518669342265391,0.0,-1.8484623449700988,0.0,1,-4.518669342265391,-1.8484623449700988,0.5008908414855473,-67.51269035532995,13.67616701184876,11.76470588235294,34
1563,"['--ipsccp', '--speculative-execution', '--sccp', '--early-cse', '--lower-constant-intrinsics', '--jump-threading', '--elim-avail-extern', '--instcombine', '--adce', '--loop-interchange', '--aggressive-instcombine', '--gvn', '--simplifycfg', '--instsimplify', '--inline', '--mergefunc', '--gvn-hoist', '--gvn-hoist', '--instcombine', '--globalopt', '--elim-avail-extern', '--indvars', '--elim-avail-extern', '--indvars', '--gvn', '--gvn', '--ipsccp', '--gvn', '--nary-reassociate', '--loop-instsimplify', '--mem2reg', '--mem2reg', '--jump-threading', '--globalopt', '--elim-avail-extern', '--instcombine', '--simplifycfg', '--sroa', '--mem2reg', '--gvn', '--gvn-hoist', '--sccp', '--early-cse', '--mem2reg', '--adce', '--gvn-hoist', '--adce', '--loop-simplify', '--dse', '--scalarizer', '--simplifycfg', '--lower-expect', '--simplifycfg', '--gvn-hoist', '--elim-avail-extern', '--lower-constant-intrinsics', '--gvn', '--ipsccp', '--gvn', '--nary-reassociate', '--gvn', '--early-cse', '--mem2reg', '--jump-threading', '--globalopt', '--slp-vectorizer', '--instcombine', '--simplifycfg', '--sroa', '--early-cse', '--lower-expect', '--sroa', '--sroa', '--gvn', '--lower-expect', '--aggressive-instcombine']",76,-4.527365079876203,0.0,-1.8605410984427402,0.0,1,-4.527365079876203,-1.8605410984427402,0.5008908414855473,-67.51269035532995,13.672533736912067,11.76470588235294,34
1560,"['--ipsccp', '--speculative-execution', '--sccp', '--early-cse', '--jump-threading', '--globalopt', '--elim-avail-extern', '--instcombine', '--loop-instsimplify', '--jump-threading', '--gvn', '--simplifycfg', '--instsimplify', '--inline', '--mergefunc', '--gvn-hoist', '--instcombine', '--globalopt', '--elim-avail-extern', '--indvars', '--indvars', '--elim-avail-extern', '--indvars', '--gvn', '--gvn', '--ipsccp', '--nary-reassociate', '--loop-instsimplify', '--early-cse', '--mem2reg', '--mem2reg', '--jump-threading', '--globalopt', '--elim-avail-extern', '--instcombine', '--simplifycfg', '--sroa', '--mem2reg', '--gvn', '--gvn-hoist', '--sccp', '--early-cse', '--lower-constant-intrinsics', '--adce', '--gvn-hoist', '--adce', '--loop-simplify', '--dse', '--scalarizer', '--simplifycfg', '--lower-expect', '--simplifycfg', '--gvn-hoist', '--elim-avail-extern', '--lower-constant-intrinsics', '--gvn', '--ipsccp', '--gvn', '--nary-reassociate', '--gvn', '--early-cse', '--mem2reg', '--jump-threading', '--globalopt', '--slp-vectorizer', '--instcombine', '--simplifycfg', '--sroa', '--early-cse', '--lower-expect', '--sroa', '--sroa', '--gvn', '--lower-expect', '--aggressive-instcombine']",75,-4.527365079876203,0.0,-1.8605410984427402,0.0,1,-4.527365079876203,-1.8605410984427402,0.5008908414855473,-67.51269035532995,13.672533736912067,11.76470588235294,34
1468,"['--ipsccp', '--speculative-execution', '--sccp', '--early-cse', '--jump-threading', '--globalopt', '--elim-avail-extern', '--instcombine', '--adce', '--jump-threading', '--gvn', '--simplifycfg', '--instsimplify', '--inline', '--mergefunc', '--gvn-hoist', '--instcombine', '--globalopt', '--elim-avail-extern', '--indvars', '--indvars', '--gvn', '--gvn', '--ipsccp', '--gvn', '--nary-reassociate', '--loop-instsimplify', '--early-cse', '--mem2reg', '--jump-threading', '--globalopt', '--elim-avail-extern', '--instcombine', '--simplifycfg', '--sroa', '--mem2reg', '--gvn', '--gvn-hoist', '--sccp', '--early-cse', '--lower-constant-intrinsics', '--adce', '--adce', '--loop-simplify', '--dse', '--scalarizer', '--ipconstprop', '--simplifycfg', '--lower-expect', '--simplifycfg', '--gvn-hoist', '--elim-avail-extern', '--lower-constant-intrinsics', '--gvn', '--ipsccp', '--gvn', '--nary-reassociate', '--gvn', '--early-cse', '--mem2reg', '--jump-threading', '--globalopt', '--slp-vectorizer', '--instcombine', '--simplifycfg', '--sroa', '--early-cse', '--lower-expect', '--sroa', '--sroa', '--lower-expect', '--simplifycfg', '--aggressive-instcombine']",73,-4.527365079876203,0.0,-1.8605410984427402,0.0,1,-4.527365079876203,-1.8605410984427402,0.5008908414855473,-67.51269035532995,13.672533736912067,11.76470588235294,34
784,"['--ipsccp', '--speculative-execution', '--sccp', '--early-cse', '--mem2reg', '--jump-threading', '--globalopt', '--elim-avail-extern', '--gvn-hoist', '--adce', '--jump-threading', '--gvn', '--simplifycfg', '--instsimplify', '--gvn-hoist', '--mergefunc', '--gvn-hoist', '--instcombine', '--globalopt', '--elim-avail-extern', '--indvars', '--gvn', '--gvn', '--ipsccp', '--gvn', '--nary-reassociate', '--lower-constant-intrinsics', '--loop-instsimplify', '--strip', '--mem2reg', '--jump-threading', '--globalopt', '--elim-avail-extern', '--simplifycfg', '--sroa', '--mem2reg', '--instcombine', '--sccp', '--early-cse', '--lower-constant-intrinsics', '--adce', '--adce', '--gvn-hoist', '--adce', '--loop-simplify', '--dse', '--newgvn', '--simplifycfg', '--lower-expect', '--simplifycfg', '--gvn-hoist', '--instcombine', '--globalopt', '--elim-avail-extern', '--gvn', '--gvn', '--ipsccp', '--gvn', '--nary-reassociate', '--loop-instsimplify', '--early-cse', '--jump-threading', '--slsr', '--globalopt', '--slp-vectorizer', '--instcombine', '--simplifycfg', '--sroa', '--lower-constant-intrinsics', '--early-cse', '--lower-expect', '--sroa', '--sroa', '--lower-expect', '--globalopt', '--elim-avail-extern', '--lower-expect']",77,-4.534789900022626,0.0,-1.967298764490126,0.0,1,-4.534789900022626,-1.967298764490126,0.0,-69.54314720812182,12.946099443020902,11.76470588235294,34
684,"['--ipsccp', '--speculative-execution', '--sccp', '--early-cse', '--mem2reg', '--jump-threading', '--globalopt', '--elim-avail-extern', '--instcombine', '--adce', '--jump-threading', '--gvn', '--simplifycfg', '--instsimplify', '--gvn-hoist', '--mergefunc', '--gvn-hoist', '--instcombine', '--globalopt', '--elim-avail-extern', '--indvars', '--gvn', '--gvn', '--ipsccp', '--gvn', '--nary-reassociate', '--lower-constant-intrinsics', '--loop-instsimplify', '--strip', '--mem2reg', '--elim-avail-extern', '--instcombine', '--simplifycfg', '--sroa', '--mem2reg', '--gvn-hoist', '--sccp', '--early-cse', '--lower-constant-intrinsics', '--adce', '--gvn-hoist', '--adce', '--lower-constant-intrinsics', '--dse', '--newgvn', '--simplifycfg', '--lower-expect', '--simplifycfg', '--gvn-hoist', '--instcombine', '--globalopt', '--elim-avail-extern', '--gvn', '--gvn', '--ipsccp', '--gvn', '--nary-reassociate', '--loop-instsimplify', '--early-cse', '--mem2reg', '--jump-threading', '--globalopt', '--slp-vectorizer', '--instcombine', '--simplifycfg', '--sroa', '--simplifycfg', '--sroa', '--lower-constant-intrinsics', '--early-cse', '--lower-expect', '--lower-expect', '--elim-avail-extern', '--elim-avail-extern', '--lower-expect', '--slsr']",76,-4.536312711614924,0.0,-1.9582038201917167,0.0,1,-4.536312711614924,-1.9582038201917167,0.0,-69.54314720812182,13.029539641181952,11.76470588235294,34
744,"['--ipsccp', '--speculative-execution', '--sccp', '--early-cse', '--mem2reg', '--instcombine', '--globalopt', '--elim-avail-extern', '--jump-threading', '--adce', '--jump-threading', '--gvn', '--simplifycfg', '--instsimplify', '--gvn-hoist', '--mergefunc', '--gvn-hoist', '--instcombine', '--globalopt', '--elim-avail-extern', '--indvars', '--gvn', '--gvn', '--ipsccp', '--gvn', '--nary-reassociate', '--lower-constant-intrinsics', '--loop-instsimplify', '--strip', '--mem2reg', '--elim-avail-extern', '--instcombine', '--simplifycfg', '--sroa', '--mem2reg', '--gvn-hoist', '--sccp', '--early-cse', '--lower-constant-intrinsics', '--adce', '--gvn-hoist', '--adce', '--lower-constant-intrinsics', '--dse', '--newgvn', '--simplifycfg', '--lower-expect', '--simplifycfg', '--gvn-hoist', '--instcombine', '--globalopt', '--elim-avail-extern', '--gvn', '--gvn', '--ipsccp', '--gvn', '--nary-reassociate', '--loop-instsimplify', '--early-cse', '--mem2reg', '--jump-threading', '--globalopt', '--slp-vectorizer', '--instcombine', '--simplifycfg', '--sroa', '--simplifycfg', '--sroa', '--lower-constant-intrinsics', '--early-cse', '--lower-expect', '--lower-expect', '--elim-avail-extern', '--elim-avail-extern', '--lower-expect', '--slsr']",76,-4.536312711614924,0.0,-1.9582038201917167,0.0,1,-4.536312711614924,-1.9582038201917167,0.0,-69.54314720812182,13.029539641181952,11.76470588235294,34
2193,"['--ipsccp', '--speculative-execution', '--sccp', '--lower-constant-intrinsics', '--early-cse', '--gvn', '--jump-threading', '--globalopt', '--elim-avail-extern', '--instcombine', '--loop-instsimplify', '--jump-threading', '--gvn', '--simplifycfg', '--instsimplify', '--inline', '--mergefunc', '--gvn-hoist', '--instcombine', '--globalopt', '--elim-avail-extern', '--indvars', '--indvars', '--gvn', '--mem2reg', '--ipsccp', '--gvn', '--nary-reassociate', '--adce', '--early-cse', '--mem2reg', '--jump-threading', '--globalopt', '--elim-avail-extern', '--instcombine', '--simplifycfg', '--sroa', '--mem2reg', '--globaldce', '--gvn-hoist', '--sccp', '--early-cse', '--lower-constant-intrinsics', '--adce', '--slsr', '--gvn-hoist', '--adce', '--loop-simplify', '--dse', '--scalarizer', '--adce', '--loop-simplify', '--dse', '--scalarizer', '--simplifycfg', '--mergereturn', '--lower-expect', '--elim-avail-extern', '--lower-constant-intrinsics', '--ipsccp', '--nary-reassociate', '--gvn', '--jump-threading', '--globalopt', '--slp-vectorizer', '--instcombine', '--slp-vectorizer', '--instcombine', '--simplifycfg', '--sroa', '--early-cse', '--lower-expect', '--sroa', '--sroa', '--aggressive-instcombine', '--strip']",76,-4.538883199758309,0.0,-1.8886650396492595,0.0,1,-4.538883199758309,-1.8886650396492595,0.43655874448557375,-67.00507614213198,13.57678537668423,11.76470588235294,34
1361,"['--ipsccp', '--speculative-execution', '--sccp', '--early-cse', '--mem2reg', '--jump-threading', '--gvn', '--elim-avail-extern', '--instcombine', '--adce', '--jump-threading', '--gvn', '--simplifycfg', '--instsimplify', '--inline', '--mergefunc', '--gvn-hoist', '--gvn-hoist', '--instcombine', '--globalopt', '--elim-avail-extern', '--indvars', '--gvn', '--ipsccp', '--gvn', '--nary-reassociate', '--loop-instsimplify', '--early-cse', '--mem2reg', '--jump-threading', '--speculative-execution', '--elim-avail-extern', '--instcombine', '--simplifycfg', '--sroa', '--mem2reg', '--globaldce', '--gvn-hoist', '--sccp', '--early-cse', '--lower-constant-intrinsics', '--adce', '--gvn-hoist', '--adce', '--loop-simplify', '--dse', '--scalarizer', '--simplifycfg', '--lower-expect', '--simplifycfg', '--gvn-hoist', '--elim-avail-extern', '--lower-constant-intrinsics', '--gvn', '--ipsccp', '--gvn', '--nary-reassociate', '--gvn', '--early-cse', '--mem2reg', '--jump-threading', '--globalopt', '--slp-vectorizer', '--instcombine', '--simplifycfg', '--sroa', '--early-cse', '--lower-expect', '--sroa', '--sroa', '--lower-expect', '--aggressive-instcombine']",72,-4.540936129902799,0.0,-1.8601693216339372,0.0,1,-4.540936129902799,-1.8601693216339372,0.5008908414855473,-68.52791878172589,13.811032563244051,11.76470588235294,34
869,"['--ipsccp', '--speculative-execution', '--sccp', '--early-cse', '--mem2reg', '--jump-threading', '--globalopt', '--elim-avail-extern', '--instcombine', '--adce', '--jump-threading', '--gvn', '--simplifycfg', '--instsimplify', '--gvn-hoist', '--mergefunc', '--gvn-hoist', '--instcombine', '--globalopt', '--elim-avail-extern', '--indvars', '--gvn', '--gvn', '--ipsccp', '--gvn', '--gvn-hoist', '--lower-constant-intrinsics', '--loop-instsimplify', '--strip', '--mem2reg', '--jump-threading', '--globalopt', '--memcpyopt', '--elim-avail-extern', '--simplifycfg', '--sroa', '--mem2reg', '--nary-reassociate', '--sccp', '--early-cse', '--lower-constant-intrinsics', '--adce', '--gvn-hoist', '--adce', '--loop-simplify', '--dse', '--loop-sink', '--newgvn', '--simplifycfg', '--lower-expect', '--simplifycfg', '--gvn-hoist', '--instcombine', '--globalopt', '--elim-avail-extern', '--gvn', '--gvn', '--ipsccp', '--gvn', '--nary-reassociate', '--lower-constant-intrinsics', '--loop-instsimplify', '--early-cse', '--mem2reg', '--jump-threading', '--globalopt', '--slp-vectorizer', '--instcombine', '--simplifycfg', '--sroa', '--lower-constant-intrinsics', '--early-cse', '--lower-expect', '--elim-avail-extern', '--elim-avail-extern', '--lower-expect', '--slsr']",77,-4.5414273808162,0.0,-1.9652066213121648,0.0,1,-4.5414273808162,-1.9652066213121648,0.0,-69.54314720812182,13.028165324791349,11.76470588235294,34
969,"['--ipsccp', '--speculative-execution', '--sccp', '--early-cse', '--mem2reg', '--sink', '--globalopt', '--elim-avail-extern', '--instcombine', '--adce', '--jump-threading', '--gvn', '--simplifycfg', '--instsimplify', '--gvn-hoist', '--mergefunc', '--gvn-hoist', '--instcombine', '--globalopt', '--elim-avail-extern', '--indvars', '--gvn', '--gvn', '--ipsccp', '--gvn', '--nary-reassociate', '--loop-instsimplify', '--early-cse', '--mem2reg', '--jump-threading', '--globalopt', '--elim-avail-extern', '--instcombine', '--simplifycfg', '--sroa', '--mem2reg', '--gvn-hoist', '--sccp', '--early-cse', '--lower-constant-intrinsics', '--adce', '--gvn-hoist', '--adce', '--lower-constant-intrinsics', '--dse', '--newgvn', '--lower-expect', '--gvn-hoist', '--instcombine', '--globalopt', '--elim-avail-extern', '--gvn', '--gvn', '--globalopt', '--elim-avail-extern', '--ipsccp', '--gvn', '--ipsccp', '--gvn', '--nary-reassociate', '--lower-constant-intrinsics', '--loop-instsimplify', '--early-cse', '--mem2reg', '--jump-threading', '--globalopt', '--slp-vectorizer', '--instcombine', '--simplifycfg', '--sroa', '--lower-constant-intrinsics', '--early-cse', '--lower-expect', '--lower-expect', '--elim-avail-extern', '--elim-avail-extern', '--lower-expect', '--slsr']",78,-4.542752190266029,0.0,-1.460556879344408,0.0,1,-4.542752190266029,-1.460556879344408,0.0,-69.54314720812182,12.41452177816546,14.705882352941178,34
808,"['--ipsccp', '--speculative-execution', '--sccp', '--early-cse', '--mem2reg', '--jump-threading', '--globalopt', '--elim-avail-extern', '--instcombine', '--adce', '--jump-threading', '--gvn', '--simplifycfg', '--instsimplify', '--gvn-hoist', '--mergefunc', '--gvn-hoist', '--instcombine', '--globalopt', '--elim-avail-extern', '--indvars', '--gvn', '--gvn', '--ipsccp', '--gvn', '--nary-reassociate', '--lower-constant-intrinsics', '--loop-instsimplify', '--strip', '--elim-avail-extern', '--instcombine', '--simplifycfg', '--sroa', '--mem2reg', '--gvn-hoist', '--sccp', '--flattencfg', '--lower-constant-intrinsics', '--adce', '--gvn-hoist', '--adce', '--lower-constant-intrinsics', '--dse', '--newgvn', '--simplifycfg', '--lower-expect', '--simplifycfg', '--gvn-hoist', '--instcombine', '--globalopt', '--elim-avail-extern', '--globalopt', '--elim-avail-extern', '--gvn', '--gvn', '--ipsccp', '--gvn', '--nary-reassociate', '--lower-constant-intrinsics', '--loop-instsimplify', '--early-cse', '--mem2reg', '--jump-threading', '--slp-vectorizer', '--instcombine', '--simplifycfg', '--sroa', '--lower-constant-intrinsics', '--early-cse', '--lower-expect', '--sroa', '--globalopt', '--elim-avail-extern', '--lower-expect']",74,-4.544980236562919,0.0,-1.970282573664358,0.0,1,-4.544980236562919,-1.970282573664358,0.0,-69.54314720812182,13.025624239617098,11.76470588235294,34
761,"['--ipsccp', '--speculative-execution', '--sccp', '--early-cse', '--mem2reg', '--jump-threading', '--globalopt', '--elim-avail-extern', '--instcombine', '--adce', '--jump-threading', '--gvn', '--simplifycfg', '--instsimplify', '--gvn-hoist', '--mergefunc', '--gvn-hoist', '--instcombine', '--globalopt', '--elim-avail-extern', '--indvars', '--gvn', '--gvn', '--ipsccp', '--gvn', '--nary-reassociate', '--lower-constant-intrinsics', '--loop-instsimplify', '--strip', '--mem2reg', '--elim-avail-extern', '--instcombine', '--simplifycfg', '--sroa', '--mem2reg', '--gvn-hoist', '--sccp', '--early-cse', '--lower-constant-intrinsics', '--speculative-execution', '--gvn-hoist', '--adce', '--lower-constant-intrinsics', '--dse', '--newgvn', '--simplifycfg', '--lower-expect', '--simplifycfg', '--gvn-hoist', '--instcombine', '--globalopt', '--elim-avail-extern', '--gvn', '--gvn', '--ipsccp', '--gvn', '--nary-reassociate', '--lower-constant-intrinsics', '--loop-instsimplify', '--early-cse', '--mem2reg', '--jump-threading', '--globalopt', '--slp-vectorizer', '--instcombine', '--simplifycfg', '--sroa', '--early-cse', '--lower-expect', '--sroa', '--sroa', '--lower-expect', '--globalopt', '--elim-avail-extern', '--lower-expect']",75,-4.544980236562919,0.0,-1.970282573664358,0.0,1,-4.544980236562919,-1.970282573664358,0.0,-69.54314720812182,13.025624239617098,11.76470588235294,34
752,"['--ipsccp', '--speculative-execution', '--sccp', '--early-cse', '--mem2reg', '--jump-threading', '--globalopt', '--elim-avail-extern', '--instcombine', '--adce', '--jump-threading', '--gvn', '--simplifycfg', '--instsimplify', '--gvn-hoist', '--mergefunc', '--gvn-hoist', '--instcombine', '--globalopt', '--elim-avail-extern', '--indvars', '--gvn', '--gvn', '--ipsccp', '--gvn', '--nary-reassociate', '--lower-constant-intrinsics', '--loop-instsimplify', '--strip', '--loop-idiom', '--elim-avail-extern', '--instcombine', '--simplifycfg', '--sroa', '--mem2reg', '--gvn-hoist', '--sccp', '--flattencfg', '--lower-constant-intrinsics', '--adce', '--gvn-hoist', '--adce', '--lower-constant-intrinsics', '--dse', '--newgvn', '--simplifycfg', '--lower-expect', '--simplifycfg', '--gvn-hoist', '--instcombine', '--globalopt', '--elim-avail-extern', '--gvn', '--gvn', '--ipsccp', '--gvn', '--nary-reassociate', '--lower-constant-intrinsics', '--loop-instsimplify', '--early-cse', '--mem2reg', '--jump-threading', '--globalopt', '--slp-vectorizer', '--instcombine', '--simplifycfg', '--sroa', '--early-cse', '--lower-expect', '--sroa', '--sroa', '--lower-expect', '--globalopt', '--elim-avail-extern', '--lower-expect']",75,-4.544980236562919,0.0,-1.970282573664358,0.0,1,-4.544980236562919,-1.970282573664358,0.0,-69.54314720812182,13.025624239617098,11.76470588235294,34
745,"['--ipsccp', '--speculative-execution', '--sccp', '--early-cse', '--mem2reg', '--jump-threading', '--globalopt', '--elim-avail-extern', '--instcombine', '--adce', '--jump-threading', '--gvn', '--simplifycfg', '--instsimplify', '--gvn-hoist', '--mergefunc', '--gvn-hoist', '--instcombine', '--globalopt', '--elim-avail-extern', '--indvars', '--gvn', '--gvn', '--ipsccp', '--gvn', '--nary-reassociate', '--lower-constant-intrinsics', '--loop-instsimplify', '--strip', '--mem2reg', '--elim-avail-extern', '--instcombine', '--simplifycfg', '--sroa', '--mem2reg', '--gvn-hoist', '--sccp', '--early-cse', '--lower-constant-intrinsics', '--gvn-hoist', '--gvn-hoist', '--adce', '--lower-constant-intrinsics', '--dse', '--newgvn', '--simplifycfg', '--lower-expect', '--simplifycfg', '--gvn-hoist', '--instcombine', '--globalopt', '--elim-avail-extern', '--slp-vectorizer', '--gvn', '--gvn', '--ipsccp', '--gvn', '--nary-reassociate', '--lower-constant-intrinsics', '--loop-instsimplify', '--early-cse', '--mem2reg', '--jump-threading', '--globalopt', '--slp-vectorizer', '--instcombine', '--simplifycfg', '--sroa', '--lower-constant-intrinsics', '--early-cse', '--lower-expect', '--sroa', '--sroa', '--lower-expect', '--globalopt', '--elim-avail-extern', '--lower-expect']",77,-4.544980236562919,0.0,-1.970282573664358,0.0,1,-4.544980236562919,-1.970282573664358,0.0,-69.54314720812182,13.025624239617098,11.76470588235294,34
763,"['--ipsccp', '--speculative-execution', '--sccp', '--early-cse', '--mem2reg', '--jump-threading', '--globalopt', '--elim-avail-extern', '--instcombine', '--adce', '--jump-threading', '--gvn', '--simplifycfg', '--instsimplify', '--gvn-hoist', '--mergefunc', '--gvn-hoist', '--instcombine', '--globalopt', '--elim-avail-extern', '--indvars', '--gvn', '--gvn', '--ipsccp', '--gvn', '--nary-reassociate', '--lower-constant-intrinsics', '--loop-instsimplify', '--strip', '--mem2reg', '--elim-avail-extern', '--instcombine', '--simplifycfg', '--sroa', '--mem2reg', '--gvn-hoist', '--sccp', '--early-cse', '--lower-constant-intrinsics', '--adce', '--gvn-hoist', '--adce', '--lower-constant-intrinsics', '--dse', '--newgvn', '--simplifycfg', '--lower-expect', '--simplifycfg', '--gvn-hoist', '--instcombine', '--globalopt', '--elim-avail-extern', '--gvn', '--ipsccp', '--gvn', '--nary-reassociate', '--loop-instsimplify', '--early-cse', '--mem2reg', '--jump-threading', '--globalopt', '--slp-vectorizer', '--instcombine', '--globalopt', '--slp-vectorizer', '--instcombine', '--simplifycfg', '--sroa', '--lower-constant-intrinsics', '--early-cse', '--lower-expect', '--sroa', '--sroa', '--lower-expect', '--globalopt', '--elim-avail-extern', '--lower-expect']",77,-4.544980236562919,0.0,-1.970282573664358,0.0,1,-4.544980236562919,-1.970282573664358,0.0,-69.54314720812182,13.025624239617098,11.76470588235294,34
726,"['--ipsccp', '--speculative-execution', '--sccp', '--early-cse', '--mem2reg', '--jump-threading', '--globalopt', '--elim-avail-extern', '--instcombine', '--adce', '--jump-threading', '--gvn', '--simplifycfg', '--instsimplify', '--gvn-hoist', '--mergefunc', '--gvn-hoist', '--instcombine', '--globalopt', '--elim-avail-extern', '--indvars', '--gvn', '--gvn', '--ipsccp', '--gvn', '--nary-reassociate', '--lower-constant-intrinsics', '--loop-instsimplify', '--strip', '--mem2reg', '--elim-avail-extern', '--instcombine', '--simplifycfg', '--sroa', '--mem2reg', '--gvn-hoist', '--sccp', '--flattencfg', '--lower-constant-intrinsics', '--adce', '--gvn-hoist', '--adce', '--lower-constant-intrinsics', '--dse', '--newgvn', '--simplifycfg', '--lower-expect', '--simplifycfg', '--gvn-hoist', '--instcombine', '--globalopt', '--elim-avail-extern', '--gvn', '--gvn', '--ipsccp', '--gvn', '--nary-reassociate', '--lower-constant-intrinsics', '--loop-instsimplify', '--loop-instsimplify', '--early-cse', '--mem2reg', '--jump-threading', '--globalopt', '--slp-vectorizer', '--instcombine', '--simplifycfg', '--sroa', '--lower-constant-intrinsics', '--early-cse', '--lower-expect', '--sroa', '--lower-expect', '--globalopt', '--elim-avail-extern', '--lower-expect']",76,-4.544980236562919,0.0,-1.970282573664358,0.0,1,-4.544980236562919,-1.970282573664358,0.0,-69.54314720812182,13.025624239617098,11.76470588235294,34
724,"['--ipsccp', '--speculative-execution', '--sccp', '--early-cse', '--mem2reg', '--jump-threading', '--globalopt', '--elim-avail-extern', '--instcombine', '--adce', '--jump-threading', '--gvn', '--simplifycfg', '--instsimplify', '--gvn-hoist', '--mergefunc', '--gvn-hoist', '--instcombine', '--globalopt', '--elim-avail-extern', '--indvars', '--gvn', '--gvn', '--ipsccp', '--gvn', '--nary-reassociate', '--lower-constant-intrinsics', '--loop-instsimplify', '--strip', '--mem2reg', '--gvn-hoist', '--instcombine', '--simplifycfg', '--simplifycfg', '--sroa', '--mem2reg', '--gvn-hoist', '--sccp', '--early-cse', '--lower-constant-intrinsics', '--adce', '--gvn-hoist', '--adce', '--loop-simplify', '--dse', '--newgvn', '--simplifycfg', '--lower-expect', '--simplifycfg', '--gvn-hoist', '--instcombine', '--globalopt', '--elim-avail-extern', '--gvn', '--gvn', '--ipsccp', '--gvn', '--nary-reassociate', '--lower-constant-intrinsics', '--loop-instsimplify', '--early-cse', '--mem2reg', '--jump-threading', '--slp-vectorizer', '--instcombine', '--simplifycfg', '--sroa', '--lower-constant-intrinsics', '--early-cse', '--lower-expect', '--sroa', '--sroa', '--lower-expect', '--globalopt', '--elim-avail-extern', '--lower-expect']",76,-4.544980236562919,0.0,-1.970282573664358,0.0,1,-4.544980236562919,-1.970282573664358,0.0,-69.54314720812182,13.025624239617098,11.76470588235294,34
775,"['--ipsccp', '--speculative-execution', '--sccp', '--early-cse', '--mem2reg', '--jump-threading', '--globalopt', '--elim-avail-extern', '--instcombine', '--adce', '--jump-threading', '--gvn', '--simplifycfg', '--instsimplify', '--gvn-hoist', '--mergefunc', '--gvn-hoist', '--instcombine', '--globalopt', '--elim-avail-extern', '--indvars', '--gvn', '--gvn', '--ipsccp', '--gvn', '--nary-reassociate', '--simplifycfg', '--early-cse', '--mem2reg', '--jump-threading', '--globalopt', '--elim-avail-extern', '--instcombine', '--simplifycfg', '--sroa', '--mem2reg', '--gvn-hoist', '--sccp', '--early-cse', '--lower-constant-intrinsics', '--adce', '--gvn-hoist', '--adce', '--lower-constant-intrinsics', '--dse', '--newgvn', '--lower-expect', '--simplifycfg', '--gvn-hoist', '--instcombine', '--globalopt', '--elim-avail-extern', '--gvn', '--gvn', '--ipsccp', '--gvn', '--nary-reassociate', '--lower-constant-intrinsics', '--early-cse', '--mem2reg', '--jump-threading', '--globalopt', '--slp-vectorizer', '--instcombine', '--simplifycfg', '--sroa', '--early-cse', '--lower-expect', '--sroa', '--sroa', '--lower-expect', '--globalopt', '--elim-avail-extern', '--lower-expect']",74,-4.544980236562919,0.0,-1.970282573664358,0.0,1,-4.544980236562919,-1.970282573664358,0.0,-69.54314720812182,13.025624239617098,11.76470588235294,34
803,"['--ipsccp', '--speculative-execution', '--sccp', '--early-cse', '--mem2reg', '--jump-threading', '--globalopt', '--elim-avail-extern', '--instcombine', '--adce', '--jump-threading', '--gvn', '--simplifycfg', '--instsimplify', '--gvn-hoist', '--mergefunc', '--gvn-hoist', '--instcombine', '--globalopt', '--elim-avail-extern', '--indvars', '--gvn', '--gvn', '--ipsccp', '--gvn', '--nary-reassociate', '--lower-constant-intrinsics', '--loop-instsimplify', '--strip', '--mem2reg', '--globalopt', '--memcpyopt', '--elim-avail-extern', '--simplifycfg', '--sroa', '--mem2reg', '--gvn-hoist', '--sccp', '--early-cse', '--lower-constant-intrinsics', '--adce', '--gvn-hoist', '--adce', '--loop-simplify', '--dse', '--simplifycfg', '--lower-expect', '--simplifycfg', '--gvn-hoist', '--instcombine', '--globalopt', '--elim-avail-extern', '--gvn', '--gvn', '--ipsccp', '--gvn', '--nary-reassociate', '--lower-constant-intrinsics', '--loop-instsimplify', '--early-cse', '--mem2reg', '--jump-threading', '--slp-vectorizer', '--instcombine', '--simplifycfg', '--sroa', '--lower-constant-intrinsics', '--early-cse', '--lower-expect', '--sroa', '--sroa', '--lower-expect', '--globalopt', '--elim-avail-extern', '--lower-expect']",75,-4.544980236562919,0.0,-1.970282573664358,0.0,1,-4.544980236562919,-1.970282573664358,0.0,-69.54314720812182,13.025624239617098,11.76470588235294,34
754,"['--ipsccp', '--speculative-execution', '--sccp', '--early-cse', '--mem2reg', '--jump-threading', '--globalopt', '--sroa', '--instcombine', '--adce', '--jump-threading', '--gvn', '--simplifycfg', '--instsimplify', '--gvn-hoist', '--mergefunc', '--adce', '--instcombine', '--globalopt', '--elim-avail-extern', '--indvars', '--gvn', '--gvn', '--ipsccp', '--gvn', '--nary-reassociate', '--lower-constant-intrinsics', '--loop-instsimplify', '--strip', '--mem2reg', '--elim-avail-extern', '--instcombine', '--simplifycfg', '--sroa', '--mem2reg', '--gvn-hoist', '--sccp', '--early-cse', '--lower-constant-intrinsics', '--gvn-hoist', '--gvn-hoist', '--adce', '--lower-constant-intrinsics', '--dse', '--newgvn', '--simplifycfg', '--lower-expect', '--simplifycfg', '--gvn-hoist', '--instcombine', '--globalopt', '--elim-avail-extern', '--elim-avail-extern', '--gvn', '--gvn', '--ipsccp', '--gvn', '--nary-reassociate', '--lower-constant-intrinsics', '--loop-instsimplify', '--early-cse', '--mem2reg', '--jump-threading', '--globalopt', '--slp-vectorizer', '--instcombine', '--simplifycfg', '--elim-avail-extern', '--lower-constant-intrinsics', '--early-cse', '--lower-expect', '--sroa', '--lower-expect', '--globalopt', '--elim-avail-extern', '--lower-expect']",76,-4.544980236562919,0.0,-1.970282573664358,0.0,1,-4.544980236562919,-1.970282573664358,0.0,-69.54314720812182,13.025624239617098,11.76470588235294,34
652,"['--ipsccp', '--speculative-execution', '--sccp', '--early-cse', '--mem2reg', '--jump-threading', '--globalopt', '--elim-avail-extern', '--instcombine', '--adce', '--jump-threading', '--gvn', '--simplifycfg', '--instsimplify', '--gvn-hoist', '--mergefunc', '--gvn-hoist', '--instcombine', '--globalopt', '--elim-avail-extern', '--indvars', '--gvn', '--gvn', '--ipsccp', '--gvn', '--nary-reassociate', '--lower-constant-intrinsics', '--loop-instsimplify', '--strip', '--mem2reg', '--elim-avail-extern', '--instcombine', '--simplifycfg', '--sroa', '--mem2reg', '--gvn-hoist', '--sccp', '--early-cse', '--lower-constant-intrinsics', '--adce', '--gvn-hoist', '--adce', '--lower-constant-intrinsics', '--dse', '--newgvn', '--simplifycfg', '--lower-expect', '--simplifycfg', '--gvn-hoist', '--instcombine', '--globalopt', '--elim-avail-extern', '--gvn', '--gvn', '--ipsccp', '--gvn', '--nary-reassociate', '--lower-constant-intrinsics', '--loop-instsimplify', '--early-cse', '--mem2reg', '--jump-threading', '--globalopt', '--slp-vectorizer', '--instcombine', '--simplifycfg', '--sroa', '--early-cse', '--lower-expect', '--sroa', '--sroa', '--lower-expect', '--globalopt', '--elim-avail-extern', '--lower-expect']",75,-4.544980236562919,0.0,-1.970282573664358,0.0,1,-4.544980236562919,-1.970282573664358,0.0,-69.54314720812182,13.025624239617098,11.76470588235294,34
693,"['--ipsccp', '--adce', '--sccp', '--early-cse', '--mem2reg', '--jump-threading', '--globalopt', '--elim-avail-extern', '--instcombine', '--adce', '--jump-threading', '--gvn', '--simplifycfg', '--instsimplify', '--gvn-hoist', '--mergefunc', '--gvn-hoist', '--instcombine', '--globalopt', '--elim-avail-extern', '--indvars', '--gvn', '--gvn', '--ipsccp', '--gvn', '--nary-reassociate', '--lower-constant-intrinsics', '--loop-instsimplify', '--strip', '--mem2reg', '--elim-avail-extern', '--instcombine', '--simplifycfg', '--sroa', '--mem2reg', '--gvn-hoist', '--sccp', '--early-cse', '--lower-constant-intrinsics', '--speculative-execution', '--gvn-hoist', '--adce', '--lower-constant-intrinsics', '--dse', '--newgvn', '--simplifycfg', '--lower-expect', '--simplifycfg', '--gvn-hoist', '--instcombine', '--globalopt', '--elim-avail-extern', '--gvn', '--gvn', '--ipsccp', '--gvn', '--nary-reassociate', '--lower-constant-intrinsics', '--loop-instsimplify', '--early-cse', '--mem2reg', '--jump-threading', '--globalopt', '--slp-vectorizer', '--instcombine', '--simplifycfg', '--sroa', '--early-cse', '--lower-expect', '--sroa', '--sroa', '--lower-expect', '--globalopt', '--elim-avail-extern', '--lower-expect']",75,-4.544980236562919,0.0,-1.970282573664358,0.0,1,-4.544980236562919,-1.970282573664358,0.0,-69.54314720812182,13.025624239617098,11.76470588235294,34
692,"['--ipsccp', '--speculative-execution', '--sccp', '--early-cse', '--mem2reg', '--jump-threading', '--globalopt', '--elim-avail-extern', '--instcombine', '--adce', '--jump-threading', '--gvn', '--simplifycfg', '--instsimplify', '--gvn-hoist', '--mergefunc', '--gvn-hoist', '--instcombine', '--globalopt', '--elim-avail-extern', '--indvars', '--gvn', '--gvn', '--ipsccp', '--gvn', '--nary-reassociate', '--lower-constant-intrinsics', '--loop-instsimplify', '--strip', '--mem2reg', '--elim-avail-extern', '--instcombine', '--simplifycfg', '--sroa', '--mem2reg', '--gvn-hoist', '--sccp', '--flattencfg', '--lower-constant-intrinsics', '--adce', '--gvn-hoist', '--adce', '--lower-constant-intrinsics', '--dse', '--newgvn', '--simplifycfg', '--lower-expect', '--simplifycfg', '--gvn-hoist', '--instcombine', '--globalopt', '--elim-avail-extern', '--gvn', '--gvn', '--ipsccp', '--gvn', '--nary-reassociate', '--lower-constant-intrinsics', '--loop-instsimplify', '--early-cse', '--mem2reg', '--jump-threading', '--globalopt', '--slp-vectorizer', '--instcombine', '--simplifycfg', '--sroa', '--early-cse', '--lower-expect', '--sroa', '--sroa', '--lower-expect', '--globalopt', '--elim-avail-extern', '--lower-expect']",75,-4.544980236562919,0.0,-1.970282573664358,0.0,1,-4.544980236562919,-1.970282573664358,0.0,-69.54314720812182,13.025624239617098,11.76470588235294,34
677,"['--ipsccp', '--speculative-execution', '--sccp', '--early-cse', '--mem2reg', '--jump-threading', '--globalopt', '--elim-avail-extern', '--instcombine', '--adce', '--jump-threading', '--gvn', '--simplifycfg', '--instsimplify', '--gvn-hoist', '--mergefunc', '--adce', '--instcombine', '--globalopt', '--elim-avail-extern', '--indvars', '--gvn', '--gvn', '--ipsccp', '--gvn', '--nary-reassociate', '--lower-constant-intrinsics', '--loop-instsimplify', '--strip', '--mem2reg', '--elim-avail-extern', '--instcombine', '--simplifycfg', '--sroa', '--mem2reg', '--gvn-hoist', '--sccp', '--early-cse', '--lower-constant-intrinsics', '--gvn-hoist', '--gvn-hoist', '--adce', '--lower-constant-intrinsics', '--dse', '--newgvn', '--simplifycfg', '--lower-expect', '--simplifycfg', '--gvn-hoist', '--instcombine', '--globalopt', '--elim-avail-extern', '--elim-avail-extern', '--gvn', '--gvn', '--ipsccp', '--gvn', '--nary-reassociate', '--lower-constant-intrinsics', '--loop-instsimplify', '--early-cse', '--mem2reg', '--jump-threading', '--globalopt', '--slp-vectorizer', '--instcombine', '--simplifycfg', '--sroa', '--lower-constant-intrinsics', '--early-cse', '--lower-expect', '--sroa', '--sroa', '--lower-expect', '--globalopt', '--elim-avail-extern', '--lower-expect']",77,-4.544980236562919,0.0,-1.970282573664358,0.0,1,-4.544980236562919,-1.970282573664358,0.0,-69.54314720812182,13.025624239617098,11.76470588235294,34
2700,"['--ipsccp', '--speculative-execution', '--sccp', '--lower-constant-intrinsics', '--early-cse', '--mem2reg', '--mergefunc', '--jump-threading', '--globalopt', '--lower-constant-intrinsics', '--elim-avail-extern', '--instcombine', '--loop-instsimplify', '--jump-threading', '--gvn', '--instsimplify', '--inline', '--reassociate', '--mergefunc', '--gvn-hoist', '--elim-avail-extern', '--loweratomic', '--indvars', '--indvars', '--gvn', '--gvn', '--ipsccp', '--gvn', '--nary-reassociate', '--adce', '--early-cse', '--mem2reg', '--jump-threading', '--globalopt', '--jump-threading', '--bdce', '--elim-avail-extern', '--instcombine', '--simplifycfg', '--sroa', '--lower-constant-intrinsics', '--adce', '--slsr', '--gvn-hoist', '--adce', '--loop-simplify', '--adce', '--strip', '--dse', '--scalarizer', '--scalarizer', '--simplifycfg', '--lower-expect', '--simplifycfg', '--lower-expect', '--lower-constant-intrinsics', '--lower-constant-intrinsics', '--nary-reassociate', '--adce', '--early-cse', '--loop-guard-widening', '--loop-guard-widening', '--gvn', '--jump-threading', '--globalopt', '--slp-vectorizer', '--instcombine', '--slp-vectorizer', '--instcombine', '--simplifycfg', '--sroa', '--early-cse', '--lower-expect', '--sroa', '--sroa', '--instsimplify']",76,-4.5463115241272405,0.0,-1.8944613879115864,0.0,1,-4.5463115241272405,-1.8944613879115864,0.0,-67.00507614213198,13.607596008406093,11.76470588235294,34
2002,"['--ipsccp', '--speculative-execution', '--ipsccp', '--early-cse', '--mem2reg', '--jump-threading', '--globalopt', '--elim-avail-extern', '--instcombine', '--loop-instsimplify', '--jump-threading', '--gvn', '--simplifycfg', '--loop-unswitch', '--hotcoldsplit', '--inline', '--mergefunc', '--gvn-hoist', '--instcombine', '--globalopt', '--elim-avail-extern', '--indvars', '--indvars', '--gvn', '--gvn', '--ipsccp', '--gvn', '--nary-reassociate', '--adce', '--early-cse', '--mem2reg', '--jump-threading', '--correlated-propagation', '--elim-avail-extern', '--instcombine', '--simplifycfg', '--sroa', '--mem2reg', '--globaldce', '--gvn-hoist', '--sccp', '--early-cse', '--lower-constant-intrinsics', '--adce', '--slsr', '--gvn-hoist', '--adce', '--loop-simplify', '--adce', '--loop-simplify', '--dse', '--scalarizer', '--simplifycfg', '--lower-expect', '--nary-reassociate', '--elim-avail-extern', '--lower-constant-intrinsics', '--ipsccp', '--loop-simplify', '--nary-reassociate', '--gvn', '--early-cse', '--mem2reg', '--jump-threading', '--globalopt', '--slp-vectorizer', '--instcombine', '--sroa', '--sroa', '--early-cse', '--lower-expect', '--simplifycfg', '--sroa', '--lower-expect', '--simplifycfg', '--aggressive-instcombine']",76,-4.546549680061839,0.0,-1.4387410952327164,0.0,1,-4.546549680061839,-1.4387410952327164,0.5008908414855473,-67.00507614213198,12.616115056961243,14.705882352941178,34
1774,"['--ipsccp', '--speculative-execution', '--loop-unswitch', '--sccp', '--early-cse', '--mem2reg', '--jump-threading', '--globalopt', '--elim-avail-extern', '--instcombine', '--adce', '--jump-threading', '--gvn', '--loop-sink', '--simplifycfg', '--instsimplify', '--inline', '--mergefunc', '--gvn-hoist', '--instcombine', '--globalopt', '--simplifycfg', '--indvars', '--indvars', '--gvn', '--gvn', '--ipsccp', '--gvn', '--gvn', '--nary-reassociate', '--loop-instsimplify', '--early-cse', '--mem2reg', '--jump-threading', '--globalopt', '--elim-avail-extern', '--instcombine', '--simplifycfg', '--sroa', '--mem2reg', '--inferattrs', '--mem2reg', '--globaldce', '--gvn-hoist', '--sccp', '--early-cse', '--lower-constant-intrinsics', '--adce', '--slsr', '--gvn-hoist', '--adce', '--loop-simplify', '--dse', '--scalarizer', '--simplifycfg', '--lower-expect', '--elim-avail-extern', '--elim-avail-extern', '--lower-constant-intrinsics', '--ipsccp', '--nary-reassociate', '--gvn', '--jump-threading', '--globalopt', '--slp-vectorizer', '--instcombine', '--simplifycfg', '--sroa', '--early-cse', '--lower-expect', '--sroa', '--sroa', '--lower-expect', '--aggressive-instcombine']",74,-4.546549680061839,0.0,-1.4387410952327164,0.0,1,-4.546549680061839,-1.4387410952327164,0.5008908414855473,-67.00507614213198,12.616115056961243,14.705882352941178,34
2247,"['--ipsccp', '--speculative-execution', '--sccp', '--lower-constant-intrinsics', '--early-cse', '--mem2reg', '--jump-threading', '--globalopt', '--elim-avail-extern', '--instcombine', '--loop-instsimplify', '--jump-threading', '--gvn', '--simplifycfg', '--instsimplify', '--inline', '--mergefunc', '--gvn-hoist', '--instcombine', '--globalopt', '--elim-avail-extern', '--loweratomic', '--indvars', '--indvars', '--gvn', '--gvn', '--ipsccp', '--gvn', '--nary-reassociate', '--adce', '--early-cse', '--mem2reg', '--jump-threading', '--globalopt', '--elim-avail-extern', '--instcombine', '--simplifycfg', '--sroa', '--mem2reg', '--globaldce', '--gvn-hoist', '--sccp', '--early-cse', '--lower-constant-intrinsics', '--adce', '--slsr', '--gvn-hoist', '--adce', '--loop-unswitch', '--loop-simplify', '--dse', '--scalarizer', '--adce', '--loop-simplify', '--dse', '--scalarizer', '--simplifycfg', '--mergereturn', '--lower-expect', '--elim-avail-extern', '--lower-constant-intrinsics', '--ipsccp', '--nary-reassociate', '--gvn', '--jump-threading', '--globalopt', '--slp-vectorizer', '--instcombine', '--slp-vectorizer', '--instcombine', '--simplifycfg', '--sroa', '--early-cse', '--lower-expect', '--sroa', '--sroa', '--aggressive-instcombine']",77,-4.549599215532529,0.0,-1.4381656091683326,0.0,1,-4.549599215532529,-1.4381656091683326,0.5620873773639496,-67.00507614213198,12.65092655715103,14.705882352941178,34
770,"['--ipsccp', '--speculative-execution', '--sccp', '--early-cse', '--mem2reg', '--jump-threading', '--globalopt', '--elim-avail-extern', '--instcombine', '--instsimplify', '--jump-threading', '--gvn', '--strip', '--instsimplify', '--gvn-hoist', '--mergefunc', '--gvn-hoist', '--instcombine', '--globalopt', '--elim-avail-extern', '--indvars', '--gvn', '--gvn', '--ipsccp', '--gvn', '--nary-reassociate', '--lower-constant-intrinsics', '--loop-instsimplify', '--simplifycfg', '--mem2reg', '--jump-threading', '--globalopt', '--elim-avail-extern', '--simplifycfg', '--sroa', '--mem2reg', '--gvn-hoist', '--sccp', '--early-cse', '--lower-constant-intrinsics', '--adce', '--gvn-hoist', '--adce', '--loop-simplify', '--dse', '--newgvn', '--simplifycfg', '--lower-expect', '--simplifycfg', '--loop-unroll-and-jam', '--instcombine', '--globalopt', '--elim-avail-extern', '--gvn', '--gvn', '--ipsccp', '--gvn', '--nary-reassociate', '--lower-constant-intrinsics', '--lower-constant-intrinsics', '--early-cse', '--mem2reg', '--jump-threading', '--slp-vectorizer', '--instcombine', '--simplifycfg', '--sroa', '--lower-constant-intrinsics', '--early-cse', '--lower-expect', '--sroa', '--sroa', '--lower-expect', '--globalopt', '--elim-avail-extern', '--lower-expect']",76,-4.550094215005547,0.0,-1.9772853747848065,0.0,1,-4.550094215005547,-1.9772853747848065,0.0,-69.54314720812182,13.024243015640009,11.76470588235294,34
1164,"['--ipsccp', '--speculative-execution', '--sccp', '--early-cse', '--mem2reg', '--jump-threading', '--globalopt', '--elim-avail-extern', '--instcombine', '--adce', '--jump-threading', '--gvn', '--simplifycfg', '--instsimplify', '--inline', '--gvn-hoist', '--gvn', '--gvn-hoist', '--globalopt', '--elim-avail-extern', '--indvars', '--gvn', '--gvn', '--ipsccp', '--gvn', '--nary-reassociate', '--loop-instsimplify', '--early-cse', '--mem2reg', '--jump-threading', '--globalopt', '--elim-avail-extern', '--instcombine', '--simplifycfg', '--sroa', '--mem2reg', '--gvn-hoist', '--sccp', '--early-cse', '--lower-constant-intrinsics', '--adce', '--gvn-hoist', '--adce', '--dse', '--loop-sink', '--simplifycfg', '--lower-expect', '--simplifycfg', '--gvn-hoist', '--instcombine', '--globalopt', '--aggressive-instcombine', '--gvn', '--gvn', '--ipsccp', '--gvn', '--lower-constant-intrinsics', '--loop-instsimplify', '--early-cse', '--mem2reg', '--jump-threading', '--globalopt', '--slp-vectorizer', '--instcombine', '--simplifycfg', '--sroa', '--lower-constant-intrinsics', '--early-cse', '--lower-expect', '--lower-expect', '--loweratomic', '--elim-avail-extern', '--elim-avail-extern', '--lower-expect', '--slsr']",75,-4.553723828412456,0.0,-2.0353772870960394,0.0,1,-4.553723828412456,-2.0353772870960394,0.13175230566534915,-68.52791878172589,12.624849807374854,11.76470588235294,34
996,"['--ipsccp', '--speculative-execution', '--sccp', '--early-cse', '--mem2reg', '--jump-threading', '--globalopt', '--elim-avail-extern', '--instcombine', '--adce', '--jump-threading', '--gvn', '--simplifycfg', '--instsimplify', '--inline', '--gvn-hoist', '--mergefunc', '--gvn-hoist', '--instcombine', '--globalopt', '--elim-avail-extern', '--gvn', '--ipsccp', '--gvn', '--nary-reassociate', '--loop-instsimplify', '--early-cse', '--mem2reg', '--hotcoldsplit', '--jump-threading', '--globalopt', '--elim-avail-extern', '--instcombine', '--simplifycfg', '--sroa', '--gvn-hoist', '--sccp', '--early-cse', '--lower-constant-intrinsics', '--globalopt', '--gvn-hoist', '--adce', '--lower-constant-intrinsics', '--dse', '--newgvn', '--simplifycfg', '--lower-expect', '--simplifycfg', '--gvn-hoist', '--instcombine', '--globalopt', '--globalopt', '--elim-avail-extern', '--gvn', '--gvn', '--ipsccp', '--gvn', '--early-cse', '--mem2reg', '--jump-threading', '--globalopt', '--slp-vectorizer', '--instcombine', '--simplifycfg', '--sroa', '--early-cse', '--lower-expect', '--sroa', '--sroa', '--lower-expect', '--adce', '--elim-avail-extern', '--aggressive-instcombine']",73,-4.554516267261457,0.0,-1.7278456035368113,0.0,1,-4.554516267261457,-1.7278456035368113,0.5008908414855473,-85.27918781725889,14.939261822559075,11.76470588235294,34
2043,"['--ipsccp', '--speculative-execution', '--sccp', '--early-cse', '--mem2reg', '--jump-threading', '--globalopt', '--elim-avail-extern', '--instcombine', '--loop-instsimplify', '--jump-threading', '--gvn', '--simplifycfg', '--instsimplify', '--inline', '--mergefunc', '--gvn-hoist', '--instcombine', '--globalopt', '--elim-avail-extern', '--indvars', '--indvars', '--gvn', '--gvn', '--ipsccp', '--gvn', '--nary-reassociate', '--adce', '--early-cse', '--mem2reg', '--jump-threading', '--correlated-propagation', '--elim-avail-extern', '--instcombine', '--simplifycfg', '--sroa', '--mem2reg', '--globaldce', '--gvn-hoist', '--sccp', '--early-cse', '--lower-constant-intrinsics', '--adce', '--slsr', '--gvn-hoist', '--adce', '--loop-simplify', '--adce', '--loop-simplify', '--dse', '--scalarizer', '--loop-unswitch', '--simplifycfg', '--lower-expect', '--nary-reassociate', '--elim-avail-extern', '--lower-constant-intrinsics', '--gvn', '--nary-reassociate', '--gvn', '--early-cse', '--mem2reg', '--jump-threading', '--globalopt', '--slp-vectorizer', '--instcombine', '--simplifycfg', '--sroa', '--early-cse', '--lower-expect', '--sroa', '--lower-expect', '--simplifycfg', '--aggressive-instcombine']",74,-4.564355693259701,0.0,-1.4582190851041616,0.0,1,-4.564355693259701,-1.4582190851041616,0.5008908414855473,-67.00507614213198,12.648090264904027,14.705882352941178,34
1990,"['--ipsccp', '--speculative-execution', '--sccp', '--early-cse', '--mem2reg', '--jump-threading', '--globalopt', '--elim-avail-extern', '--instcombine', '--loop-instsimplify', '--jump-threading', '--gvn', '--simplifycfg', '--instsimplify', '--inline', '--mergefunc', '--gvn-hoist', '--tailcallelim', '--globalopt', '--elim-avail-extern', '--indvars', '--indvars', '--gvn', '--gvn', '--gvn', '--gvn', '--ipsccp', '--gvn', '--nary-reassociate', '--loop-instsimplify', '--early-cse', '--mem2reg', '--hotcoldsplit', '--jump-threading', '--globalopt', '--elim-avail-extern', '--instcombine', '--simplifycfg', '--sroa', '--mem2reg', '--loop-unswitch', '--globaldce', '--gvn-hoist', '--sccp', '--early-cse', '--lower-constant-intrinsics', '--adce', '--slsr', '--loop-interchange', '--gvn-hoist', '--adce', '--dse', '--scalarizer', '--simplifycfg', '--lower-expect', '--simplifycfg', '--elim-avail-extern', '--lower-constant-intrinsics', '--ipsccp', '--gvn', '--nary-reassociate', '--gvn', '--early-cse', '--mem2reg', '--jump-threading', '--globalopt', '--slp-vectorizer', '--instcombine', '--early-cse-memssa', '--sroa', '--early-cse', '--lower-expect', '--sroa', '--sroa', '--lower-expect', '--aggressive-instcombine']",76,-4.564355693259701,0.0,-1.4582190851041616,0.0,1,-4.564355693259701,-1.4582190851041616,0.5008908414855473,-67.00507614213198,12.648090264904027,14.705882352941178,34
1708,"['--ipsccp', '--speculative-execution', '--sccp', '--early-cse', '--mem2reg', '--jump-threading', '--globalopt', '--elim-avail-extern', '--instcombine', '--adce', '--jump-threading', '--gvn', '--simplifycfg', '--instsimplify', '--inline', '--mergefunc', '--gvn-hoist', '--instcombine', '--globalopt', '--elim-avail-extern', '--indvars', '--indvars', '--gvn', '--gvn', '--ipsccp', '--ipsccp', '--gvn', '--nary-reassociate', '--adce', '--early-cse', '--mem2reg', '--jump-threading', '--globalopt', '--elim-avail-extern', '--instcombine', '--simplifycfg', '--sroa', '--mem2reg', '--globaldce', '--gvn-hoist', '--sccp', '--loop-unswitch', '--lower-constant-intrinsics', '--adce', '--slsr', '--gvn-hoist', '--adce', '--loop-simplify', '--dse', '--scalarizer', '--simplifycfg', '--lower-expect', '--simplifycfg', '--gvn-hoist', '--simplifycfg', '--elim-avail-extern', '--lower-constant-intrinsics', '--ipsccp', '--gvn', '--nary-reassociate', '--gvn', '--early-cse', '--mem2reg', '--jump-threading', '--globalopt', '--slp-vectorizer', '--instcombine', '--simplifycfg', '--sroa', '--early-cse', '--lower-expect', '--sroa', '--sroa', '--lower-expect', '--aggressive-instcombine']",75,-4.564355693259701,0.0,-1.4582190851041616,0.0,1,-4.564355693259701,-1.4582190851041616,0.5008908414855473,-67.00507614213198,12.648090264904027,14.705882352941178,34
1696,"['--mldst-motion', '--ipsccp', '--speculative-execution', '--sccp', '--early-cse', '--jump-threading', '--globalopt', '--elim-avail-extern', '--instcombine', '--adce', '--jump-threading', '--gvn', '--simplifycfg', '--instsimplify', '--inline', '--mergefunc', '--gvn-hoist', '--tailcallelim', '--globalopt', '--elim-avail-extern', '--indvars', '--indvars', '--gvn', '--gvn', '--gvn', '--gvn', '--ipsccp', '--gvn', '--nary-reassociate', '--loop-instsimplify', '--early-cse', '--mem2reg', '--jump-threading', '--globalopt', '--elim-avail-extern', '--instcombine', '--simplifycfg', '--sroa', '--mem2reg', '--globaldce', '--gvn-hoist', '--sccp', '--early-cse', '--lower-constant-intrinsics', '--adce', '--slsr', '--mem2reg', '--adce', '--loop-simplify', '--dse', '--scalarizer', '--simplifycfg', '--lower-expect', '--simplifycfg', '--elim-avail-extern', '--lower-constant-intrinsics', '--ipsccp', '--gvn', '--nary-reassociate', '--gvn', '--early-cse', '--mem2reg', '--jump-threading', '--globalopt', '--slp-vectorizer', '--instcombine', '--simplifycfg', '--sroa', '--early-cse', '--lower-expect', '--sroa', '--sroa', '--lower-expect', '--aggressive-instcombine']",74,-4.575312503873017,0.0,-1.8849005839277362,0.0,1,-4.575312503873017,-1.8849005839277362,0.5008908414855473,-69.54314720812182,13.969311835742744,11.76470588235294,34
2344,"['--ipsccp', '--speculative-execution', '--sccp', '--early-cse', '--jump-threading', '--globalopt', '--elim-avail-extern', '--instcombine', '--loop-instsimplify', '--jump-threading', '--simple-loop-unswitch', '--gvn', '--simplifycfg', '--instsimplify', '--inline', '--mergefunc', '--gvn-hoist', '--tailcallelim', '--elim-avail-extern', '--indvars', '--indvars', '--gvn', '--gvn', '--ipsccp', '--gvn', '--nary-reassociate', '--adce', '--early-cse', '--mem2reg', '--jump-threading', '--correlated-propagation', '--elim-avail-extern', '--instcombine', '--simplifycfg', '--sroa', '--mem2reg', '--globaldce', '--gvn-hoist', '--sccp', '--early-cse', '--lower-constant-intrinsics', '--adce', '--slsr', '--gvn-hoist', '--adce', '--loop-simplify', '--adce', '--loop-simplify', '--dse', '--scalarizer', '--simplifycfg', '--nary-reassociate', '--elim-avail-extern', '--lower-expect', '--simplifycfg', '--elim-avail-extern', '--ipsccp', '--nary-reassociate', '--gvn', '--jump-threading', '--loop-reroll', '--globalopt', '--slp-vectorizer', '--instcombine', '--simplifycfg', '--slp-vectorizer', '--instcombine', '--sroa', '--early-cse', '--lower-expect', '--sroa', '--lower-expect', '--aggressive-instcombine']",73,-4.575312503873017,0.0,-1.8849005839277362,0.0,1,-4.575312503873017,-1.8849005839277362,0.5008908414855473,-69.54314720812182,13.969311835742744,11.76470588235294,34
2104,"['--ipsccp', '--speculative-execution', '--sccp', '--early-cse', '--mem2reg', '--jump-threading', '--globalopt', '--elim-avail-extern', '--instcombine', '--loop-instsimplify', '--jump-threading', '--gvn', '--simplifycfg', '--instsimplify', '--inline', '--mergefunc', '--gvn-hoist', '--tailcallelim', '--globalopt', '--elim-avail-extern', '--indvars', '--indvars', '--gvn', '--gvn', '--gvn', '--gvn', '--ipsccp', '--gvn', '--nary-reassociate', '--nary-reassociate', '--loop-instsimplify', '--early-cse', '--ipsccp', '--mem2reg', '--jump-threading', '--globalopt', '--elim-avail-extern', '--instcombine', '--simplifycfg', '--sroa', '--loop-unswitch', '--mem2reg', '--correlated-propagation', '--gvn-hoist', '--slsr', '--gvn-hoist', '--adce', '--loop-simplify', '--adce', '--loop-simplify', '--dse', '--scalarizer', '--scalarizer', '--simplifycfg', '--lower-expect', '--simplifycfg', '--elim-avail-extern', '--lower-constant-intrinsics', '--ipsccp', '--gvn', '--nary-reassociate', '--gvn', '--early-cse', '--loop-guard-widening', '--jump-threading', '--globalopt', '--slp-vectorizer', '--instcombine', '--slp-vectorizer', '--instcombine', '--simplifycfg', '--sroa', '--early-cse', '--lower-expect', '--sroa', '--lower-expect', '--aggressive-instcombine', '--aggressive-instcombine']",78,-4.582252377235197,0.0,-1.477697074975607,0.0,1,-4.582252377235197,-1.477697074975607,0.5008908414855473,-67.00507614213198,12.680972180623154,14.705882352941178,34
2328,"['--ipsccp', '--speculative-execution', '--sccp', '--lower-constant-intrinsics', '--early-cse', '--mem2reg', '--jump-threading', '--globalopt', '--elim-avail-extern', '--instcombine', '--loop-instsimplify', '--jump-threading', '--gvn', '--simplifycfg', '--instsimplify', '--inline', '--mergefunc', '--gvn-hoist', '--instcombine', '--globalopt', '--elim-avail-extern', '--loweratomic', '--indvars', '--indvars', '--gvn', '--gvn', '--ipsccp', '--gvn', '--nary-reassociate', '--adce', '--early-cse', '--mem2reg', '--jump-threading', '--globalopt', '--elim-avail-extern', '--instcombine', '--simplifycfg', '--sroa', '--mem2reg', '--globaldce', '--gvn-hoist', '--sccp', '--early-cse', '--lower-constant-intrinsics', '--adce', '--slsr', '--gvn-hoist', '--adce', '--gvn-hoist', '--adce', '--loop-simplify', '--dse', '--loop-rotate', '--simplifycfg', '--lower-expect', '--simplifycfg', '--elim-avail-extern', '--lower-constant-intrinsics', '--ipsccp', '--lower-constant-intrinsics', '--ipsccp', '--nary-reassociate', '--gvn', '--jump-threading', '--globalopt', '--slp-vectorizer', '--instcombine', '--slp-vectorizer', '--instcombine', '--simplifycfg', '--sroa', '--early-cse', '--early-cse', '--lower-expect', '--aggressive-instcombine']",75,-4.6020859456356,0.0,-1.4650051739682417,0.0,1,-4.6020859456356,-1.4650051739682417,0.5008908414855473,-73.09644670050761,12.97449712218242,14.705882352941178,34
2566,"['--ipsccp', '--speculative-execution', '--sccp', '--reassociate', '--early-cse', '--mem2reg', '--jump-threading', '--globalopt', '--elim-avail-extern', '--instcombine', '--loop-instsimplify', '--jump-threading', '--gvn', '--simplifycfg', '--instsimplify', '--inline', '--mergefunc', '--gvn-hoist', '--instcombine', '--globalopt', '--elim-avail-extern', '--loweratomic', '--indvars', '--indvars', '--gvn', '--gvn', '--ipsccp', '--gvn', '--nary-reassociate', '--adce', '--early-cse', '--mem2reg', '--jump-threading', '--elim-avail-extern', '--instcombine', '--simplifycfg', '--sroa', '--mem2reg', '--globaldce', '--gvn-hoist', '--sccp', '--early-cse', '--lower-constant-intrinsics', '--adce', '--slsr', '--gvn-hoist', '--adce', '--gvn-hoist', '--adce', '--loop-simplify', '--dse', '--scalarizer', '--simplifycfg', '--lower-expect', '--simplifycfg', '--elim-avail-extern', '--lower-constant-intrinsics', '--ipsccp', '--nary-reassociate', '--gvn', '--early-cse', '--loop-guard-widening', '--jump-threading', '--globalopt', '--instcombine', '--slp-vectorizer', '--slp-vectorizer', '--instcombine', '--simplifycfg', '--sroa', '--early-cse', '--lower-expect', '--aggressive-instcombine']",73,-4.610338962668726,0.0,-1.5241211648124502,0.0,1,-4.610338962668726,-1.5241211648124502,0.5008908414855473,-67.00507614213198,12.613657361182108,14.705882352941178,34
2567,"['--ipsccp', '--speculative-execution', '--sccp', '--lower-constant-intrinsics', '--early-cse', '--mem2reg', '--jump-threading', '--globalopt', '--elim-avail-extern', '--instcombine', '--loop-instsimplify', '--jump-threading', '--gvn', '--simplifycfg', '--instsimplify', '--inline', '--mergefunc', '--gvn-hoist', '--instcombine', '--globalopt', '--elim-avail-extern', '--loweratomic', '--indvars', '--indvars', '--gvn', '--gvn', '--ipsccp', '--gvn', '--nary-reassociate', '--adce', '--scalarizer', '--mem2reg', '--jump-threading', '--globalopt', '--elim-avail-extern', '--instcombine', '--simplifycfg', '--sroa', '--mem2reg', '--globaldce', '--gvn-hoist', '--sccp', '--early-cse', '--lower-constant-intrinsics', '--adce', '--slsr', '--gvn-hoist', '--adce', '--loop-simplify', '--dse', '--early-cse', '--adce', '--loop-simplify', '--dse', '--scalarizer', '--simplifycfg', '--mergereturn', '--lower-expect', '--elim-avail-extern', '--lower-constant-intrinsics', '--correlated-propagation', '--gvn', '--jump-threading', '--globalopt', '--slp-vectorizer', '--instcombine', '--slp-vectorizer', '--instcombine', '--simplifycfg', '--sroa', '--early-cse', '--lower-expect', '--sroa', '--sroa', '--aggressive-instcombine']",75,-4.610338962668726,0.0,-1.5241211648124502,0.0,1,-4.610338962668726,-1.5241211648124502,0.5008908414855473,-67.00507614213198,12.613657361182108,14.705882352941178,34
2309,"['--ipsccp', '--speculative-execution', '--sccp', '--early-cse', '--mem2reg', '--sroa', '--globalopt', '--elim-avail-extern', '--instcombine', '--loop-instsimplify', '--jump-threading', '--gvn', '--simplifycfg', '--instsimplify', '--inline', '--mergefunc', '--gvn-hoist', '--mergefunc', '--gvn-hoist', '--globalopt', '--elim-avail-extern', '--loweratomic', '--indvars', '--indvars', '--gvn', '--gvn', '--ipsccp', '--gvn', '--nary-reassociate', '--adce', '--early-cse', '--mem2reg', '--jump-threading', '--globalopt', '--elim-avail-extern', '--instcombine', '--simplifycfg', '--sroa', '--mem2reg', '--globaldce', '--gvn-hoist', '--sccp', '--early-cse', '--lower-constant-intrinsics', '--lower-constant-intrinsics', '--slsr', '--gvn-hoist', '--adce', '--loop-simplify', '--dse', '--scalarizer', '--adce', '--loop-simplify', '--dse', '--scalarizer', '--simplifycfg', '--mergereturn', '--lower-expect', '--elim-avail-extern', '--lower-constant-intrinsics', '--ipsccp', '--nary-reassociate', '--gvn', '--jump-threading', '--globalopt', '--instcombine', '--slp-vectorizer', '--instcombine', '--simplifycfg', '--sroa', '--early-cse', '--early-cse', '--lower-expect', '--aggressive-instcombine']",74,-4.610338962668726,0.0,-1.5241211648124502,0.0,1,-4.610338962668726,-1.5241211648124502,0.5008908414855473,-67.00507614213198,12.613657361182108,14.705882352941178,34
1389,"['--ipsccp', '--speculative-execution', '--sccp', '--early-cse', '--mem2reg', '--jump-threading', '--globalopt', '--elim-avail-extern', '--instcombine', '--adce', '--jump-threading', '--gvn', '--simplifycfg', '--instsimplify', '--inline', '--mergefunc', '--gvn-hoist', '--loop-unswitch', '--gvn-hoist', '--instcombine', '--globalopt', '--elim-avail-extern', '--indvars', '--gvn', '--gvn', '--ipsccp', '--gvn', '--loop-instsimplify', '--early-cse', '--mem2reg', '--jump-threading', '--globalopt', '--elim-avail-extern', '--instcombine', '--simplifycfg', '--sroa', '--mem2reg', '--gvn-hoist', '--sccp', '--early-cse', '--lower-constant-intrinsics', '--adce', '--gvn-hoist', '--adce', '--loop-simplify', '--dse', '--scalarizer', '--ipconstprop', '--simplifycfg', '--lower-expect', '--simplifycfg', '--gvn-hoist', '--elim-avail-extern', '--lower-constant-intrinsics', '--gvn', '--ipsccp', '--gvn', '--nary-reassociate', '--gvn', '--early-cse', '--mem2reg', '--jump-threading', '--globalopt', '--slp-vectorizer', '--instcombine', '--simplifycfg', '--sroa', '--early-cse', '--lower-expect', '--sroa', '--sroa', '--lower-expect', '--aggressive-instcombine']",73,-4.612172464793235,0.0,-1.4956093381051787,0.0,1,-4.612172464793235,-1.4956093381051787,0.5008908414855473,-68.52791878172589,12.845831082731744,14.705882352941178,34
2613,"['--ipsccp', '--sccp', '--speculative-execution', '--lower-constant-intrinsics', '--early-cse', '--mem2reg', '--jump-threading', '--globalopt', '--elim-avail-extern', '--instcombine', '--loop-instsimplify', '--gvn', '--simplifycfg', '--instsimplify', '--inline', '--mergefunc', '--reassociate', '--gvn-hoist', '--instcombine', '--lower-expect', '--elim-avail-extern', '--loweratomic', '--indvars', '--indvars', '--gvn', '--gvn', '--ipsccp', '--gvn', '--nary-reassociate', '--mem2reg', '--jump-threading', '--correlated-propagation', '--mem2reg', '--memcpyopt', '--globalopt', '--bdce', '--slp-vectorizer', '--instcombine', '--simplifycfg', '--sroa', '--lower-constant-intrinsics', '--adce', '--slsr', '--gvn-hoist', '--adce', '--loop-simplify', '--adce', '--loop-simplify', '--dse', '--scalarizer', '--dce', '--simplifycfg', '--globalopt', '--simplifycfg', '--elim-avail-extern', '--lower-constant-intrinsics', '--lower-constant-intrinsics', '--ipsccp', '--nary-reassociate', '--adce', '--early-cse', '--loop-guard-widening', '--jump-threading', '--elim-avail-extern', '--instcombine', '--slp-vectorizer', '--instcombine', '--instcombine', '--simplifycfg', '--sroa', '--early-cse', '--elim-avail-extern', '--lower-expect', '--sroa', '--sroa', '--aggressive-instcombine']",76,-4.613533374759707,0.0,-1.52892700871864,0.0,1,-4.613533374759707,-1.52892700871864,0.5008908414855473,-67.00507614213198,12.609557652795504,14.705882352941178,34
971,"['--ipsccp', '--speculative-execution', '--sccp', '--early-cse', '--mem2reg', '--jump-threading', '--globalopt', '--elim-avail-extern', '--instcombine', '--adce', '--jump-threading', '--gvn', '--simplifycfg', '--instsimplify', '--inline', '--gvn-hoist', '--mergefunc', '--gvn-hoist', '--instcombine', '--globalopt', '--elim-avail-extern', '--ipsccp', '--gvn', '--ipsccp', '--gvn', '--nary-reassociate', '--lower-constant-intrinsics', '--loop-instsimplify', '--strip', '--mem2reg', '--jump-threading', '--globalopt', '--elim-avail-extern', '--simplifycfg', '--sroa', '--mem2reg', '--gvn-hoist', '--sccp', '--early-cse', '--loweratomic', '--adce', '--gvn-hoist', '--gvn-hoist', '--adce', '--loop-simplify', '--dse', '--lower-expect', '--simplifycfg', '--gvn-hoist', '--instcombine', '--globalopt', '--globalopt', '--elim-avail-extern', '--gvn', '--gvn', '--ipsccp', '--gvn', '--early-cse', '--mem2reg', '--jump-threading', '--globalopt', '--slp-vectorizer', '--instcombine', '--simplifycfg', '--sroa', '--early-cse', '--lower-expect', '--sroa', '--sroa', '--lower-expect', '--adce', '--elim-avail-extern', '--aggressive-instcombine']",73,-4.617963301779823,0.0,-1.7675114468007431,0.0,1,-4.617963301779823,-1.7675114468007431,0.6131413958092724,-87.30964467005076,15.276238343263248,11.76470588235294,34
2343,"['--ipsccp', '--speculative-execution', '--sccp', '--lower-constant-intrinsics', '--early-cse', '--mem2reg', '--jump-threading', '--globalopt', '--elim-avail-extern', '--instcombine', '--loop-instsimplify', '--jump-threading', '--gvn', '--simplifycfg', '--instsimplify', '--inline', '--mergefunc', '--gvn-hoist', '--instcombine', '--globalopt', '--elim-avail-extern', '--loweratomic', '--indvars', '--indvars', '--gvn', '--gvn', '--ipsccp', '--gvn', '--nary-reassociate', '--adce', '--early-cse', '--mem2reg', '--jump-threading', '--globalopt', '--elim-avail-extern', '--instcombine', '--simplifycfg', '--load-store-vectorizer', '--sroa', '--mem2reg', '--globaldce', '--gvn-hoist', '--sccp', '--early-cse', '--lower-constant-intrinsics', '--adce', '--slsr', '--nary-reassociate', '--adce', '--loop-simplify', '--dse', '--scalarizer', '--adce', '--loop-simplify', '--dse', '--scalarizer', '--simplifycfg', '--mergereturn', '--lower-expect', '--elim-avail-extern', '--lower-constant-intrinsics', '--ipsccp', '--gvn-hoist', '--gvn', '--jump-threading', '--globalopt', '--slp-vectorizer', '--instcombine', '--slp-vectorizer', '--instcombine', '--simplifycfg', '--sroa', '--early-cse', '--early-cse', '--lower-expect', '--aggressive-instcombine']",76,-4.620064173262978,0.0,-0.28588334533687115,0.0,1,-4.620064173262978,-0.28588334533687115,0.5008908414855473,-67.00507614213198,13.17416370142678,20.588235294117645,34
1114,"['--ipsccp', '--speculative-execution', '--sccp', '--early-cse', '--mem2reg', '--jump-threading', '--globalopt', '--elim-avail-extern', '--instcombine', '--adce', '--jump-threading', '--gvn', '--simplifycfg', '--instsimplify', '--inline', '--gvn-hoist', '--mergefunc', '--gvn-hoist', '--instcombine', '--globalopt', '--elim-avail-extern', '--gvn', '--gvn', '--ipsccp', '--gvn', '--nary-reassociate', '--loop-instsimplify', '--early-cse', '--mem2reg', '--jump-threading', '--globalopt', '--elim-avail-extern', '--instcombine', '--simplifycfg', '--sroa', '--mem2reg', '--gvn-hoist', '--sccp', '--early-cse', '--lower-constant-intrinsics', '--adce', '--gvn-hoist', '--adce', '--loop-simplify', '--dse', '--loop-sink', '--simplifycfg', '--lower-expect', '--simplifycfg', '--gvn-hoist', '--instcombine', '--globalopt', '--aggressive-instcombine', '--gvn', '--gvn', '--ipsccp', '--gvn', '--lower-constant-intrinsics', '--loop-instsimplify', '--early-cse', '--mem2reg', '--jump-threading', '--globalopt', '--slp-vectorizer', '--instcombine', '--simplifycfg', '--sroa', '--lower-constant-intrinsics', '--early-cse', '--lower-expect', '--lower-expect', '--loweratomic', '--elim-avail-extern', '--elim-avail-extern', '--lower-expect', '--slsr']",76,-4.623985707843318,0.0,-1.77548616926393,0.0,1,-4.623985707843318,-1.77548616926393,0.5008908414855473,-87.30964467005076,15.276651985424298,11.76470588235294,34
2057,"['--ipsccp', '--scalarizer', '--sccp', '--early-cse', '--mem2reg', '--sroa', '--globalopt', '--elim-avail-extern', '--instcombine', '--loop-instsimplify', '--jump-threading', '--gvn', '--simplifycfg', '--instsimplify', '--inline', '--mergefunc', '--gvn-hoist', '--instcombine', '--globalopt', '--elim-avail-extern', '--indvars', '--indvars', '--gvn', '--gvn', '--ipsccp', '--gvn', '--nary-reassociate', '--adce', '--early-cse', '--mem2reg', '--jump-threading', '--globalopt', '--elim-avail-extern', '--instcombine', '--simplifycfg', '--sroa', '--mem2reg', '--globaldce', '--gvn-hoist', '--sccp', '--early-cse', '--lower-constant-intrinsics', '--adce', '--slsr', '--gvn-hoist', '--adce', '--loop-simplify', '--dse', '--speculative-execution', '--simplifycfg', '--lower-expect', '--simplifycfg', '--gvn-hoist', '--elim-avail-extern', '--lower-constant-intrinsics', '--gvn', '--ipsccp', '--gvn', '--nary-reassociate', '--gvn', '--early-cse', '--mem2reg', '--jump-threading', '--globalopt', '--slp-vectorizer', '--instcombine', '--simplifycfg', '--sroa', '--early-cse', '--lower-expect', '--sroa', '--lower-expect', '--aggressive-instcombine']",73,-4.625080933612312,0.0,-1.5441746407482788,0.0,1,-4.625080933612312,-1.5441746407482788,0.43655874448557375,-67.00507614213198,12.61067600109927,14.705882352941178,34
2009,"['--ipsccp', '--speculative-execution', '--sccp', '--early-cse', '--mem2reg', '--jump-threading', '--elim-avail-extern', '--instcombine', '--adce', '--loop-interchange', '--aggressive-instcombine', '--gvn', '--simple-loop-unswitch', '--simplifycfg', '--instsimplify', '--inline', '--mergefunc', '--gvn-hoist', '--gvn-hoist', '--instcombine', '--globalopt', '--elim-avail-extern', '--indvars', '--elim-avail-extern', '--indvars', '--gvn', '--ipsccp', '--gvn', '--nary-reassociate', '--loop-instsimplify', '--early-cse', '--mem2reg', '--jump-threading', '--globalopt', '--elim-avail-extern', '--instcombine', '--simplifycfg', '--sroa', '--mem2reg', '--globaldce', '--gvn-hoist', '--sccp', '--early-cse', '--lower-constant-intrinsics', '--adce', '--slsr', '--gvn-hoist', '--adce', '--loop-simplify', '--dse', '--scalarizer', '--simplifycfg', '--lower-expect', '--simplifycfg', '--elim-avail-extern', '--lower-constant-intrinsics', '--ipsccp', '--gvn', '--nary-reassociate', '--gvn', '--early-cse', '--jump-threading', '--globalopt', '--adce', '--instcombine', '--slp-vectorizer', '--instcombine', '--simplifycfg', '--sroa', '--early-cse', '--lower-expect', '--sroa', '--sroa', '--lower-expect', '--aggressive-instcombine']",75,-4.625080933612312,0.0,-1.5441746407482788,0.0,1,-4.625080933612312,-1.5441746407482788,0.43655874448557375,-67.00507614213198,12.61067600109927,14.705882352941178,34
1814,"['--ipsccp', '--speculative-execution', '--sccp', '--early-cse', '--mem2reg', '--jump-threading', '--globalopt', '--elim-avail-extern', '--instcombine', '--scalarizer', '--jump-threading', '--gvn', '--simplifycfg', '--instsimplify', '--inline', '--mergefunc', '--gvn-hoist', '--instcombine', '--globalopt', '--elim-avail-extern', '--indvars', '--indvars', '--gvn', '--gvn', '--ipsccp', '--gvn', '--ipsccp', '--gvn', '--nary-reassociate', '--loop-instsimplify', '--early-cse', '--mem2reg', '--jump-threading', '--globalopt', '--elim-avail-extern', '--instcombine', '--simplifycfg', '--sroa', '--mem2reg', '--globaldce', '--gvn-hoist', '--sccp', '--early-cse', '--lower-constant-intrinsics', '--adce', '--slsr', '--gvn-hoist', '--adce', '--loop-simplify', '--dse', '--scalarizer', '--simplifycfg', '--lower-expect', '--simplifycfg', '--elim-avail-extern', '--lower-constant-intrinsics', '--ipsccp', '--gvn', '--nary-reassociate', '--gvn', '--early-cse', '--mem2reg', '--jump-threading', '--globalopt', '--slp-vectorizer', '--instcombine', '--mem2reg', '--simplifycfg', '--sroa', '--early-cse', '--lower-expect', '--sroa', '--sroa', '--aggressive-instcombine']",74,-4.625080933612312,0.0,-1.5441746407482788,0.0,1,-4.625080933612312,-1.5441746407482788,0.43655874448557375,-67.00507614213198,12.61067600109927,14.705882352941178,34
1919,"['--ipsccp', '--speculative-execution', '--sccp', '--early-cse', '--mem2reg', '--jump-threading', '--globalopt', '--elim-avail-extern', '--instcombine', '--loop-instsimplify', '--jump-threading', '--gvn', '--simplifycfg', '--instsimplify', '--inline', '--mergefunc', '--gvn-hoist', '--tailcallelim', '--globalopt', '--elim-avail-extern', '--globalopt', '--indvars', '--indvars', '--gvn', '--gvn', '--ipsccp', '--gvn', '--nary-reassociate', '--adce', '--early-cse', '--mem2reg', '--jump-threading', '--globalopt', '--elim-avail-extern', '--scalarizer', '--instcombine', '--simplifycfg', '--instcombine', '--simplifycfg', '--sroa', '--inferattrs', '--mem2reg', '--globaldce', '--gvn-hoist', '--sccp', '--early-cse', '--lower-constant-intrinsics', '--adce', '--slsr', '--gvn-hoist', '--adce', '--loop-simplify', '--dse', '--loop-interchange', '--simplifycfg', '--lower-expect', '--simplifycfg', '--elim-avail-extern', '--lower-constant-intrinsics', '--ipsccp', '--nary-reassociate', '--gvn', '--jump-threading', '--jump-threading', '--globalopt', '--slp-vectorizer', '--instcombine', '--simplifycfg', '--early-cse', '--sroa', '--sroa', '--lower-expect', '--aggressive-instcombine']",73,-4.625080933612312,0.0,-1.5441746407482788,0.0,1,-4.625080933612312,-1.5441746407482788,0.43655874448557375,-67.00507614213198,12.61067600109927,14.705882352941178,34
1966,"['--ipsccp', '--speculative-execution', '--sccp', '--early-cse', '--mem2reg', '--jump-threading', '--globalopt', '--elim-avail-extern', '--instcombine', '--adce', '--jump-threading', '--gvn', '--loop-sink', '--simplifycfg', '--instsimplify', '--inline', '--mergefunc', '--gvn-hoist', '--ipsccp', '--globalopt', '--elim-avail-extern', '--indvars', '--indvars', '--gvn', '--gvn', '--ipsccp', '--gvn', '--nary-reassociate', '--adce', '--early-cse', '--jump-threading', '--globalopt', '--jump-threading', '--bdce', '--elim-avail-extern', '--instcombine', '--simplifycfg', '--sroa', '--mem2reg', '--globaldce', '--gvn-hoist', '--sccp', '--early-cse', '--lower-constant-intrinsics', '--adce', '--slsr', '--gvn-hoist', '--adce', '--loop-simplify', '--dse', '--scalarizer', '--elim-avail-extern', '--lower-expect', '--simplifycfg', '--elim-avail-extern', '--jump-threading', '--lower-constant-intrinsics', '--instcombine', '--gvn', '--dce', '--early-cse', '--globalopt', '--slp-vectorizer', '--instcombine', '--simplifycfg', '--sroa', '--early-cse', '--lower-expect', '--sroa', '--sroa', '--lower-expect', '--aggressive-instcombine']",72,-4.625080933612312,0.0,-1.5441746407482788,0.0,1,-4.625080933612312,-1.5441746407482788,0.43655874448557375,-67.00507614213198,12.61067600109927,14.705882352941178,34
1890,"['--ipsccp', '--speculative-execution', '--sccp', '--early-cse', '--mem2reg', '--elim-avail-extern', '--globalopt', '--jump-threading', '--instcombine', '--loop-instsimplify', '--jump-threading', '--gvn', '--simplifycfg', '--instsimplify', '--inline', '--mergefunc', '--gvn-hoist', '--instcombine', '--globalopt', '--elim-avail-extern', '--indvars', '--indvars', '--gvn', '--scalarizer', '--ipsccp', '--gvn', '--nary-reassociate', '--adce', '--mem2reg', '--jump-threading', '--globalopt', '--elim-avail-extern', '--instcombine', '--simplifycfg', '--sroa', '--mem2reg', '--globaldce', '--gvn-hoist', '--sccp', '--early-cse', '--mem2reg', '--globaldce', '--gvn-hoist', '--sccp', '--early-cse', '--lower-constant-intrinsics', '--lower-constant-intrinsics', '--adce', '--slsr', '--gvn-hoist', '--adce', '--loop-simplify', '--dse', '--scalarizer', '--simplifycfg', '--lower-expect', '--simplifycfg', '--elim-avail-extern', '--lower-constant-intrinsics', '--ipsccp', '--nary-reassociate', '--gvn', '--jump-threading', '--globalopt', '--slp-vectorizer', '--instcombine', '--slp-vectorizer', '--instcombine', '--simplifycfg', '--sroa', '--early-cse', '--lower-expect', '--sroa', '--sroa', '--lower-expect', '--aggressive-instcombine']",76,-4.625080933612312,0.0,-1.5441746407482788,0.0,1,-4.625080933612312,-1.5441746407482788,0.43655874448557375,-67.00507614213198,12.61067600109927,14.705882352941178,34
1583,"['--ipsccp', '--speculative-execution', '--sccp', '--early-cse', '--mem2reg', '--jump-threading', '--globalopt', '--elim-avail-extern', '--instcombine', '--loop-instsimplify', '--jump-threading', '--gvn', '--simplifycfg', '--instsimplify', '--inline', '--mergefunc', '--gvn-hoist', '--instcombine', '--globalopt', '--elim-avail-extern', '--indvars', '--indvars', '--gvn', '--gvn', '--ipsccp', '--gvn', '--nary-reassociate', '--loop-instsimplify', '--early-cse', '--mem2reg', '--jump-threading', '--globalopt', '--scalarizer', '--instcombine', '--simplifycfg', '--sroa', '--mem2reg', '--gvn', '--gvn-hoist', '--sccp', '--early-cse', '--lower-constant-intrinsics', '--adce', '--gvn-hoist', '--adce', '--globalopt', '--dse', '--scalarizer', '--simplifycfg', '--lower-expect', '--simplifycfg', '--gvn-hoist', '--elim-avail-extern', '--lower-constant-intrinsics', '--gvn', '--ipsccp', '--gvn', '--nary-reassociate', '--gvn', '--early-cse', '--mem2reg', '--jump-threading', '--globalopt', '--slp-vectorizer', '--instcombine', '--simplifycfg', '--sroa', '--early-cse', '--lower-expect', '--sroa', '--sroa', '--gvn', '--lower-expect', '--aggressive-instcombine']",74,-4.633775118077431,0.0,-1.5562533942209205,0.0,1,-4.633775118077431,-1.5562533942209205,0.43655874448557375,-67.00507614213198,12.607027194705646,14.705882352941178,34
1287,"['--ipsccp', '--speculative-execution', '--sccp', '--early-cse', '--mem2reg', '--jump-threading', '--globalopt', '--elim-avail-extern', '--instcombine', '--adce', '--jump-threading', '--gvn', '--simple-loop-unswitch', '--instsimplify', '--inline', '--gvn-hoist', '--mergefunc', '--gvn-hoist', '--instcombine', '--globalopt', '--elim-avail-extern', '--indvars', '--gvn', '--ipsccp', '--gvn', '--nary-reassociate', '--loop-instsimplify', '--early-cse', '--mem2reg', '--jump-threading', '--globalopt', '--instcombine', '--simplifycfg', '--sroa', '--gvn-hoist', '--sccp', '--sccp', '--early-cse', '--lower-constant-intrinsics', '--early-cse', '--lower-constant-intrinsics', '--adce', '--gvn-hoist', '--adce', '--loop-simplify', '--dse', '--loop-sink', '--simplifycfg', '--lower-expect', '--simplifycfg', '--indvars', '--loop-simplify', '--instcombine', '--globalopt', '--aggressive-instcombine', '--gvn', '--gvn', '--ipsccp', '--gvn', '--lower-constant-intrinsics', '--loop-instsimplify', '--early-cse', '--mem2reg', '--early-cse-memssa', '--jump-threading', '--globalopt', '--slp-vectorizer', '--instcombine', '--simplifycfg', '--mem2reg', '--sroa', '--lower-constant-intrinsics', '--early-cse', '--lower-expect', '--lower-expect', '--loweratomic', '--elim-avail-extern', '--elim-avail-extern', '--slsr']",79,-4.63952200933239,0.0,-2.0298793308405343,0.0,1,-4.63952200933239,-2.0298793308405343,0.5008908414855473,-67.00507614213198,13.524066288490488,11.76470588235294,34
1025,"['--ipsccp', '--speculative-execution', '--sccp', '--early-cse', '--mem2reg', '--jump-threading', '--globalopt', '--elim-avail-extern', '--instcombine', '--adce', '--jump-threading', '--gvn', '--simplifycfg', '--instsimplify', '--gvn-hoist', '--mergefunc', '--gvn-hoist', '--instcombine', '--globalopt', '--elim-avail-extern', '--lower-expect', '--gvn', '--gvn', '--ipsccp', '--gvn', '--nary-reassociate', '--loop-instsimplify', '--early-cse', '--mem2reg', '--jump-threading', '--early-cse', '--elim-avail-extern', '--instcombine', '--simplifycfg', '--sroa', '--mem2reg', '--gvn-hoist', '--sccp', '--early-cse', '--lower-constant-intrinsics', '--adce', '--gvn-hoist', '--adce', '--loop-simplify', '--dse', '--newgvn', '--loop-sink', '--newgvn', '--instcombine', '--lower-expect', '--simplifycfg', '--gvn-hoist', '--instcombine', '--globalopt', '--aggressive-instcombine', '--gvn', '--gvn', '--ipsccp', '--gvn', '--lower-constant-intrinsics', '--loop-instsimplify', '--early-cse', '--mem2reg', '--jump-threading', '--globalopt', '--slp-vectorizer', '--instcombine', '--simplifycfg', '--sroa', '--lower-constant-intrinsics', '--globalopt', '--lower-expect', '--lower-expect', '--loweratomic', '--elim-avail-extern', '--elim-avail-extern', '--lower-expect', '--slsr']",78,-4.65046702302239,0.0,-1.829574198333284,0.0,1,-4.65046702302239,-1.829574198333284,0.43655874448557375,-86.29441624365482,15.135804919194856,11.76470588235294,34
1038,"['--ipsccp', '--speculative-execution', '--sccp', '--early-cse', '--mem2reg', '--jump-threading', '--globalopt', '--elim-avail-extern', '--instcombine', '--adce', '--jump-threading', '--gvn', '--simplifycfg', '--instsimplify', '--gvn-hoist', '--mergefunc', '--gvn-hoist', '--instcombine', '--globalopt', '--elim-avail-extern', '--lower-expect', '--gvn', '--gvn', '--ipsccp', '--gvn', '--nary-reassociate', '--loop-instsimplify', '--early-cse', '--mem2reg', '--jump-threading', '--jump-threading', '--globalopt', '--memcpyopt', '--elim-avail-extern', '--simplifycfg', '--sroa', '--mem2reg', '--gvn-hoist', '--sccp', '--early-cse', '--lower-constant-intrinsics', '--adce', '--gvn-hoist', '--adce', '--loop-simplify', '--dse', '--loop-sink', '--newgvn', '--simplifycfg', '--lower-expect', '--simplifycfg', '--gvn-hoist', '--instcombine', '--globalopt', '--aggressive-instcombine', '--gvn', '--gvn', '--ipsccp', '--gvn', '--lower-constant-intrinsics', '--loop-instsimplify', '--early-cse', '--mem2reg', '--jump-threading', '--globalopt', '--slp-vectorizer', '--instcombine', '--simplifycfg', '--sroa', '--lower-constant-intrinsics', '--early-cse', '--lower-expect', '--lower-expect', '--loweratomic', '--elim-avail-extern', '--elim-avail-extern', '--lower-expect', '--slsr']",78,-4.65046702302239,0.0,-1.829574198333284,0.0,1,-4.65046702302239,-1.829574198333284,0.43655874448557375,-86.29441624365482,15.135804919194856,11.76470588235294,34
2710,"['--ipsccp', '--scalarizer', '--sccp', '--early-cse', '--mem2reg', '--sroa', '--globalopt', '--elim-avail-extern', '--instcombine', '--loop-instsimplify', '--jump-threading', '--gvn', '--simplifycfg', '--instsimplify', '--inline', '--mergefunc', '--gvn-hoist', '--mergefunc', '--gvn-hoist', '--globalopt', '--elim-avail-extern', '--indvars', '--indvars', '--gvn', '--loweratomic', '--ipsccp', '--gvn', '--nary-reassociate', '--mem2reg', '--jump-threading', '--correlated-propagation', '--early-cse', '--mem2reg', '--jump-threading', '--globalopt', '--elim-avail-extern', '--instcombine', '--simplifycfg', '--sroa', '--mem2reg', '--globaldce', '--gvn-hoist', '--sccp', '--early-cse', '--lower-constant-intrinsics', '--adce', '--slsr', '--gvn-hoist', '--adce', '--loop-simplify', '--dse', '--scalarizer', '--adce', '--loop-simplify', '--dse', '--speculative-execution', '--simplifycfg', '--mergereturn', '--lower-expect', '--nary-reassociate', '--lower-constant-intrinsics', '--ipsccp', '--elim-avail-extern', '--gvn', '--jump-threading', '--globalopt', '--slp-vectorizer', '--instcombine', '--slp-vectorizer', '--instcombine', '--simplifycfg', '--sroa', '--simplifycfg', '--sroa', '--early-cse', '--lower-expect', '--aggressive-instcombine']",77,-4.651071672851228,0.0,-1.58353887128898,0.0,1,-4.651071672851228,-1.58353887128898,0.5008908414855473,-67.00507614213198,12.57535166443316,14.705882352941178,34
660,"['--ipsccp', '--speculative-execution', '--sccp', '--early-cse', '--mem2reg', '--jump-threading', '--globalopt', '--elim-avail-extern', '--instcombine', '--instsimplify', '--jump-threading', '--gvn', '--simplifycfg', '--gvn-hoist', '--mergefunc', '--gvn-hoist', '--instcombine', '--globalopt', '--elim-avail-extern', '--gvn', '--gvn', '--ipsccp', '--gvn', '--nary-reassociate', '--lower-constant-intrinsics', '--loop-instsimplify', '--early-cse', '--mem2reg', '--jump-threading', '--globalopt', '--elim-avail-extern', '--instcombine', '--simplifycfg', '--sroa', '--mem2reg', '--gvn-hoist', '--sccp', '--early-cse', '--lower-constant-intrinsics', '--adce', '--gvn-hoist', '--adce', '--aggressive-instcombine', '--lower-constant-intrinsics', '--dse', '--newgvn', '--simplifycfg', '--lower-expect', '--simplifycfg', '--gvn-hoist', '--instcombine', '--globalopt', '--elim-avail-extern', '--gvn', '--gvn', '--ipsccp', '--gvn', '--nary-reassociate', '--lower-constant-intrinsics', '--loop-instsimplify', '--early-cse', '--mem2reg', '--jump-threading', '--globalopt', '--slp-vectorizer', '--instcombine', '--simplifycfg', '--sroa', '--lower-constant-intrinsics', '--early-cse', '--lower-expect', '--sroa', '--sroa', '--lower-expect', '--globalopt', '--lower-expect']",76,-4.659199314172338,0.0,-1.841652951805926,0.0,1,-4.659199314172338,-1.841652951805926,0.43655874448557375,-86.29441624365482,15.132537179649523,11.76470588235294,34
645,"['--ipsccp', '--speculative-execution', '--sccp', '--early-cse', '--mem2reg', '--jump-threading', '--globalopt', '--elim-avail-extern', '--instcombine', '--instsimplify', '--jump-threading', '--gvn', '--simplifycfg', '--gvn-hoist', '--mergefunc', '--gvn-hoist', '--instcombine', '--globalopt', '--elim-avail-extern', '--gvn', '--gvn', '--ipsccp', '--gvn', '--nary-reassociate', '--lower-constant-intrinsics', '--loop-instsimplify', '--early-cse', '--mem2reg', '--jump-threading', '--globalopt', '--elim-avail-extern', '--instcombine', '--simplifycfg', '--sroa', '--mem2reg', '--gvn-hoist', '--sccp', '--early-cse', '--lower-constant-intrinsics', '--adce', '--gvn-hoist', '--adce', '--aggressive-instcombine', '--lower-constant-intrinsics', '--dse', '--newgvn', '--simplifycfg', '--lower-expect', '--simplifycfg', '--gvn-hoist', '--instcombine', '--globalopt', '--elim-avail-extern', '--gvn', '--gvn', '--ipsccp', '--gvn', '--nary-reassociate', '--lower-constant-intrinsics', '--loop-instsimplify', '--early-cse', '--mem2reg', '--jump-threading', '--globalopt', '--slp-vectorizer', '--instcombine', '--simplifycfg', '--sroa', '--lower-constant-intrinsics', '--early-cse', '--lower-expect', '--sroa', '--sroa', '--lower-expect', '--globalopt', '--elim-avail-extern', '--lower-expect']",77,-4.659199314172338,0.0,-1.841652951805926,0.0,1,-4.659199314172338,-1.841652951805926,0.43655874448557375,-86.29441624365482,15.132537179649523,11.76470588235294,34
670,"['--ipsccp', '--speculative-execution', '--sccp', '--early-cse', '--mem2reg', '--jump-threading', '--globalopt', '--loop-unroll-and-jam', '--elim-avail-extern', '--instcombine', '--instsimplify', '--jump-threading', '--gvn', '--simplifycfg', '--gvn-hoist', '--mergefunc', '--gvn-hoist', '--instcombine', '--globalopt', '--elim-avail-extern', '--gvn', '--gvn', '--ipsccp', '--gvn', '--nary-reassociate', '--lower-constant-intrinsics', '--loop-instsimplify', '--early-cse', '--mem2reg', '--jump-threading', '--globalopt', '--elim-avail-extern', '--instcombine', '--simplifycfg', '--sroa', '--mem2reg', '--gvn-hoist', '--sccp', '--early-cse', '--lower-constant-intrinsics', '--adce', '--gvn-hoist', '--adce', '--aggressive-instcombine', '--lower-constant-intrinsics', '--dse', '--newgvn', '--simplifycfg', '--lower-expect', '--simplifycfg', '--gvn-hoist', '--instcombine', '--globalopt', '--elim-avail-extern', '--gvn', '--gvn', '--ipsccp', '--gvn', '--nary-reassociate', '--lower-constant-intrinsics', '--loop-instsimplify', '--early-cse', '--mem2reg', '--jump-threading', '--globalopt', '--slp-vectorizer', '--instcombine', '--simplifycfg', '--sroa', '--lower-constant-intrinsics', '--early-cse', '--lower-expect', '--sroa', '--sroa', '--lower-expect', '--globalopt', '--elim-avail-extern', '--lower-expect']",78,-4.659199314172338,0.0,-1.841652951805926,0.0,1,-4.659199314172338,-1.841652951805926,0.43655874448557375,-86.29441624365482,15.132537179649523,11.76470588235294,34
671,"['--ipsccp', '--speculative-execution', '--sccp', '--early-cse', '--mem2reg', '--jump-threading', '--globalopt', '--elim-avail-extern', '--instcombine', '--instsimplify', '--jump-threading', '--gvn', '--simplifycfg', '--gvn-hoist', '--mergefunc', '--gvn-hoist', '--instcombine', '--globalopt', '--elim-avail-extern', '--gvn', '--gvn', '--ipsccp', '--gvn', '--nary-reassociate', '--lower-constant-intrinsics', '--loop-instsimplify', '--early-cse', '--mem2reg', '--jump-threading', '--globalopt', '--elim-avail-extern', '--early-cse', '--simplifycfg', '--sroa', '--mem2reg', '--gvn-hoist', '--sccp', '--instcombine', '--lower-constant-intrinsics', '--adce', '--gvn-hoist', '--adce', '--aggressive-instcombine', '--lower-constant-intrinsics', '--dse', '--newgvn', '--simplifycfg', '--lower-expect', '--simplifycfg', '--gvn-hoist', '--instcombine', '--globalopt', '--elim-avail-extern', '--gvn', '--gvn', '--ipsccp', '--gvn', '--nary-reassociate', '--lower-constant-intrinsics', '--loop-instsimplify', '--early-cse', '--mem2reg', '--jump-threading', '--globalopt', '--slp-vectorizer', '--instcombine', '--simplifycfg', '--sroa', '--lower-constant-intrinsics', '--early-cse', '--lower-expect', '--sroa', '--sroa', '--lower-expect', '--globalopt', '--elim-avail-extern', '--lower-expect']",77,-4.659199314172338,0.0,-1.841652951805926,0.0,1,-4.659199314172338,-1.841652951805926,0.43655874448557375,-86.29441624365482,15.132537179649523,11.76470588235294,34
2608,"['--ipsccp', '--loop-rotate', '--sccp', '--lower-constant-intrinsics', '--early-cse', '--mem2reg', '--jump-threading', '--globalopt', '--elim-avail-extern', '--instcombine', '--loop-instsimplify', '--jump-threading', '--loop-fusion', '--gvn', '--simplifycfg', '--instsimplify', '--inline', '--mergefunc', '--gvn-hoist', '--instcombine', '--globalopt', '--elim-avail-extern', '--loweratomic', '--indvars', '--indvars', '--gvn', '--gvn', '--ipsccp', '--gvn', '--nary-reassociate', '--adce', '--early-cse', '--mem2reg', '--jump-threading', '--lower-expect', '--elim-avail-extern', '--instcombine', '--simplifycfg', '--sroa', '--mem2reg', '--globaldce', '--gvn-hoist', '--sccp', '--early-cse', '--lower-constant-intrinsics', '--adce', '--slsr', '--nary-reassociate', '--adce', '--loop-simplify', '--dse', '--scalarizer', '--adce', '--loop-simplify', '--dse', '--scalarizer', '--simplifycfg', '--mergereturn', '--lower-expect', '--elim-avail-extern', '--inferattrs', '--ipsccp', '--gvn-hoist', '--gvn', '--jump-threading', '--globalopt', '--slp-vectorizer', '--instcombine', '--slp-vectorizer', '--instcombine', '--simplifycfg', '--sroa', '--early-cse', '--early-cse', '--globalopt', '--aggressive-instcombine']",76,-4.664010622145811,0.0,-1.4833226784223048,0.0,1,-4.664010622145811,-1.4833226784223048,0.43655874448557375,-75.1269035532995,13.45636260387905,14.705882352941178,34
1064,"['--ipsccp', '--speculative-execution', '--sccp', '--early-cse', '--mem2reg', '--jump-threading', '--globalopt', '--elim-avail-extern', '--adce', '--jump-threading', '--gvn', '--simplifycfg', '--instsimplify', '--gvn-hoist', '--mergefunc', '--gvn-hoist', '--instcombine', '--globalopt', '--elim-avail-extern', '--indvars', '--gvn', '--gvn', '--ipsccp', '--gvn', '--nary-reassociate', '--lower-constant-intrinsics', '--loop-instsimplify', '--strip', '--mem2reg', '--jump-threading', '--globalopt', '--memcpyopt', '--elim-avail-extern', '--simplifycfg', '--sroa', '--mem2reg', '--gvn-hoist', '--sccp', '--early-cse', '--lower-constant-intrinsics', '--adce', '--gvn-hoist', '--adce', '--loop-simplify', '--newgvn', '--lower-expect', '--gvn-hoist', '--instcombine', '--globalopt', '--elim-avail-extern', '--gvn', '--gvn', '--ipsccp', '--gvn', '--early-cse', '--lower-constant-intrinsics', '--early-cse', '--mem2reg', '--jump-threading', '--globalopt', '--slp-vectorizer', '--instcombine', '--simplifycfg', '--sroa', '--nary-reassociate', '--lower-expect', '--sroa', '--lower-expect', '--globalopt', '--elim-avail-extern', '--aggressive-instcombine']",71,-4.669258406785241,0.0,-1.6582091993389283,0.0,1,-4.669258406785241,-1.6582091993389283,0.46675377468060397,-69.54314720812182,12.197191543398688,14.705882352941178,34
2410,"['--ipsccp', '--speculative-execution', '--sccp', '--lower-constant-intrinsics', '--early-cse', '--mem2reg', '--jump-threading', '--globalopt', '--elim-avail-extern', '--instcombine', '--loop-instsimplify', '--jump-threading', '--gvn', '--simplifycfg', '--instsimplify', '--inline', '--mergefunc', '--gvn-hoist', '--instcombine', '--globalopt', '--elim-avail-extern', '--loweratomic', '--indvars', '--indvars', '--gvn', '--gvn', '--ipsccp', '--gvn', '--nary-reassociate', '--adce', '--early-cse', '--mem2reg', '--jump-threading', '--globalopt', '--elim-avail-extern', '--instcombine', '--simplifycfg', '--sroa', '--mem2reg', '--globaldce', '--gvn-hoist', '--sccp', '--early-cse', '--lower-constant-intrinsics', '--adce', '--slsr', '--gvn-hoist', '--adce', '--loop-simplify', '--dse', '--scalarizer', '--adce', '--loop-simplify', '--dse', '--scalarizer', '--instcombine', '--mergereturn', '--lower-expect', '--elim-avail-extern', '--lower-constant-intrinsics', '--ipsccp', '--nary-reassociate', '--gvn', '--jump-threading', '--globalopt', '--slp-vectorizer', '--simplifycfg', '--slp-vectorizer', '--instcombine', '--sroa', '--early-cse', '--lower-expect', '--sroa', '--sroa', '--lower-expect', '--aggressive-instcombine']",76,-4.670147619940655,0.0,-1.5990555971841245,0.0,1,-4.670147619940655,-1.5990555971841245,0.5008908414855473,-67.00507614213198,12.649735691113847,14.705882352941178,34
615,"['--ipsccp', '--speculative-execution', '--sccp', '--early-cse', '--mem2reg', '--jump-threading', '--globalopt', '--elim-avail-extern', '--instcombine', '--adce', '--jump-threading', '--gvn', '--simplifycfg', '--instsimplify', '--gvn-hoist', '--mergefunc', '--gvn-hoist', '--instcombine', '--globalopt', '--elim-avail-extern', '--indvars', '--gvn', '--gvn', '--ipsccp', '--gvn', '--nary-reassociate', '--lower-constant-intrinsics', '--loop-instsimplify', '--strip', '--mem2reg', '--elim-avail-extern', '--instcombine', '--simplifycfg', '--sroa', '--mem2reg', '--gvn-hoist', '--sccp', '--early-cse', '--lower-constant-intrinsics', '--adce', '--gvn-hoist', '--adce', '--aggressive-instcombine', '--lower-constant-intrinsics', '--dse', '--newgvn', '--simplifycfg', '--lower-expect', '--simplifycfg', '--gvn-hoist', '--instcombine', '--globalopt', '--elim-avail-extern', '--gvn', '--gvn', '--ipsccp', '--gvn', '--nary-reassociate', '--lower-constant-intrinsics', '--loop-instsimplify', '--early-cse', '--mem2reg', '--jump-threading', '--globalopt', '--instcombine', '--simplifycfg', '--sroa', '--lower-constant-intrinsics', '--early-cse', '--lower-expect', '--sroa', '--sroa', '--lower-expect', '--globalopt', '--elim-avail-extern', '--lower-expect']",76,-4.673215592901618,0.0,-2.1686597390609883,0.0,1,-4.673215592901618,-2.1686597390609883,0.43655874448557375,-69.54314720812182,12.820149062529364,11.76470588235294,34
1152,"['--ipsccp', '--speculative-execution', '--sccp', '--early-cse', '--mem2reg', '--jump-threading', '--globalopt', '--elim-avail-extern', '--instcombine', '--adce', '--jump-threading', '--gvn', '--simplifycfg', '--instsimplify', '--inline', '--mergefunc', '--gvn-hoist', '--gvn-hoist', '--instcombine', '--globalopt', '--elim-avail-extern', '--indvars', '--gvn', '--gvn', '--ipsccp', '--gvn', '--nary-reassociate', '--loop-instsimplify', '--early-cse', '--mem2reg', '--jump-threading', '--globalopt', '--elim-avail-extern', '--instcombine', '--simplifycfg', '--sroa', '--mem2reg', '--globaldce', '--gvn-hoist', '--sccp', '--early-cse', '--lower-constant-intrinsics', '--adce', '--gvn-hoist', '--adce', '--loop-simplify', '--dse', '--loop-sink', '--simplifycfg', '--lower-expect', '--gvn-hoist', '--instcombine', '--globalopt', '--aggressive-instcombine', '--loop-rotate', '--gvn', '--ipsccp', '--gvn', '--lower-constant-intrinsics', '--loop-instsimplify', '--early-cse', '--mem2reg', '--early-cse-memssa', '--jump-threading', '--globalopt', '--slp-vectorizer', '--instcombine', '--simplifycfg', '--sroa', '--lower-constant-intrinsics', '--early-cse', '--lower-expect', '--lower-expect', '--loweratomic', '--elim-avail-extern', '--elim-avail-extern', '--lower-expect', '--slsr']",78,-4.675183053650705,0.0,-1.5298481393038916,0.0,1,-4.675183053650705,-1.5298481393038916,0.43655874448557375,-74.61928934010153,13.219145962316096,14.705882352941178,34
2227,"['--ipsccp', '--speculative-execution', '--early-cse', '--mem2reg', '--jump-threading', '--globalopt', '--elim-avail-extern', '--instcombine', '--loop-instsimplify', '--jump-threading', '--gvn', '--simplifycfg', '--instsimplify', '--inline', '--mergefunc', '--scalarizer', '--gvn-hoist', '--instcombine', '--globalopt', '--elim-avail-extern', '--indvars', '--indvars', '--gvn', '--gvn', '--ipsccp', '--gvn', '--nary-reassociate', '--adce', '--early-cse', '--nary-reassociate', '--loop-instsimplify', '--early-cse', '--mem2reg', '--jump-threading', '--mem2reg', '--globalopt', '--jump-threading', '--bdce', '--elim-avail-extern', '--instcombine', '--simplifycfg', '--sroa', '--mem2reg', '--globaldce', '--gvn-hoist', '--sccp', '--early-cse', '--lower-constant-intrinsics', '--lower-constant-intrinsics', '--globalopt', '--slsr', '--dse', '--scalarizer', '--simplifycfg', '--lower-expect', '--simplifycfg', '--elim-avail-extern', '--lower-constant-intrinsics', '--ipsccp', '--loop-simplify', '--nary-reassociate', '--gvn', '--early-cse', '--mem2reg', '--jump-threading', '--globalopt', '--slp-vectorizer', '--instcombine', '--sroa', '--sroa', '--early-cse', '--lower-expect', '--simplifycfg', '--sroa', '--lower-expect', '--simplifycfg', '--aggressive-instcombine']",77,-4.676890460902761,0.0,-1.6210681432473175,0.0,1,-4.676890460902761,-1.6210681432473175,0.43655874448557375,-67.00507614213198,12.552070005260955,14.705882352941178,34
1323,"['--ipsccp', '--speculative-execution', '--sccp', '--early-cse', '--mem2reg', '--jump-threading', '--globalopt', '--elim-avail-extern', '--instcombine', '--adce', '--jump-threading', '--gvn', '--simplifycfg', '--instsimplify', '--inline', '--mergefunc', '--gvn-hoist', '--gvn-hoist', '--instcombine', '--globalopt', '--elim-avail-extern', '--indvars', '--gvn', '--ipsccp', '--gvn', '--nary-reassociate', '--loop-instsimplify', '--early-cse', '--mem2reg', '--jump-threading', '--globalopt', '--elim-avail-extern', '--lower-expect', '--simplifycfg', '--sroa', '--mem2reg', '--globaldce', '--gvn-hoist', '--sccp', '--early-cse', '--lower-constant-intrinsics', '--adce', '--gvn-hoist', '--adce', '--loop-simplify', '--dse', '--scalarizer', '--simplifycfg', '--instcombine', '--simplifycfg', '--gvn-hoist', '--elim-avail-extern', '--lower-constant-intrinsics', '--gvn', '--ipsccp', '--gvn', '--nary-reassociate', '--gvn', '--early-cse', '--mem2reg', '--jump-threading', '--globalopt', '--slp-vectorizer', '--instcombine', '--simplifycfg', '--sroa', '--early-cse', '--lower-expect', '--sroa', '--sroa', '--lower-expect', '--aggressive-instcombine']",72,-4.690666753346945,0.0,-1.601042883620741,0.0,1,-4.690666753346945,-1.601042883620741,0.43655874448557375,-68.52791878172589,12.840022376902123,14.705882352941178,34
1293,"['--ipsccp', '--speculative-execution', '--sccp', '--early-cse', '--mem2reg', '--jump-threading', '--globalopt', '--elim-avail-extern', '--instcombine', '--adce', '--loop-guard-widening', '--gvn', '--simplifycfg', '--instsimplify', '--inline', '--gvn-hoist', '--mergefunc', '--gvn-hoist', '--instcombine', '--globalopt', '--elim-avail-extern', '--indvars', '--gvn', '--gvn', '--ipsccp', '--gvn', '--nary-reassociate', '--loop-instsimplify', '--early-cse', '--mem2reg', '--jump-threading', '--globalopt', '--instcombine', '--instcombine', '--simplifycfg', '--sroa', '--mem2reg', '--gvn-hoist', '--sccp', '--early-cse', '--lower-constant-intrinsics', '--adce', '--gvn-hoist', '--adce', '--loop-simplify', '--loop-instsimplify', '--dse', '--scalarizer', '--simplifycfg', '--simplifycfg', '--gvn-hoist', '--instcombine', '--globalopt', '--elim-avail-extern', '--ipsccp', '--gvn', '--ipsccp', '--gvn', '--nary-reassociate', '--lower-constant-intrinsics', '--loop-instsimplify', '--early-cse', '--mem2reg', '--jump-threading', '--globalopt', '--slp-vectorizer', '--instcombine', '--simplifycfg', '--sroa', '--lower-constant-intrinsics', '--early-cse', '--aggressive-instcombine']",72,-4.690666753346945,0.0,-1.601042883620741,0.0,1,-4.690666753346945,-1.601042883620741,0.43655874448557375,-68.52791878172589,12.840022376902123,14.705882352941178,34
669,"['--ipsccp', '--speculative-execution', '--sccp', '--early-cse', '--mem2reg', '--jump-threading', '--globalopt', '--elim-avail-extern', '--instcombine', '--adce', '--jump-threading', '--gvn', '--simplifycfg', '--instsimplify', '--gvn-hoist', '--mergefunc', '--slp-vectorizer', '--instcombine', '--globalopt', '--elim-avail-extern', '--indvars', '--gvn', '--gvn', '--ipsccp', '--gvn', '--nary-reassociate', '--lower-constant-intrinsics', '--loop-instsimplify', '--strip', '--mem2reg', '--elim-avail-extern', '--instcombine', '--simplifycfg', '--sroa', '--mem2reg', '--gvn-hoist', '--sccp', '--early-cse', '--lower-constant-intrinsics', '--adce', '--gvn-hoist', '--adce', '--lower-constant-intrinsics', '--dse', '--newgvn', '--simplifycfg', '--lower-expect', '--simplifycfg', '--gvn-hoist', '--instcombine', '--globalopt', '--elim-avail-extern', '--gvn', '--gvn', '--ipsccp', '--gvn', '--nary-reassociate', '--lower-constant-intrinsics', '--loop-instsimplify', '--early-cse', '--mem2reg', '--jump-threading', '--globalopt', '--gvn-hoist', '--instcombine', '--simplifycfg', '--sroa', '--early-cse', '--lower-expect', '--sroa', '--sroa', '--lower-expect', '--globalopt', '--elim-avail-extern', '--lower-expect']",75,-4.692141795958862,0.0,-2.1913513933490947,0.0,1,-4.692141795958862,-2.1913513933490947,0.0,-69.54314720812182,12.839223685940993,11.76470588235294,34
1157,"['--ipsccp', '--speculative-execution', '--sccp', '--early-cse', '--mem2reg', '--jump-threading', '--globalopt', '--elim-avail-extern', '--instcombine', '--gvn', '--jump-threading', '--gvn', '--simplifycfg', '--instsimplify', '--inline', '--gvn-hoist', '--mergefunc', '--gvn-hoist', '--instcombine', '--globalopt', '--elim-avail-extern', '--indvars', '--gvn', '--gvn', '--loop-simplify', '--gvn', '--nary-reassociate', '--loop-instsimplify', '--early-cse', '--mem2reg', '--jump-threading', '--globalopt', '--elim-avail-extern', '--instcombine', '--simplifycfg', '--sroa', '--mem2reg', '--gvn-hoist', '--sccp', '--early-cse', '--lower-constant-intrinsics', '--adce', '--gvn-hoist', '--adce', '--ipsccp', '--dse', '--loop-sink', '--simplifycfg', '--lower-expect', '--simplifycfg', '--gvn-hoist', '--instcombine', '--globalopt', '--aggressive-instcombine', '--gvn', '--adce', '--ipsccp', '--gvn', '--lower-constant-intrinsics', '--loop-instsimplify', '--early-cse', '--mem2reg', '--early-cse-memssa', '--jump-threading', '--globalopt', '--slp-vectorizer', '--instcombine', '--simplifycfg', '--sroa', '--lower-constant-intrinsics', '--early-cse', '--lower-expect', '--lower-expect', '--loweratomic', '--elim-avail-extern', '--elim-avail-extern', '--lower-expect', '--slsr']",78,-4.69470524861961,0.0,-2.074668820240356,0.0,1,-4.69470524861961,-2.074668820240356,0.5008908414855473,-68.52791878172589,13.739977510864023,11.76470588235294,34
704,"['--ipsccp', '--speculative-execution', '--mem2reg', '--sccp', '--mem2reg', '--jump-threading', '--globalopt', '--elim-avail-extern', '--instcombine', '--instsimplify', '--jump-threading', '--gvn', '--simplifycfg', '--gvn-hoist', '--loop-unroll-and-jam', '--mergefunc', '--gvn-hoist', '--instcombine', '--globalopt', '--elim-avail-extern', '--gvn', '--gvn', '--ipsccp', '--gvn', '--nary-reassociate', '--lower-constant-intrinsics', '--loop-instsimplify', '--early-cse', '--mem2reg', '--jump-threading', '--globalopt', '--elim-avail-extern', '--instcombine', '--simplifycfg', '--sroa', '--mem2reg', '--gvn-hoist', '--sccp', '--early-cse', '--lower-constant-intrinsics', '--adce', '--gvn-hoist', '--adce', '--aggressive-instcombine', '--lower-constant-intrinsics', '--dse', '--newgvn', '--simplifycfg', '--lower-expect', '--simplifycfg', '--gvn-hoist', '--instcombine', '--globalopt', '--elim-avail-extern', '--gvn', '--gvn', '--ipsccp', '--gvn', '--nary-reassociate', '--lower-constant-intrinsics', '--loop-instsimplify', '--early-cse', '--mem2reg', '--jump-threading', '--globalopt', '--slp-vectorizer', '--instcombine', '--simplifycfg', '--sroa', '--lower-constant-intrinsics', '--early-cse', '--lower-expect', '--sroa', '--sroa', '--lower-expect', '--globalopt', '--elim-avail-extern', '--lower-expect']",78,-4.695632570960731,0.0,-1.8927587555068854,0.0,1,-4.695632570960731,-1.8927587555068854,0.33982632927223955,-86.29441624365482,15.113576219776254,11.76470588235294,34
2479,"['--ipsccp', '--speculative-execution', '--sccp', '--early-cse', '--mem2reg', '--jump-threading', '--globalopt', '--elim-avail-extern', '--instcombine', '--loop-instsimplify', '--jump-threading', '--gvn', '--simplifycfg', '--instsimplify', '--inline', '--inline', '--mergefunc', '--gvn-hoist', '--instcombine', '--globalopt', '--elim-avail-extern', '--loweratomic', '--indvars', '--indvars', '--gvn', '--gvn', '--ipsccp', '--gvn', '--nary-reassociate', '--mem2reg', '--partially-inline-libcalls', '--jump-threading', '--correlated-propagation', '--mem2reg', '--memcpyopt', '--globalopt', '--jump-threading', '--bdce', '--elim-avail-extern', '--load-store-vectorizer', '--instcombine', '--simplifycfg', '--sroa', '--lower-constant-intrinsics', '--adce', '--slsr', '--gvn-hoist', '--adce', '--loop-simplify', '--adce', '--loop-simplify', '--dse', '--scalarizer', '--simplifycfg', '--lower-expect', '--gvn-hoist', '--simplifycfg', '--lower-expect', '--simplifycfg', '--elim-avail-extern', '--lower-constant-intrinsics', '--ipsccp', '--gvn', '--nary-reassociate', '--gvn', '--early-cse', '--loop-guard-widening', '--jump-threading', '--globalopt', '--slp-vectorizer', '--instcombine', '--slp-vectorizer', '--instcombine', '--simplifycfg', '--sroa', '--early-cse', '--lower-expect', '--aggressive-instcombine']",78,-4.706396127874288,0.0,-0.4492820381473287,0.0,1,-4.706396127874288,-0.4492820381473287,0.5008908414855473,-67.00507614213198,12.811993051461442,20.588235294117645,34
2581,"['--ipsccp', '--speculative-execution', '--sccp', '--early-cse', '--mem2reg', '--jump-threading', '--globalopt', '--elim-avail-extern', '--instcombine', '--loop-instsimplify', '--jump-threading', '--gvn', '--simplifycfg', '--instsimplify', '--inline', '--inline', '--elim-avail-extern', '--gvn-hoist', '--instcombine', '--globalopt', '--dse', '--loweratomic', '--indvars', '--indvars', '--gvn', '--gvn', '--ipsccp', '--gvn', '--nary-reassociate', '--adce', '--early-cse', '--mem2reg', '--jump-threading', '--globalopt', '--elim-avail-extern', '--instcombine', '--simplifycfg', '--sroa', '--mem2reg', '--globaldce', '--simplifycfg', '--sccp', '--early-cse', '--lower-constant-intrinsics', '--adce', '--slsr', '--gvn-hoist', '--adce', '--loop-simplify', '--mergefunc', '--scalarizer', '--simplifycfg', '--lower-expect', '--gvn-hoist', '--load-store-vectorizer', '--lower-expect', '--simplifycfg', '--elim-avail-extern', '--lower-constant-intrinsics', '--ipsccp', '--gvn', '--nary-reassociate', '--gvn', '--early-cse', '--loop-guard-widening', '--jump-threading', '--globalopt', '--slp-vectorizer', '--instcombine', '--slp-vectorizer', '--instcombine', '--simplifycfg', '--sroa', '--early-cse', '--lower-expect', '--aggressive-instcombine']",76,-4.716938862544527,0.0,-0.4685054137720884,0.0,1,-4.716938862544527,-0.4685054137720884,0.5008908414855473,-67.00507614213198,12.773245080978146,20.588235294117645,34
1950,"['--ipsccp', '--sccp', '--early-cse', '--mem2reg', '--jump-threading', '--globalopt', '--elim-avail-extern', '--instcombine', '--loop-instsimplify', '--jump-threading', '--gvn', '--simplifycfg', '--instsimplify', '--inline', '--mergefunc', '--gvn-hoist', '--instcombine', '--globalopt', '--elim-avail-extern', '--indvars', '--indvars', '--loop-unroll-and-jam', '--elim-avail-extern', '--indvars', '--gvn', '--gvn', '--nary-reassociate', '--loop-instsimplify', '--early-cse', '--mem2reg', '--jump-threading', '--mem2reg', '--globalopt', '--jump-threading', '--bdce', '--elim-avail-extern', '--instcombine', '--simplifycfg', '--sroa', '--tailcallelim', '--globaldce', '--gvn-hoist', '--sccp', '--early-cse', '--lower-constant-intrinsics', '--adce', '--nary-reassociate', '--slsr', '--gvn-hoist', '--adce', '--scalarizer', '--simplifycfg', '--lower-expect', '--simplifycfg', '--elim-avail-extern', '--lower-constant-intrinsics', '--ipsccp', '--gvn', '--nary-reassociate', '--gvn', '--early-cse', '--mem2reg', '--jump-threading', '--globalopt', '--slp-vectorizer', '--instcombine', '--mem2reg', '--simplifycfg', '--sroa', '--early-cse', '--lower-expect', '--sroa', '--sroa', '--aggressive-instcombine']",74,-4.72602613237318,0.0,-1.1830371096678485,0.0,1,-4.72602613237318,-1.1830371096678485,0.33965251356555703,-67.00507614213198,11.916894765928818,17.647058823529413,34
1074,"['--ipsccp', '--speculative-execution', '--sccp', '--early-cse', '--mem2reg', '--jump-threading', '--globalopt', '--elim-avail-extern', '--instcombine', '--adce', '--jump-threading', '--gvn', '--simplifycfg', '--instsimplify', '--gvn-hoist', '--mergefunc', '--gvn-hoist', '--instcombine', '--globalopt', '--elim-avail-extern', '--gvn', '--gvn', '--ipsccp', '--gvn', '--nary-reassociate', '--loop-instsimplify', '--early-cse', '--mem2reg', '--jump-threading', '--globalopt', '--elim-avail-extern', '--elim-avail-extern', '--instcombine', '--simplifycfg', '--sroa', '--mem2reg', '--gvn-hoist', '--sccp', '--early-cse', '--lower-constant-intrinsics', '--adce', '--gvn-hoist', '--adce', '--loop-simplify', '--dse', '--loop-sink', '--simplifycfg', '--lower-expect', '--simplifycfg', '--gvn-hoist', '--instcombine', '--globalopt', '--aggressive-instcombine', '--gvn', '--gvn', '--ipsccp', '--lower-constant-intrinsics', '--loop-instsimplify', '--early-cse', '--mem2reg', '--jump-threading', '--globalopt', '--slp-vectorizer', '--instcombine', '--simplifycfg', '--sroa', '--lower-constant-intrinsics', '--early-cse', '--lower-expect', '--lower-expect', '--loweratomic', '--elim-avail-extern', '--elim-avail-extern', '--lower-expect', '--slsr']",75,-4.728604096989394,0.0,-1.889293517533045,0.0,1,-4.728604096989394,-1.889293517533045,0.43655874448557375,-88.3248730964467,15.46928076486669,11.76470588235294,34
2441,"['--ipsccp', '--speculative-execution', '--sccp', '--lower-constant-intrinsics', '--early-cse', '--mem2reg', '--jump-threading', '--globalopt', '--elim-avail-extern', '--instcombine', '--loop-instsimplify', '--jump-threading', '--gvn', '--simplifycfg', '--instsimplify', '--inline', '--mergefunc', '--gvn-hoist', '--instcombine', '--globalopt', '--elim-avail-extern', '--correlated-propagation', '--indvars', '--indvars', '--gvn', '--gvn', '--ipsccp', '--gvn', '--nary-reassociate', '--adce', '--partially-inline-libcalls', '--jump-threading', '--loweratomic', '--mem2reg', '--memcpyopt', '--globalopt', '--jump-threading', '--bdce', '--elim-avail-extern', '--mem2reg', '--sccp', '--early-cse', '--lower-constant-intrinsics', '--adce', '--load-store-vectorizer', '--slsr', '--gvn-hoist', '--adce', '--loop-simplify', '--dse', '--scalarizer', '--simplifycfg', '--lower-expect', '--gvn-hoist', '--simplifycfg', '--lower-expect', '--simplifycfg', '--elim-avail-extern', '--mem2reg', '--ipsccp', '--gvn', '--nary-reassociate', '--gvn', '--early-cse', '--loop-guard-widening', '--jump-threading', '--globalopt', '--slp-vectorizer', '--instcombine', '--slp-vectorizer', '--instcombine', '--simplifycfg', '--sroa', '--early-cse', '--lower-expect', '--aggressive-instcombine']",76,-4.7412316054025005,0.0,-0.4930469313844084,0.0,1,-4.7412316054025005,-0.4930469313844084,0.5008908414855473,-67.51269035532995,12.832111127465474,20.588235294117645,34
1212,"['--ipsccp', '--speculative-execution', '--sccp', '--early-cse', '--instcombine', '--jump-threading', '--globalopt', '--elim-avail-extern', '--instcombine', '--adce', '--jump-threading', '--gvn', '--simplifycfg', '--instsimplify', '--inline', '--gvn-hoist', '--mergefunc', '--gvn-hoist', '--instcombine', '--globalopt', '--elim-avail-extern', '--indvars', '--gvn', '--gvn', '--ipsccp', '--gvn', '--nary-reassociate', '--loop-instsimplify', '--early-cse', '--mem2reg', '--jump-threading', '--globalopt', '--mem2reg', '--simplifycfg', '--sroa', '--gvn-hoist', '--sccp', '--sccp', '--early-cse', '--lower-constant-intrinsics', '--adce', '--gvn-hoist', '--adce', '--loop-simplify', '--dse', '--newgvn', '--simplifycfg', '--newgvn', '--simplifycfg', '--indvars', '--simplifycfg', '--gvn-hoist', '--instcombine', '--globalopt', '--elim-avail-extern', '--ipsccp', '--gvn', '--ipsccp', '--gvn', '--nary-reassociate', '--lower-constant-intrinsics', '--loop-instsimplify', '--early-cse', '--mem2reg', '--jump-threading', '--globalopt', '--slp-vectorizer', '--instcombine', '--simplifycfg', '--sroa', '--lower-constant-intrinsics', '--early-cse', '--aggressive-instcombine']",73,-4.743920852357878,0.0,-2.164775396282766,0.0,1,-4.743920852357878,-2.164775396282766,0.46675377468060397,-67.51269035532995,13.556334227928618,11.76470588235294,34
753,"['--lower-constant-intrinsics', '--speculative-execution', '--sccp', '--early-cse', '--mem2reg', '--jump-threading', '--globalopt', '--elim-avail-extern', '--instcombine', '--adce', '--jump-threading', '--gvn', '--simplifycfg', '--instsimplify', '--gvn-hoist', '--mergefunc', '--gvn-hoist', '--instcombine', '--globalopt', '--elim-avail-extern', '--indvars', '--gvn', '--loop-simplify', '--ipsccp', '--gvn', '--nary-reassociate', '--lower-constant-intrinsics', '--loop-instsimplify', '--strip', '--mem2reg', '--jump-threading', '--globalopt', '--elim-avail-extern', '--instcombine', '--simplifycfg', '--sroa', '--mem2reg', '--gvn-hoist', '--sccp', '--early-cse', '--ipsccp', '--adce', '--gvn-hoist', '--adce', '--lower-constant-intrinsics', '--newgvn', '--simplifycfg', '--lower-expect', '--simplifycfg', '--gvn-hoist', '--instcombine', '--globalopt', '--elim-avail-extern', '--gvn', '--gvn', '--gvn', '--ipsccp', '--gvn', '--nary-reassociate', '--lower-constant-intrinsics', '--loop-instsimplify', '--early-cse', '--mem2reg', '--jump-threading', '--globalopt', '--slp-vectorizer', '--instcombine', '--simplifycfg', '--sroa', '--lower-constant-intrinsics', '--early-cse', '--lower-expect', '--lower-expect', '--elim-avail-extern', '--elim-avail-extern', '--lower-expect', '--slsr']",77,-4.755295710135686,0.0,-1.7744325139880497,0.0,1,-4.755295710135686,-1.7744325139880497,0.0,-69.54314720812182,12.185889717034717,14.705882352941178,34
644,"['--ipsccp', '--speculative-execution', '--sccp', '--early-cse', '--mem2reg', '--jump-threading', '--globalopt', '--elim-avail-extern', '--instcombine', '--adce', '--jump-threading', '--gvn', '--simplifycfg', '--instsimplify', '--gvn-hoist', '--mergefunc', '--gvn-hoist', '--instcombine', '--globalopt', '--elim-avail-extern', '--indvars', '--gvn', '--gvn', '--ipsccp', '--gvn', '--nary-reassociate', '--lower-constant-intrinsics', '--bdce', '--loop-instsimplify', '--early-cse', '--mem2reg', '--jump-threading', '--globalopt', '--elim-avail-extern', '--instcombine', '--simplifycfg', '--sroa', '--mem2reg', '--gvn-hoist', '--sccp', '--early-cse', '--lower-constant-intrinsics', '--adce', '--gvn-hoist', '--adce', '--lower-constant-intrinsics', '--newgvn', '--simplifycfg', '--lower-expect', '--simplifycfg', '--gvn-hoist', '--slp-vectorizer', '--globalopt', '--elim-avail-extern', '--gvn', '--gvn', '--ipsccp', '--gvn', '--nary-reassociate', '--lower-constant-intrinsics', '--loop-instsimplify', '--early-cse', '--mem2reg', '--jump-threading', '--globalopt', '--instcombine', '--instcombine', '--simplifycfg', '--sroa', '--lower-constant-intrinsics', '--early-cse', '--lower-expect', '--sroa', '--sroa', '--lower-expect', '--globalopt', '--lower-expect']",77,-4.763954340762798,0.0,-1.7865112674606913,0.0,1,-4.763954340762798,-1.7865112674606913,0.0,-69.54314720812182,12.181885372261021,14.705882352941178,34
643,"['--ipsccp', '--speculative-execution', '--sccp', '--early-cse', '--mem2reg', '--jump-threading', '--globalopt', '--elim-avail-extern', '--instcombine', '--adce', '--jump-threading', '--gvn', '--simplifycfg', '--instsimplify', '--gvn-hoist', '--mergefunc', '--gvn-hoist', '--instcombine', '--globalopt', '--indvars', '--gvn', '--gvn', '--partially-inline-libcalls', '--ipsccp', '--gvn', '--nary-reassociate', '--lower-constant-intrinsics', '--loop-instsimplify', '--strip', '--mem2reg', '--jump-threading', '--globalopt', '--elim-avail-extern', '--instcombine', '--simplifycfg', '--sroa', '--mem2reg', '--gvn-hoist', '--sccp', '--early-cse', '--lower-constant-intrinsics', '--adce', '--gvn-hoist', '--adce', '--lower-constant-intrinsics', '--newgvn', '--simplifycfg', '--lower-expect', '--simplifycfg', '--gvn-hoist', '--instcombine', '--globalopt', '--elim-avail-extern', '--gvn', '--gvn', '--ipsccp', '--gvn', '--nary-reassociate', '--lower-constant-intrinsics', '--early-cse', '--mem2reg', '--jump-threading', '--globalopt', '--slp-vectorizer', '--instcombine', '--simplifycfg', '--sroa', '--lower-constant-intrinsics', '--early-cse', '--separate-const-offset-from-gep', '--lower-expect', '--sroa', '--sroa', '--lower-expect', '--globalopt', '--elim-avail-extern', '--lower-expect']",77,-4.763954340762798,0.0,-1.7865112674606913,0.0,1,-4.763954340762798,-1.7865112674606913,0.0,-69.54314720812182,12.181885372261021,14.705882352941178,34
661,"['--ipsccp', '--speculative-execution', '--sccp', '--early-cse', '--mem2reg', '--jump-threading', '--globalopt', '--elim-avail-extern', '--instcombine', '--adce', '--jump-threading', '--gvn', '--simplifycfg', '--loop-versioning-licm', '--instsimplify', '--gvn-hoist', '--mergefunc', '--gvn-hoist', '--instcombine', '--globalopt', '--elim-avail-extern', '--indvars', '--gvn', '--gvn', '--partially-inline-libcalls', '--ipsccp', '--gvn', '--nary-reassociate', '--lower-constant-intrinsics', '--loop-instsimplify', '--strip', '--mem2reg', '--jump-threading', '--globalopt', '--elim-avail-extern', '--instcombine', '--simplifycfg', '--sroa', '--mem2reg', '--gvn-hoist', '--sccp', '--early-cse', '--lower-constant-intrinsics', '--adce', '--lower-constant-intrinsics', '--newgvn', '--simplifycfg', '--lower-expect', '--simplifycfg', '--gvn-hoist', '--instcombine', '--globalopt', '--elim-avail-extern', '--gvn', '--gvn', '--ipsccp', '--gvn', '--nary-reassociate', '--lower-constant-intrinsics', '--early-cse', '--mem2reg', '--jump-threading', '--globalopt', '--slp-vectorizer', '--instcombine', '--simplifycfg', '--sroa', '--lower-constant-intrinsics', '--early-cse', '--lower-expect', '--sroa', '--sroa', '--lower-expect', '--globalopt', '--elim-avail-extern', '--lower-expect']",76,-4.763954340762798,0.0,-1.7865112674606913,0.0,1,-4.763954340762798,-1.7865112674606913,0.0,-69.54314720812182,12.181885372261021,14.705882352941178,34
732,"['--ipsccp', '--speculative-execution', '--sccp', '--early-cse', '--mem2reg', '--jump-threading', '--globalopt', '--elim-avail-extern', '--instcombine', '--adce', '--jump-threading', '--gvn', '--simplifycfg', '--instsimplify', '--gvn-hoist', '--mergefunc', '--gvn-hoist', '--instcombine', '--globalopt', '--elim-avail-extern', '--indvars', '--mergefunc', '--gvn', '--gvn', '--ipsccp', '--gvn', '--nary-reassociate', '--lower-constant-intrinsics', '--loop-instsimplify', '--strip', '--mem2reg', '--jump-threading', '--globalopt', '--elim-avail-extern', '--instcombine', '--simplifycfg', '--sroa', '--mem2reg', '--gvn-hoist', '--sccp', '--early-cse', '--lower-constant-intrinsics', '--adce', '--gvn-hoist', '--adce', '--lower-constant-intrinsics', '--newgvn', '--simplifycfg', '--lower-expect', '--simplifycfg', '--gvn-hoist', '--globalopt', '--elim-avail-extern', '--gvn', '--gvn', '--ipsccp', '--loop-simplifycfg', '--gvn', '--nary-reassociate', '--lower-constant-intrinsics', '--loop-instsimplify', '--early-cse', '--mem2reg', '--jump-threading', '--slp-vectorizer', '--instcombine', '--simplifycfg', '--sroa', '--lower-constant-intrinsics', '--early-cse', '--lower-expect', '--sroa', '--sccp', '--sroa', '--lower-expect', '--globalopt', '--elim-avail-extern', '--lower-expect']",78,-4.763954340762798,0.0,-1.7865112674606913,0.0,1,-4.763954340762798,-1.7865112674606913,0.0,-69.54314720812182,12.181885372261021,14.705882352941178,34
609,"['--ipsccp', '--speculative-execution', '--sccp', '--early-cse', '--mem2reg', '--jump-threading', '--globalopt', '--elim-avail-extern', '--instcombine', '--adce', '--jump-threading', '--gvn', '--simplifycfg', '--instsimplify', '--gvn-hoist', '--mergefunc', '--gvn-hoist', '--instcombine', '--globalopt', '--elim-avail-extern', '--indvars', '--gvn', '--gvn', '--partially-inline-libcalls', '--ipsccp', '--gvn', '--nary-reassociate', '--lower-constant-intrinsics', '--elim-avail-extern', '--strip', '--mem2reg', '--jump-threading', '--globalopt', '--loop-instsimplify', '--instcombine', '--simplifycfg', '--sroa', '--mem2reg', '--gvn-hoist', '--sccp', '--early-cse', '--lower-constant-intrinsics', '--adce', '--gvn-hoist', '--adce', '--lower-constant-intrinsics', '--newgvn', '--simplifycfg', '--lower-expect', '--simplifycfg', '--gvn-hoist', '--elim-avail-extern', '--gvn', '--gvn', '--ipsccp', '--gvn', '--nary-reassociate', '--lower-constant-intrinsics', '--loop-instsimplify', '--early-cse', '--mem2reg', '--jump-threading', '--globalopt', '--slp-vectorizer', '--instcombine', '--simplifycfg', '--sroa', '--lower-constant-intrinsics', '--early-cse', '--lower-expect', '--sroa', '--sroa', '--lower-expect', '--globalopt', '--elim-avail-extern', '--lower-expect']",76,-4.763954340762798,0.0,-1.7865112674606913,0.0,1,-4.763954340762798,-1.7865112674606913,0.0,-69.54314720812182,12.181885372261021,14.705882352941178,34
647,"['--ipsccp', '--speculative-execution', '--sccp', '--early-cse', '--mem2reg', '--jump-threading', '--globalopt', '--elim-avail-extern', '--instcombine', '--adce', '--jump-threading', '--gvn', '--simplifycfg', '--loop-versioning-licm', '--instsimplify', '--gvn-hoist', '--mergefunc', '--gvn-hoist', '--instcombine', '--globalopt', '--elim-avail-extern', '--indvars', '--gvn', '--gvn', '--partially-inline-libcalls', '--ipsccp', '--gvn', '--nary-reassociate', '--lower-constant-intrinsics', '--loop-instsimplify', '--strip', '--mem2reg', '--jump-threading', '--globalopt', '--elim-avail-extern', '--instcombine', '--simplifycfg', '--sroa', '--mem2reg', '--gvn-hoist', '--sccp', '--early-cse', '--lower-constant-intrinsics', '--adce', '--gvn-hoist', '--adce', '--lower-constant-intrinsics', '--newgvn', '--simplifycfg', '--lower-expect', '--simplifycfg', '--gvn-hoist', '--instcombine', '--globalopt', '--elim-avail-extern', '--gvn', '--gvn', '--ipsccp', '--gvn', '--nary-reassociate', '--lower-constant-intrinsics', '--early-cse', '--mem2reg', '--jump-threading', '--globalopt', '--slp-vectorizer', '--instcombine', '--simplifycfg', '--sroa', '--lower-constant-intrinsics', '--early-cse', '--lower-expect', '--sroa', '--lower-expect', '--globalopt', '--elim-avail-extern', '--lower-expect']",77,-4.763954340762798,0.0,-1.7865112674606913,0.0,1,-4.763954340762798,-1.7865112674606913,0.0,-69.54314720812182,12.181885372261021,14.705882352941178,34
659,"['--ipsccp', '--speculative-execution', '--sccp', '--early-cse', '--mem2reg', '--jump-threading', '--globalopt', '--elim-avail-extern', '--instcombine', '--adce', '--jump-threading', '--gvn', '--simplifycfg', '--loop-versioning-licm', '--instsimplify', '--gvn-hoist', '--lower-expect', '--gvn-hoist', '--instcombine', '--globalopt', '--elim-avail-extern', '--indvars', '--gvn', '--gvn', '--partially-inline-libcalls', '--ipsccp', '--gvn', '--nary-reassociate', '--lower-constant-intrinsics', '--loop-instsimplify', '--strip', '--mem2reg', '--jump-threading', '--globalopt', '--elim-avail-extern', '--instcombine', '--simplifycfg', '--sroa', '--mem2reg', '--gvn-hoist', '--sccp', '--early-cse', '--lower-constant-intrinsics', '--adce', '--gvn-hoist', '--adce', '--lower-constant-intrinsics', '--newgvn', '--simplifycfg', '--lower-expect', '--simplifycfg', '--gvn-hoist', '--instcombine', '--globalopt', '--elim-avail-extern', '--gvn', '--gvn', '--ipsccp', '--gvn', '--nary-reassociate', '--lower-constant-intrinsics', '--early-cse', '--mem2reg', '--jump-threading', '--globalopt', '--slp-vectorizer', '--instcombine', '--simplifycfg', '--sroa', '--lower-constant-intrinsics', '--early-cse', '--lower-expect', '--sroa', '--mergefunc', '--globalopt', '--elim-avail-extern', '--lower-expect']",77,-4.763954340762798,0.0,-1.7865112674606913,0.0,1,-4.763954340762798,-1.7865112674606913,0.0,-69.54314720812182,12.181885372261021,14.705882352941178,34
582,"['--ipsccp', '--speculative-execution', '--sccp', '--early-cse', '--mem2reg', '--jump-threading', '--globalopt', '--elim-avail-extern', '--instcombine', '--adce', '--jump-threading', '--gvn', '--simplifycfg', '--instsimplify', '--gvn-hoist', '--mergefunc', '--gvn-hoist', '--instcombine', '--globalopt', '--elim-avail-extern', '--indvars', '--gvn', '--gvn', '--partially-inline-libcalls', '--ipsccp', '--gvn', '--nary-reassociate', '--lower-constant-intrinsics', '--loop-instsimplify', '--strip', '--mem2reg', '--jump-threading', '--globalopt', '--elim-avail-extern', '--instcombine', '--simplifycfg', '--sroa', '--mem2reg', '--gvn-hoist', '--sccp', '--early-cse', '--lower-constant-intrinsics', '--adce', '--gvn-hoist', '--adce', '--lower-constant-intrinsics', '--newgvn', '--simplifycfg', '--lower-expect', '--simplifycfg', '--gvn-hoist', '--instcombine', '--globalopt', '--elim-avail-extern', '--gvn', '--gvn', '--ipsccp', '--gvn', '--nary-reassociate', '--lower-constant-intrinsics', '--early-cse', '--mem2reg', '--jump-threading', '--globalopt', '--slp-vectorizer', '--instcombine', '--simplifycfg', '--sroa', '--lower-constant-intrinsics', '--early-cse', '--lower-expect', '--sroa', '--sroa', '--lower-expect', '--globalopt', '--elim-avail-extern', '--lower-expect']",77,-4.763954340762798,0.0,-1.7865112674606913,0.0,1,-4.763954340762798,-1.7865112674606913,0.0,-69.54314720812182,12.181885372261021,14.705882352941178,34
658,"['--ipsccp', '--speculative-execution', '--sccp', '--early-cse', '--mem2reg', '--jump-threading', '--globalopt', '--elim-avail-extern', '--instcombine', '--adce', '--jump-threading', '--gvn', '--simplifycfg', '--instsimplify', '--gvn-hoist', '--mergefunc', '--gvn-hoist', '--instcombine', '--globalopt', '--elim-avail-extern', '--indvars', '--gvn', '--partially-inline-libcalls', '--ipsccp', '--gvn', '--nary-reassociate', '--lower-constant-intrinsics', '--loop-instsimplify', '--strip', '--mem2reg', '--jump-threading', '--globalopt', '--elim-avail-extern', '--instcombine', '--simplifycfg', '--sroa', '--mem2reg', '--gvn-hoist', '--sccp', '--early-cse', '--lower-constant-intrinsics', '--adce', '--gvn-hoist', '--adce', '--gvn-hoist', '--adce', '--lower-constant-intrinsics', '--simplifycfg', '--lower-expect', '--simplifycfg', '--gvn-hoist', '--instcombine', '--globalopt', '--elim-avail-extern', '--gvn', '--gvn', '--ipsccp', '--gvn', '--nary-reassociate', '--lower-constant-intrinsics', '--early-cse', '--mem2reg', '--jump-threading', '--globalopt', '--slp-vectorizer', '--instcombine', '--simplifycfg', '--sroa', '--lower-constant-intrinsics', '--early-cse', '--lower-expect', '--sroa', '--lower-expect', '--globalopt', '--elim-avail-extern', '--lower-expect']",76,-4.763954340762798,0.0,-1.7865112674606913,0.0,1,-4.763954340762798,-1.7865112674606913,0.0,-69.54314720812182,12.181885372261021,14.705882352941178,34
657,"['--ipsccp', '--speculative-execution', '--sccp', '--early-cse', '--mem2reg', '--jump-threading', '--globalopt', '--elim-avail-extern', '--instcombine', '--adce', '--jump-threading', '--gvn', '--simplifycfg', '--instsimplify', '--gvn-hoist', '--mergefunc', '--gvn-hoist', '--instcombine', '--globalopt', '--elim-avail-extern', '--indvars', '--gvn', '--gvn', '--ipsccp', '--gvn', '--nary-reassociate', '--lower-constant-intrinsics', '--bdce', '--loop-instsimplify', '--early-cse', '--mem2reg', '--jump-threading', '--globalopt', '--elim-avail-extern', '--instcombine', '--loop-sink', '--simplifycfg', '--sroa', '--mem2reg', '--gvn-hoist', '--sccp', '--early-cse', '--lower-constant-intrinsics', '--adce', '--gvn-hoist', '--adce', '--lower-constant-intrinsics', '--newgvn', '--simplifycfg', '--lower-expect', '--simplifycfg', '--gvn-hoist', '--slp-vectorizer', '--globalopt', '--elim-avail-extern', '--gvn', '--gvn', '--ipsccp', '--gvn', '--nary-reassociate', '--lower-constant-intrinsics', '--loop-instsimplify', '--early-cse', '--mem2reg', '--jump-threading', '--globalopt', '--instcombine', '--instcombine', '--simplifycfg', '--sroa', '--lower-constant-intrinsics', '--early-cse', '--lower-expect', '--sroa', '--sroa', '--lower-expect', '--globalopt', '--elim-avail-extern', '--lower-expect']",79,-4.763954340762798,0.0,-1.7865112674606913,0.0,1,-4.763954340762798,-1.7865112674606913,0.0,-69.54314720812182,12.181885372261021,14.705882352941178,34
656,"['--ipsccp', '--speculative-execution', '--sccp', '--early-cse', '--mem2reg', '--jump-threading', '--globalopt', '--elim-avail-extern', '--instcombine', '--adce', '--jump-threading', '--gvn', '--simplifycfg', '--instsimplify', '--gvn-hoist', '--mergefunc', '--gvn-hoist', '--instcombine', '--globalopt', '--elim-avail-extern', '--indvars', '--gvn', '--loop-simplify', '--ipsccp', '--gvn', '--nary-reassociate', '--lower-constant-intrinsics', '--loop-instsimplify', '--strip', '--mem2reg', '--jump-threading', '--globalopt', '--elim-avail-extern', '--instcombine', '--simplifycfg', '--sroa', '--mem2reg', '--gvn-hoist', '--sccp', '--early-cse', '--lower-constant-intrinsics', '--adce', '--gvn-hoist', '--adce', '--lower-constant-intrinsics', '--newgvn', '--simplifycfg', '--gvn', '--simplifycfg', '--gvn-hoist', '--instcombine', '--globalopt', '--elim-avail-extern', '--gvn', '--gvn', '--ipsccp', '--gvn', '--nary-reassociate', '--lower-constant-intrinsics', '--loop-instsimplify', '--early-cse', '--mem2reg', '--jump-threading', '--globalopt', '--slp-vectorizer', '--instcombine', '--simplifycfg', '--sroa', '--lower-constant-intrinsics', '--early-cse', '--separate-const-offset-from-gep', '--lower-expect', '--sroa', '--sroa', '--lower-expect', '--globalopt', '--elim-avail-extern', '--lower-expect']",78,-4.763954340762798,0.0,-1.7865112674606913,0.0,1,-4.763954340762798,-1.7865112674606913,0.0,-69.54314720812182,12.181885372261021,14.705882352941178,34
578,"['--ipsccp', '--speculative-execution', '--sccp', '--early-cse', '--mem2reg', '--jump-threading', '--globalopt', '--elim-avail-extern', '--instcombine', '--adce', '--jump-threading', '--gvn', '--simplifycfg', '--instsimplify', '--gvn-hoist', '--mergefunc', '--gvn-hoist', '--instcombine', '--globalopt', '--elim-avail-extern', '--indvars', '--gvn', '--lower-expect', '--ipsccp', '--gvn', '--nary-reassociate', '--lower-constant-intrinsics', '--loop-instsimplify', '--strip', '--mem2reg', '--jump-threading', '--globalopt', '--elim-avail-extern', '--instcombine', '--simplifycfg', '--sroa', '--mem2reg', '--gvn-hoist', '--sccp', '--early-cse', '--lower-constant-intrinsics', '--adce', '--gvn-hoist', '--adce', '--lower-constant-intrinsics', '--newgvn', '--simplifycfg', '--gvn', '--simplifycfg', '--gvn-hoist', '--instcombine', '--globalopt', '--elim-avail-extern', '--gvn', '--gvn', '--ipsccp', '--gvn', '--nary-reassociate', '--lower-constant-intrinsics', '--loop-instsimplify', '--early-cse', '--mem2reg', '--jump-threading', '--globalopt', '--slp-vectorizer', '--instcombine', '--simplifycfg', '--sroa', '--lower-constant-intrinsics', '--early-cse', '--separate-const-offset-from-gep', '--lower-expect', '--sroa', '--sroa', '--lower-expect', '--globalopt', '--elim-avail-extern', '--lower-expect']",78,-4.763954340762798,0.0,-1.7865112674606913,0.0,1,-4.763954340762798,-1.7865112674606913,0.0,-69.54314720812182,12.181885372261021,14.705882352941178,34
681,"['--ipsccp', '--speculative-execution', '--sccp', '--early-cse', '--mem2reg', '--jump-threading', '--elim-avail-extern', '--instcombine', '--adce', '--jump-threading', '--gvn', '--simplifycfg', '--instsimplify', '--gvn-hoist', '--mergefunc', '--gvn-hoist', '--instcombine', '--globalopt', '--elim-avail-extern', '--indvars', '--gvn', '--gvn', '--ipsccp', '--gvn', '--nary-reassociate', '--lower-constant-intrinsics', '--bdce', '--loop-instsimplify', '--early-cse', '--mem2reg', '--jump-threading', '--globalopt', '--elim-avail-extern', '--instcombine', '--simplifycfg', '--sroa', '--mem2reg', '--gvn-hoist', '--sccp', '--early-cse', '--lower-constant-intrinsics', '--adce', '--gvn-hoist', '--adce', '--lower-constant-intrinsics', '--newgvn', '--simplifycfg', '--lower-expect', '--simplifycfg', '--gvn-hoist', '--slp-vectorizer', '--globalopt', '--elim-avail-extern', '--gvn', '--gvn', '--ipsccp', '--gvn', '--nary-reassociate', '--lower-constant-intrinsics', '--loop-instsimplify', '--early-cse', '--mem2reg', '--jump-threading', '--globalopt', '--instcombine', '--instcombine', '--simplifycfg', '--sroa', '--lower-constant-intrinsics', '--early-cse', '--lower-expect', '--sroa', '--sroa', '--lower-expect', '--globalopt', '--lower-expect']",76,-4.763954340762798,0.0,-1.7865112674606913,0.0,1,-4.763954340762798,-1.7865112674606913,0.0,-69.54314720812182,12.181885372261021,14.705882352941178,34
653,"['--ipsccp', '--speculative-execution', '--sccp', '--early-cse', '--mem2reg', '--jump-threading', '--globalopt', '--elim-avail-extern', '--instcombine', '--adce', '--jump-threading', '--gvn', '--simplifycfg', '--instsimplify', '--gvn-hoist', '--mergefunc', '--gvn-hoist', '--instcombine', '--globalopt', '--elim-avail-extern', '--indvars', '--gvn', '--lower-expect', '--ipsccp', '--gvn', '--nary-reassociate', '--lower-constant-intrinsics', '--loop-instsimplify', '--strip', '--mem2reg', '--jump-threading', '--globalopt', '--elim-avail-extern', '--instcombine', '--simplifycfg', '--sroa', '--mem2reg', '--gvn-hoist', '--sccp', '--early-cse', '--lower-constant-intrinsics', '--adce', '--gvn-hoist', '--adce', '--loop-versioning-licm', '--newgvn', '--simplifycfg', '--gvn', '--simplifycfg', '--gvn-hoist', '--instcombine', '--globalopt', '--elim-avail-extern', '--gvn', '--gvn', '--ipsccp', '--gvn', '--nary-reassociate', '--lower-constant-intrinsics', '--loop-instsimplify', '--early-cse', '--mem2reg', '--jump-threading', '--globalopt', '--slp-vectorizer', '--instcombine', '--simplifycfg', '--sroa', '--lower-constant-intrinsics', '--early-cse', '--lower-expect', '--sroa', '--sroa', '--lower-expect', '--globalopt', '--elim-avail-extern', '--lower-expect']",77,-4.763954340762798,0.0,-1.7865112674606913,0.0,1,-4.763954340762798,-1.7865112674606913,0.0,-69.54314720812182,12.181885372261021,14.705882352941178,34
642,"['--ipsccp', '--speculative-execution', '--sccp', '--early-cse', '--mem2reg', '--jump-threading', '--globalopt', '--elim-avail-extern', '--instcombine', '--adce', '--jump-threading', '--gvn', '--simplifycfg', '--instsimplify', '--gvn-hoist', '--mergefunc', '--gvn-hoist', '--instcombine', '--globalopt', '--elim-avail-extern', '--indvars', '--gvn', '--gvn', '--ipsccp', '--gvn', '--nary-reassociate', '--lower-constant-intrinsics', '--loop-instsimplify', '--strip', '--mem2reg', '--jump-threading', '--globalopt', '--elim-avail-extern', '--instcombine', '--simplifycfg', '--sroa', '--mem2reg', '--gvn-hoist', '--sccp', '--early-cse', '--lower-constant-intrinsics', '--adce', '--gvn-hoist', '--adce', '--lower-constant-intrinsics', '--newgvn', '--simplifycfg', '--gvn-hoist', '--slp-vectorizer', '--globalopt', '--elim-avail-extern', '--gvn', '--gvn', '--ipsccp', '--gvn', '--nary-reassociate', '--lower-constant-intrinsics', '--early-cse', '--mem2reg', '--jump-threading', '--globalopt', '--instcombine', '--instcombine', '--simplifycfg', '--sroa', '--lower-constant-intrinsics', '--early-cse', '--lower-expect', '--sroa', '--lower-expect', '--sroa', '--sccp', '--sroa', '--lower-expect', '--globalopt', '--elim-avail-extern', '--lower-expect']",77,-4.763954340762798,0.0,-1.7865112674606913,0.0,1,-4.763954340762798,-1.7865112674606913,0.0,-69.54314720812182,12.181885372261021,14.705882352941178,34
528,"['--ipsccp', '--speculative-execution', '--sccp', '--early-cse', '--mem2reg', '--jump-threading', '--globalopt', '--elim-avail-extern', '--instcombine', '--adce', '--jump-threading', '--gvn', '--simplifycfg', '--instsimplify', '--gvn-hoist', '--mergefunc', '--gvn-hoist', '--instcombine', '--globalopt', '--elim-avail-extern', '--indvars', '--gvn', '--gvn', '--ipsccp', '--gvn', '--nary-reassociate', '--lower-constant-intrinsics', '--loop-instsimplify', '--strip', '--mem2reg', '--jump-threading', '--globalopt', '--elim-avail-extern', '--instcombine', '--simplifycfg', '--sroa', '--mem2reg', '--gvn-hoist', '--sccp', '--early-cse', '--lower-constant-intrinsics', '--adce', '--gvn-hoist', '--adce', '--lower-constant-intrinsics', '--newgvn', '--simplifycfg', '--lower-expect', '--simplifycfg', '--gvn-hoist', '--instcombine', '--globalopt', '--elim-avail-extern', '--gvn', '--gvn', '--ipsccp', '--gvn', '--nary-reassociate', '--lower-constant-intrinsics', '--loop-instsimplify', '--early-cse', '--mem2reg', '--jump-threading', '--globalopt', '--slp-vectorizer', '--instcombine', '--simplifycfg', '--sroa', '--lower-constant-intrinsics', '--early-cse', '--separate-const-offset-from-gep', '--lower-expect', '--sroa', '--sroa', '--lower-expect', '--globalopt', '--elim-avail-extern', '--lower-expect']",78,-4.763954340762798,0.0,-1.7865112674606913,0.0,1,-4.763954340762798,-1.7865112674606913,0.0,-69.54314720812182,12.181885372261021,14.705882352941178,34
722,"['--ipsccp', '--speculative-execution', '--sccp', '--early-cse', '--mem2reg', '--jump-threading', '--globalopt', '--elim-avail-extern', '--instcombine', '--adce', '--jump-threading', '--gvn', '--simplifycfg', '--instsimplify', '--gvn-hoist', '--mergefunc', '--gvn-hoist', '--instcombine', '--globalopt', '--elim-avail-extern', '--indvars', '--gvn', '--gvn', '--ipsccp', '--gvn', '--nary-reassociate', '--loop-instsimplify', '--early-cse', '--mem2reg', '--jump-threading', '--globalopt', '--elim-avail-extern', '--instcombine', '--simplifycfg', '--sroa', '--mem2reg', '--gvn-hoist', '--sccp', '--early-cse', '--lower-constant-intrinsics', '--adce', '--gvn-hoist', '--adce', '--loop-deletion', '--lower-constant-intrinsics', '--newgvn', '--simplifycfg', '--lower-expect', '--gvn-hoist', '--slp-vectorizer', '--globalopt', '--elim-avail-extern', '--gvn', '--ipsccp', '--gvn', '--nary-reassociate', '--lower-constant-intrinsics', '--early-cse', '--mem2reg', '--jump-threading', '--globalopt', '--instcombine', '--instcombine', '--simplifycfg', '--slp-vectorizer', '--instcombine', '--simplifycfg', '--sroa', '--early-cse', '--lower-expect', '--sroa', '--sroa', '--lower-expect', '--globalopt', '--elim-avail-extern', '--lower-expect']",76,-4.763954340762798,0.0,-1.7865112674606913,0.0,1,-4.763954340762798,-1.7865112674606913,0.0,-69.54314720812182,12.181885372261021,14.705882352941178,34
720,"['--ipsccp', '--speculative-execution', '--sccp', '--early-cse', '--mem2reg', '--jump-threading', '--globalopt', '--elim-avail-extern', '--instcombine', '--adce', '--jump-threading', '--gvn', '--simplifycfg', '--instsimplify', '--gvn-hoist', '--mergefunc', '--gvn-hoist', '--instcombine', '--globalopt', '--elim-avail-extern', '--indvars', '--mergefunc', '--gvn', '--gvn', '--ipsccp', '--gvn', '--nary-reassociate', '--lower-constant-intrinsics', '--loop-instsimplify', '--strip', '--mem2reg', '--jump-threading', '--globalopt', '--elim-avail-extern', '--instcombine', '--simplifycfg', '--sroa', '--mem2reg', '--gvn-hoist', '--sccp', '--early-cse', '--lower-constant-intrinsics', '--adce', '--gvn-hoist', '--adce', '--lower-constant-intrinsics', '--newgvn', '--simplifycfg', '--lower-expect', '--simplifycfg', '--gvn-hoist', '--instcombine', '--globalopt', '--elim-avail-extern', '--gvn', '--ipsccp', '--gvn', '--nary-reassociate', '--lower-constant-intrinsics', '--loop-instsimplify', '--early-cse', '--mem2reg', '--jump-threading', '--globalopt', '--slp-vectorizer', '--instcombine', '--simplifycfg', '--sroa', '--lower-constant-intrinsics', '--early-cse', '--separate-const-offset-from-gep', '--lower-expect', '--sroa', '--sroa', '--lower-expect', '--globalopt', '--elim-avail-extern', '--lower-expect']",78,-4.763954340762798,0.0,-1.7865112674606913,0.0,1,-4.763954340762798,-1.7865112674606913,0.0,-69.54314720812182,12.181885372261021,14.705882352941178,34
571,"['--ipsccp', '--speculative-execution', '--sccp', '--early-cse', '--mem2reg', '--jump-threading', '--globalopt', '--elim-avail-extern', '--instcombine', '--adce', '--jump-threading', '--gvn', '--simplifycfg', '--instsimplify', '--gvn-hoist', '--mergefunc', '--gvn-hoist', '--instcombine', '--globalopt', '--elim-avail-extern', '--indvars', '--gvn', '--gvn', '--ipsccp', '--gvn', '--nary-reassociate', '--lower-constant-intrinsics', '--bdce', '--loop-instsimplify', '--early-cse', '--mem2reg', '--jump-threading', '--globalopt', '--elim-avail-extern', '--instcombine', '--simplifycfg', '--sroa', '--mem2reg', '--gvn-hoist', '--sccp', '--early-cse', '--lower-constant-intrinsics', '--adce', '--gvn-hoist', '--adce', '--lower-constant-intrinsics', '--newgvn', '--simplifycfg', '--lower-expect', '--simplifycfg', '--gvn-hoist', '--slp-vectorizer', '--globalopt', '--elim-avail-extern', '--gvn', '--gvn', '--ipsccp', '--gvn', '--nary-reassociate', '--lower-constant-intrinsics', '--loop-instsimplify', '--early-cse', '--mem2reg', '--jump-threading', '--globalopt', '--instcombine', '--instcombine', '--simplifycfg', '--sroa', '--lower-constant-intrinsics', '--early-cse', '--lower-expect', '--sroa', '--sroa', '--lower-expect', '--globalopt', '--elim-avail-extern', '--lower-expect']",78,-4.763954340762798,0.0,-1.7865112674606913,0.0,1,-4.763954340762798,-1.7865112674606913,0.0,-69.54314720812182,12.181885372261021,14.705882352941178,34
690,"['--ipsccp', '--speculative-execution', '--sccp', '--early-cse', '--mem2reg', '--jump-threading', '--globalopt', '--elim-avail-extern', '--instcombine', '--adce', '--jump-threading', '--gvn', '--simplifycfg', '--instsimplify', '--gvn-hoist', '--mergefunc', '--gvn-hoist', '--instcombine', '--globalopt', '--elim-avail-extern', '--indvars', '--gvn', '--gvn', '--ipsccp', '--gvn', '--nary-reassociate', '--loop-instsimplify', '--early-cse', '--mem2reg', '--jump-threading', '--globalopt', '--elim-avail-extern', '--instcombine', '--simplifycfg', '--sroa', '--mem2reg', '--gvn-hoist', '--sccp', '--early-cse', '--lower-constant-intrinsics', '--adce', '--gvn-hoist', '--adce', '--lower-constant-intrinsics', '--newgvn', '--simplifycfg', '--lower-expect', '--gvn-hoist', '--slp-vectorizer', '--globalopt', '--elim-avail-extern', '--gvn', '--gvn', '--ipsccp', '--gvn', '--nary-reassociate', '--lower-constant-intrinsics', '--early-cse', '--mem2reg', '--jump-threading', '--globalopt', '--instcombine', '--instcombine', '--simplifycfg', '--sroa', '--lower-constant-intrinsics', '--early-cse', '--lower-expect', '--sroa', '--lower-expect', '--sroa', '--sroa', '--lower-expect', '--globalopt', '--elim-avail-extern', '--lower-expect']",76,-4.763954340762798,0.0,-1.7865112674606913,0.0,1,-4.763954340762798,-1.7865112674606913,0.0,-69.54314720812182,12.181885372261021,14.705882352941178,34
691,"['--ipsccp', '--speculative-execution', '--sccp', '--early-cse', '--mem2reg', '--jump-threading', '--globalopt', '--elim-avail-extern', '--instcombine', '--adce', '--jump-threading', '--gvn', '--simplifycfg', '--instsimplify', '--gvn-hoist', '--mergefunc', '--gvn-hoist', '--instcombine', '--globalopt', '--elim-avail-extern', '--indvars', '--gvn', '--gvn', '--ipsccp', '--gvn', '--nary-reassociate', '--lower-constant-intrinsics', '--bdce', '--loop-instsimplify', '--early-cse', '--mem2reg', '--jump-threading', '--globalopt', '--elim-avail-extern', '--instcombine', '--simplifycfg', '--sroa', '--mem2reg', '--early-cse', '--sccp', '--gvn-hoist', '--lower-constant-intrinsics', '--adce', '--gvn-hoist', '--adce', '--lower-constant-intrinsics', '--newgvn', '--simplifycfg', '--lower-expect', '--simplifycfg', '--gvn-hoist', '--slp-vectorizer', '--globalopt', '--elim-avail-extern', '--gvn', '--gvn', '--ipsccp', '--gvn', '--nary-reassociate', '--lower-constant-intrinsics', '--loop-instsimplify', '--early-cse', '--mem2reg', '--jump-threading', '--globalopt', '--instcombine', '--instcombine', '--simplifycfg', '--sroa', '--lower-constant-intrinsics', '--early-cse', '--lower-expect', '--sroa', '--sroa', '--lower-expect', '--globalopt', '--lower-expect']",77,-4.763954340762798,0.0,-1.7865112674606913,0.0,1,-4.763954340762798,-1.7865112674606913,0.0,-69.54314720812182,12.181885372261021,14.705882352941178,34
676,"['--ipsccp', '--speculative-execution', '--sccp', '--early-cse', '--mem2reg', '--jump-threading', '--globalopt', '--elim-avail-extern', '--instcombine', '--adce', '--jump-threading', '--gvn', '--simplifycfg', '--instsimplify', '--mergefunc', '--gvn-hoist', '--instcombine', '--globalopt', '--elim-avail-extern', '--indvars', '--gvn', '--loop-simplify', '--ipsccp', '--gvn', '--nary-reassociate', '--lower-constant-intrinsics', '--loop-instsimplify', '--strip', '--mem2reg', '--jump-threading', '--globalopt', '--elim-avail-extern', '--instcombine', '--simplifycfg', '--sroa', '--mem2reg', '--gvn-hoist', '--sccp', '--early-cse', '--lower-constant-intrinsics', '--adce', '--gvn-hoist', '--adce', '--lower-constant-intrinsics', '--newgvn', '--simplifycfg', '--gvn', '--simplifycfg', '--gvn-hoist', '--instcombine', '--globalopt', '--elim-avail-extern', '--gvn', '--gvn', '--ipsccp', '--gvn', '--nary-reassociate', '--lower-constant-intrinsics', '--loop-instsimplify', '--early-cse', '--mem2reg', '--jump-threading', '--globalopt', '--slp-vectorizer', '--instcombine', '--simplifycfg', '--sroa', '--lower-constant-intrinsics', '--early-cse', '--separate-const-offset-from-gep', '--lower-expect', '--sroa', '--sroa', '--lower-expect', '--globalopt', '--elim-avail-extern', '--lower-expect']",77,-4.763954340762798,0.0,-1.7865112674606913,0.0,1,-4.763954340762798,-1.7865112674606913,0.0,-69.54314720812182,12.181885372261021,14.705882352941178,34
629,"['--ipsccp', '--speculative-execution', '--sccp', '--early-cse', '--mem2reg', '--jump-threading', '--globalopt', '--elim-avail-extern', '--instcombine', '--adce', '--jump-threading', '--gvn', '--simplifycfg', '--instsimplify', '--gvn-hoist', '--mergefunc', '--gvn-hoist', '--instcombine', '--globalopt', '--elim-avail-extern', '--indvars', '--gvn', '--gvn', '--ipsccp', '--gvn', '--nary-reassociate', '--lower-constant-intrinsics', '--loop-instsimplify', '--strip', '--mem2reg', '--jump-threading', '--globalopt', '--elim-avail-extern', '--instcombine', '--simplifycfg', '--sroa', '--mem2reg', '--gvn-hoist', '--sccp', '--early-cse', '--lower-constant-intrinsics', '--adce', '--gvn-hoist', '--adce', '--lower-constant-intrinsics', '--newgvn', '--simplifycfg', '--lower-expect', '--simplifycfg', '--gvn-hoist', '--instcombine', '--globalopt', '--elim-avail-extern', '--gvn', '--gvn', '--ipsccp', '--gvn', '--nary-reassociate', '--lower-constant-intrinsics', '--loop-instsimplify', '--early-cse', '--mem2reg', '--jump-threading', '--globalopt', '--slp-vectorizer', '--instcombine', '--simplifycfg', '--sroa', '--lower-constant-intrinsics', '--early-cse', '--lower-expect', '--sroa', '--lower-expect', '--globalopt', '--elim-avail-extern', '--lower-expect']",76,-4.763954340762798,0.0,-1.7865112674606913,0.0,1,-4.763954340762798,-1.7865112674606913,0.0,-69.54314720812182,12.181885372261021,14.705882352941178,34
587,"['--ipsccp', '--speculative-execution', '--sccp', '--early-cse', '--mem2reg', '--jump-threading', '--globalopt', '--elim-avail-extern', '--instcombine', '--adce', '--jump-threading', '--gvn', '--simplifycfg', '--instsimplify', '--gvn-hoist', '--mergefunc', '--gvn-hoist', '--instcombine', '--globalopt', '--elim-avail-extern', '--indvars', '--gvn', '--gvn', '--ipsccp', '--gvn', '--nary-reassociate', '--loop-instsimplify', '--early-cse', '--mem2reg', '--jump-threading', '--globalopt', '--elim-avail-extern', '--instcombine', '--simplifycfg', '--sroa', '--mem2reg', '--gvn-hoist', '--sccp', '--early-cse', '--lower-constant-intrinsics', '--adce', '--gvn-hoist', '--adce', '--lower-constant-intrinsics', '--newgvn', '--simplifycfg', '--lower-expect', '--gvn-hoist', '--slp-vectorizer', '--globalopt', '--elim-avail-extern', '--gvn', '--gvn', '--ipsccp', '--gvn', '--nary-reassociate', '--lower-constant-intrinsics', '--early-cse', '--mem2reg', '--jump-threading', '--globalopt', '--instcombine', '--instcombine', '--simplifycfg', '--sroa', '--lower-constant-intrinsics', '--early-cse', '--lower-expect', '--sroa', '--lower-expect', '--sroa', '--sccp', '--sroa', '--lower-expect', '--globalopt', '--elim-avail-extern', '--lower-expect']",77,-4.763954340762798,0.0,-1.7865112674606913,0.0,1,-4.763954340762798,-1.7865112674606913,0.0,-69.54314720812182,12.181885372261021,14.705882352941178,34
694,"['--lower-constant-intrinsics', '--speculative-execution', '--sccp', '--early-cse', '--mem2reg', '--jump-threading', '--globalopt', '--elim-avail-extern', '--instcombine', '--adce', '--jump-threading', '--gvn', '--simplifycfg', '--instsimplify', '--gvn-hoist', '--mergefunc', '--gvn-hoist', '--instcombine', '--globalopt', '--elim-avail-extern', '--indvars', '--gvn', '--loop-simplify', '--ipsccp', '--gvn', '--nary-reassociate', '--lower-constant-intrinsics', '--loop-instsimplify', '--strip', '--mem2reg', '--jump-threading', '--globalopt', '--elim-avail-extern', '--instcombine', '--simplifycfg', '--sroa', '--mem2reg', '--gvn-hoist', '--sccp', '--early-cse', '--ipsccp', '--adce', '--gvn-hoist', '--adce', '--lower-constant-intrinsics', '--newgvn', '--simplifycfg', '--lower-expect', '--simplifycfg', '--gvn-hoist', '--instcombine', '--globalopt', '--elim-avail-extern', '--gvn', '--gvn', '--ipsccp', '--gvn', '--nary-reassociate', '--lower-constant-intrinsics', '--loop-instsimplify', '--early-cse', '--mem2reg', '--jump-threading', '--globalopt', '--slp-vectorizer', '--instcombine', '--simplifycfg', '--sroa', '--lower-constant-intrinsics', '--early-cse', '--separate-const-offset-from-gep', '--lower-expect', '--sroa', '--sroa', '--lower-expect', '--globalopt', '--elim-avail-extern', '--lower-expect']",78,-4.763954340762798,0.0,-1.7865112674606913,0.0,1,-4.763954340762798,-1.7865112674606913,0.0,-69.54314720812182,12.181885372261021,14.705882352941178,34
695,"['--ipsccp', '--speculative-execution', '--sccp', '--early-cse', '--mem2reg', '--jump-threading', '--globalopt', '--elim-avail-extern', '--instcombine', '--adce', '--jump-threading', '--gvn', '--simplifycfg', '--instsimplify', '--gvn-hoist', '--mergefunc', '--lower-expect', '--instcombine', '--globalopt', '--elim-avail-extern', '--indvars', '--gvn', '--gvn', '--ipsccp', '--gvn', '--nary-reassociate', '--lower-constant-intrinsics', '--loop-instsimplify', '--strip', '--mem2reg', '--jump-threading', '--globalopt', '--elim-avail-extern', '--instcombine', '--simplifycfg', '--sroa', '--mem2reg', '--gvn-hoist', '--sccp', '--early-cse', '--lower-constant-intrinsics', '--adce', '--gvn-hoist', '--adce', '--lower-constant-intrinsics', '--newgvn', '--simplifycfg', '--lower-expect', '--simplifycfg', '--gvn-hoist', '--instcombine', '--globalopt', '--elim-avail-extern', '--gvn', '--gvn', '--ipsccp', '--gvn', '--nary-reassociate', '--lower-constant-intrinsics', '--loop-instsimplify', '--early-cse', '--mem2reg', '--jump-threading', '--globalopt', '--slp-vectorizer', '--instcombine', '--simplifycfg', '--sroa', '--lower-constant-intrinsics', '--early-cse', '--lower-expect', '--sroa', '--lower-expect', '--globalopt', '--elim-avail-extern', '--gvn-hoist']",76,-4.763954340762798,0.0,-1.7865112674606913,0.0,1,-4.763954340762798,-1.7865112674606913,0.0,-69.54314720812182,12.181885372261021,14.705882352941178,34
697,"['--ipsccp', '--speculative-execution', '--sccp', '--early-cse', '--mem2reg', '--jump-threading', '--globalopt', '--elim-avail-extern', '--instcombine', '--adce', '--jump-threading', '--gvn', '--simplifycfg', '--instsimplify', '--gvn-hoist', '--mergefunc', '--gvn-hoist', '--instcombine', '--globalopt', '--elim-avail-extern', '--indvars', '--gvn', '--gvn', '--mergereturn', '--ipsccp', '--gvn', '--nary-reassociate', '--lower-constant-intrinsics', '--loop-instsimplify', '--strip', '--mem2reg', '--jump-threading', '--globalopt', '--elim-avail-extern', '--instcombine', '--simplifycfg', '--sroa', '--mem2reg', '--gvn-hoist', '--sccp', '--early-cse', '--lower-constant-intrinsics', '--adce', '--gvn-hoist', '--adce', '--lower-constant-intrinsics', '--newgvn', '--simplifycfg', '--gvn', '--simplifycfg', '--gvn-hoist', '--instcombine', '--globalopt', '--elim-avail-extern', '--gvn', '--gvn', '--ipsccp', '--gvn', '--nary-reassociate', '--lower-constant-intrinsics', '--loop-instsimplify', '--early-cse', '--mem2reg', '--jump-threading', '--globalopt', '--slp-vectorizer', '--instcombine', '--simplifycfg', '--sroa', '--lower-constant-intrinsics', '--early-cse', '--separate-const-offset-from-gep', '--lower-expect', '--sroa', '--sroa', '--lower-expect', '--globalopt', '--elim-avail-extern', '--lower-expect']",79,-4.763954340762798,0.0,-1.7865112674606913,0.0,1,-4.763954340762798,-1.7865112674606913,0.0,-69.54314720812182,12.181885372261021,14.705882352941178,34
701,"['--ipsccp', '--speculative-execution', '--sccp', '--early-cse', '--mem2reg', '--jump-threading', '--globalopt', '--elim-avail-extern', '--instcombine', '--adce', '--jump-threading', '--gvn', '--simplifycfg', '--instsimplify', '--gvn-hoist', '--mergefunc', '--gvn-hoist', '--instcombine', '--globalopt', '--elim-avail-extern', '--indvars', '--gvn', '--gvn', '--ipsccp', '--gvn', '--nary-reassociate', '--lower-constant-intrinsics', '--bdce', '--loop-instsimplify', '--loop-simplifycfg', '--early-cse', '--mem2reg', '--jump-threading', '--globalopt', '--elim-avail-extern', '--instcombine', '--simplifycfg', '--sroa', '--mem2reg', '--gvn-hoist', '--sccp', '--early-cse', '--lower-constant-intrinsics', '--adce', '--gvn-hoist', '--adce', '--lower-constant-intrinsics', '--newgvn', '--simplifycfg', '--lower-expect', '--simplifycfg', '--gvn-hoist', '--slp-vectorizer', '--globalopt', '--elim-avail-extern', '--gvn', '--gvn', '--ipsccp', '--gvn', '--nary-reassociate', '--lower-constant-intrinsics', '--loop-instsimplify', '--early-cse', '--mem2reg', '--jump-threading', '--globalopt', '--instcombine', '--instcombine', '--simplifycfg', '--sroa', '--lower-constant-intrinsics', '--early-cse', '--lower-expect', '--sroa', '--sroa', '--lower-expect', '--globalopt', '--lower-expect']",78,-4.763954340762798,0.0,-1.7865112674606913,0.0,1,-4.763954340762798,-1.7865112674606913,0.0,-69.54314720812182,12.181885372261021,14.705882352941178,34
703,"['--ipsccp', '--speculative-execution', '--sccp', '--early-cse', '--mem2reg', '--jump-threading', '--globalopt', '--elim-avail-extern', '--instcombine', '--adce', '--jump-threading', '--gvn', '--simplifycfg', '--instsimplify', '--gvn-hoist', '--mergefunc', '--gvn-hoist', '--instcombine', '--globalopt', '--elim-avail-extern', '--indvars', '--mergefunc', '--gvn', '--gvn', '--ipsccp', '--gvn', '--nary-reassociate', '--lower-constant-intrinsics', '--loop-instsimplify', '--strip', '--mem2reg', '--jump-threading', '--globalopt', '--elim-avail-extern', '--instcombine', '--simplifycfg', '--sroa', '--mem2reg', '--gvn-hoist', '--sccp', '--early-cse', '--lower-constant-intrinsics', '--adce', '--gvn-hoist', '--adce', '--lower-constant-intrinsics', '--newgvn', '--simplifycfg', '--lower-expect', '--simplifycfg', '--gvn-hoist', '--instcombine', '--globalopt', '--elim-avail-extern', '--gvn', '--gvn', '--ipsccp', '--gvn', '--nary-reassociate', '--lower-constant-intrinsics', '--loop-instsimplify', '--early-cse', '--mem2reg', '--jump-threading', '--globalopt', '--slp-vectorizer', '--instcombine', '--simplifycfg', '--sroa', '--lower-constant-intrinsics', '--early-cse', '--separate-const-offset-from-gep', '--lower-expect', '--sroa', '--sroa', '--lower-expect', '--globalopt', '--elim-avail-extern', '--lower-expect']",79,-4.763954340762798,0.0,-1.7865112674606913,0.0,1,-4.763954340762798,-1.7865112674606913,0.0,-69.54314720812182,12.181885372261021,14.705882352941178,34
680,"['--ipsccp', '--speculative-execution', '--sccp', '--early-cse', '--mem2reg', '--loop-versioning-licm', '--globalopt', '--elim-avail-extern', '--instcombine', '--adce', '--jump-threading', '--gvn', '--simplifycfg', '--instsimplify', '--gvn-hoist', '--mergefunc', '--gvn-hoist', '--instcombine', '--globalopt', '--elim-avail-extern', '--indvars', '--gvn', '--gvn', '--ipsccp', '--gvn', '--nary-reassociate', '--lower-constant-intrinsics', '--loop-instsimplify', '--strip', '--mem2reg', '--jump-threading', '--globalopt', '--elim-avail-extern', '--instcombine', '--simplifycfg', '--sroa', '--mem2reg', '--gvn-hoist', '--sccp', '--early-cse', '--lower-constant-intrinsics', '--adce', '--gvn-hoist', '--adce', '--lower-constant-intrinsics', '--newgvn', '--simplifycfg', '--lower-expect', '--simplifycfg', '--gvn-hoist', '--instcombine', '--globalopt', '--elim-avail-extern', '--gvn', '--gvn', '--ipsccp', '--gvn', '--nary-reassociate', '--lower-constant-intrinsics', '--loop-instsimplify', '--early-cse', '--mem2reg', '--jump-threading', '--globalopt', '--slp-vectorizer', '--instcombine', '--simplifycfg', '--sroa', '--lower-constant-intrinsics', '--early-cse', '--lower-expect', '--sroa', '--sroa', '--lower-expect', '--globalopt', '--elim-avail-extern', '--lower-expect']",77,-4.763954340762798,0.0,-1.7865112674606913,0.0,1,-4.763954340762798,-1.7865112674606913,0.0,-69.54314720812182,12.181885372261021,14.705882352941178,34
668,"['--ipsccp', '--speculative-execution', '--sccp', '--early-cse', '--mem2reg', '--jump-threading', '--globalopt', '--elim-avail-extern', '--instcombine', '--adce', '--jump-threading', '--gvn', '--simplifycfg', '--instsimplify', '--gvn-hoist', '--mergefunc', '--gvn-hoist', '--instcombine', '--globalopt', '--elim-avail-extern', '--indvars', '--gvn', '--gvn', '--ipsccp', '--gvn', '--nary-reassociate', '--loop-instsimplify', '--early-cse', '--mem2reg', '--jump-threading', '--globalopt', '--elim-avail-extern', '--instcombine', '--simplifycfg', '--sroa', '--mem2reg', '--gvn-hoist', '--sccp', '--early-cse', '--lower-constant-intrinsics', '--adce', '--gvn-hoist', '--adce', '--lower-constant-intrinsics', '--newgvn', '--simplifycfg', '--lower-expect', '--gvn-hoist', '--slp-vectorizer', '--globalopt', '--elim-avail-extern', '--gvn', '--ipsccp', '--gvn', '--nary-reassociate', '--lower-constant-intrinsics', '--early-cse', '--mem2reg', '--jump-threading', '--globalopt', '--instcombine', '--instcombine', '--simplifycfg', '--sroa', '--lower-constant-intrinsics', '--early-cse', '--lower-expect', '--sroa', '--lower-expect', '--sroa', '--sccp', '--sroa', '--lower-expect', '--globalopt', '--elim-avail-extern', '--lower-expect']",76,-4.763954340762798,0.0,-1.7865112674606913,0.0,1,-4.763954340762798,-1.7865112674606913,0.0,-69.54314720812182,12.181885372261021,14.705882352941178,34
709,"['--ipsccp', '--speculative-execution', '--sccp', '--early-cse', '--mem2reg', '--jump-threading', '--globalopt', '--elim-avail-extern', '--instcombine', '--adce', '--jump-threading', '--gvn', '--simplifycfg', '--instsimplify', '--gvn-hoist', '--mergefunc', '--gvn-hoist', '--instcombine', '--globalopt', '--elim-avail-extern', '--indvars', '--gvn', '--loop-simplify', '--ipsccp', '--gvn', '--nary-reassociate', '--lower-constant-intrinsics', '--loop-instsimplify', '--strip', '--mem2reg', '--jump-threading', '--strip', '--elim-avail-extern', '--instcombine', '--simplifycfg', '--sroa', '--mem2reg', '--gvn-hoist', '--sccp', '--early-cse', '--lower-constant-intrinsics', '--adce', '--gvn-hoist', '--adce', '--lower-constant-intrinsics', '--newgvn', '--simplifycfg', '--gvn', '--simplifycfg', '--gvn-hoist', '--instcombine', '--globalopt', '--elim-avail-extern', '--gvn', '--gvn', '--ipsccp', '--gvn', '--nary-reassociate', '--lower-constant-intrinsics', '--loop-instsimplify', '--early-cse', '--mem2reg', '--jump-threading', '--globalopt', '--slp-vectorizer', '--instcombine', '--simplifycfg', '--sroa', '--lower-constant-intrinsics', '--early-cse', '--separate-const-offset-from-gep', '--lower-expect', '--sroa', '--sroa', '--lower-expect', '--globalopt', '--elim-avail-extern', '--lower-expect']",78,-4.763954340762798,0.0,-1.7865112674606913,0.0,1,-4.763954340762798,-1.7865112674606913,0.0,-69.54314720812182,12.181885372261021,14.705882352941178,34
710,"['--ipsccp', '--speculative-execution', '--sccp', '--early-cse', '--mem2reg', '--jump-threading', '--globalopt', '--elim-avail-extern', '--instcombine', '--adce', '--jump-threading', '--gvn', '--simplifycfg', '--instsimplify', '--gvn-hoist', '--mergefunc', '--gvn-hoist', '--instcombine', '--globalopt', '--elim-avail-extern', '--indvars', '--gvn', '--lower-expect', '--ipsccp', '--gvn', '--nary-reassociate', '--lower-constant-intrinsics', '--loop-instsimplify', '--strip', '--mem2reg', '--jump-threading', '--globalopt', '--elim-avail-extern', '--instcombine', '--simplifycfg', '--sroa', '--mem2reg', '--gvn-hoist', '--sccp', '--early-cse', '--lower-constant-intrinsics', '--adce', '--gvn-hoist', '--adce', '--loop-versioning-licm', '--newgvn', '--simplifycfg', '--gvn', '--simplifycfg', '--gvn-hoist', '--instcombine', '--globalopt', '--elim-avail-extern', '--gvn', '--gvn', '--ipsccp', '--gvn', '--nary-reassociate', '--lower-constant-intrinsics', '--loop-instsimplify', '--early-cse', '--mem2reg', '--jump-threading', '--globalopt', '--slp-vectorizer', '--instcombine', '--simplifycfg', '--sroa', '--lower-constant-intrinsics', '--early-cse', '--lower-expect', '--sroa', '--lower-expect', '--globalopt', '--elim-avail-extern', '--lower-expect']",76,-4.763954340762798,0.0,-1.7865112674606913,0.0,1,-4.763954340762798,-1.7865112674606913,0.0,-69.54314720812182,12.181885372261021,14.705882352941178,34
654,"['--ipsccp', '--speculative-execution', '--sccp', '--early-cse', '--mem2reg', '--jump-threading', '--elim-avail-extern', '--instcombine', '--adce', '--jump-threading', '--gvn', '--simplifycfg', '--instsimplify', '--gvn-hoist', '--mergefunc', '--gvn-hoist', '--instcombine', '--globalopt', '--elim-avail-extern', '--indvars', '--gvn', '--gvn', '--ipsccp', '--gvn', '--nary-reassociate', '--lower-constant-intrinsics', '--bdce', '--loop-instsimplify', '--early-cse', '--mem2reg', '--jump-threading', '--globalopt', '--elim-avail-extern', '--instcombine', '--simplifycfg', '--sroa', '--mem2reg', '--gvn-hoist', '--sccp', '--early-cse', '--lower-constant-intrinsics', '--adce', '--gvn-hoist', '--adce', '--lower-constant-intrinsics', '--newgvn', '--simplifycfg', '--lower-expect', '--simplifycfg', '--gvn-hoist', '--slp-vectorizer', '--globalopt', '--elim-avail-extern', '--gvn', '--gvn', '--ipsccp', '--gvn', '--nary-reassociate', '--lower-constant-intrinsics', '--loop-instsimplify', '--early-cse', '--mem2reg', '--jump-threading', '--globalopt', '--instcombine', '--instcombine', '--simplifycfg', '--sroa', '--lower-constant-intrinsics', '--early-cse', '--lower-expect', '--sroa', '--sroa', '--lower-expect', '--globalopt', '--elim-avail-extern', '--lower-expect']",77,-4.763954340762798,0.0,-1.7865112674606913,0.0,1,-4.763954340762798,-1.7865112674606913,0.0,-69.54314720812182,12.181885372261021,14.705882352941178,34
640,"['--ipsccp', '--speculative-execution', '--sccp', '--early-cse', '--mem2reg', '--jump-threading', '--globalopt', '--elim-avail-extern', '--instcombine', '--adce', '--jump-threading', '--gvn', '--simplifycfg', '--instsimplify', '--gvn-hoist', '--mergefunc', '--gvn-hoist', '--instcombine', '--globalopt', '--elim-avail-extern', '--indvars', '--gvn', '--partially-inline-libcalls', '--ipsccp', '--gvn', '--nary-reassociate', '--lower-constant-intrinsics', '--loop-instsimplify', '--strip', '--mem2reg', '--jump-threading', '--globalopt', '--elim-avail-extern', '--instcombine', '--simplifycfg', '--sroa', '--mem2reg', '--gvn-hoist', '--sccp', '--early-cse', '--lower-constant-intrinsics', '--adce', '--gvn-hoist', '--adce', '--lower-constant-intrinsics', '--newgvn', '--simplifycfg', '--lower-expect', '--simplifycfg', '--gvn-hoist', '--instcombine', '--globalopt', '--elim-avail-extern', '--gvn', '--gvn', '--ipsccp', '--gvn', '--nary-reassociate', '--lower-constant-intrinsics', '--early-cse', '--mem2reg', '--jump-threading', '--globalopt', '--slp-vectorizer', '--instcombine', '--simplifycfg', '--sroa', '--lower-constant-intrinsics', '--early-cse', '--lower-expect', '--sroa', '--sroa', '--lower-expect', '--globalopt', '--elim-avail-extern', '--lower-expect']",76,-4.763954340762798,0.0,-1.7865112674606913,0.0,1,-4.763954340762798,-1.7865112674606913,0.0,-69.54314720812182,12.181885372261021,14.705882352941178,34
666,"['--ipsccp', '--speculative-execution', '--sccp', '--early-cse', '--mem2reg', '--jump-threading', '--globalopt', '--elim-avail-extern', '--instcombine', '--adce', '--jump-threading', '--gvn', '--simplifycfg', '--loop-versioning-licm', '--instsimplify', '--gvn-hoist', '--mergefunc', '--gvn-hoist', '--instcombine', '--globalopt', '--elim-avail-extern', '--indvars', '--gvn', '--gvn', '--partially-inline-libcalls', '--ipsccp', '--gvn', '--nary-reassociate', '--lower-constant-intrinsics', '--loop-instsimplify', '--strip', '--mem2reg', '--jump-threading', '--globalopt', '--elim-avail-extern', '--instcombine', '--simplifycfg', '--sroa', '--mem2reg', '--gvn-hoist', '--sccp', '--early-cse', '--lower-constant-intrinsics', '--gvn-hoist', '--adce', '--lower-constant-intrinsics', '--newgvn', '--simplifycfg', '--lower-expect', '--simplifycfg', '--gvn-hoist', '--instcombine', '--globalopt', '--elim-avail-extern', '--gvn', '--gvn', '--ipsccp', '--gvn', '--nary-reassociate', '--lower-constant-intrinsics', '--early-cse', '--mem2reg', '--jump-threading', '--globalopt', '--slp-vectorizer', '--instcombine', '--simplifycfg', '--sroa', '--lower-constant-intrinsics', '--early-cse', '--lower-expect', '--sroa', '--lower-expect', '--globalopt', '--elim-avail-extern', '--lower-expect']",76,-4.763954340762798,0.0,-1.7865112674606913,0.0,1,-4.763954340762798,-1.7865112674606913,0.0,-69.54314720812182,12.181885372261021,14.705882352941178,34
612,"['--ipsccp', '--speculative-execution', '--sccp', '--early-cse', '--mem2reg', '--jump-threading', '--globalopt', '--elim-avail-extern', '--instcombine', '--adce', '--jump-threading', '--gvn', '--simplifycfg', '--instsimplify', '--gvn-hoist', '--mergefunc', '--gvn-hoist', '--instcombine', '--globalopt', '--elim-avail-extern', '--indvars', '--gvn', '--gvn', '--partially-inline-libcalls', '--ipsccp', '--gvn', '--nary-reassociate', '--lower-constant-intrinsics', '--loop-instsimplify', '--strip', '--mem2reg', '--jump-threading', '--globalopt', '--elim-avail-extern', '--instcombine', '--simplifycfg', '--sroa', '--mem2reg', '--gvn-hoist', '--sccp', '--early-cse', '--lower-constant-intrinsics', '--adce', '--gvn-hoist', '--adce', '--lower-constant-intrinsics', '--newgvn', '--simplifycfg', '--lower-expect', '--simplifycfg', '--gvn-hoist', '--slp-vectorizer', '--globalopt', '--elim-avail-extern', '--gvn', '--gvn', '--ipsccp', '--gvn', '--nary-reassociate', '--lower-constant-intrinsics', '--loop-instsimplify', '--early-cse', '--mem2reg', '--jump-threading', '--globalopt', '--instcombine', '--instcombine', '--simplifycfg', '--sroa', '--lower-constant-intrinsics', '--early-cse', '--lower-expect', '--sroa', '--sroa', '--lower-expect', '--globalopt', '--elim-avail-extern', '--lower-expect']",78,-4.763954340762798,0.0,-1.7865112674606913,0.0,1,-4.763954340762798,-1.7865112674606913,0.0,-69.54314720812182,12.181885372261021,14.705882352941178,34
940,"['--ipsccp', '--speculative-execution', '--sccp', '--early-cse', '--mem2reg', '--jump-threading', '--globalopt', '--elim-avail-extern', '--instcombine', '--adce', '--jump-threading', '--gvn', '--simplifycfg', '--early-cse-memssa', '--gvn-hoist', '--mergefunc', '--gvn-hoist', '--lower-constant-intrinsics', '--globalopt', '--elim-avail-extern', '--gvn', '--gvn', '--ipsccp', '--gvn', '--nary-reassociate', '--lower-constant-intrinsics', '--loop-instsimplify', '--strip', '--mem2reg', '--jump-threading', '--globalopt', '--elim-avail-extern', '--simplifycfg', '--sroa', '--mem2reg', '--gvn-hoist', '--sccp', '--early-cse', '--loweratomic', '--adce', '--gvn-hoist', '--gvn-hoist', '--lower-constant-intrinsics', '--loop-simplify', '--dse', '--newgvn', '--simplifycfg', '--lower-expect', '--simplifycfg', '--gvn-hoist', '--instcombine', '--globalopt', '--elim-avail-extern', '--gvn', '--gvn', '--ipsccp', '--gvn', '--nary-reassociate', '--adce', '--loop-instsimplify', '--early-cse', '--jump-threading', '--slsr', '--globalopt', '--slp-vectorizer', '--instcombine', '--simplifycfg', '--sroa', '--lower-constant-intrinsics', '--early-cse', '--lower-expect', '--sroa', '--sroa', '--lower-expect', '--globalopt', '--elim-avail-extern', '--lower-expect']",77,-4.769134435632701,0.0,-1.9913877521239134,0.0,1,-4.769134435632701,-1.9913877521239134,0.0,-86.29441624365482,15.108877391868242,11.76470588235294,34
560,"['--ipsccp', '--speculative-execution', '--sccp', '--early-cse', '--mem2reg', '--jump-threading', '--globalopt', '--elim-avail-extern', '--instcombine', '--adce', '--jump-threading', '--gvn', '--simplifycfg', '--instsimplify', '--gvn-hoist', '--mergefunc', '--gvn-hoist', '--instcombine', '--globalopt', '--elim-avail-extern', '--indvars', '--gvn', '--gvn', '--ipsccp', '--gvn', '--nary-reassociate', '--lower-constant-intrinsics', '--loop-instsimplify', '--strip', '--mem2reg', '--jump-threading', '--globalopt', '--elim-avail-extern', '--instcombine', '--simplifycfg', '--sroa', '--mem2reg', '--gvn-hoist', '--sccp', '--early-cse', '--lower-constant-intrinsics', '--adce', '--gvn-hoist', '--adce', '--lower-constant-intrinsics', '--newgvn', '--simplifycfg', '--lower-expect', '--simplifycfg', '--gvn-hoist', '--instcombine', '--globalopt', '--elim-avail-extern', '--gvn', '--gvn', '--ipsccp', '--globalopt', '--nary-reassociate', '--lower-constant-intrinsics', '--loop-instsimplify', '--early-cse', '--mem2reg', '--jump-threading', '--slp-vectorizer', '--instcombine', '--simplifycfg', '--sroa', '--lower-constant-intrinsics', '--early-cse', '--lower-expect', '--sroa', '--sroa', '--lower-expect', '--gvn', '--elim-avail-extern', '--lower-expect']",76,-4.770918605325481,0.0,-1.7961229552730713,0.0,1,-4.770918605325481,-1.7961229552730713,0.0,-69.54314720812182,12.17944035929501,14.705882352941178,34
664,"['--ipsccp', '--speculative-execution', '--sccp', '--early-cse', '--mem2reg', '--jump-threading', '--globalopt', '--elim-avail-extern', '--instcombine', '--instsimplify', '--jump-threading', '--gvn', '--simplifycfg', '--instsimplify', '--gvn-hoist', '--mergefunc', '--gvn-hoist', '--instcombine', '--globalopt', '--elim-avail-extern', '--indvars', '--gvn', '--gvn', '--ipsccp', '--gvn', '--nary-reassociate', '--lower-constant-intrinsics', '--early-cse', '--mem2reg', '--jump-threading', '--globalopt', '--elim-avail-extern', '--instcombine', '--simplifycfg', '--sroa', '--mem2reg', '--gvn-hoist', '--sccp', '--early-cse', '--lower-constant-intrinsics', '--adce', '--gvn-hoist', '--adce', '--lower-constant-intrinsics', '--newgvn', '--simplifycfg', '--lower-expect', '--lower-expect', '--simplifycfg', '--gvn-hoist', '--instcombine', '--globalopt', '--elim-avail-extern', '--gvn', '--gvn', '--ipsccp', '--globalopt', '--nary-reassociate', '--lower-constant-intrinsics', '--loop-instsimplify', '--early-cse', '--mem2reg', '--jump-threading', '--slp-vectorizer', '--instcombine', '--simplifycfg', '--sroa', '--lower-constant-intrinsics', '--early-cse', '--lower-expect', '--sroa', '--lower-expect', '--gvn', '--elim-avail-extern', '--lower-expect']",75,-4.770918605325481,0.0,-1.7961229552730713,0.0,1,-4.770918605325481,-1.7961229552730713,0.0,-69.54314720812182,12.17944035929501,14.705882352941178,34
682,"['--ipsccp', '--speculative-execution', '--sccp', '--early-cse', '--mem2reg', '--jump-threading', '--lower-expect', '--elim-avail-extern', '--instcombine', '--adce', '--jump-threading', '--gvn', '--simplifycfg', '--instsimplify', '--gvn-hoist', '--mergefunc', '--gvn-hoist', '--instcombine', '--globalopt', '--elim-avail-extern', '--indvars', '--gvn', '--gvn', '--ipsccp', '--gvn', '--nary-reassociate', '--lower-constant-intrinsics', '--loop-instsimplify', '--strip', '--mem2reg', '--jump-threading', '--globalopt', '--elim-avail-extern', '--instcombine', '--simplifycfg', '--sroa', '--mem2reg', '--gvn-hoist', '--sccp', '--early-cse', '--lower-constant-intrinsics', '--adce', '--gvn-hoist', '--adce', '--lower-constant-intrinsics', '--newgvn', '--simplifycfg', '--lower-expect', '--simplifycfg', '--gvn-hoist', '--instcombine', '--globalopt', '--elim-avail-extern', '--gvn', '--gvn', '--ipsccp', '--globalopt', '--nary-reassociate', '--lower-constant-intrinsics', '--loop-instsimplify', '--early-cse', '--mem2reg', '--jump-threading', '--slp-vectorizer', '--instcombine', '--simplifycfg', '--sroa', '--lower-constant-intrinsics', '--early-cse', '--lower-expect', '--sroa', '--sroa', '--globalopt', '--gvn', '--elim-avail-extern', '--elim-avail-extern', '--lower-expect']",77,-4.770918605325481,0.0,-1.7961229552730713,0.0,1,-4.770918605325481,-1.7961229552730713,0.0,-69.54314720812182,12.17944035929501,14.705882352941178,34
614,"['--ipsccp', '--speculative-execution', '--sccp', '--early-cse', '--mem2reg', '--jump-threading', '--globalopt', '--elim-avail-extern', '--instcombine', '--adce', '--jump-threading', '--gvn', '--simplifycfg', '--instsimplify', '--gvn-hoist', '--mergefunc', '--gvn-hoist', '--instcombine', '--globalopt', '--elim-avail-extern', '--indvars', '--gvn', '--gvn', '--ipsccp', '--gvn', '--nary-reassociate', '--lower-constant-intrinsics', '--loop-instsimplify', '--strip', '--mem2reg', '--jump-threading', '--globalopt', '--elim-avail-extern', '--instcombine', '--simplifycfg', '--sroa', '--mem2reg', '--gvn-hoist', '--sccp', '--early-cse', '--lower-constant-intrinsics', '--adce', '--gvn-hoist', '--adce', '--lower-constant-intrinsics', '--newgvn', '--simplifycfg', '--lower-expect', '--simplifycfg', '--gvn-hoist', '--instcombine', '--globalopt', '--elim-avail-extern', '--gvn', '--gvn', '--ipsccp', '--gvn', '--nary-reassociate', '--lower-constant-intrinsics', '--loop-instsimplify', '--early-cse', '--mem2reg', '--jump-threading', '--globalopt', '--slp-vectorizer', '--instcombine', '--simplifycfg', '--sroa', '--lower-constant-intrinsics', '--early-cse', '--separate-const-offset-from-gep', '--lower-expect', '--sroa', '--sroa', '--lower-expect', '--globalopt', '--elim-avail-extern', '--gvn']",78,-4.770918605325481,0.0,-1.7961229552730713,0.0,1,-4.770918605325481,-1.7961229552730713,0.0,-69.54314720812182,12.17944035929501,14.705882352941178,34
622,"['--ipsccp', '--speculative-execution', '--sccp', '--early-cse', '--mem2reg', '--jump-threading', '--lower-expect', '--elim-avail-extern', '--instcombine', '--adce', '--jump-threading', '--gvn', '--simplifycfg', '--instsimplify', '--gvn-hoist', '--mergefunc', '--gvn-hoist', '--instcombine', '--globalopt', '--elim-avail-extern', '--indvars', '--gvn', '--gvn', '--ipsccp', '--gvn', '--nary-reassociate', '--lower-constant-intrinsics', '--loop-instsimplify', '--strip', '--mem2reg', '--jump-threading', '--globalopt', '--elim-avail-extern', '--instcombine', '--simplifycfg', '--sroa', '--mem2reg', '--gvn-hoist', '--sccp', '--early-cse', '--lower-constant-intrinsics', '--adce', '--gvn-hoist', '--adce', '--lower-constant-intrinsics', '--newgvn', '--simplifycfg', '--lower-expect', '--simplifycfg', '--gvn-hoist', '--instcombine', '--globalopt', '--elim-avail-extern', '--gvn', '--gvn', '--ipsccp', '--globalopt', '--nary-reassociate', '--lower-constant-intrinsics', '--loop-instsimplify', '--early-cse', '--mem2reg', '--jump-threading', '--slp-vectorizer', '--instcombine', '--simplifycfg', '--sroa', '--lower-constant-intrinsics', '--early-cse', '--lower-expect', '--sroa', '--sroa', '--globalopt', '--gvn', '--elim-avail-extern', '--lower-expect']",76,-4.770918605325481,0.0,-1.7961229552730713,0.0,1,-4.770918605325481,-1.7961229552730713,0.0,-69.54314720812182,12.17944035929501,14.705882352941178,34
650,"['--ipsccp', '--speculative-execution', '--sccp', '--early-cse', '--mem2reg', '--jump-threading', '--globalopt', '--elim-avail-extern', '--instcombine', '--adce', '--jump-threading', '--gvn', '--simplifycfg', '--instsimplify', '--gvn-hoist', '--mergefunc', '--gvn-hoist', '--instcombine', '--globalopt', '--elim-avail-extern', '--indvars', '--gvn', '--gvn', '--ipsccp', '--gvn', '--nary-reassociate', '--loop-instsimplify', '--early-cse', '--mem2reg', '--jump-threading', '--globalopt', '--elim-avail-extern', '--instcombine', '--simplifycfg', '--sroa', '--mem2reg', '--gvn-hoist', '--sccp', '--early-cse', '--lower-constant-intrinsics', '--adce', '--gvn-hoist', '--adce', '--lower-constant-intrinsics', '--newgvn', '--simplifycfg', '--lower-expect', '--lower-expect', '--simplifycfg', '--gvn-hoist', '--instcombine', '--globalopt', '--elim-avail-extern', '--gvn', '--gvn', '--ipsccp', '--globalopt', '--nary-reassociate', '--lower-constant-intrinsics', '--loop-instsimplify', '--early-cse', '--mem2reg', '--jump-threading', '--slp-vectorizer', '--instcombine', '--simplifycfg', '--sroa', '--lower-constant-intrinsics', '--early-cse', '--lower-expect', '--sroa', '--sroa', '--lower-expect', '--gvn', '--elim-avail-extern', '--lower-expect']",76,-4.770918605325481,0.0,-1.7961229552730713,0.0,1,-4.770918605325481,-1.7961229552730713,0.0,-69.54314720812182,12.17944035929501,14.705882352941178,34
651,"['--ipsccp', '--speculative-execution', '--mem2reg', '--sccp', '--early-cse', '--mem2reg', '--jump-threading', '--loop-simplifycfg', '--instcombine', '--instsimplify', '--jump-threading', '--gvn', '--simplifycfg', '--adce', '--gvn-hoist', '--mergefunc', '--gvn-hoist', '--instcombine', '--globalopt', '--gvn', '--gvn', '--ipsccp', '--gvn', '--nary-reassociate', '--lower-constant-intrinsics', '--loop-instsimplify', '--early-cse', '--mem2reg', '--jump-threading', '--globalopt', '--elim-avail-extern', '--instcombine', '--simplifycfg', '--sroa', '--mem2reg', '--gvn-hoist', '--sccp', '--early-cse', '--lower-constant-intrinsics', '--adce', '--gvn-hoist', '--adce', '--lower-constant-intrinsics', '--dse', '--newgvn', '--simplifycfg', '--lower-expect', '--simplifycfg', '--gvn-hoist', '--instcombine', '--globalopt', '--elim-avail-extern', '--gvn', '--gvn', '--ipsccp', '--gvn', '--nary-reassociate', '--lower-constant-intrinsics', '--loop-instsimplify', '--early-cse', '--mem2reg', '--jump-threading', '--slsr', '--globalopt', '--slp-vectorizer', '--instcombine', '--simplifycfg', '--sroa', '--lower-constant-intrinsics', '--early-cse', '--lower-expect', '--sroa', '--sroa', '--lower-expect', '--globalopt', '--elim-avail-extern', '--lower-expect']",77,-4.772483151993532,0.0,-1.9959205078983269,0.0,1,-4.772483151993532,-1.9959205078983269,0.0,-86.29441624365482,15.108368887168458,11.76470588235294,34
605,"['--ipsccp', '--speculative-execution', '--sccp', '--early-cse', '--mem2reg', '--jump-threading', '--globalopt', '--elim-avail-extern', '--instcombine', '--adce', '--jump-threading', '--lower-expect', '--simplifycfg', '--instsimplify', '--gvn-hoist', '--mergefunc', '--gvn-hoist', '--instcombine', '--globalopt', '--elim-avail-extern', '--indvars', '--gvn', '--gvn', '--ipsccp', '--gvn', '--nary-reassociate', '--lower-constant-intrinsics', '--loop-instsimplify', '--strip', '--mem2reg', '--jump-threading', '--globalopt', '--elim-avail-extern', '--instcombine', '--simplifycfg', '--sroa', '--mem2reg', '--gvn-hoist', '--sccp', '--early-cse', '--lower-constant-intrinsics', '--adce', '--gvn-hoist', '--adce', '--lower-constant-intrinsics', '--newgvn', '--simplifycfg', '--lower-expect', '--simplifycfg', '--gvn-hoist', '--instcombine', '--globalopt', '--elim-avail-extern', '--gvn', '--gvn', '--ipsccp', '--globalopt', '--nary-reassociate', '--lower-constant-intrinsics', '--loop-instsimplify', '--early-cse', '--mem2reg', '--jump-threading', '--slp-vectorizer', '--instcombine', '--simplifycfg', '--sroa', '--lower-constant-intrinsics', '--early-cse', '--lower-expect', '--sroa', '--sroa', '--lower-expect', '--gvn', '--elim-avail-extern', '--lower-expect']",76,-4.774079195702939,0.0,-1.7877717048308885,0.0,1,-4.774079195702939,-1.7877717048308885,0.0,-70.05076142131979,12.27368064138595,14.705882352941178,34
593,"['--ipsccp', '--speculative-execution', '--sccp', '--early-cse', '--mem2reg', '--jump-threading', '--globalopt', '--elim-avail-extern', '--instcombine', '--adce', '--jump-threading', '--lower-expect', '--simplifycfg', '--instsimplify', '--gvn-hoist', '--mergefunc', '--gvn-hoist', '--instcombine', '--globalopt', '--elim-avail-extern', '--indvars', '--gvn', '--gvn', '--ipsccp', '--gvn', '--nary-reassociate', '--lower-constant-intrinsics', '--loop-instsimplify', '--strip', '--mem2reg', '--jump-threading', '--globalopt', '--elim-avail-extern', '--instcombine', '--simplifycfg', '--sroa', '--mem2reg', '--gvn-hoist', '--sccp', '--early-cse', '--lower-constant-intrinsics', '--adce', '--gvn-hoist', '--adce', '--lower-constant-intrinsics', '--newgvn', '--simplifycfg', '--lower-expect', '--simplifycfg', '--gvn-hoist', '--instcombine', '--globalopt', '--elim-avail-extern', '--gvn', '--gvn', '--ipsccp', '--gvn', '--nary-reassociate', '--lower-constant-intrinsics', '--loop-instsimplify', '--early-cse', '--mem2reg', '--jump-threading', '--globalopt', '--slp-vectorizer', '--instcombine', '--simplifycfg', '--sroa', '--lower-constant-intrinsics', '--early-cse', '--separate-const-offset-from-gep', '--lower-expect', '--sroa', '--sroa', '--lower-expect', '--globalopt', '--elim-avail-extern', '--gvn']",78,-4.774079195702939,0.0,-1.7877717048308885,0.0,1,-4.774079195702939,-1.7877717048308885,0.0,-70.05076142131979,12.27368064138595,14.705882352941178,34
665,"['--ipsccp', '--speculative-execution', '--sccp', '--early-cse', '--mem2reg', '--jump-threading', '--globalopt', '--elim-avail-extern', '--instcombine', '--adce', '--jump-threading', '--gvn', '--simplifycfg', '--instsimplify', '--gvn-hoist', '--mergefunc', '--gvn-hoist', '--instcombine', '--globalopt', '--elim-avail-extern', '--indvars', '--gvn', '--ipsccp', '--gvn', '--nary-reassociate', '--lower-constant-intrinsics', '--loop-instsimplify', '--strip', '--mem2reg', '--jump-threading', '--globalopt', '--elim-avail-extern', '--simplifycfg', '--simplifycfg', '--sroa', '--mem2reg', '--gvn-hoist', '--sccp', '--early-cse', '--lower-constant-intrinsics', '--adce', '--gvn-hoist', '--adce', '--lower-constant-intrinsics', '--newgvn', '--simplifycfg', '--lower-expect', '--simplifycfg', '--gvn-hoist', '--instcombine', '--globalopt', '--elim-avail-extern', '--gvn', '--gvn', '--ipsccp', '--nary-reassociate', '--lower-constant-intrinsics', '--loop-instsimplify', '--early-cse', '--mem2reg', '--jump-threading', '--slp-vectorizer', '--instcombine', '--simplifycfg', '--sroa', '--lower-constant-intrinsics', '--early-cse', '--lower-expect', '--sroa', '--sroa', '--lower-expect', '--gvn', '--elim-avail-extern', '--lower-expect']",74,-4.776033001204886,0.0,-1.8031257563935195,0.0,1,-4.776033001204886,-1.8031257563935195,0.0,-69.54314720812182,12.178063309685696,14.705882352941178,34
606,"['--ipsccp', '--speculative-execution', '--sccp', '--early-cse', '--mem2reg', '--jump-threading', '--globalopt', '--elim-avail-extern', '--instcombine', '--adce', '--jump-threading', '--gvn', '--simplifycfg', '--instsimplify', '--gvn-hoist', '--mergefunc', '--gvn-hoist', '--instcombine', '--globalopt', '--elim-avail-extern', '--indvars', '--gvn', '--ipsccp', '--gvn', '--nary-reassociate', '--lower-constant-intrinsics', '--loop-instsimplify', '--strip', '--mem2reg', '--jump-threading', '--globalopt', '--elim-avail-extern', '--simplifycfg', '--simplifycfg', '--sroa', '--mem2reg', '--gvn-hoist', '--sccp', '--early-cse', '--lower-constant-intrinsics', '--adce', '--gvn-hoist', '--adce', '--lower-constant-intrinsics', '--newgvn', '--simplifycfg', '--lower-expect', '--simplifycfg', '--gvn-hoist', '--instcombine', '--globalopt', '--elim-avail-extern', '--gvn', '--gvn', '--ipsccp', '--globalopt', '--nary-reassociate', '--lower-constant-intrinsics', '--loop-instsimplify', '--early-cse', '--mem2reg', '--jump-threading', '--slp-vectorizer', '--instcombine', '--simplifycfg', '--sroa', '--lower-constant-intrinsics', '--early-cse', '--lower-expect', '--sroa', '--sroa', '--lower-expect', '--gvn', '--elim-avail-extern', '--lower-expect']",75,-4.776033001204886,0.0,-1.8031257563935195,0.0,1,-4.776033001204886,-1.8031257563935195,0.0,-69.54314720812182,12.178063309685696,14.705882352941178,34
616,"['--ipsccp', '--speculative-execution', '--sccp', '--early-cse', '--mem2reg', '--jump-threading', '--globalopt', '--elim-avail-extern', '--instcombine', '--instsimplify', '--jump-threading', '--gvn', '--simplifycfg', '--adce', '--gvn-hoist', '--mergefunc', '--gvn-hoist', '--instcombine', '--globalopt', '--elim-avail-extern', '--gvn', '--gvn', '--ipsccp', '--gvn', '--nary-reassociate', '--lower-constant-intrinsics', '--loop-instsimplify', '--early-cse', '--mem2reg', '--jump-threading', '--globalopt', '--elim-avail-extern', '--instcombine', '--simplifycfg', '--sroa', '--mem2reg', '--gvn-hoist', '--sccp', '--early-cse', '--lower-constant-intrinsics', '--adce', '--gvn-hoist', '--adce', '--lower-constant-intrinsics', '--dse', '--newgvn', '--simplifycfg', '--lower-expect', '--simplifycfg', '--gvn-hoist', '--instcombine', '--globalopt', '--elim-avail-extern', '--gvn', '--gvn', '--ipsccp', '--gvn', '--loweratomic', '--lower-constant-intrinsics', '--loop-instsimplify', '--early-cse', '--mem2reg', '--jump-threading', '--globalopt', '--slp-vectorizer', '--instcombine', '--simplifycfg', '--sroa', '--lower-constant-intrinsics', '--early-cse', '--lower-expect', '--sroa', '--lower-expect', '--globalopt', '--elim-avail-extern', '--lower-expect']",76,-4.777853205267402,0.0,-2.0034665055965553,0.0,1,-4.777853205267402,-2.0034665055965553,0.0,-86.29441624365482,15.105474437170445,11.76470588235294,34
619,"['--ipsccp', '--speculative-execution', '--mem2reg', '--sccp', '--early-cse', '--mem2reg', '--jump-threading', '--loop-simplifycfg', '--instcombine', '--instsimplify', '--jump-threading', '--gvn', '--simplifycfg', '--adce', '--gvn-hoist', '--mergefunc', '--gvn-hoist', '--instcombine', '--globalopt', '--gvn', '--gvn', '--ipsccp', '--gvn', '--nary-reassociate', '--lower-constant-intrinsics', '--loop-instsimplify', '--early-cse', '--mem2reg', '--jump-threading', '--globalopt', '--elim-avail-extern', '--instcombine', '--sroa', '--mem2reg', '--gvn-hoist', '--sccp', '--early-cse', '--lower-constant-intrinsics', '--adce', '--gvn-hoist', '--adce', '--lower-constant-intrinsics', '--dse', '--newgvn', '--simplifycfg', '--lower-expect', '--simplifycfg', '--gvn-hoist', '--instcombine', '--globalopt', '--elim-avail-extern', '--gvn', '--gvn', '--ipsccp', '--gvn', '--nary-reassociate', '--lower-constant-intrinsics', '--loop-instsimplify', '--early-cse', '--mem2reg', '--jump-threading', '--globalopt', '--slp-vectorizer', '--instcombine', '--simplifycfg', '--sroa', '--lower-constant-intrinsics', '--early-cse', '--lower-expect', '--sroa', '--sroa', '--sroa', '--lower-expect', '--globalopt', '--elim-avail-extern', '--lower-expect']",76,-4.78120154770839,0.0,-2.0079992613709687,0.0,1,-4.78120154770839,-2.0079992613709687,0.0,-86.29441624365482,15.104962193272229,11.76470588235294,34
655,"['--ipsccp', '--speculative-execution', '--mem2reg', '--sccp', '--early-cse', '--mem2reg', '--jump-threading', '--loop-simplifycfg', '--instcombine', '--instsimplify', '--jump-threading', '--gvn', '--simplifycfg', '--adce', '--gvn-hoist', '--mergefunc', '--gvn-hoist', '--instcombine', '--globalopt', '--gvn', '--gvn', '--ipsccp', '--gvn', '--nary-reassociate', '--lower-constant-intrinsics', '--loop-instsimplify', '--early-cse', '--mem2reg', '--jump-threading', '--globalopt', '--elim-avail-extern', '--instcombine', '--simplifycfg', '--sroa', '--mem2reg', '--gvn-hoist', '--sccp', '--early-cse', '--lower-constant-intrinsics', '--adce', '--gvn-hoist', '--adce', '--lower-constant-intrinsics', '--dse', '--newgvn', '--simplifycfg', '--lower-expect', '--simplifycfg', '--gvn-hoist', '--instcombine', '--globalopt', '--elim-avail-extern', '--gvn', '--gvn', '--ipsccp', '--gvn', '--nary-reassociate', '--lower-constant-intrinsics', '--loop-instsimplify', '--early-cse', '--mem2reg', '--jump-threading', '--globalopt', '--slp-vectorizer', '--instcombine', '--simplifycfg', '--sroa', '--lower-constant-intrinsics', '--early-cse', '--lower-expect', '--sroa', '--sroa', '--lower-expect', '--globalopt', '--elim-avail-extern', '--elim-avail-extern', '--lower-expect']",77,-4.78120154770839,0.0,-2.0079992613709687,0.0,1,-4.78120154770839,-2.0079992613709687,0.0,-86.29441624365482,15.104962193272229,11.76470588235294,34
641,"['--ipsccp', '--speculative-execution', '--mem2reg', '--sccp', '--early-cse', '--mem2reg', '--jump-threading', '--loop-simplifycfg', '--elim-avail-extern', '--instcombine', '--instsimplify', '--jump-threading', '--gvn', '--simplifycfg', '--adce', '--gvn-hoist', '--mergefunc', '--gvn-hoist', '--instcombine', '--globalopt', '--gvn', '--gvn', '--ipsccp', '--gvn', '--nary-reassociate', '--lower-constant-intrinsics', '--loop-instsimplify', '--early-cse', '--mem2reg', '--jump-threading', '--globalopt', '--elim-avail-extern', '--instcombine', '--simplifycfg', '--sroa', '--mem2reg', '--gvn-hoist', '--sccp', '--early-cse', '--lower-constant-intrinsics', '--adce', '--gvn-hoist', '--adce', '--lower-constant-intrinsics', '--dse', '--newgvn', '--simplifycfg', '--lower-expect', '--simplifycfg', '--gvn-hoist', '--instcombine', '--globalopt', '--globalopt', '--gvn', '--gvn', '--ipsccp', '--gvn', '--nary-reassociate', '--lower-constant-intrinsics', '--loop-instsimplify', '--early-cse', '--mem2reg', '--jump-threading', '--globalopt', '--slp-vectorizer', '--instcombine', '--simplifycfg', '--sroa', '--lower-constant-intrinsics', '--early-cse', '--lower-expect', '--sroa', '--lower-expect', '--elim-avail-extern', '--elim-avail-extern', '--lower-expect']",76,-4.78120154770839,0.0,-2.0079992613709687,0.0,1,-4.78120154770839,-2.0079992613709687,0.0,-86.29441624365482,15.104962193272229,11.76470588235294,34
585,"['--ipsccp', '--speculative-execution', '--mem2reg', '--sccp', '--early-cse', '--mem2reg', '--jump-threading', '--loop-simplifycfg', '--instcombine', '--instsimplify', '--jump-threading', '--gvn', '--simplifycfg', '--adce', '--gvn-hoist', '--mergefunc', '--gvn-hoist', '--instcombine', '--globalopt', '--gvn', '--gvn', '--ipsccp', '--gvn', '--nary-reassociate', '--lower-constant-intrinsics', '--loop-instsimplify', '--early-cse', '--mem2reg', '--jump-threading', '--globalopt', '--elim-avail-extern', '--instcombine', '--simplifycfg', '--sroa', '--mem2reg', '--gvn-hoist', '--sccp', '--early-cse', '--lower-constant-intrinsics', '--adce', '--gvn-hoist', '--adce', '--lower-constant-intrinsics', '--dse', '--newgvn', '--simplifycfg', '--lower-expect', '--simplifycfg', '--gvn-hoist', '--instcombine', '--globalopt', '--elim-avail-extern', '--gvn', '--gvn', '--ipsccp', '--gvn', '--nary-reassociate', '--lower-constant-intrinsics', '--loop-instsimplify', '--early-cse', '--mem2reg', '--jump-threading', '--globalopt', '--slp-vectorizer', '--instcombine', '--simplifycfg', '--sroa', '--lower-constant-intrinsics', '--early-cse', '--lower-expect', '--sroa', '--sroa', '--lower-expect', '--globalopt', '--elim-avail-extern', '--lower-expect']",76,-4.78120154770839,0.0,-2.0079992613709687,0.0,1,-4.78120154770839,-2.0079992613709687,0.0,-86.29441624365482,15.104962193272229,11.76470588235294,34
1002,"['--ipsccp', '--speculative-execution', '--sccp', '--early-cse', '--mem2reg', '--jump-threading', '--globalopt', '--elim-avail-extern', '--instcombine', '--adce', '--jump-threading', '--gvn', '--simplifycfg', '--instsimplify', '--gvn-hoist', '--mergefunc', '--gvn-hoist', '--instcombine', '--globalopt', '--elim-avail-extern', '--nary-reassociate', '--gvn', '--gvn', '--ipsccp', '--gvn', '--nary-reassociate', '--lower-constant-intrinsics', '--loop-instsimplify', '--strip', '--mem2reg', '--jump-threading', '--globalopt', '--memcpyopt', '--elim-avail-extern', '--simplifycfg', '--sroa', '--mem2reg', '--gvn-hoist', '--sccp', '--early-cse', '--lower-constant-intrinsics', '--adce', '--gvn-hoist', '--adce', '--loop-simplify', '--dse', '--newgvn', '--simplifycfg', '--instcombine', '--globalopt', '--elim-avail-extern', '--gvn', '--gvn', '--ipsccp', '--gvn', '--nary-reassociate', '--lower-constant-intrinsics', '--early-cse', '--mem2reg', '--jump-threading', '--globalopt', '--slp-vectorizer', '--mem2reg', '--jump-threading', '--globalopt', '--slp-vectorizer', '--instcombine', '--simplifycfg', '--sroa', '--lower-constant-intrinsics', '--early-cse', '--lower-expect', '--lower-expect', '--loweratomic', '--elim-avail-extern', '--elim-avail-extern', '--lower-expect', '--slsr']",78,-4.783863622309571,0.0,-2.0114412280597422,0.0,1,-4.783863622309571,-2.0114412280597422,0.0,-86.29441624365482,15.10576818911823,11.76470588235294,34
617,"['--ipsccp', '--speculative-execution', '--sccp', '--early-cse', '--mem2reg', '--jump-threading', '--globalopt', '--elim-avail-extern', '--instcombine', '--instsimplify', '--jump-threading', '--gvn', '--simplifycfg', '--adce', '--gvn-hoist', '--mergefunc', '--gvn-hoist', '--instcombine', '--elim-avail-extern', '--gvn', '--gvn', '--ipsccp', '--gvn', '--nary-reassociate', '--lower-constant-intrinsics', '--loop-instsimplify', '--early-cse', '--mem2reg', '--jump-threading', '--globalopt', '--elim-avail-extern', '--instcombine', '--simplifycfg', '--sroa', '--gvn-hoist', '--sccp', '--early-cse', '--lower-constant-intrinsics', '--adce', '--gvn-hoist', '--adce', '--lower-constant-intrinsics', '--dse', '--newgvn', '--simplifycfg', '--lower-expect', '--simplifycfg', '--gvn-hoist', '--instcombine', '--globalopt', '--elim-avail-extern', '--gvn', '--gvn', '--ipsccp', '--gvn', '--nary-reassociate', '--lower-constant-intrinsics', '--loop-instsimplify', '--early-cse', '--mem2reg', '--jump-threading', '--globalopt', '--slp-vectorizer', '--instcombine', '--simplifycfg', '--sroa', '--lower-constant-intrinsics', '--early-cse', '--lower-expect', '--sroa', '--sroa', '--lower-expect', '--globalopt', '--elim-avail-extern', '--lower-expect']",75,-4.792580718023636,0.0,-2.0235199815323845,0.0,1,-4.792580718023636,-2.0235199815323845,0.0,-86.29441624365482,15.102348495214063,11.76470588235294,34
532,"['--ipsccp', '--speculative-execution', '--sccp', '--early-cse', '--mem2reg', '--jump-threading', '--globalopt', '--elim-avail-extern', '--instcombine', '--instsimplify', '--jump-threading', '--gvn', '--simplifycfg', '--adce', '--gvn-hoist', '--mergefunc', '--gvn-hoist', '--instcombine', '--globalopt', '--elim-avail-extern', '--gvn', '--gvn', '--ipsccp', '--gvn', '--nary-reassociate', '--lower-constant-intrinsics', '--loop-instsimplify', '--early-cse', '--mem2reg', '--jump-threading', '--globalopt', '--elim-avail-extern', '--instcombine', '--simplifycfg', '--sroa', '--mem2reg', '--gvn-hoist', '--sccp', '--early-cse', '--lower-constant-intrinsics', '--adce', '--gvn-hoist', '--adce', '--lower-constant-intrinsics', '--dse', '--newgvn', '--simplifycfg', '--lower-expect', '--simplifycfg', '--gvn-hoist', '--instcombine', '--globalopt', '--elim-avail-extern', '--gvn', '--gvn', '--ipsccp', '--gvn', '--nary-reassociate', '--lower-constant-intrinsics', '--early-cse', '--mem2reg', '--jump-threading', '--globalopt', '--slp-vectorizer', '--instcombine', '--simplifycfg', '--sroa', '--lower-constant-intrinsics', '--early-cse', '--lower-expect', '--sroa', '--sroa', '--lower-expect', '--globalopt', '--elim-avail-extern', '--lower-expect']",76,-4.792580718023636,0.0,-2.0235199815323845,0.0,1,-4.792580718023636,-2.0235199815323845,0.0,-86.29441624365482,15.102348495214063,11.76470588235294,34
523,"['--ipsccp', '--speculative-execution', '--sccp', '--early-cse', '--mem2reg', '--jump-threading', '--globalopt', '--elim-avail-extern', '--instcombine', '--instsimplify', '--jump-threading', '--gvn', '--simplifycfg', '--adce', '--gvn-hoist', '--mergefunc', '--gvn-hoist', '--instcombine', '--elim-avail-extern', '--gvn', '--gvn', '--ipsccp', '--gvn', '--nary-reassociate', '--lower-constant-intrinsics', '--loop-instsimplify', '--early-cse', '--mem2reg', '--jump-threading', '--globalopt', '--elim-avail-extern', '--instcombine', '--simplifycfg', '--sroa', '--mem2reg', '--gvn-hoist', '--sccp', '--early-cse', '--lower-constant-intrinsics', '--adce', '--gvn-hoist', '--adce', '--lower-constant-intrinsics', '--dse', '--newgvn', '--simplifycfg', '--lower-expect', '--simplifycfg', '--gvn-hoist', '--instcombine', '--globalopt', '--elim-avail-extern', '--gvn', '--gvn', '--ipsccp', '--gvn', '--nary-reassociate', '--lower-constant-intrinsics', '--loop-instsimplify', '--early-cse', '--mem2reg', '--jump-threading', '--globalopt', '--slp-vectorizer', '--instcombine', '--simplifycfg', '--sroa', '--lower-constant-intrinsics', '--early-cse', '--lower-expect', '--sroa', '--sroa', '--lower-expect', '--globalopt', '--elim-avail-extern', '--lower-expect']",76,-4.792580718023636,0.0,-2.0235199815323845,0.0,1,-4.792580718023636,-2.0235199815323845,0.0,-86.29441624365482,15.102348495214063,11.76470588235294,34
618,"['--ipsccp', '--speculative-execution', '--sccp', '--early-cse', '--mem2reg', '--jump-threading', '--globalopt', '--elim-avail-extern', '--instcombine', '--instsimplify', '--jump-threading', '--gvn', '--simplifycfg', '--early-cse', '--gvn-hoist', '--mergefunc', '--gvn-hoist', '--instcombine', '--globalopt', '--elim-avail-extern', '--gvn', '--gvn', '--ipsccp', '--gvn', '--nary-reassociate', '--lower-constant-intrinsics', '--loop-instsimplify', '--adce', '--memcpyopt', '--jump-threading', '--globalopt', '--elim-avail-extern', '--instcombine', '--simplifycfg', '--sroa', '--mem2reg', '--gvn-hoist', '--sccp', '--early-cse', '--lower-constant-intrinsics', '--adce', '--gvn-hoist', '--adce', '--lower-constant-intrinsics', '--dse', '--newgvn', '--simplifycfg', '--lower-expect', '--simplifycfg', '--gvn-hoist', '--instcombine', '--globalopt', '--elim-avail-extern', '--gvn', '--gvn', '--ipsccp', '--gvn', '--nary-reassociate', '--lower-constant-intrinsics', '--loop-instsimplify', '--early-cse', '--mem2reg', '--jump-threading', '--globalopt', '--slp-vectorizer', '--instcombine', '--simplifycfg', '--sroa', '--lower-constant-intrinsics', '--early-cse', '--lower-expect', '--sroa', '--lower-expect', '--globalopt', '--elim-avail-extern', '--lower-expect']",76,-4.792580718023636,0.0,-2.0235199815323845,0.0,1,-4.792580718023636,-2.0235199815323845,0.0,-86.29441624365482,15.102348495214063,11.76470588235294,34
635,"['--ipsccp', '--speculative-execution', '--sccp', '--early-cse', '--mem2reg', '--jump-threading', '--globalopt', '--elim-avail-extern', '--instcombine', '--adce', '--jump-threading', '--gvn', '--simplifycfg', '--instsimplify', '--gvn-hoist', '--mergefunc', '--gvn-hoist', '--instcombine', '--globalopt', '--elim-avail-extern', '--gvn', '--gvn', '--ipsccp', '--gvn', '--nary-reassociate', '--lower-constant-intrinsics', '--loop-instsimplify', '--early-cse', '--mem2reg', '--jump-threading', '--globalopt', '--elim-avail-extern', '--instcombine', '--gvn-hoist', '--sroa', '--mem2reg', '--separate-const-offset-from-gep', '--simplifycfg', '--sccp', '--early-cse', '--adce', '--gvn-hoist', '--adce', '--newgvn', '--dse', '--newgvn', '--simplifycfg', '--lower-expect', '--simplifycfg', '--gvn-hoist', '--instcombine', '--globalopt', '--elim-avail-extern', '--gvn', '--gvn', '--ipsccp', '--gvn', '--nary-reassociate', '--lower-constant-intrinsics', '--loop-instsimplify', '--early-cse', '--mem2reg', '--jump-threading', '--globalopt', '--slp-vectorizer', '--instcombine', '--simplifycfg', '--sroa', '--lower-constant-intrinsics', '--early-cse', '--lower-expect', '--sroa', '--sroa', '--lower-expect', '--globalopt', '--elim-avail-extern', '--lower-expect']",77,-4.792580718023636,0.0,-2.0235199815323845,0.0,1,-4.792580718023636,-2.0235199815323845,0.0,-86.29441624365482,15.102348495214063,11.76470588235294,34
636,"['--ipsccp', '--speculative-execution', '--sccp', '--early-cse', '--mem2reg', '--jump-threading', '--globalopt', '--elim-avail-extern', '--instcombine', '--instsimplify', '--jump-threading', '--gvn', '--simplifycfg', '--adce', '--gvn-hoist', '--mergefunc', '--gvn-hoist', '--instcombine', '--globalopt', '--elim-avail-extern', '--gvn', '--gvn', '--ipsccp', '--gvn', '--nary-reassociate', '--lower-constant-intrinsics', '--loop-instsimplify', '--early-cse', '--mem2reg', '--jump-threading', '--globalopt', '--elim-avail-extern', '--instcombine', '--simplifycfg', '--sroa', '--mem2reg', '--gvn-hoist', '--sccp', '--sroa', '--lower-constant-intrinsics', '--adce', '--gvn-hoist', '--adce', '--lower-constant-intrinsics', '--dse', '--newgvn', '--simplifycfg', '--lower-expect', '--simplifycfg', '--gvn-hoist', '--instcombine', '--globalopt', '--elim-avail-extern', '--gvn', '--gvn', '--ipsccp', '--gvn', '--nary-reassociate', '--lower-constant-intrinsics', '--loop-instsimplify', '--early-cse', '--mem2reg', '--jump-threading', '--slp-vectorizer', '--instcombine', '--simplifycfg', '--early-cse', '--lower-constant-intrinsics', '--early-cse', '--lower-expect', '--sroa', '--sroa', '--sroa', '--lower-expect', '--globalopt', '--elim-avail-extern', '--elim-avail-extern', '--lower-expect']",78,-4.792580718023636,0.0,-2.0235199815323845,0.0,1,-4.792580718023636,-2.0235199815323845,0.0,-86.29441624365482,15.102348495214063,11.76470588235294,34
637,"['--ipsccp', '--speculative-execution', '--sccp', '--early-cse', '--mem2reg', '--jump-threading', '--globalopt', '--elim-avail-extern', '--instcombine', '--instsimplify', '--jump-threading', '--gvn', '--simplifycfg', '--adce', '--gvn-hoist', '--mergefunc', '--gvn-hoist', '--instcombine', '--globalopt', '--elim-avail-extern', '--gvn', '--gvn', '--ipsccp', '--gvn', '--nary-reassociate', '--lower-constant-intrinsics', '--loop-instsimplify', '--early-cse', '--memcpyopt', '--jump-threading', '--globalopt', '--elim-avail-extern', '--instcombine', '--simplifycfg', '--sroa', '--mem2reg', '--gvn-hoist', '--sccp', '--early-cse', '--lower-constant-intrinsics', '--adce', '--gvn-hoist', '--adce', '--lower-constant-intrinsics', '--dse', '--newgvn', '--simplifycfg', '--lower-expect', '--simplifycfg', '--gvn-hoist', '--instcombine', '--globalopt', '--elim-avail-extern', '--gvn', '--gvn', '--ipsccp', '--gvn', '--nary-reassociate', '--lower-constant-intrinsics', '--loop-instsimplify', '--early-cse', '--mem2reg', '--jump-threading', '--globalopt', '--slp-vectorizer', '--instcombine', '--simplifycfg', '--sroa', '--lower-constant-intrinsics', '--early-cse', '--separate-const-offset-from-gep', '--lower-expect', '--sroa', '--sroa', '--lower-expect', '--globalopt', '--elim-avail-extern', '--lower-expect']",78,-4.792580718023636,0.0,-2.0235199815323845,0.0,1,-4.792580718023636,-2.0235199815323845,0.0,-86.29441624365482,15.102348495214063,11.76470588235294,34
559,"['--ipsccp', '--speculative-execution', '--sccp', '--early-cse', '--mem2reg', '--jump-threading', '--globalopt', '--elim-avail-extern', '--instcombine', '--adce', '--jump-threading', '--gvn', '--simplifycfg', '--instsimplify', '--gvn-hoist', '--mergefunc', '--gvn-hoist', '--instcombine', '--elim-avail-extern', '--gvn', '--gvn', '--ipsccp', '--gvn', '--nary-reassociate', '--lower-constant-intrinsics', '--loop-instsimplify', '--early-cse', '--mem2reg', '--jump-threading', '--globalopt', '--elim-avail-extern', '--instcombine', '--simplifycfg', '--sroa', '--mem2reg', '--gvn-hoist', '--sccp', '--early-cse', '--lower-constant-intrinsics', '--adce', '--gvn-hoist', '--adce', '--lower-constant-intrinsics', '--dse', '--newgvn', '--simplifycfg', '--lower-expect', '--simplifycfg', '--gvn-hoist', '--instcombine', '--globalopt', '--elim-avail-extern', '--gvn', '--gvn', '--ipsccp', '--gvn', '--nary-reassociate', '--lower-constant-intrinsics', '--loop-instsimplify', '--early-cse', '--mem2reg', '--jump-threading', '--globalopt', '--slp-vectorizer', '--instcombine', '--simplifycfg', '--sroa', '--lower-constant-intrinsics', '--early-cse', '--lower-expect', '--sroa', '--sroa', '--lower-expect', '--globalopt', '--elim-avail-extern', '--lower-expect']",76,-4.792580718023636,0.0,-2.0235199815323845,0.0,1,-4.792580718023636,-2.0235199815323845,0.0,-86.29441624365482,15.102348495214063,11.76470588235294,34
558,"['--ipsccp', '--speculative-execution', '--sccp', '--early-cse', '--mem2reg', '--jump-threading', '--globalopt', '--elim-avail-extern', '--instcombine', '--instsimplify', '--jump-threading', '--gvn', '--simplifycfg', '--adce', '--gvn-hoist', '--mergefunc', '--gvn-hoist', '--instcombine', '--globalopt', '--elim-avail-extern', '--gvn', '--gvn', '--ipsccp', '--gvn', '--nary-reassociate', '--lower-constant-intrinsics', '--loop-instsimplify', '--sccp', '--mem2reg', '--jump-threading', '--globalopt', '--elim-avail-extern', '--instcombine', '--simplifycfg', '--sroa', '--mem2reg', '--gvn-hoist', '--sccp', '--early-cse', '--lower-constant-intrinsics', '--adce', '--gvn-hoist', '--adce', '--lower-constant-intrinsics', '--dse', '--newgvn', '--simplifycfg', '--lower-expect', '--simplifycfg', '--gvn-hoist', '--instcombine', '--globalopt', '--elim-avail-extern', '--gvn', '--gvn', '--ipsccp', '--gvn', '--nary-reassociate', '--lower-constant-intrinsics', '--loop-instsimplify', '--early-cse', '--mem2reg', '--jump-threading', '--slp-vectorizer', '--instcombine', '--simplifycfg', '--sroa', '--lower-constant-intrinsics', '--elim-avail-extern', '--lower-expect', '--sroa', '--sroa', '--lower-expect', '--globalopt', '--early-cse', '--lower-expect']",76,-4.792580718023636,0.0,-2.0235199815323845,0.0,1,-4.792580718023636,-2.0235199815323845,0.0,-86.29441624365482,15.102348495214063,11.76470588235294,34
557,"['--ipsccp', '--speculative-execution', '--sccp', '--early-cse', '--mem2reg', '--jump-threading', '--globalopt', '--elim-avail-extern', '--instcombine', '--instsimplify', '--jump-threading', '--gvn', '--simplifycfg', '--adce', '--gvn-hoist', '--mergefunc', '--gvn-hoist', '--instcombine', '--globalopt', '--elim-avail-extern', '--gvn', '--gvn', '--ipsccp', '--gvn', '--nary-reassociate', '--lower-constant-intrinsics', '--loop-instsimplify', '--early-cse', '--mem2reg', '--jump-threading', '--globalopt', '--elim-avail-extern', '--instcombine', '--simplifycfg', '--sroa', '--mem2reg', '--gvn-hoist', '--sccp', '--early-cse', '--lower-constant-intrinsics', '--adce', '--gvn-hoist', '--adce', '--lower-constant-intrinsics', '--dse', '--newgvn', '--simplifycfg', '--lower-expect', '--simplifycfg', '--gvn-hoist', '--instcombine', '--globalopt', '--elim-avail-extern', '--gvn', '--gvn', '--ipsccp', '--gvn', '--nary-reassociate', '--lower-constant-intrinsics', '--loop-instsimplify', '--early-cse', '--mem2reg', '--jump-threading', '--slp-vectorizer', '--instcombine', '--simplifycfg', '--sroa', '--lower-constant-intrinsics', '--early-cse', '--lower-expect', '--sroa', '--sroa', '--sroa', '--lower-expect', '--globalopt', '--elim-avail-extern', '--lower-expect']",77,-4.792580718023636,0.0,-2.0235199815323845,0.0,1,-4.792580718023636,-2.0235199815323845,0.0,-86.29441624365482,15.102348495214063,11.76470588235294,34
527,"['--ipsccp', '--speculative-execution', '--sccp', '--early-cse', '--mem2reg', '--jump-threading', '--globalopt', '--elim-avail-extern', '--instcombine', '--instsimplify', '--jump-threading', '--gvn', '--simplifycfg', '--adce', '--gvn-hoist', '--mergefunc', '--gvn-hoist', '--instcombine', '--globalopt', '--elim-avail-extern', '--gvn', '--gvn', '--ipsccp', '--gvn', '--nary-reassociate', '--lower-constant-intrinsics', '--loop-instsimplify', '--early-cse', '--mem2reg', '--jump-threading', '--globalopt', '--elim-avail-extern', '--instcombine', '--simplifycfg', '--sroa', '--mem2reg', '--gvn-hoist', '--sccp', '--early-cse', '--lower-constant-intrinsics', '--adce', '--gvn-hoist', '--adce', '--lower-constant-intrinsics', '--dse', '--newgvn', '--simplifycfg', '--lower-expect', '--simplifycfg', '--gvn-hoist', '--instcombine', '--globalopt', '--elim-avail-extern', '--gvn', '--gvn', '--ipsccp', '--gvn', '--nary-reassociate', '--lower-constant-intrinsics', '--loop-instsimplify', '--early-cse', '--mem2reg', '--jump-threading', '--globalopt', '--slp-vectorizer', '--instcombine', '--simplifycfg', '--sroa', '--lower-constant-intrinsics', '--early-cse', '--lower-expect', '--sroa', '--lower-expect', '--globalopt', '--elim-avail-extern', '--lower-expect']",76,-4.792580718023636,0.0,-2.0235199815323845,0.0,1,-4.792580718023636,-2.0235199815323845,0.0,-86.29441624365482,15.102348495214063,11.76470588235294,34
544,"['--ipsccp', '--speculative-execution', '--sccp', '--early-cse', '--mem2reg', '--jump-threading', '--globalopt', '--elim-avail-extern', '--instcombine', '--lower-constant-intrinsics', '--jump-threading', '--gvn', '--simplifycfg', '--adce', '--gvn-hoist', '--mergefunc', '--gvn-hoist', '--instcombine', '--globalopt', '--elim-avail-extern', '--gvn', '--gvn', '--ipsccp', '--gvn', '--nary-reassociate', '--lower-constant-intrinsics', '--loop-instsimplify', '--early-cse', '--mem2reg', '--jump-threading', '--globalopt', '--elim-avail-extern', '--instcombine', '--simplifycfg', '--sroa', '--mem2reg', '--gvn-hoist', '--sccp', '--early-cse', '--lower-constant-intrinsics', '--adce', '--gvn-hoist', '--adce', '--instsimplify', '--dse', '--newgvn', '--simplifycfg', '--lower-expect', '--simplifycfg', '--gvn-hoist', '--instcombine', '--globalopt', '--elim-avail-extern', '--gvn', '--gvn', '--ipsccp', '--gvn', '--nary-reassociate', '--lower-constant-intrinsics', '--loop-instsimplify', '--early-cse', '--mem2reg', '--jump-threading', '--globalopt', '--slp-vectorizer', '--instcombine', '--simplifycfg', '--sroa', '--lower-constant-intrinsics', '--early-cse', '--lower-expect', '--sroa', '--sroa', '--lower-expect', '--globalopt', '--elim-avail-extern', '--lower-expect']",77,-4.792580718023636,0.0,-2.0235199815323845,0.0,1,-4.792580718023636,-2.0235199815323845,0.0,-86.29441624365482,15.102348495214063,11.76470588235294,34
564,"['--ipsccp', '--speculative-execution', '--sccp', '--early-cse', '--mem2reg', '--jump-threading', '--globalopt', '--elim-avail-extern', '--instcombine', '--instsimplify', '--jump-threading', '--gvn', '--simplifycfg', '--adce', '--gvn-hoist', '--mergefunc', '--gvn-hoist', '--instcombine', '--elim-avail-extern', '--gvn', '--gvn', '--ipsccp', '--gvn', '--nary-reassociate', '--lower-constant-intrinsics', '--loop-instsimplify', '--early-cse', '--mem2reg', '--jump-threading', '--globalopt', '--elim-avail-extern', '--instcombine', '--simplifycfg', '--sroa', '--mem2reg', '--gvn-hoist', '--sccp', '--early-cse', '--lower-constant-intrinsics', '--adce', '--gvn-hoist', '--adce', '--lower-constant-intrinsics', '--dse', '--newgvn', '--simplifycfg', '--lower-expect', '--simplifycfg', '--gvn-hoist', '--instcombine', '--globalopt', '--elim-avail-extern', '--gvn', '--gvn', '--ipsccp', '--gvn', '--nary-reassociate', '--lower-constant-intrinsics', '--loop-instsimplify', '--early-cse', '--mem2reg', '--jump-threading', '--globalopt', '--slp-vectorizer', '--instcombine', '--simplifycfg', '--sroa', '--lower-constant-intrinsics', '--lower-constant-intrinsics', '--lower-expect', '--sroa', '--sroa', '--lower-expect', '--globalopt', '--elim-avail-extern', '--lower-expect']",76,-4.792580718023636,0.0,-2.0235199815323845,0.0,1,-4.792580718023636,-2.0235199815323845,0.0,-86.29441624365482,15.102348495214063,11.76470588235294,34
592,"['--ipsccp', '--speculative-execution', '--sccp', '--early-cse', '--mem2reg', '--jump-threading', '--globalopt', '--elim-avail-extern', '--instcombine', '--instsimplify', '--jump-threading', '--gvn', '--simplifycfg', '--adce', '--gvn-hoist', '--mergefunc', '--gvn-hoist', '--instcombine', '--globalopt', '--elim-avail-extern', '--gvn', '--loop-instsimplify', '--ipsccp', '--gvn', '--nary-reassociate', '--lower-constant-intrinsics', '--gvn', '--early-cse', '--mem2reg', '--jump-threading', '--globalopt', '--elim-avail-extern', '--instcombine', '--simplifycfg', '--sroa', '--mem2reg', '--gvn-hoist', '--sccp', '--early-cse', '--lower-constant-intrinsics', '--adce', '--gvn-hoist', '--adce', '--lower-constant-intrinsics', '--dse', '--newgvn', '--simplifycfg', '--lower-expect', '--simplifycfg', '--gvn-hoist', '--instcombine', '--globalopt', '--elim-avail-extern', '--gvn', '--gvn', '--ipsccp', '--gvn', '--nary-reassociate', '--lower-constant-intrinsics', '--loop-instsimplify', '--early-cse', '--mem2reg', '--jump-threading', '--globalopt', '--slp-vectorizer', '--instcombine', '--simplifycfg', '--sroa', '--lower-constant-intrinsics', '--early-cse', '--lower-expect', '--sroa', '--lower-expect', '--globalopt', '--elim-avail-extern', '--lower-expect']",76,-4.792580718023636,0.0,-2.0235199815323845,0.0,1,-4.792580718023636,-2.0235199815323845,0.0,-86.29441624365482,15.102348495214063,11.76470588235294,34
581,"['--ipsccp', '--speculative-execution', '--sccp', '--early-cse', '--mem2reg', '--jump-threading', '--globalopt', '--elim-avail-extern', '--instcombine', '--instsimplify', '--jump-threading', '--gvn', '--simplifycfg', '--adce', '--gvn-hoist', '--mergefunc', '--gvn-hoist', '--instcombine', '--globalopt', '--elim-avail-extern', '--gvn', '--gvn', '--ipsccp', '--gvn', '--nary-reassociate', '--lower-constant-intrinsics', '--loop-instsimplify', '--early-cse', '--memcpyopt', '--jump-threading', '--globalopt', '--elim-avail-extern', '--instcombine', '--simplifycfg', '--sroa', '--mem2reg', '--gvn-hoist', '--sccp', '--early-cse', '--lower-constant-intrinsics', '--adce', '--gvn-hoist', '--adce', '--lower-constant-intrinsics', '--dse', '--newgvn', '--simplifycfg', '--lower-expect', '--simplifycfg', '--gvn-hoist', '--instcombine', '--globalopt', '--elim-avail-extern', '--gvn', '--gvn', '--ipsccp', '--gvn', '--nary-reassociate', '--lower-constant-intrinsics', '--loop-instsimplify', '--early-cse', '--mem2reg', '--jump-threading', '--globalopt', '--slp-vectorizer', '--instcombine', '--simplifycfg', '--sroa', '--lower-constant-intrinsics', '--early-cse', '--lower-expect', '--sroa', '--lower-expect', '--globalopt', '--elim-avail-extern', '--lower-expect']",76,-4.792580718023636,0.0,-2.0235199815323845,0.0,1,-4.792580718023636,-2.0235199815323845,0.0,-86.29441624365482,15.102348495214063,11.76470588235294,34
628,"['--ipsccp', '--speculative-execution', '--sccp', '--early-cse', '--mem2reg', '--jump-threading', '--globalopt', '--elim-avail-extern', '--instcombine', '--adce', '--jump-threading', '--gvn', '--simplifycfg', '--adce', '--gvn-hoist', '--mergefunc', '--gvn-hoist', '--instcombine', '--globalopt', '--elim-avail-extern', '--gvn', '--gvn', '--ipsccp', '--gvn', '--nary-reassociate', '--lower-constant-intrinsics', '--loop-instsimplify', '--early-cse', '--mem2reg', '--jump-threading', '--globalopt', '--elim-avail-extern', '--instcombine', '--simplifycfg', '--sroa', '--mem2reg', '--gvn-hoist', '--sccp', '--early-cse', '--lower-constant-intrinsics', '--adce', '--gvn-hoist', '--adce', '--instsimplify', '--dse', '--newgvn', '--simplifycfg', '--lower-expect', '--simplifycfg', '--gvn-hoist', '--instcombine', '--globalopt', '--elim-avail-extern', '--gvn', '--gvn', '--ipsccp', '--gvn', '--nary-reassociate', '--lower-constant-intrinsics', '--loop-instsimplify', '--early-cse', '--mem2reg', '--jump-threading', '--globalopt', '--slp-vectorizer', '--instcombine', '--simplifycfg', '--sroa', '--lower-constant-intrinsics', '--early-cse', '--lower-expect', '--sroa', '--sroa', '--lower-expect', '--globalopt', '--elim-avail-extern', '--lower-expect']",77,-4.792580718023636,0.0,-2.0235199815323845,0.0,1,-4.792580718023636,-2.0235199815323845,0.0,-86.29441624365482,15.102348495214063,11.76470588235294,34
567,"['--ipsccp', '--speculative-execution', '--sccp', '--early-cse', '--mem2reg', '--jump-threading', '--globalopt', '--instcombine', '--instsimplify', '--jump-threading', '--gvn', '--simplifycfg', '--adce', '--gvn-hoist', '--mergefunc', '--gvn-hoist', '--instcombine', '--globalopt', '--elim-avail-extern', '--gvn', '--gvn', '--ipsccp', '--gvn', '--nary-reassociate', '--lower-constant-intrinsics', '--loop-instsimplify', '--early-cse', '--mem2reg', '--jump-threading', '--globalopt', '--elim-avail-extern', '--instcombine', '--simplifycfg', '--sroa', '--mem2reg', '--gvn-hoist', '--sccp', '--early-cse', '--lower-constant-intrinsics', '--adce', '--gvn-hoist', '--adce', '--lower-constant-intrinsics', '--dse', '--newgvn', '--simplifycfg', '--lower-expect', '--simplifycfg', '--gvn-hoist', '--instcombine', '--globalopt', '--elim-avail-extern', '--gvn', '--gvn', '--ipsccp', '--gvn', '--nary-reassociate', '--lower-constant-intrinsics', '--early-cse', '--mem2reg', '--jump-threading', '--globalopt', '--slp-vectorizer', '--instcombine', '--simplifycfg', '--sroa', '--lower-constant-intrinsics', '--early-cse', '--lower-expect', '--sroa', '--sroa', '--lower-expect', '--globalopt', '--elim-avail-extern', '--lower-expect']",75,-4.792580718023636,0.0,-2.0235199815323845,0.0,1,-4.792580718023636,-2.0235199815323845,0.0,-86.29441624365482,15.102348495214063,11.76470588235294,34
537,"['--ipsccp', '--speculative-execution', '--sccp', '--early-cse', '--mem2reg', '--jump-threading', '--globalopt', '--elim-avail-extern', '--instcombine', '--adce', '--jump-threading', '--gvn', '--simplifycfg', '--instsimplify', '--gvn-hoist', '--mergefunc', '--gvn-hoist', '--instcombine', '--globalopt', '--elim-avail-extern', '--gvn', '--gvn', '--ipsccp', '--gvn', '--nary-reassociate', '--lower-constant-intrinsics', '--loop-instsimplify', '--early-cse', '--mem2reg', '--jump-threading', '--globalopt', '--elim-avail-extern', '--instcombine', '--simplifycfg', '--sroa', '--mem2reg', '--separate-const-offset-from-gep', '--gvn-hoist', '--sccp', '--early-cse', '--adce', '--gvn-hoist', '--adce', '--newgvn', '--dse', '--newgvn', '--simplifycfg', '--lower-expect', '--simplifycfg', '--gvn-hoist', '--instcombine', '--globalopt', '--elim-avail-extern', '--gvn', '--gvn', '--ipsccp', '--gvn', '--nary-reassociate', '--lower-constant-intrinsics', '--loop-instsimplify', '--early-cse', '--mem2reg', '--jump-threading', '--globalopt', '--slp-vectorizer', '--instcombine', '--simplifycfg', '--sroa', '--lower-constant-intrinsics', '--early-cse', '--lower-expect', '--sroa', '--sroa', '--lower-expect', '--globalopt', '--elim-avail-extern', '--lower-expect']",77,-4.792580718023636,0.0,-2.0235199815323845,0.0,1,-4.792580718023636,-2.0235199815323845,0.0,-86.29441624365482,15.102348495214063,11.76470588235294,34
596,"['--ipsccp', '--speculative-execution', '--sccp', '--early-cse', '--mem2reg', '--jump-threading', '--globalopt', '--elim-avail-extern', '--instcombine', '--instsimplify', '--jump-threading', '--gvn', '--simplifycfg', '--adce', '--gvn-hoist', '--mergefunc', '--gvn-hoist', '--instcombine', '--globalopt', '--elim-avail-extern', '--gvn', '--gvn', '--ipsccp', '--gvn', '--nary-reassociate', '--lower-constant-intrinsics', '--loop-instsimplify', '--early-cse', '--mem2reg', '--jump-threading', '--globalopt', '--elim-avail-extern', '--instcombine', '--simplifycfg', '--sroa', '--mem2reg', '--gvn-hoist', '--sccp', '--early-cse', '--lower-constant-intrinsics', '--adce', '--gvn-hoist', '--adce', '--instsimplify', '--dse', '--newgvn', '--simplifycfg', '--lower-expect', '--simplifycfg', '--gvn-hoist', '--instcombine', '--globalopt', '--elim-avail-extern', '--gvn', '--gvn', '--ipsccp', '--gvn', '--nary-reassociate', '--lower-constant-intrinsics', '--loop-instsimplify', '--early-cse', '--mem2reg', '--jump-threading', '--globalopt', '--slp-vectorizer', '--instcombine', '--simplifycfg', '--sroa', '--lower-constant-intrinsics', '--early-cse', '--lower-expect', '--sroa', '--sroa', '--lower-expect', '--globalopt', '--elim-avail-extern', '--lower-expect']",77,-4.792580718023636,0.0,-2.0235199815323845,0.0,1,-4.792580718023636,-2.0235199815323845,0.0,-86.29441624365482,15.102348495214063,11.76470588235294,34
460,"['--ipsccp', '--speculative-execution', '--sccp', '--early-cse', '--mem2reg', '--jump-threading', '--globalopt', '--elim-avail-extern', '--instcombine', '--instsimplify', '--jump-threading', '--gvn', '--simplifycfg', '--adce', '--gvn-hoist', '--mergefunc', '--gvn-hoist', '--instcombine', '--globalopt', '--elim-avail-extern', '--gvn', '--gvn', '--ipsccp', '--gvn', '--nary-reassociate', '--lower-constant-intrinsics', '--loop-instsimplify', '--early-cse', '--mem2reg', '--jump-threading', '--globalopt', '--elim-avail-extern', '--instcombine', '--simplifycfg', '--sroa', '--mem2reg', '--gvn-hoist', '--sccp', '--early-cse', '--lower-constant-intrinsics', '--adce', '--gvn-hoist', '--adce', '--lower-constant-intrinsics', '--dse', '--newgvn', '--simplifycfg', '--lower-expect', '--simplifycfg', '--gvn-hoist', '--instcombine', '--globalopt', '--elim-avail-extern', '--gvn', '--gvn', '--ipsccp', '--gvn', '--nary-reassociate', '--lower-constant-intrinsics', '--loop-instsimplify', '--early-cse', '--mem2reg', '--jump-threading', '--globalopt', '--slp-vectorizer', '--instcombine', '--simplifycfg', '--sroa', '--lower-constant-intrinsics', '--early-cse', '--lower-expect', '--sroa', '--sroa', '--lower-expect', '--globalopt', '--elim-avail-extern', '--lower-expect']",77,-4.792580718023636,0.0,-2.0235199815323845,0.0,1,-4.792580718023636,-2.0235199815323845,0.0,-86.29441624365482,15.102348495214063,11.76470588235294,34
594,"['--ipsccp', '--speculative-execution', '--sccp', '--early-cse', '--mem2reg', '--jump-threading', '--globalopt', '--elim-avail-extern', '--instcombine', '--instsimplify', '--jump-threading', '--gvn', '--simplifycfg', '--gvn-hoist', '--mergefunc', '--gvn-hoist', '--instcombine', '--globalopt', '--elim-avail-extern', '--gvn', '--gvn', '--ipsccp', '--gvn', '--nary-reassociate', '--lower-constant-intrinsics', '--loop-instsimplify', '--early-cse', '--mem2reg', '--jump-threading', '--globalopt', '--elim-avail-extern', '--instcombine', '--simplifycfg', '--sroa', '--mem2reg', '--gvn-hoist', '--sccp', '--early-cse', '--lower-constant-intrinsics', '--adce', '--gvn-hoist', '--adce', '--lower-constant-intrinsics', '--dse', '--newgvn', '--simplifycfg', '--lower-expect', '--simplifycfg', '--gvn-hoist', '--instcombine', '--globalopt', '--elim-avail-extern', '--gvn', '--gvn', '--ipsccp', '--gvn', '--nary-reassociate', '--lower-constant-intrinsics', '--loop-instsimplify', '--early-cse', '--mem2reg', '--jump-threading', '--globalopt', '--slp-vectorizer', '--instcombine', '--simplifycfg', '--sroa', '--lower-constant-intrinsics', '--early-cse', '--lower-expect', '--sroa', '--sroa', '--lower-expect', '--globalopt', '--elim-avail-extern', '--lower-expect']",76,-4.792580718023636,0.0,-2.0235199815323845,0.0,1,-4.792580718023636,-2.0235199815323845,0.0,-86.29441624365482,15.102348495214063,11.76470588235294,34
550,"['--ipsccp', '--speculative-execution', '--sccp', '--early-cse', '--mem2reg', '--jump-threading', '--globalopt', '--elim-avail-extern', '--instcombine', '--instsimplify', '--jump-threading', '--gvn', '--simplifycfg', '--adce', '--gvn-hoist', '--mergefunc', '--gvn-hoist', '--instcombine', '--globalopt', '--elim-avail-extern', '--gvn', '--gvn', '--ipsccp', '--gvn', '--nary-reassociate', '--lower-constant-intrinsics', '--loop-instsimplify', '--early-cse', '--mem2reg', '--jump-threading', '--globalopt', '--elim-avail-extern', '--instcombine', '--simplifycfg', '--sroa', '--mem2reg', '--gvn-hoist', '--sccp', '--early-cse', '--lower-constant-intrinsics', '--adce', '--gvn-hoist', '--adce', '--lower-constant-intrinsics', '--dse', '--newgvn', '--simplifycfg', '--lower-expect', '--simplifycfg', '--gvn-hoist', '--instcombine', '--globalopt', '--elim-avail-extern', '--gvn', '--gvn', '--ipsccp', '--gvn', '--nary-reassociate', '--lower-constant-intrinsics', '--loop-instsimplify', '--early-cse', '--lower-expect', '--mem2reg', '--jump-threading', '--slp-vectorizer', '--instcombine', '--simplifycfg', '--sroa', '--lower-constant-intrinsics', '--early-cse', '--lower-expect', '--sroa', '--sroa', '--lower-expect', '--globalopt', '--elim-avail-extern', '--lower-expect']",77,-4.792580718023636,0.0,-2.0235199815323845,0.0,1,-4.792580718023636,-2.0235199815323845,0.0,-86.29441624365482,15.102348495214063,11.76470588235294,34
509,"['--ipsccp', '--speculative-execution', '--sccp', '--early-cse', '--mem2reg', '--jump-threading', '--globalopt', '--elim-avail-extern', '--instcombine', '--instsimplify', '--jump-threading', '--gvn', '--simplifycfg', '--adce', '--gvn-hoist', '--mergefunc', '--gvn-hoist', '--instcombine', '--globalopt', '--elim-avail-extern', '--gvn', '--gvn', '--ipsccp', '--gvn', '--nary-reassociate', '--lower-constant-intrinsics', '--loop-instsimplify', '--early-cse', '--mem2reg', '--jump-threading', '--globalopt', '--elim-avail-extern', '--instcombine', '--simplifycfg', '--sroa', '--mem2reg', '--gvn-hoist', '--sccp', '--early-cse', '--lower-constant-intrinsics', '--adce', '--gvn-hoist', '--adce', '--lower-constant-intrinsics', '--dse', '--newgvn', '--simplifycfg', '--lower-expect', '--simplifycfg', '--gvn-hoist', '--instcombine', '--globalopt', '--elim-avail-extern', '--gvn', '--gvn', '--ipsccp', '--gvn', '--nary-reassociate', '--lower-constant-intrinsics', '--loop-instsimplify', '--early-cse', '--mem2reg', '--jump-threading', '--slp-vectorizer', '--instcombine', '--simplifycfg', '--sroa', '--lower-constant-intrinsics', '--early-cse', '--lower-expect', '--sroa', '--sroa', '--lower-expect', '--globalopt', '--elim-avail-extern', '--lower-expect']",76,-4.792580718023636,0.0,-2.0235199815323845,0.0,1,-4.792580718023636,-2.0235199815323845,0.0,-86.29441624365482,15.102348495214063,11.76470588235294,34
965,"['--ipsccp', '--speculative-execution', '--sccp', '--early-cse', '--mem2reg', '--jump-threading', '--globalopt', '--elim-avail-extern', '--instcombine', '--adce', '--jump-threading', '--gvn', '--simplifycfg', '--instsimplify', '--gvn-hoist', '--mergefunc', '--gvn-hoist', '--jump-threading', '--globalopt', '--elim-avail-extern', '--lower-expect', '--gvn', '--gvn', '--ipsccp', '--gvn', '--nary-reassociate', '--loop-instsimplify', '--early-cse', '--mem2reg', '--instcombine', '--globalopt', '--elim-avail-extern', '--instcombine', '--simplifycfg', '--sroa', '--mem2reg', '--gvn-hoist', '--sccp', '--early-cse', '--lower-constant-intrinsics', '--adce', '--gvn-hoist', '--adce', '--loop-simplify', '--dse', '--newgvn', '--simplifycfg', '--newgvn', '--simplifycfg', '--indvars', '--simplifycfg', '--gvn-hoist', '--instcombine', '--globalopt', '--elim-avail-extern', '--ipsccp', '--gvn', '--ipsccp', '--gvn', '--nary-reassociate', '--lower-constant-intrinsics', '--loop-instsimplify', '--instcombine', '--simplifycfg', '--sroa', '--lower-constant-intrinsics', '--early-cse', '--jump-threading', '--sroa', '--sroa', '--lower-expect', '--globalopt', '--elim-avail-extern', '--elim-avail-extern', '--elim-avail-extern', '--lower-expect', '--slsr']",77,-4.793575017150553,0.0,-2.3452841478364688,0.0,1,-4.793575017150553,-2.3452841478364688,0.0,-69.03553299492386,12.6990602392026,11.76470588235294,34
737,"['--ipsccp', '--speculative-execution', '--sccp', '--early-cse', '--mem2reg', '--jump-threading', '--globalopt', '--elim-avail-extern', '--instcombine', '--adce', '--jump-threading', '--gvn', '--ipconstprop', '--instsimplify', '--gvn-hoist', '--mergefunc', '--gvn-hoist', '--instcombine', '--globalopt', '--elim-avail-extern', '--indvars', '--gvn', '--lower-expect', '--ipsccp', '--gvn-hoist', '--nary-reassociate', '--lower-constant-intrinsics', '--loop-instsimplify', '--strip', '--mem2reg', '--jump-threading', '--globalopt', '--elim-avail-extern', '--instcombine', '--simplifycfg', '--sroa', '--mem2reg', '--gvn-hoist', '--sccp', '--early-cse', '--lower-constant-intrinsics', '--adce', '--gvn', '--aggressive-instcombine', '--lower-constant-intrinsics', '--dse', '--newgvn', '--simplifycfg', '--lower-expect', '--simplifycfg', '--gvn-hoist', '--instcombine', '--globalopt', '--elim-avail-extern', '--gvn', '--gvn', '--ipsccp', '--gvn', '--nary-reassociate', '--lower-constant-intrinsics', '--loop-instsimplify', '--early-cse', '--jump-threading', '--slsr', '--globalopt', '--slp-vectorizer', '--instcombine', '--simplifycfg', '--sroa', '--lower-constant-intrinsics', '--early-cse', '--lower-expect', '--sroa', '--sroa', '--lower-expect', '--globalopt', '--elim-avail-extern', '--lower-expect']",78,-4.8053477386567325,0.0,-2.188476168509471,0.0,1,-4.8053477386567325,-2.188476168509471,0.5008908414855473,-69.54314720812182,13.99284729921688,11.76470588235294,34
1234,"['--ipsccp', '--speculative-execution', '--sccp', '--early-cse', '--mem2reg', '--jump-threading', '--globalopt', '--elim-avail-extern', '--instcombine', '--adce', '--jump-threading', '--gvn', '--simplifycfg', '--instsimplify', '--inline', '--gvn-hoist', '--mergefunc', '--gvn-hoist', '--instcombine', '--globalopt', '--elim-avail-extern', '--indvars', '--gvn', '--gvn', '--ipsccp', '--gvn', '--nary-reassociate', '--loop-instsimplify', '--early-cse', '--mem2reg', '--jump-threading', '--globalopt', '--elim-avail-extern', '--instcombine', '--simplifycfg', '--sroa', '--mem2reg', '--gvn-hoist', '--sccp', '--early-cse', '--lower-constant-intrinsics', '--adce', '--gvn-hoist', '--adce', '--loop-simplify', '--dse', '--loop-sink', '--simplifycfg', '--lower-expect', '--simplifycfg', '--gvn-hoist', '--instcombine', '--globalopt', '--aggressive-instcombine', '--gvn', '--gvn', '--ipsccp', '--gvn', '--lower-constant-intrinsics', '--loop-instsimplify', '--early-cse', '--mem2reg', '--jump-threading', '--globalopt', '--slp-vectorizer', '--instcombine', '--simplifycfg', '--sroa', '--lower-constant-intrinsics', '--early-cse', '--lower-expect', '--lower-expect', '--loweratomic', '--reassociate', '--elim-avail-extern', '--elim-avail-extern', '--lower-expect', '--slsr']",78,-4.813217390342442,0.0,-1.2557515344815562,0.0,1,-4.813217390342442,-1.2557515344815562,0.33965251356555703,-68.52791878172589,12.243449159518628,17.647058823529413,34
1057,"['--ipsccp', '--speculative-execution', '--sccp', '--early-cse', '--mem2reg', '--jump-threading', '--globalopt', '--elim-avail-extern', '--instcombine', '--adce', '--jump-threading', '--gvn', '--simplifycfg', '--instsimplify', '--gvn-hoist', '--mergefunc', '--gvn-hoist', '--instcombine', '--globalopt', '--elim-avail-extern', '--indvars', '--gvn', '--gvn', '--ipsccp', '--gvn', '--nary-reassociate', '--lower-constant-intrinsics', '--loop-instsimplify', '--strip', '--mem2reg', '--jump-threading', '--globalopt', '--memcpyopt', '--elim-avail-extern', '--simplifycfg', '--sroa', '--mem2reg', '--gvn-hoist', '--sccp', '--early-cse', '--lower-constant-intrinsics', '--adce', '--gvn-hoist', '--adce', '--loop-simplify', '--dse', '--simplifycfg', '--newgvn', '--simplifycfg', '--indvars', '--simplifycfg', '--gvn-hoist', '--instcombine', '--ipsccp', '--gvn', '--early-cse', '--lower-constant-intrinsics', '--early-cse', '--mem2reg', '--jump-threading', '--globalopt', '--slp-vectorizer', '--functionattrs', '--simplifycfg', '--sroa', '--nary-reassociate', '--lower-expect', '--sroa', '--sroa', '--lower-expect', '--globalopt', '--elim-avail-extern', '--aggressive-instcombine']",73,-4.835846805953823,0.0,-1.9048768728977516,0.0,1,-4.835846805953823,-1.9048768728977516,0.43655874448557375,-68.02030456852792,12.013067983393329,14.705882352941178,34
706,"['--ipsccp', '--speculative-execution', '--sccp', '--early-cse', '--mem2reg', '--jump-threading', '--globalopt', '--elim-avail-extern', '--instcombine', '--adce', '--jump-threading', '--gvn', '--simplifycfg', '--instsimplify', '--gvn-hoist', '--mergefunc', '--gvn-hoist', '--instcombine', '--globalopt', '--elim-avail-extern', '--indvars', '--gvn', '--gvn', '--ipsccp', '--gvn', '--nary-reassociate', '--lower-constant-intrinsics', '--loop-instsimplify', '--strip', '--mem2reg', '--elim-avail-extern', '--instcombine', '--simplifycfg', '--sroa', '--mem2reg', '--gvn-hoist', '--sccp', '--early-cse', '--lower-constant-intrinsics', '--adce', '--gvn-hoist', '--adce', '--licm', '--lower-constant-intrinsics', '--dse', '--newgvn', '--simplifycfg', '--lower-expect', '--simplifycfg', '--gvn-hoist', '--instcombine', '--globalopt', '--elim-avail-extern', '--gvn', '--gvn', '--ipsccp', '--gvn', '--nary-reassociate', '--lower-constant-intrinsics', '--loop-instsimplify', '--early-cse', '--mem2reg', '--jump-threading', '--globalopt', '--instcombine', '--simplifycfg', '--sroa', '--lower-constant-intrinsics', '--early-cse', '--lower-expect', '--sroa', '--sroa', '--lower-expect', '--globalopt', '--elim-avail-extern', '--lower-expect']",76,-4.841070332332635,0.0,-2.3887376788295103,0.0,1,-4.841070332332635,-2.3887376788295103,0.0,-70.05076142131979,12.848111908575621,11.76470588235294,34
1295,"['--ipsccp', '--speculative-execution', '--sccp', '--early-cse', '--loweratomic', '--jump-threading', '--globalopt', '--elim-avail-extern', '--instcombine', '--adce', '--jump-threading', '--gvn', '--simplifycfg', '--loop-unroll-and-jam', '--instsimplify', '--inline', '--gvn-hoist', '--mergefunc', '--gvn-hoist', '--instcombine', '--globalopt', '--elim-avail-extern', '--indvars', '--gvn', '--gvn', '--ipsccp', '--gvn', '--nary-reassociate', '--loop-instsimplify', '--early-cse', '--mem2reg', '--jump-threading', '--globalopt', '--instcombine', '--simplifycfg', '--sroa', '--gvn-hoist', '--sccp', '--sccp', '--early-cse', '--lower-constant-intrinsics', '--adce', '--gvn-hoist', '--adce', '--loop-simplify', '--dse', '--newgvn', '--simplifycfg', '--newgvn', '--simplifycfg', '--indvars', '--simplifycfg', '--gvn-hoist', '--instcombine', '--gvn', '--ipsccp', '--gvn', '--lower-constant-intrinsics', '--loop-instsimplify', '--early-cse', '--mem2reg', '--jump-threading', '--globalopt', '--slp-vectorizer', '--instcombine', '--simplifycfg', '--sroa', '--lower-constant-intrinsics', '--early-cse', '--lower-expect', '--lower-expect', '--mem2reg', '--elim-avail-extern', '--elim-avail-extern', '--elim-avail-extern', '--lower-expect', '--slsr']",77,-4.848121077888896,0.0,-2.3075073954803047,0.0,1,-4.848121077888896,-2.3075073954803047,0.0,-67.51269035532995,13.527846489257264,11.76470588235294,34
1083,"['--ipsccp', '--speculative-execution', '--sccp', '--early-cse', '--mem2reg', '--jump-threading', '--globalopt', '--elim-avail-extern', '--instcombine', '--adce', '--jump-threading', '--gvn', '--simplifycfg', '--instsimplify', '--inline', '--gvn-hoist', '--mergefunc', '--gvn-hoist', '--instcombine', '--globalopt', '--elim-avail-extern', '--indvars', '--gvn', '--gvn', '--ipsccp', '--gvn', '--nary-reassociate', '--loop-instsimplify', '--early-cse', '--mem2reg', '--jump-threading', '--globalopt', '--instcombine', '--simplifycfg', '--sroa', '--gvn-hoist', '--sccp', '--early-cse', '--lower-constant-intrinsics', '--globalopt', '--gvn-hoist', '--adce', '--lower-constant-intrinsics', '--dse', '--newgvn', '--simplifycfg', '--lower-expect', '--simplifycfg', '--gvn-hoist', '--instcombine', '--globalopt', '--globalopt', '--early-cse-memssa', '--elim-avail-extern', '--gvn', '--gvn', '--gvn', '--ipsccp', '--gvn', '--lower-constant-intrinsics', '--loop-instsimplify', '--early-cse', '--mem2reg', '--jump-threading', '--globalopt', '--slp-vectorizer', '--globalopt', '--simplifycfg', '--sroa', '--lower-constant-intrinsics', '--early-cse', '--lower-expect', '--lower-expect', '--loweratomic', '--elim-avail-extern', '--elim-avail-extern', '--lower-expect', '--slsr']",78,-4.850763067336922,0.0,-1.9265568305689769,0.0,1,-4.850763067336922,-1.9265568305689769,0.0,-68.52791878172589,11.999630914690133,14.705882352941178,34
702,"['--ipsccp', '--speculative-execution', '--mem2reg', '--sccp', '--early-cse', '--mem2reg', '--jump-threading', '--loop-simplifycfg', '--simplifycfg', '--instsimplify', '--jump-threading', '--gvn', '--simplifycfg', '--adce', '--gvn-hoist', '--mergefunc', '--gvn-hoist', '--instcombine', '--globalopt', '--gvn', '--gvn', '--ipsccp', '--gvn', '--nary-reassociate', '--lower-constant-intrinsics', '--loop-instsimplify', '--early-cse', '--mem2reg', '--jump-threading', '--globalopt', '--elim-avail-extern', '--instcombine', '--simplifycfg', '--sroa', '--mem2reg', '--gvn-hoist', '--sccp', '--early-cse', '--lower-constant-intrinsics', '--adce', '--gvn-hoist', '--adce', '--lower-constant-intrinsics', '--dse', '--newgvn', '--instcombine', '--lower-expect', '--simplifycfg', '--gvn-hoist', '--instcombine', '--globalopt', '--elim-avail-extern', '--gvn', '--gvn', '--ipsccp', '--gvn', '--nary-reassociate', '--lower-constant-intrinsics', '--loop-instsimplify', '--early-cse', '--mem2reg', '--mem2reg', '--jump-threading', '--slp-vectorizer', '--instcombine', '--simplifycfg', '--sroa', '--lower-constant-intrinsics', '--early-cse', '--lower-expect', '--sroa', '--sroa', '--lower-expect', '--globalopt', '--elim-avail-extern', '--lower-expect']",76,-4.854111346350029,0.0,-2.097119829686357,0.0,1,-4.854111346350029,-2.097119829686357,0.0,-86.29441624365482,15.165655917323205,11.76470588235294,34
1096,"['--ipsccp', '--speculative-execution', '--sccp', '--early-cse', '--mem2reg', '--jump-threading', '--globalopt', '--elim-avail-extern', '--instcombine', '--adce', '--jump-threading', '--gvn', '--simplifycfg', '--instsimplify', '--gvn-hoist', '--mergefunc', '--gvn-hoist', '--instcombine', '--globalopt', '--elim-avail-extern', '--indvars', '--gvn', '--gvn', '--ipsccp', '--gvn', '--nary-reassociate', '--loop-instsimplify', '--early-cse', '--mem2reg', '--jump-threading', '--globalopt', '--elim-avail-extern', '--instcombine', '--simplifycfg', '--sroa', '--mem2reg', '--loop-rotate', '--sccp', '--early-cse', '--slsr', '--adce', '--gvn-hoist', '--adce', '--lower-constant-intrinsics', '--dse', '--newgvn', '--lower-expect', '--gvn-hoist', '--instcombine', '--globalopt', '--elim-avail-extern', '--gvn', '--gvn', '--ipsccp', '--nary-reassociate', '--lower-constant-intrinsics', '--early-cse', '--mem2reg', '--jump-threading', '--globalopt', '--slp-vectorizer', '--instcombine', '--simplifycfg', '--sroa', '--early-cse', '--lower-expect', '--sroa', '--sroa', '--lower-expect', '--globalopt', '--elim-avail-extern', '--aggressive-instcombine']",72,-4.855034116455398,0.0,-1.7200773076571334,0.0,1,-4.855034116455398,-1.7200773076571334,0.43655874448557375,-76.6497461928934,13.59093782771371,14.705882352941178,34
662,"['--ipsccp', '--speculative-execution', '--sccp', '--early-cse', '--mem2reg', '--jump-threading', '--globalopt', '--elim-avail-extern', '--instcombine', '--adce', '--jump-threading', '--gvn', '--simplifycfg', '--instsimplify', '--gvn-hoist', '--mergefunc', '--gvn-hoist', '--instcombine', '--globalopt', '--elim-avail-extern', '--indvars', '--gvn', '--partially-inline-libcalls', '--ipsccp', '--gvn', '--nary-reassociate', '--lower-constant-intrinsics', '--loop-instsimplify', '--strip', '--mem2reg', '--jump-threading', '--globalopt', '--elim-avail-extern', '--instcombine', '--simplifycfg', '--sroa', '--mem2reg', '--gvn-hoist', '--sccp', '--early-cse', '--lower-constant-intrinsics', '--adce', '--gvn-hoist', '--inline', '--lower-constant-intrinsics', '--newgvn', '--simplifycfg', '--lower-expect', '--simplifycfg', '--gvn-hoist', '--instcombine', '--globalopt', '--elim-avail-extern', '--gvn', '--gvn', '--ipsccp', '--gvn', '--nary-reassociate', '--lower-constant-intrinsics', '--early-cse', '--mem2reg', '--jump-threading', '--globalopt', '--slp-vectorizer', '--instcombine', '--simplifycfg', '--sroa', '--lower-constant-intrinsics', '--early-cse', '--lower-expect', '--sroa', '--sroa', '--lower-expect', '--globalopt', '--elim-avail-extern', '--lower-expect']",76,-4.877121095317612,0.0,-1.9913313701719688,0.0,1,-4.877121095317612,-1.9913313701719688,0.0,-68.52791878172589,11.77740214747459,14.705882352941178,34
634,"['--ipsccp', '--speculative-execution', '--sccp', '--early-cse', '--mem2reg', '--jump-threading', '--globalopt', '--elim-avail-extern', '--instcombine', '--adce', '--jump-threading', '--gvn', '--simplifycfg', '--instsimplify', '--gvn-hoist', '--mergefunc', '--gvn-hoist', '--instcombine', '--globalopt', '--elim-avail-extern', '--indvars', '--gvn', '--gvn', '--ipsccp', '--scalarizer', '--nary-reassociate', '--lower-constant-intrinsics', '--loop-instsimplify', '--strip', '--mem2reg', '--jump-threading', '--globalopt', '--elim-avail-extern', '--instcombine', '--sroa', '--mem2reg', '--gvn-hoist', '--sccp', '--early-cse', '--lower-constant-intrinsics', '--adce', '--gvn-hoist', '--adce', '--loop-simplify', '--dse', '--newgvn', '--simplifycfg', '--lower-expect', '--simplifycfg', '--gvn-hoist', '--instcombine', '--globalopt', '--elim-avail-extern', '--gvn', '--gvn', '--ipsccp', '--gvn', '--nary-reassociate', '--lower-constant-intrinsics', '--loop-instsimplify', '--early-cse', '--mem2reg', '--jump-threading', '--slp-vectorizer', '--instcombine', '--simplifycfg', '--sroa', '--lower-constant-intrinsics', '--early-cse', '--lower-expect', '--sroa', '--sroa', '--lower-expect', '--globalopt', '--elim-avail-extern', '--lower-expect']",76,-4.927395651336823,0.0,-1.8967172616163135,0.0,1,-4.927395651336823,-1.8967172616163135,0.0,-69.54314720812182,12.989753521834118,14.705882352941178,34
868,"['--ipsccp', '--speculative-execution', '--sccp', '--early-cse', '--mem2reg', '--jump-threading', '--globalopt', '--elim-avail-extern', '--instcombine', '--adce', '--jump-threading', '--gvn', '--inferattrs', '--instsimplify', '--gvn-hoist', '--mergefunc', '--gvn-hoist', '--instcombine', '--globalopt', '--elim-avail-extern', '--indvars', '--gvn', '--gvn', '--ipsccp', '--gvn', '--nary-reassociate', '--lower-constant-intrinsics', '--loop-instsimplify', '--strip', '--mem2reg', '--jump-threading', '--globalopt', '--memcpyopt', '--elim-avail-extern', '--simplifycfg', '--sroa', '--mem2reg', '--gvn-hoist', '--sccp', '--early-cse', '--lower-constant-intrinsics', '--adce', '--gvn-hoist', '--adce', '--loop-simplify', '--dse', '--loop-sink', '--newgvn', '--simplifycfg', '--lower-expect', '--simplifycfg', '--gvn-hoist', '--instcombine', '--globalopt', '--elim-avail-extern', '--gvn', '--gvn', '--ipsccp', '--gvn', '--lower-constant-intrinsics', '--loop-instsimplify', '--early-cse', '--mem2reg', '--jump-threading', '--globalopt', '--slp-vectorizer', '--instcombine', '--simplifycfg', '--sroa', '--lower-constant-intrinsics', '--early-cse', '--lower-expect', '--lower-expect', '--lower-expect', '--elim-avail-extern', '--elim-avail-extern', '--lower-expect', '--slsr']",78,-4.94313391732424,0.0,-2.3773459993563764,0.0,1,-4.94313391732424,-2.3773459993563764,0.0,-69.54314720812182,13.954185354540169,11.76470588235294,34
876,"['--ipsccp', '--speculative-execution', '--sccp', '--early-cse', '--mem2reg', '--jump-threading', '--globalopt', '--elim-avail-extern', '--gvn-hoist', '--instcombine', '--adce', '--jump-threading', '--gvn', '--simplifycfg', '--instsimplify', '--gvn-hoist', '--mergefunc', '--gvn-hoist', '--instcombine', '--globalopt', '--elim-avail-extern', '--indvars', '--gvn', '--gvn', '--ipsccp', '--gvn', '--nary-reassociate', '--lower-constant-intrinsics', '--loop-instsimplify', '--strip', '--mem2reg', '--jump-threading', '--globalopt', '--memcpyopt', '--elim-avail-extern', '--simplifycfg', '--sroa', '--mem2reg', '--gvn-hoist', '--sccp', '--early-cse', '--lower-constant-intrinsics', '--adce', '--gvn-hoist', '--adce', '--loop-simplify', '--dse', '--loop-sink', '--newgvn', '--simplifycfg', '--lower-expect', '--simplifycfg', '--gvn-hoist', '--instcombine', '--globalopt', '--elim-avail-extern', '--gvn', '--gvn', '--ipsccp', '--gvn', '--nary-reassociate', '--early-cse', '--jump-threading', '--slsr', '--globalopt', '--slp-vectorizer', '--instcombine', '--simplifycfg', '--sroa', '--lower-constant-intrinsics', '--early-cse', '--lower-expect', '--sroa', '--sroa', '--lower-expect', '--globalopt', '--elim-avail-extern', '--lower-expect']",78,-4.94313391732424,0.0,-2.3773459993563764,0.0,1,-4.94313391732424,-2.3773459993563764,0.0,-69.54314720812182,13.954185354540169,11.76470588235294,34
620,"['--ipsccp', '--speculative-execution', '--sccp', '--early-cse', '--mem2reg', '--jump-threading', '--globalopt', '--gvn-hoist', '--instcombine', '--adce', '--jump-threading', '--gvn', '--simplifycfg', '--instsimplify', '--elim-avail-extern', '--mergefunc', '--gvn-hoist', '--instcombine', '--globalopt', '--elim-avail-extern', '--indvars', '--gvn', '--gvn', '--ipsccp', '--gvn', '--nary-reassociate', '--lower-constant-intrinsics', '--loop-instsimplify', '--strip', '--mem2reg', '--jump-threading', '--globalopt', '--elim-avail-extern', '--simplifycfg', '--sroa', '--mem2reg', '--gvn-hoist', '--sccp', '--early-cse', '--lower-constant-intrinsics', '--adce', '--gvn-hoist', '--adce', '--loop-simplify', '--dse', '--newgvn', '--simplifycfg', '--lower-expect', '--simplifycfg', '--gvn-hoist', '--instcombine', '--globalopt', '--elim-avail-extern', '--gvn', '--gvn', '--ipsccp', '--gvn', '--nary-reassociate', '--lower-constant-intrinsics', '--loop-instsimplify', '--early-cse', '--mem2reg', '--jump-threading', '--slp-vectorizer', '--instcombine', '--simplifycfg', '--sroa', '--lower-constant-intrinsics', '--early-cse', '--lower-expect', '--sroa', '--sroa', '--lower-expect', '--globalopt', '--elim-avail-extern', '--lower-expect']",76,-4.951791102966051,0.0,-2.3894247528290187,0.0,1,-4.951791102966051,-2.3894247528290187,0.0,-69.54314720812182,13.950166559913459,11.76470588235294,34
1051,"['--ipsccp', '--speculative-execution', '--sccp', '--early-cse', '--mem2reg', '--jump-threading', '--globalopt', '--elim-avail-extern', '--instcombine', '--adce', '--jump-threading', '--gvn', '--simplifycfg', '--mem2reg', '--instsimplify', '--gvn-hoist', '--mergefunc', '--gvn-hoist', '--instcombine', '--globalopt', '--instcombine', '--indvars', '--gvn', '--gvn', '--ipsccp', '--gvn', '--nary-reassociate', '--loop-instsimplify', '--early-cse', '--mem2reg', '--jump-threading', '--globalopt', '--elim-avail-extern', '--instcombine', '--simplifycfg', '--sroa', '--mem2reg', '--gvn-hoist', '--sccp', '--early-cse', '--lower-constant-intrinsics', '--adce', '--gvn-hoist', '--adce', '--lower-constant-intrinsics', '--dse', '--newgvn', '--lower-expect', '--gvn-hoist', '--simplifycfg', '--gvn-hoist', '--instcombine', '--globalopt', '--elim-avail-extern', '--gvn', '--instsimplify', '--gvn', '--ipsccp', '--gvn', '--nary-reassociate', '--lower-constant-intrinsics', '--loop-instsimplify', '--early-cse', '--jump-threading', '--slsr', '--globalopt', '--slp-vectorizer', '--sccp', '--elim-avail-extern', '--simplifycfg', '--sroa', '--lower-constant-intrinsics', '--early-cse', '--lower-expect', '--sroa', '--sroa', '--lower-expect', '--globalopt', '--elim-avail-extern', '--lower-expect']",80,-4.95538147598117,0.0,-2.0403641788380917,0.0,1,-4.95538147598117,-2.0403641788380917,0.0,-69.54314720812182,12.192259889114245,14.705882352941178,34
667,"['--ipsccp', '--speculative-execution', '--sccp', '--early-cse', '--mem2reg', '--jump-threading', '--globalopt', '--elim-avail-extern', '--instcombine', '--instsimplify', '--jump-threading', '--gvn', '--simplifycfg', '--instsimplify', '--gvn-hoist', '--mergefunc', '--gvn-hoist', '--instcombine', '--globalopt', '--elim-avail-extern', '--indvars', '--gvn', '--gvn', '--ipsccp', '--gvn', '--nary-reassociate', '--lower-constant-intrinsics', '--loop-instsimplify', '--strip', '--mem2reg', '--jump-threading', '--globalopt', '--elim-avail-extern', '--simplifycfg', '--sroa', '--mem2reg', '--gvn-hoist', '--sccp', '--early-cse', '--lower-constant-intrinsics', '--adce', '--gvn-hoist', '--adce', '--loop-simplify', '--dse', '--nary-reassociate', '--newgvn', '--simplifycfg', '--lower-expect', '--simplifycfg', '--gvn-hoist', '--instcombine', '--globalopt', '--elim-avail-extern', '--gvn', '--gvn', '--ipsccp', '--gvn', '--nary-reassociate', '--lower-constant-intrinsics', '--loop-instsimplify', '--early-cse', '--mem2reg', '--instcombine', '--slp-vectorizer', '--jump-threading', '--simplifycfg', '--sroa', '--lower-constant-intrinsics', '--early-cse', '--lower-expect', '--sroa', '--sroa', '--lower-expect', '--globalopt', '--elim-avail-extern', '--lower-expect']",77,-4.969113724886817,0.0,-2.0594457334311813,0.0,1,-4.969113724886817,-2.0594457334311813,0.0,-69.54314720812182,12.186470718722545,14.705882352941178,34
918,"['--ipsccp', '--speculative-execution', '--sccp', '--early-cse', '--mem2reg', '--jump-threading', '--globalopt', '--elim-avail-extern', '--instcombine', '--adce', '--jump-threading', '--gvn', '--instsimplify', '--gvn-hoist', '--mergefunc', '--gvn-hoist', '--instcombine', '--globalopt', '--elim-avail-extern', '--indvars', '--gvn', '--gvn', '--ipsccp', '--gvn', '--nary-reassociate', '--loop-instsimplify', '--early-cse', '--mem2reg', '--jump-threading', '--globalopt', '--elim-avail-extern', '--instcombine', '--simplifycfg', '--sroa', '--mem2reg', '--gvn-hoist', '--sccp', '--early-cse', '--lower-constant-intrinsics', '--adce', '--gvn-hoist', '--adce', '--loop-simplify', '--dse', '--newgvn', '--simplifycfg', '--lower-expect', '--simplifycfg', '--loop-unroll-and-jam', '--globalopt', '--elim-avail-extern', '--gvn', '--gvn', '--ipsccp', '--gvn', '--nary-reassociate', '--licm', '--loop-instsimplify', '--early-cse', '--mem2reg', '--lower-expect', '--slp-vectorizer', '--instcombine', '--simplifycfg', '--sroa', '--lower-constant-intrinsics', '--early-cse', '--jump-threading', '--sroa', '--sroa', '--lower-expect', '--globalopt', '--elim-avail-extern', '--elim-avail-extern', '--elim-avail-extern', '--lower-expect', '--slsr']",77,-4.972937467361784,0.0,-2.4085541082779915,0.0,1,-4.972937467361784,-2.4085541082779915,0.0,-70.05076142131979,14.018160038003494,11.76470588235294,34
798,"['--ipsccp', '--speculative-execution', '--sccp', '--early-cse', '--loop-simplifycfg', '--jump-threading', '--globalopt', '--elim-avail-extern', '--instcombine', '--adce', '--jump-threading', '--gvn', '--simplifycfg', '--instsimplify', '--gvn-hoist', '--mergefunc', '--gvn-hoist', '--instcombine', '--globalopt', '--elim-avail-extern', '--indvars', '--gvn', '--gvn', '--ipsccp', '--gvn', '--nary-reassociate', '--loop-instsimplify', '--early-cse', '--mem2reg', '--jump-threading', '--globalopt', '--elim-avail-extern', '--instcombine', '--simplifycfg', '--sroa', '--mem2reg', '--gvn-hoist', '--sccp', '--early-cse', '--lower-constant-intrinsics', '--adce', '--gvn-hoist', '--adce', '--lower-constant-intrinsics', '--dse', '--newgvn', '--simplifycfg', '--lower-expect', '--simplifycfg', '--gvn-hoist', '--instcombine', '--globalopt', '--elim-avail-extern', '--gvn', '--gvn', '--ipsccp', '--ipsccp', '--gvn', '--nary-reassociate', '--loop-instsimplify', '--early-cse', '--jump-threading', '--slsr', '--globalopt', '--slp-vectorizer', '--instcombine', '--simplifycfg', '--sroa', '--lower-constant-intrinsics', '--early-cse', '--lower-expect', '--sroa', '--sroa', '--lower-expect', '--globalopt', '--elim-avail-extern', '--lower-expect']",77,-4.973763563527445,0.0,-2.4413682196852484,0.0,1,-4.973763563527445,-2.4413682196852484,0.0,-68.52791878172589,13.780315164105673,11.76470588235294,34
2434,"['--ipsccp', '--gvn', '--speculative-execution', '--sccp', '--lower-constant-intrinsics', '--early-cse', '--mem2reg', '--jump-threading', '--globalopt', '--elim-avail-extern', '--instcombine', '--loop-instsimplify', '--jump-threading', '--gvn', '--simplifycfg', '--instsimplify', '--inline', '--mergefunc', '--gvn-hoist', '--instcombine', '--globalopt', '--elim-avail-extern', '--loweratomic', '--indvars', '--indvars', '--gvn', '--gvn', '--ipsccp', '--gvn', '--nary-reassociate', '--adce', '--early-cse', '--mem2reg', '--jump-threading', '--globalopt', '--elim-avail-extern', '--instcombine', '--sroa', '--simplifycfg', '--sroa', '--mem2reg', '--globaldce', '--simplifycfg', '--sccp', '--early-cse', '--lower-constant-intrinsics', '--adce', '--slsr', '--gvn-hoist', '--adce', '--loop-simplify', '--dse', '--scalarizer', '--simplifycfg', '--lower-expect', '--simplifycfg', '--elim-avail-extern', '--lower-constant-intrinsics', '--elim-avail-extern', '--lower-constant-intrinsics', '--ipsccp', '--nary-reassociate', '--gvn', '--jump-threading', '--globalopt', '--slp-vectorizer', '--instcombine', '--slp-vectorizer', '--instcombine', '--simplifycfg', '--sroa', '--early-cse', '--lower-expect', '--sroa', '--sroa', '--aggressive-instcombine']",76,-4.978403785819627,0.0,-1.8833222799606986,0.0,1,-4.978403785819627,-1.8833222799606986,0.5008908414855473,-67.00507614213198,13.600297229079267,14.705882352941178,34
1757,"['--ipsccp', '--speculative-execution', '--gvn-hoist', '--early-cse', '--mergefunc', '--ipsccp', '--ipsccp', '--jump-threading', '--globalopt', '--elim-avail-extern', '--instcombine', '--loop-instsimplify', '--jump-threading', '--gvn', '--simplifycfg', '--instsimplify', '--inline', '--mergefunc', '--gvn-hoist', '--instcombine', '--globalopt', '--elim-avail-extern', '--indvars', '--indvars', '--gvn', '--gvn', '--ipsccp', '--gvn', '--nary-reassociate', '--adce', '--early-cse', '--mem2reg', '--jump-threading', '--globalopt', '--elim-avail-extern', '--instcombine', '--simplifycfg', '--sroa', '--mem2reg', '--globaldce', '--gvn-hoist', '--sccp', '--early-cse', '--lower-constant-intrinsics', '--adce', '--slsr', '--gvn-hoist', '--adce', '--loop-simplify', '--dse', '--scalarizer', '--simplifycfg', '--lower-expect', '--simplifycfg', '--sccp', '--elim-avail-extern', '--lower-constant-intrinsics', '--gvn', '--nary-reassociate', '--adce', '--early-cse', '--mem2reg', '--jump-threading', '--globalopt', '--slp-vectorizer', '--instcombine', '--simplifycfg', '--sroa', '--early-cse', '--lower-expect', '--sroa', '--sroa', '--lower-expect', '--aggressive-instcombine']",74,-4.9883796684021044,0.0,-1.8872641453736367,0.0,1,-4.9883796684021044,-1.8872641453736367,0.43655874448557375,-67.51269035532995,13.670492064307004,14.705882352941178,34
1509,"['--gvn', '--speculative-execution', '--sccp', '--early-cse', '--mem2reg', '--jump-threading', '--elim-avail-extern', '--elim-avail-extern', '--instcombine', '--loop-instsimplify', '--jump-threading', '--gvn', '--simplifycfg', '--instsimplify', '--inline', '--mergefunc', '--gvn-hoist', '--instcombine', '--globalopt', '--elim-avail-extern', '--indvars', '--indvars', '--ipsccp', '--gvn', '--ipsccp', '--gvn', '--nary-reassociate', '--adce', '--early-cse', '--mem2reg', '--jump-threading', '--globalopt', '--elim-avail-extern', '--instcombine', '--simplifycfg', '--sroa', '--mem2reg', '--globaldce', '--gvn-hoist', '--sccp', '--early-cse', '--lower-constant-intrinsics', '--adce', '--slsr', '--gvn-hoist', '--adce', '--loop-simplify', '--dse', '--scalarizer', '--simplifycfg', '--lower-expect', '--simplifycfg', '--gvn-hoist', '--elim-avail-extern', '--lower-constant-intrinsics', '--gvn', '--ipsccp', '--gvn', '--nary-reassociate', '--gvn', '--early-cse', '--mem2reg', '--jump-threading', '--globalopt', '--slp-vectorizer', '--instcombine', '--simplifycfg', '--sroa', '--early-cse', '--lower-expect', '--sroa', '--lower-expect', '--aggressive-instcombine']",73,-4.993114414170607,0.0,-1.9033757558965276,0.0,1,-4.993114414170607,-1.9033757558965276,0.43655874448557375,-67.00507614213198,13.597002443070354,14.705882352941178,34
1670,"['--gvn', '--ipsccp', '--speculative-execution', '--sccp', '--early-cse', '--mem2reg', '--jump-threading', '--elim-avail-extern', '--instcombine', '--adce', '--loop-interchange', '--aggressive-instcombine', '--gvn', '--simplifycfg', '--instsimplify', '--inline', '--mergefunc', '--gvn-hoist', '--gvn-hoist', '--instcombine', '--globalopt', '--elim-avail-extern', '--indvars', '--elim-avail-extern', '--indvars', '--gvn', '--gvn', '--ipsccp', '--gvn', '--nary-reassociate', '--loop-instsimplify', '--early-cse', '--loop-fusion', '--jump-threading', '--globalopt', '--elim-avail-extern', '--instcombine', '--simplifycfg', '--sroa', '--mem2reg', '--globaldce', '--gvn-hoist', '--sccp', '--early-cse', '--lower-constant-intrinsics', '--adce', '--slsr', '--gvn-hoist', '--adce', '--loop-simplify', '--dse', '--scalarizer', '--simplifycfg', '--lower-expect', '--simplifycfg', '--elim-avail-extern', '--lower-constant-intrinsics', '--ipsccp', '--gvn', '--nary-reassociate', '--gvn', '--early-cse', '--mem2reg', '--jump-threading', '--globalopt', '--slp-vectorizer', '--instcombine', '--simplifycfg', '--sroa', '--early-cse', '--lower-expect', '--sroa', '--sroa', '--lower-expect', '--aggressive-instcombine']",75,-4.993114414170607,0.0,-1.9033757558965276,0.0,1,-4.993114414170607,-1.9033757558965276,0.43655874448557375,-67.00507614213198,13.597002443070354,14.705882352941178,34
902,"['--ipsccp', '--speculative-execution', '--sccp', '--early-cse', '--mem2reg', '--jump-threading', '--globalopt', '--gvn', '--instcombine', '--adce', '--jump-threading', '--gvn', '--simplifycfg', '--instsimplify', '--gvn-hoist', '--mergefunc', '--gvn-hoist', '--instcombine', '--globalopt', '--elim-avail-extern', '--indvars', '--gvn', '--gvn', '--ipsccp', '--gvn', '--nary-reassociate', '--lower-constant-intrinsics', '--loop-instsimplify', '--strip', '--mem2reg', '--jump-threading', '--globalopt', '--memcpyopt', '--elim-avail-extern', '--simplifycfg', '--sroa', '--mem2reg', '--gvn-hoist', '--early-cse', '--early-cse', '--lower-constant-intrinsics', '--adce', '--gvn-hoist', '--adce', '--loop-simplify', '--dse', '--loop-sink', '--newgvn', '--reassociate', '--simplifycfg', '--lower-expect', '--simplifycfg', '--gvn-hoist', '--instcombine', '--globalopt', '--elim-avail-extern', '--gvn', '--gvn', '--ipsccp', '--gvn', '--lower-constant-intrinsics', '--loop-instsimplify', '--early-cse', '--mem2reg', '--jump-threading', '--globalopt', '--slp-vectorizer', '--instcombine', '--simplifycfg', '--sroa', '--lower-constant-intrinsics', '--early-cse', '--lower-expect', '--lower-expect', '--elim-avail-extern', '--elim-avail-extern', '--lower-expect', '--slsr']",78,-4.9939094291698,0.0,-2.4479992439968945,0.0,1,-4.9939094291698,-2.4479992439968945,0.0,-69.54314720812182,13.93204113819188,11.76470588235294,34
842,"['--ipsccp', '--speculative-execution', '--sccp', '--early-cse', '--mem2reg', '--jump-threading', '--globalopt', '--elim-avail-extern', '--instcombine', '--adce', '--jump-threading', '--gvn', '--simplifycfg', '--instsimplify', '--gvn-hoist', '--mergefunc', '--gvn-hoist', '--instcombine', '--globalopt', '--elim-avail-extern', '--indvars', '--gvn', '--gvn', '--ipsccp', '--loop-rotate', '--nary-reassociate', '--loop-instsimplify', '--early-cse', '--mem2reg', '--jump-threading', '--globalopt', '--elim-avail-extern', '--instcombine', '--simplifycfg', '--sroa', '--mem2reg', '--gvn-hoist', '--sccp', '--early-cse', '--lower-constant-intrinsics', '--adce', '--gvn-hoist', '--adce', '--lower-constant-intrinsics', '--lower-constant-intrinsics', '--newgvn', '--simplifycfg', '--lower-expect', '--simplifycfg', '--gvn-hoist', '--instcombine', '--globalopt', '--elim-avail-extern', '--gvn', '--gvn', '--ipsccp', '--gvn', '--nary-reassociate', '--lower-constant-intrinsics', '--loop-instsimplify', '--early-cse', '--mem2reg', '--jump-threading', '--globalopt', '--slp-vectorizer', '--instcombine', '--simplifycfg', '--sroa', '--dse', '--early-cse', '--lower-expect', '--sroa', '--sroa', '--lower-expect', '--globalopt', '--elim-avail-extern', '--lower-expect']",77,-4.995824500064246,0.0,-1.902717324239532,0.0,1,-4.995824500064246,-1.902717324239532,0.0,-77.15736040609137,13.629041539434203,14.705882352941178,34
679,"['--ipsccp', '--speculative-execution', '--sccp', '--early-cse', '--mem2reg', '--jump-threading', '--globalopt', '--elim-avail-extern', '--instcombine', '--instsimplify', '--jump-threading', '--gvn', '--simplifycfg', '--instsimplify', '--gvn-hoist', '--mergefunc', '--gvn-hoist', '--instcombine', '--globalopt', '--elim-avail-extern', '--indvars', '--gvn', '--gvn', '--ipsccp', '--gvn', '--nary-reassociate', '--lower-constant-intrinsics', '--loop-instsimplify', '--strip', '--mem2reg', '--jump-threading', '--globalopt', '--elim-avail-extern', '--simplifycfg', '--sroa', '--mem2reg', '--gvn-hoist', '--sccp', '--early-cse', '--lower-constant-intrinsics', '--adce', '--gvn-hoist', '--adce', '--loop-simplify', '--loop-rotate', '--dse', '--nary-reassociate', '--newgvn', '--simplifycfg', '--lower-expect', '--simplifycfg', '--gvn-hoist', '--instcombine', '--globalopt', '--elim-avail-extern', '--gvn', '--gvn', '--ipsccp', '--gvn', '--nary-reassociate', '--lower-constant-intrinsics', '--loop-instsimplify', '--early-cse', '--mem2reg', '--jump-threading', '--slp-vectorizer', '--instcombine', '--simplifycfg', '--sroa', '--lower-constant-intrinsics', '--early-cse', '--lower-expect', '--sroa', '--sroa', '--lower-expect', '--globalopt', '--elim-avail-extern', '--lower-expect']",78,-5.003736001337426,0.0,-1.9126746415344982,0.0,1,-5.003736001337426,-1.9126746415344982,0.0,-77.15736040609137,13.633476672453755,14.705882352941178,34
733,"['--ipsccp', '--speculative-execution', '--sccp', '--early-cse', '--mem2reg', '--jump-threading', '--globalopt', '--elim-avail-extern', '--instcombine', '--adce', '--jump-threading', '--gvn', '--simplifycfg', '--instsimplify', '--gvn-hoist', '--mergefunc', '--gvn-hoist', '--instcombine', '--globalopt', '--elim-avail-extern', '--indvars', '--gvn', '--gvn', '--ipsccp', '--gvn', '--nary-reassociate', '--lower-constant-intrinsics', '--loop-instsimplify', '--strip', '--mem2reg', '--jump-threading', '--globalopt', '--elim-avail-extern', '--simplifycfg', '--sroa', '--mem2reg', '--gvn-hoist', '--sccp', '--early-cse', '--lower-constant-intrinsics', '--adce', '--gvn-hoist', '--adce', '--loop-simplify', '--dse', '--newgvn', '--simplifycfg', '--lower-expect', '--simplifycfg', '--gvn-hoist', '--instcombine', '--globalopt', '--elim-avail-extern', '--gvn', '--gvn', '--ipsccp', '--gvn', '--nary-reassociate', '--lower-constant-intrinsics', '--lower-constant-intrinsics', '--loop-instsimplify', '--early-cse', '--jump-threading', '--slsr', '--globalopt', '--sroa', '--instcombine', '--simplifycfg', '--sroa', '--lower-constant-intrinsics', '--early-cse', '--lower-expect', '--slp-vectorizer', '--sroa', '--lower-expect', '--globalopt', '--elim-avail-extern', '--lower-expect']",78,-5.017997067345161,0.0,-2.119454638551389,0.0,1,-5.017997067345161,-2.119454638551389,0.0,-69.54314720812182,12.225237354904424,14.705882352941178,34
1735,"['--ipsccp', '--speculative-execution', '--sccp', '--gvn', '--mem2reg', '--jump-threading', '--elim-avail-extern', '--instcombine', '--adce', '--loop-interchange', '--aggressive-instcombine', '--early-cse', '--simplifycfg', '--instsimplify', '--inline', '--mergefunc', '--gvn-hoist', '--gvn-hoist', '--instcombine', '--globalopt', '--elim-avail-extern', '--indvars', '--elim-avail-extern', '--indvars', '--gvn', '--gvn', '--ipsccp', '--gvn', '--nary-reassociate', '--loop-instsimplify', '--early-cse', '--mem2reg', '--jump-threading', '--globalopt', '--elim-avail-extern', '--instcombine', '--simplifycfg', '--sroa', '--mem2reg', '--globaldce', '--gvn-hoist', '--sccp', '--early-cse', '--lower-constant-intrinsics', '--adce', '--slsr', '--gvn-hoist', '--adce', '--loop-simplify', '--dse', '--scalarizer', '--simplifycfg', '--lower-expect', '--simplifycfg', '--elim-avail-extern', '--lower-constant-intrinsics', '--ipsccp', '--gvn', '--nary-reassociate', '--gvn', '--early-cse', '--mem2reg', '--jump-threading', '--globalopt', '--slp-vectorizer', '--instcombine', '--simplifycfg', '--sroa', '--early-cse', '--lower-expect', '--sroa', '--sroa', '--lower-expect', '--aggressive-instcombine']",74,-5.020298847126881,0.0,-1.9429875602142141,0.0,1,-5.020298847126881,-1.9429875602142141,0.43655874448557375,-67.00507614213198,13.57175824025044,14.705882352941178,34
2047,"['--ipsccp', '--speculative-execution', '--sccp', '--gvn', '--mem2reg', '--jump-threading', '--elim-avail-extern', '--instcombine', '--loop-simplify', '--loop-interchange', '--aggressive-instcombine', '--gvn', '--simplifycfg', '--instsimplify', '--inline', '--mergefunc', '--gvn-hoist', '--gvn-hoist', '--instcombine', '--globalopt', '--elim-avail-extern', '--indvars', '--elim-avail-extern', '--indvars', '--early-cse', '--gvn', '--ipsccp', '--gvn', '--nary-reassociate', '--loop-instsimplify', '--early-cse', '--mem2reg', '--jump-threading', '--globalopt', '--elim-avail-extern', '--instcombine', '--simplifycfg', '--sroa', '--gvn-hoist', '--sccp', '--early-cse', '--lower-constant-intrinsics', '--adce', '--slsr', '--gvn-hoist', '--adce', '--adce', '--adce', '--loop-simplify', '--dse', '--scalarizer', '--simplifycfg', '--lower-expect', '--nary-reassociate', '--elim-avail-extern', '--lower-constant-intrinsics', '--gvn', '--nary-reassociate', '--gvn', '--early-cse', '--mem2reg', '--jump-threading', '--globalopt', '--slp-vectorizer', '--instcombine', '--simplifycfg', '--sroa', '--early-cse', '--lower-expect', '--sroa', '--lower-expect', '--simplifycfg', '--aggressive-instcombine']",73,-5.020298847126881,0.0,-1.9429875602142141,0.0,1,-5.020298847126881,-1.9429875602142141,0.43655874448557375,-67.00507614213198,13.57175824025044,14.705882352941178,34
820,"['--ipsccp', '--speculative-execution', '--sccp', '--early-cse', '--instcombine', '--jump-threading', '--globalopt', '--elim-avail-extern', '--instcombine', '--adce', '--jump-threading', '--gvn', '--simplifycfg', '--instsimplify', '--gvn-hoist', '--mergefunc', '--gvn-hoist', '--lower-constant-intrinsics', '--globalopt', '--elim-avail-extern', '--indvars', '--gvn', '--gvn', '--ipsccp', '--gvn', '--nary-reassociate', '--lower-constant-intrinsics', '--loop-instsimplify', '--strip', '--mem2reg', '--jump-threading', '--globalopt', '--elim-avail-extern', '--simplifycfg', '--sroa', '--mem2reg', '--gvn-hoist', '--sccp', '--early-cse', '--instcombine', '--adce', '--gvn-hoist', '--adce', '--loop-simplify', '--dse', '--nary-reassociate', '--newgvn', '--simplifycfg', '--lower-expect', '--simplifycfg', '--gvn-hoist', '--instcombine', '--globalopt', '--elim-avail-extern', '--gvn', '--gvn', '--ipsccp', '--gvn', '--nary-reassociate', '--lower-constant-intrinsics', '--loop-instsimplify', '--early-cse', '--mem2reg', '--jump-threading', '--slp-vectorizer', '--instcombine', '--simplifycfg', '--sroa', '--lower-constant-intrinsics', '--early-cse', '--lower-expect', '--sroa', '--sroa', '--lower-expect', '--globalopt', '--elim-avail-extern', '--lower-expect']",77,-5.03903174271668,0.0,-2.4898852121155284,0.0,1,-5.03903174271668,-2.4898852121155284,0.0,-70.55837563451777,14.06911951277092,11.76470588235294,34
907,"['--ipsccp', '--speculative-execution', '--sccp', '--early-cse', '--mem2reg', '--jump-threading', '--globalopt', '--elim-avail-extern', '--instcombine', '--adce', '--jump-threading', '--gvn', '--simplifycfg', '--instsimplify', '--gvn-hoist', '--mergefunc', '--gvn-hoist', '--instcombine', '--globalopt', '--elim-avail-extern', '--indvars', '--gvn', '--gvn', '--ipsccp', '--gvn', '--nary-reassociate', '--loop-instsimplify', '--early-cse', '--mem2reg', '--jump-threading', '--globalopt', '--elim-avail-extern', '--instcombine', '--simplifycfg', '--sroa', '--mem2reg', '--gvn-hoist', '--sccp', '--early-cse', '--lower-constant-intrinsics', '--adce', '--gvn-hoist', '--adce', '--loop-simplify', '--dse', '--newgvn', '--simplifycfg', '--lower-expect', '--simplifycfg', '--loop-unroll-and-jam', '--jump-threading', '--globalopt', '--instcombine', '--globalopt', '--elim-avail-extern', '--gvn', '--gvn', '--ipsccp', '--gvn', '--lower-constant-intrinsics', '--loop-unswitch', '--loop-instsimplify', '--early-cse', '--mem2reg', '--jump-threading', '--globalopt', '--slp-vectorizer', '--instcombine', '--simplifycfg', '--sroa', '--lower-constant-intrinsics', '--early-cse', '--lower-expect', '--lower-expect', '--elim-avail-extern', '--elim-avail-extern', '--lower-expect', '--slsr']",78,-5.0868645040600615,0.0,-2.1153924390905776,0.0,1,-5.0868645040600615,-2.1153924390905776,0.0,-69.54314720812182,12.944378218009511,14.705882352941178,34
739,"['--ipsccp', '--speculative-execution', '--sccp', '--early-cse', '--mem2reg', '--jump-threading', '--globalopt', '--elim-avail-extern', '--instcombine', '--adce', '--jump-threading', '--gvn', '--simplifycfg', '--instsimplify', '--gvn-hoist', '--mergefunc', '--gvn-hoist', '--instcombine', '--globalopt', '--elim-avail-extern', '--indvars', '--gvn', '--gvn', '--ipsccp', '--gvn', '--nary-reassociate', '--lower-constant-intrinsics', '--loop-instsimplify', '--strip', '--mem2reg', '--elim-avail-extern', '--instcombine', '--simplifycfg', '--sroa', '--mem2reg', '--gvn-hoist', '--sccp', '--early-cse', '--lower-constant-intrinsics', '--adce', '--gvn-hoist', '--adce', '--aggressive-instcombine', '--lower-constant-intrinsics', '--newgvn', '--simplifycfg', '--lower-expect', '--simplifycfg', '--gvn-hoist', '--instcombine', '--globalopt', '--elim-avail-extern', '--gvn', '--gvn', '--ipsccp', '--gvn', '--nary-reassociate', '--lower-constant-intrinsics', '--loop-instsimplify', '--early-cse', '--mem2reg', '--jump-threading', '--globalopt', '--slp-vectorizer', '--instcombine', '--simplifycfg', '--sroa', '--lower-constant-intrinsics', '--early-cse', '--lower-expect', '--sroa', '--sroa', '--lower-expect', '--globalopt', '--elim-avail-extern', '--gvn']",76,-5.092842140700769,0.0,-2.1387969521483363,0.0,1,-5.092842140700769,-2.1387969521483363,0.5008908414855473,-69.54314720812182,12.828620736483407,14.705882352941178,34
2572,"['--ipsccp', '--speculative-execution', '--sccp', '--early-cse', '--mem2reg', '--jump-threading', '--globalopt', '--elim-avail-extern', '--instcombine', '--loop-instsimplify', '--jump-threading', '--gvn', '--simplifycfg', '--instsimplify', '--inline', '--inline', '--mergefunc', '--gvn-hoist', '--sccp', '--globalopt', '--elim-avail-extern', '--loweratomic', '--indvars', '--indvars', '--gvn', '--gvn', '--ipsccp', '--gvn', '--nary-reassociate', '--mem2reg', '--partially-inline-libcalls', '--correlated-propagation', '--mem2reg', '--memcpyopt', '--globalopt', '--jump-threading', '--bdce', '--elim-avail-extern', '--instcombine', '--simplifycfg', '--sroa', '--lower-constant-intrinsics', '--adce', '--slsr', '--gvn-hoist', '--adce', '--loop-simplify', '--adce', '--loop-simplify', '--dse', '--scalarizer', '--simplifycfg', '--lower-expect', '--gvn-hoist', '--simplifycfg', '--lower-expect', '--simplifycfg', '--elim-avail-extern', '--lower-constant-intrinsics', '--ipsccp', '--gvn', '--nary-reassociate', '--gvn', '--early-cse', '--loop-guard-widening', '--jump-threading', '--globalopt', '--slp-vectorizer', '--instcombine', '--slp-vectorizer', '--instcombine', '--early-cse', '--lower-expect', '--sroa', '--sroa', '--aggressive-instcombine']",76,-5.118718087275461,0.0,-1.0659078243567497,0.0,1,-5.118718087275461,-1.0659078243567497,0.5008908414855473,-68.52791878172589,12.310519248902516,20.588235294117645,34
1218,"['--ipsccp', '--speculative-execution', '--sccp', '--early-cse', '--mem2reg', '--jump-threading', '--globalopt', '--elim-avail-extern', '--instcombine', '--adce', '--jump-threading', '--gvn', '--simplifycfg', '--instsimplify', '--inline', '--gvn-hoist', '--mergefunc', '--gvn-hoist', '--instcombine', '--globalopt', '--elim-avail-extern', '--indvars', '--loop-unswitch', '--gvn', '--gvn', '--loop-simplify', '--gvn', '--nary-reassociate', '--loop-instsimplify', '--ipsccp', '--mem2reg', '--jump-threading', '--globalopt', '--elim-avail-extern', '--instcombine', '--simplifycfg', '--sroa', '--mem2reg', '--gvn-hoist', '--sccp', '--early-cse', '--lower-constant-intrinsics', '--adce', '--gvn-hoist', '--adce', '--early-cse', '--dse', '--loop-sink', '--simplifycfg', '--lower-expect', '--simplifycfg', '--gvn-hoist', '--instcombine', '--simplifycfg', '--globalopt', '--aggressive-instcombine', '--gvn', '--gvn', '--ipsccp', '--gvn', '--lower-constant-intrinsics', '--loop-instsimplify', '--early-cse', '--mem2reg', '--simplifycfg', '--sroa', '--early-cse', '--lower-expect', '--sroa', '--sroa', '--lower-expect', '--adce', '--elim-avail-extern', '--aggressive-instcombine']",74,-5.11983543810306,0.0,-2.2120410096907346,0.0,1,-5.11983543810306,-2.2120410096907346,0.43655874448557375,-68.52791878172589,12.549223278938326,14.705882352941178,34
1207,"['--ipsccp', '--speculative-execution', '--sccp', '--early-cse', '--mem2reg', '--jump-threading', '--globalopt', '--elim-avail-extern', '--instcombine', '--adce', '--jump-threading', '--gvn', '--simplifycfg', '--instsimplify', '--inline', '--gvn-hoist', '--mergefunc', '--gvn-hoist', '--instcombine', '--globalopt', '--elim-avail-extern', '--gvn-hoist', '--gvn', '--gvn', '--ipsccp', '--gvn', '--nary-reassociate', '--loop-instsimplify', '--early-cse', '--mem2reg', '--slsr', '--globalopt', '--elim-avail-extern', '--simplifycfg', '--sroa', '--gvn-hoist', '--sccp', '--sccp', '--early-cse', '--lower-constant-intrinsics', '--adce', '--gvn-hoist', '--adce', '--loop-simplify', '--dse', '--newgvn', '--simplifycfg', '--newgvn', '--simplifycfg', '--indvars', '--simplifycfg', '--gvn-hoist', '--instcombine', '--globalopt', '--elim-avail-extern', '--ipsccp', '--gvn', '--ipsccp', '--gvn', '--nary-reassociate', '--lower-constant-intrinsics', '--loop-instsimplify', '--early-cse', '--mem2reg', '--globalopt', '--slp-vectorizer', '--instcombine', '--ipsccp', '--simplifycfg', '--sroa', '--lower-constant-intrinsics', '--early-cse', '--lower-expect', '--lower-expect', '--elim-avail-extern', '--elim-avail-extern', '--jump-threading']",77,-5.176790531545681,0.0,-2.600576928161014,0.0,1,-5.176790531545681,-2.600576928161014,0.0,-68.02030456852792,14.616519530719795,11.76470588235294,34
1227,"['--ipsccp', '--speculative-execution', '--sccp', '--early-cse', '--mem2reg', '--jump-threading', '--globalopt', '--elim-avail-extern', '--instcombine', '--adce', '--jump-threading', '--gvn', '--simplifycfg', '--loop-unroll-and-jam', '--instsimplify', '--inline', '--gvn-hoist', '--mergefunc', '--gvn-hoist', '--instcombine', '--globalopt', '--elim-avail-extern', '--indvars', '--gvn', '--gvn', '--ipsccp', '--gvn', '--nary-reassociate', '--loop-rotate', '--early-cse', '--mem2reg', '--globalopt', '--elim-avail-extern', '--instcombine', '--simplifycfg', '--sroa', '--mem2reg', '--gvn-hoist', '--sccp', '--early-cse', '--lower-constant-intrinsics', '--adce', '--gvn-hoist', '--adce', '--dse', '--loop-sink', '--simplifycfg', '--lower-expect', '--simplifycfg', '--instcombine', '--globalopt', '--aggressive-instcombine', '--gvn', '--gvn', '--ipsccp', '--gvn', '--lower-constant-intrinsics', '--loop-instsimplify', '--early-cse', '--jump-threading', '--globalopt', '--slp-vectorizer', '--instcombine', '--simplifycfg', '--sroa', '--lower-constant-intrinsics', '--early-cse', '--lower-expect', '--lower-expect', '--loweratomic', '--elim-avail-extern', '--elim-avail-extern', '--lower-expect', '--slsr']",74,-5.196769348098803,0.0,-2.1308109859897426,0.0,1,-5.196769348098803,-2.1308109859897426,0.43655874448557375,-75.63451776649747,13.927787556653188,14.705882352941178,34
1996,"['--ipsccp', '--speculative-execution', '--sccp', '--early-cse', '--mem2reg', '--jump-threading', '--globalopt', '--elim-avail-extern', '--instcombine', '--loop-instsimplify', '--jump-threading', '--gvn', '--simplifycfg', '--instsimplify', '--inline', '--slsr', '--mergefunc', '--gvn-hoist', '--instcombine', '--globalopt', '--elim-avail-extern', '--indvars', '--indvars', '--gvn', '--gvn', '--ipsccp', '--gvn', '--nary-reassociate', '--adce', '--early-cse', '--mem2reg', '--jump-threading', '--globalopt', '--elim-avail-extern', '--instcombine', '--simplifycfg', '--sroa', '--mem2reg', '--load-store-vectorizer', '--globaldce', '--gvn-hoist', '--irce', '--early-cse', '--lower-constant-intrinsics', '--adce', '--slsr', '--gvn-hoist', '--adce', '--loop-simplify', '--dse', '--scalarizer', '--simplifycfg', '--lower-expect', '--simplifycfg', '--gvn-hoist', '--lower-constant-intrinsics', '--slsr', '--ipsccp', '--gvn', '--nary-reassociate', '--gvn', '--early-cse', '--mem2reg', '--jump-threading', '--globalopt', '--slp-vectorizer', '--instcombine', '--sroa', '--early-cse-memssa', '--sroa', '--early-cse', '--lower-expect', '--sroa', '--sroa', '--lower-expect', '--aggressive-instcombine']",76,-5.213413994676785,0.0,-0.5361804338692538,0.0,1,-5.213413994676785,-0.5361804338692538,0.5008908414855473,-67.00507614213198,12.818669045689626,23.52941176470588,34
2279,"['--ipsccp', '--speculative-execution', '--sccp', '--early-cse', '--mem2reg', '--jump-threading', '--globalopt', '--elim-avail-extern', '--instcombine', '--adce', '--jump-threading', '--gvn', '--simplifycfg', '--hotcoldsplit', '--inline', '--mergefunc', '--gvn-hoist', '--instcombine', '--globalopt', '--elim-avail-extern', '--indvars', '--indvars', '--gvn-hoist', '--gvn', '--gvn', '--load-store-vectorizer', '--gvn', '--nary-reassociate', '--loop-instsimplify', '--early-cse', '--mem2reg', '--jump-threading', '--globalopt', '--jump-threading', '--ipsccp', '--elim-avail-extern', '--instcombine', '--simplifycfg', '--sroa', '--lower-constant-intrinsics', '--sroa', '--adce', '--slsr', '--gvn-hoist', '--adce', '--slsr', '--gvn-hoist', '--adce', '--loop-simplify', '--dse', '--scalarizer', '--simplifycfg', '--lower-expect', '--simplifycfg', '--elim-avail-extern', '--lower-constant-intrinsics', '--ipsccp', '--gvn', '--elim-avail-extern', '--gvn', '--early-cse', '--hotcoldsplit', '--jump-threading', '--globalopt', '--slp-vectorizer', '--instcombine', '--simplifycfg', '--sroa', '--early-cse', '--lower-expect', '--sroa', '--sroa', '--lower-expect', '--aggressive-instcombine']",74,-5.213413994676785,0.0,-0.5361804338692538,0.0,1,-5.213413994676785,-0.5361804338692538,0.5008908414855473,-67.00507614213198,12.818669045689626,23.52941176470588,34
685,"['--ipsccp', '--speculative-execution', '--sccp', '--early-cse', '--mem2reg', '--jump-threading', '--globalopt', '--elim-avail-extern', '--instcombine', '--adce', '--jump-threading', '--gvn', '--simplifycfg', '--instsimplify', '--gvn-hoist', '--mergefunc', '--gvn-hoist', '--instcombine', '--globalopt', '--elim-avail-extern', '--indvars', '--gvn', '--gvn', '--ipsccp', '--gvn', '--nary-reassociate', '--lower-constant-intrinsics', '--loop-instsimplify', '--strip', '--mem2reg', '--elim-avail-extern', '--instcombine', '--simplifycfg', '--sroa', '--mem2reg', '--gvn-hoist', '--sccp', '--early-cse', '--lower-constant-intrinsics', '--adce', '--gvn-hoist', '--adce', '--sroa', '--adce', '--lower-constant-intrinsics', '--newgvn', '--simplifycfg', '--gvn', '--simplifycfg', '--gvn-hoist', '--instcombine', '--globalopt', '--elim-avail-extern', '--gvn', '--gvn', '--ipsccp', '--gvn', '--nary-reassociate', '--lower-constant-intrinsics', '--loop-instsimplify', '--early-cse', '--mem2reg', '--jump-threading', '--globalopt', '--slp-vectorizer', '--instcombine', '--simplifycfg', '--sroa', '--lower-constant-intrinsics', '--early-cse', '--separate-const-offset-from-gep', '--lower-expect', '--sroa', '--sroa', '--lower-expect', '--globalopt', '--elim-avail-extern', '--lower-expect']",78,-5.218320995529574,0.0,-2.311052294062415,0.0,1,-5.218320995529574,-2.311052294062415,0.0,-69.54314720812182,12.791494220415863,14.705882352941178,34
708,"['--ipsccp', '--speculative-execution', '--sccp', '--early-cse', '--mem2reg', '--jump-threading', '--globalopt', '--elim-avail-extern', '--instcombine', '--adce', '--jump-threading', '--gvn', '--simplifycfg', '--instsimplify', '--gvn-hoist', '--mergefunc', '--gvn-hoist', '--instcombine', '--globalopt', '--elim-avail-extern', '--indvars', '--gvn', '--gvn', '--ipsccp', '--gvn', '--nary-reassociate', '--lower-constant-intrinsics', '--loop-instsimplify', '--strip', '--mem2reg', '--elim-avail-extern', '--instcombine', '--simplifycfg', '--instcombine', '--simplifycfg', '--sroa', '--mem2reg', '--gvn-hoist', '--sccp', '--early-cse', '--lower-constant-intrinsics', '--adce', '--gvn-hoist', '--adce', '--lower-constant-intrinsics', '--newgvn', '--simplifycfg', '--lower-expect', '--simplifycfg', '--gvn-hoist', '--instcombine', '--globalopt', '--elim-avail-extern', '--gvn', '--gvn', '--ipsccp', '--gvn', '--nary-reassociate', '--lower-constant-intrinsics', '--loop-instsimplify', '--early-cse', '--mem2reg', '--jump-threading', '--globalopt', '--slp-vectorizer', '--instcombine', '--simplifycfg', '--sroa', '--lower-constant-intrinsics', '--early-cse', '--lower-expect', '--sroa', '--lower-expect', '--globalopt', '--elim-avail-extern', '--lower-expect']",76,-5.218320995529574,0.0,-2.311052294062415,0.0,1,-5.218320995529574,-2.311052294062415,0.0,-69.54314720812182,12.791494220415863,14.705882352941178,34
632,"['--ipsccp', '--speculative-execution', '--sccp', '--early-cse', '--mem2reg', '--jump-threading', '--globalopt', '--elim-avail-extern', '--instcombine', '--adce', '--jump-threading', '--gvn', '--simplifycfg', '--instsimplify', '--gvn-hoist', '--mergefunc', '--gvn-hoist', '--instcombine', '--globalopt', '--elim-avail-extern', '--indvars', '--gvn', '--sink', '--gvn', '--ipsccp', '--gvn', '--nary-reassociate', '--lower-constant-intrinsics', '--bdce', '--loop-instsimplify', '--early-cse', '--mem2reg', '--jump-threading', '--globalopt', '--elim-avail-extern', '--instcombine', '--simplifycfg', '--sroa', '--mem2reg', '--gvn-hoist', '--sccp', '--early-cse', '--lower-constant-intrinsics', '--adce', '--gvn-hoist', '--adce', '--lower-constant-intrinsics', '--newgvn', '--simplifycfg', '--lower-expect', '--simplifycfg', '--gvn-hoist', '--instcombine', '--globalopt', '--elim-avail-extern', '--gvn', '--gvn', '--ipsccp', '--gvn', '--nary-reassociate', '--lower-constant-intrinsics', '--early-cse', '--mem2reg', '--jump-threading', '--globalopt', '--slp-vectorizer', '--instcombine', '--simplifycfg', '--sroa', '--lower-constant-intrinsics', '--early-cse', '--lower-expect', '--sroa', '--sroa', '--lower-expect', '--globalopt', '--elim-avail-extern', '--lower-expect']",78,-5.22500018970749,0.0,-1.8134053532151058,0.0,1,-5.22500018970749,-1.8134053532151058,0.0,-69.54314720812182,12.178873512667494,17.647058823529413,34
674,"['--ipsccp', '--speculative-execution', '--sccp', '--early-cse', '--mem2reg', '--jump-threading', '--lower-expect', '--elim-avail-extern', '--instcombine', '--adce', '--jump-threading', '--gvn', '--simplifycfg', '--instsimplify', '--gvn-hoist', '--mergefunc', '--loop-instsimplify', '--instcombine', '--globalopt', '--elim-avail-extern', '--indvars', '--gvn', '--gvn', '--ipsccp', '--gvn', '--nary-reassociate', '--lower-constant-intrinsics', '--gvn-hoist', '--strip', '--mem2reg', '--jump-threading', '--globalopt', '--elim-avail-extern', '--instcombine', '--simplifycfg', '--sroa', '--mem2reg', '--gvn-hoist', '--sccp', '--early-cse', '--lower-constant-intrinsics', '--adce', '--gvn-hoist', '--adce', '--lower-constant-intrinsics', '--newgvn', '--simplifycfg', '--lower-expect', '--simplifycfg', '--gvn-hoist', '--instcombine', '--globalopt', '--elim-avail-extern', '--gvn', '--gvn', '--ipsccp', '--globalopt', '--nary-reassociate', '--lower-constant-intrinsics', '--loop-instsimplify', '--early-cse', '--mem2reg', '--jump-threading', '--slp-vectorizer', '--instcombine', '--simplifycfg', '--sroa', '--lower-constant-intrinsics', '--early-cse', '--lower-expect', '--sroa', '--sroa', '--globalopt', '--gvn', '--elim-avail-extern', '--lower-expect']",76,-5.225257492104584,0.0,-2.3206639818747945,0.0,1,-5.225257492104584,-2.3206639818747945,0.0,-69.54314720812182,12.788771527573113,14.705882352941178,34
621,"['--ipsccp', '--speculative-execution', '--sccp', '--early-cse', '--mem2reg', '--jump-threading', '--globalopt', '--elim-avail-extern', '--instcombine', '--lower-constant-intrinsics', '--jump-threading', '--gvn', '--simplifycfg', '--adce', '--gvn-hoist', '--mergefunc', '--gvn-hoist', '--instcombine', '--globalopt', '--elim-avail-extern', '--gvn', '--gvn', '--ipsccp', '--gvn', '--nary-reassociate', '--lower-constant-intrinsics', '--loop-instsimplify', '--early-cse', '--mem2reg', '--gvn', '--globalopt', '--elim-avail-extern', '--instcombine', '--simplifycfg', '--sroa', '--mem2reg', '--gvn-hoist', '--sccp', '--early-cse', '--nary-reassociate', '--adce', '--gvn-hoist', '--adce', '--lower-constant-intrinsics', '--dse', '--newgvn', '--simplifycfg', '--lower-expect', '--simplifycfg', '--gvn-hoist', '--instcombine', '--globalopt', '--elim-avail-extern', '--gvn', '--jump-threading', '--ipsccp', '--gvn', '--nary-reassociate', '--lower-constant-intrinsics', '--loop-instsimplify', '--early-cse', '--mem2reg', '--jump-threading', '--slp-vectorizer', '--instcombine', '--simplifycfg', '--sroa', '--lower-constant-intrinsics', '--early-cse', '--lower-expect', '--sroa', '--sroa', '--lower-expect', '--globalopt', '--elim-avail-extern', '--lower-expect']",76,-5.2347778782921415,0.0,-2.5480610081341073,0.0,1,-5.2347778782921415,-2.5480610081341073,0.0,-86.29441624365482,15.590262398386198,11.76470588235294,34
586,"['--ipsccp', '--speculative-execution', '--sccp', '--early-cse', '--mem2reg', '--jump-threading', '--globalopt', '--elim-avail-extern', '--instcombine', '--lower-constant-intrinsics', '--jump-threading', '--gvn', '--simplifycfg', '--adce', '--gvn-hoist', '--mergefunc', '--gvn-hoist', '--instcombine', '--globalopt', '--elim-avail-extern', '--gvn', '--gvn', '--ipsccp', '--gvn', '--nary-reassociate', '--lower-constant-intrinsics', '--loop-instsimplify', '--early-cse', '--mem2reg', '--gvn', '--globalopt', '--elim-avail-extern', '--instcombine', '--simplifycfg', '--sroa', '--mem2reg', '--gvn-hoist', '--sccp', '--early-cse', '--lower-constant-intrinsics', '--adce', '--gvn-hoist', '--adce', '--lower-constant-intrinsics', '--dse', '--newgvn', '--simplifycfg', '--lower-expect', '--simplifycfg', '--gvn-hoist', '--instcombine', '--globalopt', '--elim-avail-extern', '--gvn', '--jump-threading', '--ipsccp', '--gvn', '--nary-reassociate', '--lower-constant-intrinsics', '--loop-instsimplify', '--early-cse', '--mem2reg', '--jump-threading', '--slp-vectorizer', '--instcombine', '--simplifycfg', '--sroa', '--lower-constant-intrinsics', '--early-cse', '--lower-expect', '--sroa', '--sroa', '--lower-expect', '--globalopt', '--elim-avail-extern', '--lower-expect']",76,-5.2347778782921415,0.0,-2.5480610081341073,0.0,1,-5.2347778782921415,-2.5480610081341073,0.0,-86.29441624365482,15.590262398386198,11.76470588235294,34
2623,"['--ipsccp', '--speculative-execution', '--sccp', '--early-cse', '--early-cse', '--mem2reg', '--jump-threading', '--loop-unswitch', '--globalopt', '--elim-avail-extern', '--bdce', '--instcombine', '--loop-instsimplify', '--jump-threading', '--gvn', '--simplifycfg', '--instsimplify', '--inline', '--mergefunc', '--gvn-hoist', '--instcombine', '--globalopt', '--elim-avail-extern', '--loweratomic', '--indvars', '--indvars', '--gvn', '--ipsccp', '--gvn', '--nary-reassociate', '--adce', '--early-cse', '--mem2reg', '--jump-threading', '--globalopt', '--elim-avail-extern', '--instcombine', '--simplifycfg', '--sroa', '--mem2reg', '--globaldce', '--gvn-hoist', '--sccp', '--early-cse', '--lower-constant-intrinsics', '--adce', '--slsr', '--gvn-hoist', '--adce', '--loop-simplify', '--dse', '--scalarizer', '--adce', '--loop-simplify', '--dse', '--scalarizer', '--simplifycfg', '--mergereturn', '--lower-expect', '--nary-reassociate', '--lower-constant-intrinsics', '--ipsccp', '--loop-guard-widening', '--jump-threading', '--slp-vectorizer', '--instcombine', '--slp-vectorizer', '--instcombine', '--simplifycfg', '--sroa', '--early-cse', '--early-cse', '--lower-expect', '--aggressive-instcombine']",74,-5.363803399922155,0.0,-1.8822665483040772,0.0,1,-5.363803399922155,-1.8822665483040772,0.5620873773639496,-67.00507614213198,13.050446651646844,17.647058823529413,34
1076,"['--speculative-execution', '--sccp', '--early-cse', '--mem2reg', '--jump-threading', '--globalopt', '--elim-avail-extern', '--instcombine', '--adce', '--jump-threading', '--gvn', '--simplifycfg', '--instsimplify', '--inline', '--gvn-hoist', '--mergefunc', '--gvn-hoist', '--instcombine', '--globalopt', '--elim-avail-extern', '--indvars', '--gvn', '--ipsccp', '--gvn', '--nary-reassociate', '--lower-constant-intrinsics', '--loop-instsimplify', '--strip', '--mem2reg', '--jump-threading', '--globalopt', '--instcombine', '--simplifycfg', '--sroa', '--mem2reg', '--gvn-hoist', '--sccp', '--sccp', '--early-cse', '--lower-constant-intrinsics', '--adce', '--gvn-hoist', '--adce', '--loop-simplify', '--load-store-vectorizer', '--dse', '--loop-sink', '--newgvn', '--simplifycfg', '--lower-expect', '--simplifycfg', '--gvn-hoist', '--instcombine', '--globalopt', '--aggressive-instcombine', '--gvn', '--nary-reassociate', '--lower-constant-intrinsics', '--ipconstprop', '--early-cse', '--mem2reg', '--lower-expect', '--slp-vectorizer', '--early-cse', '--mem2reg', '--jump-threading', '--globalopt', '--slp-vectorizer', '--instcombine', '--simplifycfg', '--sroa', '--lower-constant-intrinsics', '--early-cse', '--lower-expect', '--lower-expect', '--elim-avail-extern', '--elim-avail-extern', '--lower-expect', '--slsr']",79,-5.399123268310133,0.0,-0.7051910393658147,0.0,1,-5.399123268310133,-0.7051910393658147,0.5008908414855473,-68.52791878172589,13.408182240798896,23.52941176470588,34
598,"['--ipsccp', '--speculative-execution', '--sccp', '--early-cse', '--mem2reg', '--jump-threading', '--globalopt', '--elim-avail-extern', '--instcombine', '--adce', '--jump-threading', '--gvn', '--simplifycfg', '--instsimplify', '--gvn-hoist', '--mergefunc', '--gvn-hoist', '--instcombine', '--globalopt', '--elim-avail-extern', '--indvars', '--gvn', '--gvn', '--ipsccp', '--gvn', '--nary-reassociate', '--lower-constant-intrinsics', '--loop-instsimplify', '--strip', '--mem2reg', '--jump-threading', '--globalopt', '--elim-avail-extern', '--instcombine', '--simplifycfg', '--sroa', '--mem2reg', '--gvn-hoist', '--sccp', '--early-cse', '--lower-constant-intrinsics', '--adce', '--gvn-hoist', '--adce', '--lower-constant-intrinsics', '--newgvn', '--simplifycfg', '--lower-expect', '--slsr', '--simplifycfg', '--gvn-hoist', '--instcombine', '--globalopt', '--elim-avail-extern', '--gvn', '--gvn', '--ipsccp', '--gvn', '--nary-reassociate', '--lower-constant-intrinsics', '--loop-instsimplify', '--early-cse', '--mem2reg', '--jump-threading', '--globalopt', '--instcombine', '--simplifycfg', '--sroa', '--lower-constant-intrinsics', '--early-cse', '--lower-expect', '--early-cse', '--sccp', '--sroa', '--lower-expect', '--elim-avail-extern', '--elim-avail-extern', '--lower-expect', '--slsr']",79,-5.403836827220086,0.0,-2.0489481431749588,0.0,1,-5.403836827220086,-2.0489481431749588,0.0,-69.54314720812182,12.200668963094559,17.647058823529413,34
512,"['--ipsccp', '--speculative-execution', '--sccp', '--early-cse', '--mem2reg', '--jump-threading', '--globalopt', '--elim-avail-extern', '--instcombine', '--adce', '--jump-threading', '--gvn', '--simplifycfg', '--instsimplify', '--gvn-hoist', '--mergefunc', '--gvn-hoist', '--instcombine', '--globalopt', '--elim-avail-extern', '--indvars', '--gvn', '--gvn', '--ipsccp', '--gvn', '--nary-reassociate', '--lower-constant-intrinsics', '--loop-instsimplify', '--strip', '--mem2reg', '--jump-threading', '--globalopt', '--elim-avail-extern', '--instcombine', '--simplifycfg', '--sroa', '--mem2reg', '--gvn-hoist', '--sccp', '--early-cse', '--lower-constant-intrinsics', '--adce', '--gvn-hoist', '--adce', '--lower-constant-intrinsics', '--newgvn', '--simplifycfg', '--lower-expect', '--simplifycfg', '--gvn-hoist', '--instcombine', '--globalopt', '--elim-avail-extern', '--gvn', '--gvn', '--ipsccp', '--gvn', '--nary-reassociate', '--lower-constant-intrinsics', '--loop-instsimplify', '--early-cse', '--mem2reg', '--jump-threading', '--globalopt', '--instcombine', '--simplifycfg', '--sroa', '--lower-constant-intrinsics', '--early-cse', '--lower-expect', '--early-cse', '--lower-expect', '--tailcallelim', '--sccp', '--sroa', '--lower-expect', '--globalopt', '--elim-avail-extern', '--lower-expect']",79,-5.412468756604175,0.0,-2.0610268966476006,0.0,1,-5.412468756604175,-2.0610268966476006,0.0,-69.54314720812182,12.19639760589063,17.647058823529413,34
543,"['--ipsccp', '--speculative-execution', '--sccp', '--early-cse', '--mem2reg', '--jump-threading', '--globalopt', '--elim-avail-extern', '--instcombine', '--adce', '--jump-threading', '--gvn', '--simplifycfg', '--instsimplify', '--gvn-hoist', '--mergefunc', '--gvn-hoist', '--instcombine', '--globalopt', '--elim-avail-extern', '--indvars', '--gvn', '--gvn', '--ipsccp', '--gvn', '--nary-reassociate', '--lower-constant-intrinsics', '--loop-instsimplify', '--strip', '--mem2reg', '--jump-threading', '--globalopt', '--elim-avail-extern', '--instcombine', '--simplifycfg', '--sroa', '--mem2reg', '--gvn-hoist', '--sccp', '--early-cse', '--lower-constant-intrinsics', '--adce', '--gvn-hoist', '--adce', '--lower-constant-intrinsics', '--newgvn', '--simplifycfg', '--lower-expect', '--simplifycfg', '--gvn-hoist', '--instcombine', '--globalopt', '--elim-avail-extern', '--gvn', '--gvn', '--ipsccp', '--gvn', '--nary-reassociate', '--lower-constant-intrinsics', '--loop-instsimplify', '--early-cse', '--mem2reg', '--jump-threading', '--globalopt', '--elim-avail-extern', '--instcombine', '--simplifycfg', '--sroa', '--lower-constant-intrinsics', '--early-cse', '--early-cse', '--lower-expect', '--tailcallelim', '--sccp', '--sroa', '--lower-expect', '--globalopt', '--elim-avail-extern', '--lower-expect']",79,-5.412468756604175,0.0,-2.0610268966476006,0.0,1,-5.412468756604175,-2.0610268966476006,0.0,-69.54314720812182,12.19639760589063,17.647058823529413,34
456,"['--ipsccp', '--speculative-execution', '--sccp', '--early-cse', '--mem2reg', '--jump-threading', '--globalopt', '--elim-avail-extern', '--instcombine', '--adce', '--jump-threading', '--gvn', '--simplifycfg', '--instsimplify', '--gvn-hoist', '--mergefunc', '--gvn-hoist', '--instcombine', '--globalopt', '--elim-avail-extern', '--indvars', '--gvn', '--gvn', '--ipsccp', '--gvn', '--nary-reassociate', '--lower-constant-intrinsics', '--loop-instsimplify', '--strip', '--mem2reg', '--jump-threading', '--globalopt', '--elim-avail-extern', '--instcombine', '--simplifycfg', '--sroa', '--mem2reg', '--gvn-hoist', '--sccp', '--early-cse', '--lower-constant-intrinsics', '--adce', '--gvn-hoist', '--adce', '--lower-constant-intrinsics', '--newgvn', '--simplifycfg', '--lower-expect', '--simplifycfg', '--gvn-hoist', '--instcombine', '--globalopt', '--elim-avail-extern', '--gvn', '--gvn', '--ipsccp', '--gvn', '--nary-reassociate', '--lower-constant-intrinsics', '--loop-instsimplify', '--early-cse', '--mem2reg', '--jump-threading', '--globalopt', '--elim-avail-extern', '--instcombine', '--simplifycfg', '--sroa', '--lower-constant-intrinsics', '--early-cse', '--lower-expect', '--early-cse', '--lower-expect', '--tailcallelim', '--sccp', '--sroa', '--lower-expect', '--globalopt', '--elim-avail-extern', '--lower-expect']",80,-5.412468756604175,0.0,-2.0610268966476006,0.0,1,-5.412468756604175,-2.0610268966476006,0.0,-69.54314720812182,12.19639760589063,17.647058823529413,34
597,"['--ipsccp', '--speculative-execution', '--sccp', '--early-cse', '--mem2reg', '--jump-threading', '--globalopt', '--elim-avail-extern', '--instcombine', '--adce', '--jump-threading', '--gvn', '--simplifycfg', '--instsimplify', '--gvn-hoist', '--mergefunc', '--gvn-hoist', '--instcombine', '--globalopt', '--elim-avail-extern', '--indvars', '--gvn', '--gvn', '--ipsccp', '--gvn', '--nary-reassociate', '--lower-constant-intrinsics', '--loop-instsimplify', '--strip', '--mem2reg', '--jump-threading', '--globalopt', '--elim-avail-extern', '--gvn', '--simplifycfg', '--sroa', '--mem2reg', '--gvn-hoist', '--sccp', '--early-cse', '--lower-constant-intrinsics', '--adce', '--gvn-hoist', '--adce', '--lower-constant-intrinsics', '--newgvn', '--simplifycfg', '--lower-expect', '--simplifycfg', '--gvn-hoist', '--instcombine', '--globalopt', '--elim-avail-extern', '--gvn', '--gvn', '--ipsccp', '--instcombine', '--nary-reassociate', '--lower-constant-intrinsics', '--loop-instsimplify', '--early-cse', '--mem2reg', '--jump-threading', '--globalopt', '--elim-avail-extern', '--instcombine', '--simplifycfg', '--sroa', '--lower-constant-intrinsics', '--early-cse', '--lower-expect', '--early-cse', '--lower-expect', '--tailcallelim', '--sccp', '--sroa', '--lower-expect', '--globalopt', '--elim-avail-extern', '--lower-expect']",80,-5.417568132173285,0.0,-2.0680296977680492,0.0,1,-5.417568132173285,-2.0680296977680492,0.0,-69.54314720812182,12.194870353178354,17.647058823529413,34
648,"['--ipsccp', '--lower-constant-intrinsics', '--sccp', '--early-cse', '--mem2reg', '--jump-threading', '--globalopt', '--elim-avail-extern', '--instcombine', '--instsimplify', '--jump-threading', '--gvn', '--simplifycfg', '--adce', '--gvn-hoist', '--mergefunc', '--gvn-hoist', '--instcombine', '--globalopt', '--elim-avail-extern', '--indvars', '--gvn', '--gvn', '--ipsccp', '--gvn', '--nary-reassociate', '--speculative-execution', '--loop-instsimplify', '--strip', '--mem2reg', '--jump-threading', '--globalopt', '--elim-avail-extern', '--instcombine', '--simplifycfg', '--sroa', '--mem2reg', '--gvn-hoist', '--sccp', '--early-cse', '--lower-constant-intrinsics', '--adce', '--gvn-hoist', '--adce', '--lower-constant-intrinsics', '--newgvn', '--simplifycfg', '--lower-expect', '--simplifycfg', '--gvn-hoist', '--instcombine', '--globalopt', '--elim-avail-extern', '--gvn', '--gvn', '--ipsccp', '--gvn', '--nary-reassociate', '--lower-constant-intrinsics', '--loop-instsimplify', '--early-cse', '--mem2reg', '--jump-threading', '--globalopt', '--elim-avail-extern', '--instcombine', '--memcpyopt', '--simplifycfg', '--sroa', '--lower-constant-intrinsics', '--early-cse', '--lower-expect', '--early-cse', '--lower-expect', '--tailcallelim', '--sccp', '--sroa', '--lower-expect', '--globalopt', '--elim-avail-extern', '--lower-expect']",81,-5.446794316668782,0.0,-2.10732685644237,0.0,1,-5.446794316668782,-2.10732685644237,0.0,-69.54314720812182,12.19240350807594,17.647058823529413,34
556,"['--ipsccp', '--lower-constant-intrinsics', '--sccp', '--early-cse', '--mem2reg', '--jump-threading', '--globalopt', '--elim-avail-extern', '--instcombine', '--instsimplify', '--jump-threading', '--gvn', '--simplifycfg', '--adce', '--gvn-hoist', '--mergefunc', '--gvn-hoist', '--instcombine', '--globalopt', '--elim-avail-extern', '--indvars', '--gvn', '--gvn', '--ipsccp', '--gvn', '--nary-reassociate', '--speculative-execution', '--loop-instsimplify', '--strip', '--mem2reg', '--jump-threading', '--globalopt', '--elim-avail-extern', '--instcombine', '--simplifycfg', '--sroa', '--mem2reg', '--gvn-hoist', '--sccp', '--early-cse', '--lower-constant-intrinsics', '--adce', '--gvn-hoist', '--adce', '--lower-constant-intrinsics', '--newgvn', '--simplifycfg', '--lower-expect', '--simplifycfg', '--gvn-hoist', '--instcombine', '--globalopt', '--elim-avail-extern', '--gvn', '--gvn', '--ipsccp', '--gvn', '--nary-reassociate', '--lower-constant-intrinsics', '--loop-instsimplify', '--early-cse', '--mem2reg', '--jump-threading', '--globalopt', '--elim-avail-extern', '--instcombine', '--simplifycfg', '--sroa', '--lower-constant-intrinsics', '--early-cse', '--lower-expect', '--early-cse', '--lower-expect', '--tailcallelim', '--sccp', '--sroa', '--lower-expect', '--globalopt', '--elim-avail-extern', '--lower-expect']",80,-5.446794316668782,0.0,-2.10732685644237,0.0,1,-5.446794316668782,-2.10732685644237,0.0,-69.54314720812182,12.19240350807594,17.647058823529413,34
626,"['--ipsccp', '--lower-constant-intrinsics', '--sccp', '--early-cse', '--mem2reg', '--jump-threading', '--globalopt', '--elim-avail-extern', '--instcombine', '--instsimplify', '--jump-threading', '--gvn', '--simplifycfg', '--adce', '--gvn-hoist', '--mergefunc', '--gvn-hoist', '--instcombine', '--globalopt', '--elim-avail-extern', '--indvars', '--gvn', '--gvn', '--ipsccp', '--gvn', '--nary-reassociate', '--speculative-execution', '--loop-instsimplify', '--strip', '--mem2reg', '--jump-threading', '--globalopt', '--elim-avail-extern', '--instcombine', '--simplifycfg', '--sroa', '--mem2reg', '--gvn-hoist', '--sccp', '--early-cse', '--lower-constant-intrinsics', '--adce', '--gvn-hoist', '--early-cse', '--lower-constant-intrinsics', '--newgvn', '--simplifycfg', '--lower-expect', '--simplifycfg', '--gvn-hoist', '--instcombine', '--globalopt', '--elim-avail-extern', '--gvn', '--gvn', '--ipsccp', '--gvn', '--nary-reassociate', '--lower-constant-intrinsics', '--loop-instsimplify', '--adce', '--mem2reg', '--jump-threading', '--globalopt', '--elim-avail-extern', '--instcombine', '--simplifycfg', '--sroa', '--lower-constant-intrinsics', '--early-cse', '--lower-expect', '--early-cse', '--lower-expect', '--tailcallelim', '--sccp', '--sroa', '--lower-expect', '--globalopt', '--elim-avail-extern', '--lower-expect']",80,-5.446794316668782,0.0,-2.10732685644237,0.0,1,-5.446794316668782,-2.10732685644237,0.0,-69.54314720812182,12.19240350807594,17.647058823529413,34
562,"['--ipsccp', '--speculative-execution', '--mem2reg', '--sccp', '--early-cse', '--mem2reg', '--jump-threading', '--loop-simplifycfg', '--elim-avail-extern', '--instcombine', '--instsimplify', '--jump-threading', '--gvn', '--simplifycfg', '--adce', '--gvn-hoist', '--mergefunc', '--gvn-hoist', '--instcombine', '--globalopt', '--gvn', '--gvn', '--ipsccp', '--gvn', '--nary-reassociate', '--lower-constant-intrinsics', '--loop-instsimplify', '--early-cse', '--mem2reg', '--jump-threading', '--globalopt', '--elim-avail-extern', '--instcombine', '--sroa', '--mem2reg', '--gvn-hoist', '--sccp', '--early-cse', '--lower-constant-intrinsics', '--adce', '--gvn-hoist', '--adce', '--lower-constant-intrinsics', '--newgvn', '--simplifycfg', '--simplifycfg', '--gvn-hoist', '--slp-vectorizer', '--globalopt', '--elim-avail-extern', '--gvn', '--gvn', '--ipsccp', '--gvn', '--nary-reassociate', '--lower-constant-intrinsics', '--loop-instsimplify', '--early-cse', '--mem2reg', '--jump-threading', '--globalopt', '--elim-avail-extern', '--instcombine', '--simplifycfg', '--sroa', '--lower-constant-intrinsics', '--early-cse', '--lower-expect', '--sroa', '--sccp', '--sroa', '--lower-expect', '--elim-avail-extern', '--elim-avail-extern', '--lower-expect', '--slsr']",76,-5.450472277278659,0.0,-2.336690228296383,0.0,1,-5.450472277278659,-2.336690228296383,0.0,-86.29441624365482,14.920722531151952,14.705882352941178,34
579,"['--ipsccp', '--speculative-execution', '--mem2reg', '--sccp', '--early-cse', '--mem2reg', '--jump-threading', '--loop-simplifycfg', '--elim-avail-extern', '--instcombine', '--instsimplify', '--jump-threading', '--gvn', '--simplifycfg', '--adce', '--gvn-hoist', '--mergefunc', '--gvn-hoist', '--instcombine', '--globalopt', '--gvn', '--gvn', '--ipsccp', '--gvn', '--nary-reassociate', '--lower-constant-intrinsics', '--loop-instsimplify', '--early-cse', '--mem2reg', '--jump-threading', '--globalopt', '--elim-avail-extern', '--instcombine', '--simplifycfg', '--sroa', '--mem2reg', '--gvn-hoist', '--sccp', '--early-cse', '--lower-constant-intrinsics', '--adce', '--gvn-hoist', '--adce', '--lower-constant-intrinsics', '--newgvn', '--simplifycfg', '--simplifycfg', '--gvn-hoist', '--slp-vectorizer', '--globalopt', '--elim-avail-extern', '--gvn', '--gvn', '--ipsccp', '--gvn', '--nary-reassociate', '--lower-constant-intrinsics', '--loop-instsimplify', '--early-cse', '--mem2reg', '--jump-threading', '--globalopt', '--elim-avail-extern', '--instcombine', '--simplifycfg', '--lower-constant-intrinsics', '--early-cse', '--lower-expect', '--sroa', '--sccp', '--sroa', '--lower-expect', '--elim-avail-extern', '--elim-avail-extern', '--lower-expect', '--slsr']",76,-5.450472277278659,0.0,-2.336690228296383,0.0,1,-5.450472277278659,-2.336690228296383,0.0,-86.29441624365482,14.920722531151952,14.705882352941178,34
603,"['--ipsccp', '--speculative-execution', '--mem2reg', '--sccp', '--early-cse', '--mem2reg', '--jump-threading', '--loop-simplifycfg', '--elim-avail-extern', '--instcombine', '--instsimplify', '--jump-threading', '--gvn', '--simplifycfg', '--adce', '--gvn-hoist', '--mergefunc', '--gvn-hoist', '--hotcoldsplit', '--instcombine', '--globalopt', '--gvn', '--gvn', '--ipsccp', '--gvn', '--elim-avail-extern', '--lower-constant-intrinsics', '--loop-instsimplify', '--early-cse', '--mem2reg', '--jump-threading', '--globalopt', '--elim-avail-extern', '--instcombine', '--simplifycfg', '--sroa', '--mem2reg', '--gvn-hoist', '--sccp', '--early-cse', '--lower-constant-intrinsics', '--adce', '--gvn-hoist', '--adce', '--lower-constant-intrinsics', '--newgvn', '--simplifycfg', '--lower-expect', '--gvn-hoist', '--slp-vectorizer', '--globalopt', '--elim-avail-extern', '--gvn', '--gvn', '--ipsccp', '--gvn', '--nary-reassociate', '--lower-constant-intrinsics', '--loop-instsimplify', '--early-cse', '--mem2reg', '--jump-threading', '--globalopt', '--nary-reassociate', '--instcombine', '--simplifycfg', '--sroa', '--lower-constant-intrinsics', '--early-cse', '--lower-expect', '--sroa', '--sccp', '--sroa', '--lower-expect', '--elim-avail-extern', '--elim-avail-extern', '--lower-expect', '--slsr']",78,-5.450472277278659,0.0,-2.336690228296383,0.0,1,-5.450472277278659,-2.336690228296383,0.0,-86.29441624365482,14.920722531151952,14.705882352941178,34
646,"['--ipsccp', '--speculative-execution', '--mem2reg', '--sccp', '--early-cse', '--mem2reg', '--jump-threading', '--loop-simplifycfg', '--elim-avail-extern', '--instcombine', '--instsimplify', '--jump-threading', '--gvn', '--simplifycfg', '--adce', '--gvn-hoist', '--mergefunc', '--gvn-hoist', '--hotcoldsplit', '--globalopt', '--ipsccp', '--gvn', '--ipsccp', '--gvn', '--nary-reassociate', '--lower-constant-intrinsics', '--loop-instsimplify', '--early-cse', '--mem2reg', '--jump-threading', '--globalopt', '--elim-avail-extern', '--instcombine', '--simplifycfg', '--sroa', '--mem2reg', '--gvn-hoist', '--sccp', '--early-cse', '--lower-constant-intrinsics', '--adce', '--gvn-hoist', '--adce', '--lower-constant-intrinsics', '--newgvn', '--simplifycfg', '--lower-expect', '--simplifycfg', '--gvn-hoist', '--slp-vectorizer', '--globalopt', '--elim-avail-extern', '--gvn', '--gvn', '--gvn', '--gvn', '--nary-reassociate', '--lower-constant-intrinsics', '--loop-instsimplify', '--early-cse', '--mem2reg', '--jump-threading', '--globalopt', '--instcombine', '--instcombine', '--simplifycfg', '--sroa', '--lower-constant-intrinsics', '--early-cse', '--lower-expect', '--sroa', '--sroa', '--lower-expect', '--globalopt', '--lower-expect']",75,-5.459158794752134,0.0,-2.3487689817690245,0.0,1,-5.459158794752134,-2.3487689817690245,0.0,-86.29441624365482,14.91699705484189,14.705882352941178,34
577,"['--ipsccp', '--speculative-execution', '--mem2reg', '--sccp', '--early-cse', '--mem2reg', '--jump-threading', '--loop-simplifycfg', '--elim-avail-extern', '--instcombine', '--instsimplify', '--jump-threading', '--gvn', '--simplifycfg', '--adce', '--gvn-hoist', '--mergefunc', '--gvn-hoist', '--instcombine', '--globalopt', '--gvn', '--gvn', '--ipsccp', '--gvn', '--nary-reassociate', '--lower-constant-intrinsics', '--loop-instsimplify', '--early-cse', '--mem2reg', '--jump-threading', '--globalopt', '--elim-avail-extern', '--instcombine', '--simplifycfg', '--sroa', '--mem2reg', '--gvn-hoist', '--sccp', '--early-cse', '--lower-constant-intrinsics', '--adce', '--gvn-hoist', '--adce', '--lower-constant-intrinsics', '--newgvn', '--simplifycfg', '--lower-expect', '--simplifycfg', '--gvn-hoist', '--slp-vectorizer', '--globalopt', '--elim-avail-extern', '--gvn', '--gvn', '--ipsccp', '--gvn', '--nary-reassociate', '--lower-constant-intrinsics', '--loop-instsimplify', '--early-cse', '--early-cse', '--mem2reg', '--jump-threading', '--globalopt', '--loop-simplifycfg', '--instcombine', '--simplifycfg', '--sroa', '--lower-constant-intrinsics', '--early-cse', '--lower-expect', '--sroa', '--sroa', '--lower-expect', '--globalopt', '--elim-avail-extern', '--lower-expect']",77,-5.459158794752134,0.0,-2.3487689817690245,0.0,1,-5.459158794752134,-2.3487689817690245,0.0,-86.29441624365482,14.91699705484189,14.705882352941178,34
510,"['--ipsccp', '--speculative-execution', '--mem2reg', '--sccp', '--early-cse', '--mem2reg', '--jump-threading', '--loop-simplifycfg', '--elim-avail-extern', '--instcombine', '--instsimplify', '--jump-threading', '--gvn', '--simplifycfg', '--adce', '--gvn-hoist', '--mergefunc', '--gvn-hoist', '--instcombine', '--globalopt', '--gvn', '--gvn', '--ipsccp', '--gvn', '--nary-reassociate', '--lower-constant-intrinsics', '--loop-instsimplify', '--early-cse', '--mem2reg', '--jump-threading', '--globalopt', '--elim-avail-extern', '--instcombine', '--simplifycfg', '--sroa', '--mem2reg', '--gvn-hoist', '--sccp', '--early-cse', '--lower-constant-intrinsics', '--adce', '--gvn-hoist', '--adce', '--lower-constant-intrinsics', '--newgvn', '--simplifycfg', '--lower-expect', '--simplifycfg', '--gvn-hoist', '--slp-vectorizer', '--globalopt', '--elim-avail-extern', '--gvn', '--gvn', '--ipsccp', '--gvn', '--nary-reassociate', '--lower-constant-intrinsics', '--loop-instsimplify', '--early-cse', '--mem2reg', '--jump-threading', '--globalopt', '--instcombine', '--instcombine', '--simplifycfg', '--sroa', '--lower-constant-intrinsics', '--lower-expect', '--sroa', '--sroa', '--lower-expect', '--globalopt', '--elim-avail-extern', '--lower-expect']",75,-5.459158794752134,0.0,-2.3487689817690245,0.0,1,-5.459158794752134,-2.3487689817690245,0.0,-86.29441624365482,14.91699705484189,14.705882352941178,34
561,"['--ipsccp', '--speculative-execution', '--mem2reg', '--sccp', '--early-cse', '--mem2reg', '--jump-threading', '--loop-simplifycfg', '--elim-avail-extern', '--instcombine', '--instsimplify', '--jump-threading', '--gvn', '--simplifycfg', '--adce', '--gvn-hoist', '--mergefunc', '--gvn-hoist', '--hotcoldsplit', '--instcombine', '--globalopt', '--gvn', '--gvn', '--ipsccp', '--gvn', '--nary-reassociate', '--lower-constant-intrinsics', '--loop-instsimplify', '--early-cse', '--mem2reg', '--jump-threading', '--globalopt', '--elim-avail-extern', '--instcombine', '--simplifycfg', '--sroa', '--mem2reg', '--gvn-hoist', '--sccp', '--early-cse', '--lower-constant-intrinsics', '--adce', '--gvn-hoist', '--adce', '--lower-constant-intrinsics', '--newgvn', '--simplifycfg', '--lower-expect', '--gvn-hoist', '--slp-vectorizer', '--globalopt', '--elim-avail-extern', '--gvn', '--gvn', '--ipsccp', '--gvn', '--nary-reassociate', '--lower-constant-intrinsics', '--loop-instsimplify', '--early-cse', '--mem2reg', '--jump-threading', '--globalopt', '--instcombine', '--instcombine', '--simplifycfg', '--sroa', '--lower-constant-intrinsics', '--early-cse', '--lower-expect', '--sroa', '--sroa', '--lower-expect', '--globalopt', '--elim-avail-extern', '--lower-expect']",76,-5.459158794752134,0.0,-2.3487689817690245,0.0,1,-5.459158794752134,-2.3487689817690245,0.0,-86.29441624365482,14.91699705484189,14.705882352941178,34
520,"['--ipsccp', '--speculative-execution', '--mem2reg', '--sccp', '--early-cse', '--mem2reg', '--jump-threading', '--loop-simplifycfg', '--elim-avail-extern', '--instcombine', '--instsimplify', '--jump-threading', '--gvn', '--simplifycfg', '--adce', '--gvn-hoist', '--mergefunc', '--gvn-hoist', '--instcombine', '--globalopt', '--gvn', '--gvn', '--ipsccp', '--gvn', '--nary-reassociate', '--lower-constant-intrinsics', '--loop-instsimplify', '--early-cse', '--mem2reg', '--jump-threading', '--globalopt', '--elim-avail-extern', '--instcombine', '--simplifycfg', '--sroa', '--mem2reg', '--gvn-hoist', '--sccp', '--early-cse', '--lower-constant-intrinsics', '--adce', '--gvn-hoist', '--adce', '--lower-constant-intrinsics', '--newgvn', '--simplifycfg', '--lower-expect', '--simplifycfg', '--gvn-hoist', '--slp-vectorizer', '--globalopt', '--elim-avail-extern', '--gvn', '--gvn', '--ipsccp', '--gvn', '--nary-reassociate', '--lower-constant-intrinsics', '--loop-instsimplify', '--early-cse', '--mem2reg', '--jump-threading', '--globalopt', '--instcombine', '--instcombine', '--simplifycfg', '--sroa', '--lower-constant-intrinsics', '--early-cse', '--sroa', '--sroa', '--lower-expect', '--globalopt', '--elim-avail-extern', '--lower-expect']",75,-5.459158794752134,0.0,-2.3487689817690245,0.0,1,-5.459158794752134,-2.3487689817690245,0.0,-86.29441624365482,14.91699705484189,14.705882352941178,34
521,"['--ipsccp', '--speculative-execution', '--mem2reg', '--sccp', '--early-cse', '--mem2reg', '--jump-threading', '--loop-simplifycfg', '--elim-avail-extern', '--instcombine', '--instsimplify', '--jump-threading', '--gvn', '--simplifycfg', '--adce', '--gvn-hoist', '--mergefunc', '--gvn-hoist', '--hotcoldsplit', '--instcombine', '--globalopt', '--gvn', '--gvn', '--ipsccp', '--gvn', '--nary-reassociate', '--lower-constant-intrinsics', '--loop-instsimplify', '--early-cse', '--mem2reg', '--jump-threading', '--globalopt', '--elim-avail-extern', '--instcombine', '--simplifycfg', '--sroa', '--mem2reg', '--gvn-hoist', '--sccp', '--early-cse', '--lower-constant-intrinsics', '--adce', '--gvn-hoist', '--adce', '--lower-constant-intrinsics', '--newgvn', '--simplifycfg', '--lower-expect', '--simplifycfg', '--gvn-hoist', '--slp-vectorizer', '--globalopt', '--elim-avail-extern', '--gvn', '--gvn', '--ipsccp', '--gvn', '--nary-reassociate', '--lower-constant-intrinsics', '--loop-instsimplify', '--early-cse', '--mem2reg', '--jump-threading', '--globalopt', '--instcombine', '--instcombine', '--simplifycfg', '--sroa', '--lower-constant-intrinsics', '--early-cse', '--lower-expect', '--sroa', '--sroa', '--lower-expect', '--globalopt', '--elim-avail-extern', '--lower-expect']",77,-5.459158794752134,0.0,-2.3487689817690245,0.0,1,-5.459158794752134,-2.3487689817690245,0.0,-86.29441624365482,14.91699705484189,14.705882352941178,34
602,"['--ipsccp', '--speculative-execution', '--mem2reg', '--sccp', '--early-cse', '--mem2reg', '--jump-threading', '--loop-simplifycfg', '--elim-avail-extern', '--instcombine', '--instsimplify', '--jump-threading', '--gvn', '--simplifycfg', '--adce', '--gvn-hoist', '--mergefunc', '--gvn-hoist', '--instcombine', '--globalopt', '--gvn', '--gvn', '--ipsccp', '--gvn', '--nary-reassociate', '--lower-constant-intrinsics', '--loop-instsimplify', '--early-cse', '--mem2reg', '--jump-threading', '--globalopt', '--elim-avail-extern', '--instcombine', '--simplifycfg', '--sroa', '--mem2reg', '--gvn-hoist', '--sccp', '--early-cse', '--lower-constant-intrinsics', '--adce', '--gvn-hoist', '--adce', '--lower-constant-intrinsics', '--newgvn', '--simplifycfg', '--lower-expect', '--simplifycfg', '--gvn-hoist', '--slp-vectorizer', '--globalopt', '--elim-avail-extern', '--gvn', '--gvn', '--ipsccp', '--gvn', '--gvn', '--nary-reassociate', '--lower-constant-intrinsics', '--loop-instsimplify', '--early-cse', '--mem2reg', '--jump-threading', '--slp-vectorizer', '--instcombine', '--simplifycfg', '--sroa', '--lower-constant-intrinsics', '--early-cse', '--lower-expect', '--sroa', '--sroa', '--lower-expect', '--globalopt', '--elim-avail-extern', '--lower-expect']",76,-5.459158794752134,0.0,-2.3487689817690245,0.0,1,-5.459158794752134,-2.3487689817690245,0.0,-86.29441624365482,14.91699705484189,14.705882352941178,34
568,"['--ipsccp', '--speculative-execution', '--mem2reg', '--sccp', '--early-cse', '--mem2reg', '--jump-threading', '--loop-simplifycfg', '--elim-avail-extern', '--instcombine', '--instsimplify', '--jump-threading', '--gvn', '--simplifycfg', '--adce', '--gvn-hoist', '--mergefunc', '--gvn-hoist', '--hotcoldsplit', '--instcombine', '--globalopt', '--ipsccp', '--gvn', '--ipsccp', '--gvn', '--nary-reassociate', '--lower-constant-intrinsics', '--loop-instsimplify', '--early-cse', '--mem2reg', '--jump-threading', '--globalopt', '--elim-avail-extern', '--instcombine', '--simplifycfg', '--sroa', '--mem2reg', '--gvn-hoist', '--sccp', '--early-cse', '--lower-constant-intrinsics', '--adce', '--gvn-hoist', '--adce', '--lower-constant-intrinsics', '--newgvn', '--simplifycfg', '--lower-expect', '--simplifycfg', '--gvn-hoist', '--slp-vectorizer', '--globalopt', '--elim-avail-extern', '--gvn', '--gvn', '--gvn', '--gvn', '--nary-reassociate', '--lower-constant-intrinsics', '--loop-instsimplify', '--early-cse', '--mem2reg', '--jump-threading', '--globalopt', '--instcombine', '--instcombine', '--simplifycfg', '--sroa', '--lower-constant-intrinsics', '--early-cse', '--lower-expect', '--sroa', '--sroa', '--lower-expect', '--globalopt', '--elim-avail-extern', '--lower-expect']",77,-5.459158794752134,0.0,-2.3487689817690245,0.0,1,-5.459158794752134,-2.3487689817690245,0.0,-86.29441624365482,14.91699705484189,14.705882352941178,34
574,"['--mem2reg', '--speculative-execution', '--mem2reg', '--sccp', '--early-cse', '--mem2reg', '--jump-threading', '--loop-simplifycfg', '--elim-avail-extern', '--instcombine', '--instsimplify', '--jump-threading', '--gvn', '--simplifycfg', '--adce', '--gvn-hoist', '--mergefunc', '--gvn-hoist', '--instcombine', '--globalopt', '--gvn', '--gvn', '--ipsccp', '--gvn', '--nary-reassociate', '--lower-constant-intrinsics', '--loop-instsimplify', '--early-cse', '--mem2reg', '--jump-threading', '--globalopt', '--elim-avail-extern', '--instcombine', '--simplifycfg', '--sroa', '--mem2reg', '--gvn-hoist', '--sccp', '--early-cse', '--lower-constant-intrinsics', '--adce', '--gvn-hoist', '--adce', '--lower-constant-intrinsics', '--newgvn', '--simplifycfg', '--lower-expect', '--simplifycfg', '--gvn-hoist', '--slp-vectorizer', '--globalopt', '--elim-avail-extern', '--gvn', '--gvn', '--ipsccp', '--gvn', '--nary-reassociate', '--lower-constant-intrinsics', '--loop-instsimplify', '--early-cse', '--ipsccp', '--jump-threading', '--globalopt', '--instcombine', '--instcombine', '--simplifycfg', '--sroa', '--lower-constant-intrinsics', '--early-cse', '--lower-expect', '--sroa', '--lower-expect', '--sroa', '--sccp', '--sroa', '--lower-expect', '--globalopt', '--elim-avail-extern', '--lower-expect']",79,-5.459158794752134,0.0,-2.3487689817690245,0.0,1,-5.459158794752134,-2.3487689817690245,0.0,-86.29441624365482,14.91699705484189,14.705882352941178,34
467,"['--ipsccp', '--speculative-execution', '--mem2reg', '--sccp', '--early-cse', '--mem2reg', '--jump-threading', '--loop-simplifycfg', '--elim-avail-extern', '--instcombine', '--instsimplify', '--jump-threading', '--gvn', '--simplifycfg', '--adce', '--gvn-hoist', '--mergefunc', '--gvn-hoist', '--instcombine', '--globalopt', '--gvn', '--gvn', '--ipsccp', '--gvn', '--nary-reassociate', '--lower-constant-intrinsics', '--loop-instsimplify', '--early-cse', '--mem2reg', '--jump-threading', '--globalopt', '--elim-avail-extern', '--instcombine', '--simplifycfg', '--sroa', '--mem2reg', '--gvn-hoist', '--sccp', '--early-cse', '--lower-constant-intrinsics', '--adce', '--gvn-hoist', '--adce', '--lower-constant-intrinsics', '--newgvn', '--simplifycfg', '--lower-expect', '--simplifycfg', '--gvn-hoist', '--slp-vectorizer', '--globalopt', '--elim-avail-extern', '--gvn', '--gvn', '--ipsccp', '--gvn', '--nary-reassociate', '--lower-constant-intrinsics', '--loop-instsimplify', '--early-cse', '--mem2reg', '--jump-threading', '--globalopt', '--instcombine', '--instcombine', '--simplifycfg', '--sroa', '--lower-constant-intrinsics', '--early-cse', '--lower-expect', '--sroa', '--sroa', '--lower-expect', '--globalopt', '--elim-avail-extern', '--lower-expect']",76,-5.459158794752134,0.0,-2.3487689817690245,0.0,1,-5.459158794752134,-2.3487689817690245,0.0,-86.29441624365482,14.91699705484189,14.705882352941178,34
545,"['--ipsccp', '--speculative-execution', '--sccp', '--early-cse', '--mem2reg', '--jump-threading', '--globalopt', '--elim-avail-extern', '--instcombine', '--instsimplify', '--jump-threading', '--gvn', '--simplifycfg', '--adce', '--gvn-hoist', '--mergefunc', '--gvn-hoist', '--instcombine', '--globalopt', '--elim-avail-extern', '--gvn', '--gvn', '--ipsccp', '--gvn', '--nary-reassociate', '--lower-constant-intrinsics', '--loop-instsimplify', '--early-cse', '--mem2reg', '--jump-threading', '--globalopt', '--elim-avail-extern', '--instcombine', '--simplifycfg', '--sroa', '--mem2reg', '--gvn-hoist', '--sccp', '--early-cse', '--lower-constant-intrinsics', '--adce', '--gvn-hoist', '--adce', '--lower-constant-intrinsics', '--newgvn', '--simplifycfg', '--lower-expect', '--simplifycfg', '--gvn-hoist', '--slp-vectorizer', '--globalopt', '--elim-avail-extern', '--gvn', '--gvn', '--loop-sink', '--gvn', '--nary-reassociate', '--lower-constant-intrinsics', '--loop-instsimplify', '--early-cse', '--mem2reg', '--jump-threading', '--globalopt', '--elim-avail-extern', '--instcombine', '--simplifycfg', '--sroa', '--lower-constant-intrinsics', '--early-cse', '--lower-expect', '--sroa', '--sccp', '--sroa', '--lower-expect', '--elim-avail-extern', '--elim-avail-extern', '--lower-expect', '--slsr']",78,-5.461814022358178,0.0,-2.352210948457799,0.0,1,-5.461814022358178,-2.352210948457799,0.0,-86.29441624365482,14.917734580736523,14.705882352941178,34
542,"['--ipsccp', '--speculative-execution', '--sccp', '--early-cse', '--mem2reg', '--jump-threading', '--globalopt', '--elim-avail-extern', '--instcombine', '--adce', '--jump-threading', '--gvn', '--simplifycfg', '--instsimplify', '--gvn-hoist', '--mergefunc', '--gvn-hoist', '--instcombine', '--globalopt', '--elim-avail-extern', '--gvn', '--gvn', '--ipsccp', '--gvn', '--nary-reassociate', '--lower-constant-intrinsics', '--loop-instsimplify', '--early-cse', '--mem2reg', '--jump-threading', '--globalopt', '--elim-avail-extern', '--instcombine', '--simplifycfg', '--sroa', '--mem2reg', '--gvn-hoist', '--sccp', '--early-cse', '--lower-constant-intrinsics', '--adce', '--gvn-hoist', '--adce', '--lower-constant-intrinsics', '--newgvn', '--simplifycfg', '--lower-expect', '--simplifycfg', '--gvn-hoist', '--slp-vectorizer', '--globalopt', '--elim-avail-extern', '--gvn', '--gvn', '--ipsccp', '--gvn', '--nary-reassociate', '--lower-constant-intrinsics', '--loop-instsimplify', '--early-cse', '--mem2reg', '--jump-threading', '--globalopt', '--elim-avail-extern', '--instcombine', '--simplifycfg', '--sroa', '--lower-constant-intrinsics', '--early-cse', '--lower-expect', '--sroa', '--sccp', '--sroa', '--lower-expect', '--elim-avail-extern', '--elim-avail-extern', '--lower-expect', '--slsr']",78,-5.461814022358178,0.0,-2.352210948457799,0.0,1,-5.461814022358178,-2.352210948457799,0.0,-86.29441624365482,14.917734580736523,14.705882352941178,34
502,"['--ipsccp', '--speculative-execution', '--sccp', '--early-cse', '--mem2reg', '--jump-threading', '--globalopt', '--elim-avail-extern', '--instcombine', '--instsimplify', '--jump-threading', '--gvn', '--simplifycfg', '--adce', '--gvn-hoist', '--mergefunc', '--gvn-hoist', '--instcombine', '--globalopt', '--elim-avail-extern', '--gvn', '--gvn', '--ipsccp', '--gvn', '--nary-reassociate', '--lower-constant-intrinsics', '--loop-instsimplify', '--early-cse', '--mem2reg', '--jump-threading', '--globalopt', '--elim-avail-extern', '--instcombine', '--simplifycfg', '--sroa', '--mem2reg', '--gvn-hoist', '--sccp', '--early-cse', '--lower-constant-intrinsics', '--adce', '--gvn-hoist', '--adce', '--lower-constant-intrinsics', '--newgvn', '--simplifycfg', '--simplifycfg', '--gvn-hoist', '--slp-vectorizer', '--globalopt', '--elim-avail-extern', '--gvn', '--gvn', '--ipsccp', '--gvn', '--nary-reassociate', '--lower-constant-intrinsics', '--loop-instsimplify', '--early-cse', '--mem2reg', '--jump-threading', '--globalopt', '--elim-avail-extern', '--instcombine', '--simplifycfg', '--sroa', '--lower-constant-intrinsics', '--early-cse', '--lower-expect', '--sroa', '--sccp', '--sroa', '--lower-expect', '--elim-avail-extern', '--elim-avail-extern', '--lower-expect', '--slsr']",77,-5.461814022358178,0.0,-2.352210948457799,0.0,1,-5.461814022358178,-2.352210948457799,0.0,-86.29441624365482,14.917734580736523,14.705882352941178,34
478,"['--ipsccp', '--speculative-execution', '--sccp', '--early-cse', '--mem2reg', '--jump-threading', '--globalopt', '--elim-avail-extern', '--instcombine', '--instsimplify', '--jump-threading', '--gvn', '--simplifycfg', '--adce', '--gvn-hoist', '--mergefunc', '--gvn-hoist', '--instcombine', '--globalopt', '--elim-avail-extern', '--gvn', '--gvn', '--ipsccp', '--gvn', '--nary-reassociate', '--lower-constant-intrinsics', '--loop-instsimplify', '--early-cse', '--mem2reg', '--jump-threading', '--globalopt', '--elim-avail-extern', '--instcombine', '--simplifycfg', '--sroa', '--mem2reg', '--gvn-hoist', '--sccp', '--early-cse', '--lower-constant-intrinsics', '--adce', '--gvn-hoist', '--adce', '--lower-constant-intrinsics', '--newgvn', '--simplifycfg', '--lower-expect', '--simplifycfg', '--gvn-hoist', '--slp-vectorizer', '--globalopt', '--elim-avail-extern', '--gvn', '--gvn', '--ipsccp', '--gvn', '--nary-reassociate', '--lower-constant-intrinsics', '--loop-instsimplify', '--early-cse', '--mem2reg', '--jump-threading', '--globalopt', '--elim-avail-extern', '--instcombine', '--simplifycfg', '--sroa', '--lower-constant-intrinsics', '--early-cse', '--lower-expect', '--sroa', '--sccp', '--sroa', '--lower-expect', '--elim-avail-extern', '--elim-avail-extern', '--lower-expect', '--slsr']",78,-5.461814022358178,0.0,-2.352210948457799,0.0,1,-5.461814022358178,-2.352210948457799,0.0,-86.29441624365482,14.917734580736523,14.705882352941178,34
583,"['--ipsccp', '--speculative-execution', '--sccp', '--early-cse', '--mem2reg', '--jump-threading', '--globalopt', '--elim-avail-extern', '--instcombine', '--adce', '--jump-threading', '--gvn', '--simplifycfg', '--instsimplify', '--mergefunc', '--gvn-hoist', '--instcombine', '--globalopt', '--elim-avail-extern', '--gvn', '--gvn', '--ipsccp', '--gvn', '--nary-reassociate', '--lower-constant-intrinsics', '--loop-instsimplify', '--early-cse', '--mem2reg', '--jump-threading', '--globalopt', '--elim-avail-extern', '--instcombine', '--simplifycfg', '--sroa', '--mem2reg', '--gvn-hoist', '--sccp', '--early-cse', '--lower-constant-intrinsics', '--adce', '--gvn-hoist', '--adce', '--lower-constant-intrinsics', '--newgvn', '--simplifycfg', '--lower-expect', '--simplifycfg', '--gvn-hoist', '--slp-vectorizer', '--globalopt', '--elim-avail-extern', '--gvn', '--gvn', '--ipsccp', '--gvn', '--nary-reassociate', '--lower-constant-intrinsics', '--loop-instsimplify', '--early-cse', '--mem2reg', '--jump-threading', '--globalopt', '--elim-avail-extern', '--instcombine', '--simplifycfg', '--sroa', '--lower-constant-intrinsics', '--early-cse', '--lower-expect', '--sroa', '--sccp', '--sroa', '--lower-expect', '--elim-avail-extern', '--elim-avail-extern', '--lower-expect', '--slsr']",77,-5.461814022358178,0.0,-2.352210948457799,0.0,1,-5.461814022358178,-2.352210948457799,0.0,-86.29441624365482,14.917734580736523,14.705882352941178,34
535,"['--loop-instsimplify', '--speculative-execution', '--sccp', '--early-cse', '--mem2reg', '--jump-threading', '--globalopt', '--elim-avail-extern', '--instcombine', '--adce', '--jump-threading', '--gvn', '--simplifycfg', '--instsimplify', '--gvn-hoist', '--mergefunc', '--gvn-hoist', '--instcombine', '--globalopt', '--elim-avail-extern', '--gvn', '--gvn', '--ipsccp', '--gvn', '--nary-reassociate', '--lower-constant-intrinsics', '--loop-instsimplify', '--strip', '--early-cse', '--mem2reg', '--jump-threading', '--globalopt', '--elim-avail-extern', '--instcombine', '--lower-expect', '--sroa', '--mem2reg', '--gvn-hoist', '--sccp', '--early-cse', '--lower-constant-intrinsics', '--adce', '--gvn-hoist', '--adce', '--lower-constant-intrinsics', '--newgvn', '--simplifycfg', '--simplifycfg', '--lowerinvoke', '--simplifycfg', '--gvn-hoist', '--instcombine', '--globalopt', '--elim-avail-extern', '--gvn', '--gvn', '--ipsccp', '--gvn', '--lower-constant-intrinsics', '--ipsccp', '--early-cse', '--mem2reg', '--jump-threading', '--globalopt', '--slp-vectorizer', '--instcombine', '--simplifycfg', '--sroa', '--lower-constant-intrinsics', '--early-cse', '--lower-expect', '--sroa', '--sroa', '--lower-expect', '--globalopt', '--elim-avail-extern', '--lower-expect']",77,-5.470499208180463,0.0,-2.3642897019304403,0.0,1,-5.470499208180463,-2.3642897019304403,0.0,-86.29441624365482,14.913995787914562,14.705882352941178,34
549,"['--ipsccp', '--speculative-execution', '--sccp', '--early-cse', '--mem2reg', '--jump-threading', '--globalopt', '--elim-avail-extern', '--instcombine', '--instsimplify', '--jump-threading', '--gvn', '--simplifycfg', '--adce', '--gvn-hoist', '--mergefunc', '--gvn-hoist', '--instcombine', '--globalopt', '--elim-avail-extern', '--gvn', '--gvn', '--ipsccp', '--gvn', '--nary-reassociate', '--lower-constant-intrinsics', '--loop-instsimplify', '--early-cse', '--mem2reg', '--jump-threading', '--globalopt', '--elim-avail-extern', '--instcombine', '--simplifycfg', '--sroa', '--mem2reg', '--gvn-hoist', '--sccp', '--early-cse', '--lower-constant-intrinsics', '--adce', '--gvn-hoist', '--adce', '--lower-constant-intrinsics', '--newgvn', '--simplifycfg', '--lower-expect', '--simplifycfg', '--gvn-hoist', '--slp-vectorizer', '--globalopt', '--elim-avail-extern', '--gvn', '--gvn', '--ipsccp', '--gvn', '--nary-reassociate', '--lower-constant-intrinsics', '--loop-instsimplify', '--early-cse', '--mem2reg', '--jump-threading', '--globalopt', '--instcombine', '--instcombine', '--simplifycfg', '--sroa', '--lower-constant-intrinsics', '--lower-expect', '--sroa', '--sroa', '--lower-expect', '--globalopt', '--elim-avail-extern', '--lower-expect']",75,-5.470499208180463,0.0,-2.3642897019304403,0.0,1,-5.470499208180463,-2.3642897019304403,0.0,-86.29441624365482,14.913995787914562,14.705882352941178,34
474,"['--ipsccp', '--speculative-execution', '--sccp', '--early-cse', '--mem2reg', '--jump-threading', '--globalopt', '--elim-avail-extern', '--instcombine', '--adce', '--jump-threading', '--gvn', '--simplifycfg', '--instsimplify', '--gvn-hoist', '--mergefunc', '--gvn-hoist', '--instcombine', '--globalopt', '--elim-avail-extern', '--sccp', '--gvn-hoist', '--simplifycfg', '--gvn', '--instcombine', '--mergereturn', '--correlated-propagation', '--loop-instsimplify', '--early-cse', '--mem2reg', '--jump-threading', '--globalopt', '--elim-avail-extern', '--instcombine', '--simplifycfg', '--sroa', '--mem2reg', '--gvn-hoist', '--sccp', '--sroa', '--adce', '--gvn-hoist', '--adce', '--lower-constant-intrinsics', '--newgvn', '--simplifycfg', '--lower-expect', '--simplifycfg', '--gvn-hoist', '--instcombine', '--elim-avail-extern', '--gvn', '--gvn', '--ipsccp', '--gvn', '--nary-reassociate', '--lower-constant-intrinsics', '--loop-instsimplify', '--early-cse', '--mem2reg', '--jump-threading', '--globalopt', '--slp-vectorizer', '--instcombine', '--simplifycfg', '--sroa', '--lower-constant-intrinsics', '--early-cse', '--lower-expect', '--lower-constant-intrinsics', '--sroa', '--lower-expect', '--globalopt', '--elim-avail-extern', '--lower-expect']",75,-5.470499208180463,0.0,-2.3642897019304403,0.0,1,-5.470499208180463,-2.3642897019304403,0.0,-86.29441624365482,14.913995787914562,14.705882352941178,34
580,"['--ipsccp', '--speculative-execution', '--sccp', '--early-cse', '--mem2reg', '--jump-threading', '--lower-constant-intrinsics', '--globalopt', '--elim-avail-extern', '--instcombine', '--instsimplify', '--jump-threading', '--gvn', '--simplifycfg', '--adce', '--gvn-hoist', '--mergefunc', '--instcombine', '--globalopt', '--elim-avail-extern', '--gvn', '--gvn', '--ipsccp', '--gvn', '--nary-reassociate', '--lower-constant-intrinsics', '--loop-instsimplify', '--strip', '--early-cse', '--mem2reg', '--jump-threading', '--globalopt', '--elim-avail-extern', '--instcombine', '--lower-expect', '--sroa', '--mem2reg', '--gvn-hoist', '--sccp', '--inferattrs', '--early-cse', '--lower-constant-intrinsics', '--adce', '--gvn-hoist', '--adce', '--lower-constant-intrinsics', '--newgvn', '--simplifycfg', '--simplifycfg', '--lowerinvoke', '--simplifycfg', '--gvn-hoist', '--instcombine', '--globalopt', '--elim-avail-extern', '--gvn', '--ipsccp', '--gvn', '--lower-constant-intrinsics', '--loop-instsimplify', '--early-cse', '--mem2reg', '--jump-threading', '--globalopt', '--slp-vectorizer', '--instcombine', '--simplifycfg', '--sroa', '--lower-constant-intrinsics', '--early-cse', '--lower-expect', '--sroa', '--sroa', '--lower-expect', '--globalopt', '--elim-avail-extern', '--lower-expect']",77,-5.470499208180463,0.0,-2.3642897019304403,0.0,1,-5.470499208180463,-2.3642897019304403,0.0,-86.29441624365482,14.913995787914562,14.705882352941178,34
505,"['--ipsccp', '--speculative-execution', '--sccp', '--early-cse', '--mem2reg', '--jump-threading', '--lower-constant-intrinsics', '--globalopt', '--elim-avail-extern', '--instcombine', '--instsimplify', '--jump-threading', '--gvn', '--simplifycfg', '--adce', '--gvn-hoist', '--mergefunc', '--instcombine', '--globalopt', '--elim-avail-extern', '--gvn', '--gvn', '--ipsccp', '--gvn', '--nary-reassociate', '--lower-constant-intrinsics', '--loop-instsimplify', '--strip', '--early-cse', '--mem2reg', '--jump-threading', '--globalopt', '--elim-avail-extern', '--instcombine', '--lower-expect', '--sroa', '--mem2reg', '--gvn-hoist', '--sccp', '--inferattrs', '--early-cse', '--lower-constant-intrinsics', '--adce', '--gvn-hoist', '--adce', '--lower-constant-intrinsics', '--newgvn', '--simplifycfg', '--simplifycfg', '--lowerinvoke', '--simplifycfg', '--gvn-hoist', '--instcombine', '--globalopt', '--elim-avail-extern', '--gvn', '--gvn', '--ipsccp', '--gvn', '--lower-constant-intrinsics', '--loop-instsimplify', '--early-cse', '--mem2reg', '--jump-threading', '--globalopt', '--slp-vectorizer', '--instcombine', '--simplifycfg', '--sroa', '--lower-constant-intrinsics', '--early-cse', '--lower-expect', '--sroa', '--sroa', '--lower-expect', '--globalopt', '--elim-avail-extern', '--lower-expect']",78,-5.470499208180463,0.0,-2.3642897019304403,0.0,1,-5.470499208180463,-2.3642897019304403,0.0,-86.29441624365482,14.913995787914562,14.705882352941178,34
504,"['--ipsccp', '--speculative-execution', '--sccp', '--early-cse', '--mem2reg', '--jump-threading', '--globalopt', '--elim-avail-extern', '--instcombine', '--adce', '--jump-threading', '--gvn', '--simplifycfg', '--instsimplify', '--gvn-hoist', '--mergefunc', '--gvn-hoist', '--instcombine', '--elim-avail-extern', '--elim-avail-extern', '--gvn', '--gvn', '--ipsccp', '--gvn', '--nary-reassociate', '--nary-reassociate', '--lower-constant-intrinsics', '--loop-instsimplify', '--early-cse', '--mem2reg', '--jump-threading', '--globalopt', '--elim-avail-extern', '--instcombine', '--simplifycfg', '--sroa', '--mem2reg', '--gvn-hoist', '--sccp', '--early-cse', '--lower-constant-intrinsics', '--adce', '--gvn-hoist', '--adce', '--lower-constant-intrinsics', '--newgvn', '--simplifycfg', '--lower-expect', '--simplifycfg', '--gvn-hoist', '--instcombine', '--globalopt', '--elim-avail-extern', '--mergefunc', '--gvn', '--ipsccp', '--gvn', '--nary-reassociate', '--lower-constant-intrinsics', '--loop-instsimplify', '--early-cse', '--mem2reg', '--jump-threading', '--globalopt', '--slp-vectorizer', '--instcombine', '--simplifycfg', '--sroa', '--lower-constant-intrinsics', '--early-cse', '--lower-expect', '--sroa', '--sroa', '--lower-expect', '--globalopt', '--elim-avail-extern', '--lower-expect']",77,-5.470499208180463,0.0,-2.3642897019304403,0.0,1,-5.470499208180463,-2.3642897019304403,0.0,-86.29441624365482,14.913995787914562,14.705882352941178,34
608,"['--ipsccp', '--speculative-execution', '--sccp', '--early-cse', '--mem2reg', '--jump-threading', '--globalopt', '--elim-avail-extern', '--instcombine', '--instsimplify', '--jump-threading', '--adce', '--gvn', '--simplifycfg', '--adce', '--gvn-hoist', '--mergefunc', '--gvn-hoist', '--instcombine', '--globalopt', '--elim-avail-extern', '--gvn', '--gvn', '--ipsccp', '--gvn', '--nary-reassociate', '--lower-constant-intrinsics', '--loop-instsimplify', '--early-cse', '--memcpyopt', '--jump-threading', '--globalopt', '--elim-avail-extern', '--instcombine', '--simplifycfg', '--sroa', '--mem2reg', '--gvn-hoist', '--sccp', '--early-cse', '--lower-constant-intrinsics', '--adce', '--gvn-hoist', '--adce', '--lower-constant-intrinsics', '--newgvn', '--simplifycfg', '--lower-expect', '--gvn-hoist', '--slp-vectorizer', '--globalopt', '--elim-avail-extern', '--gvn', '--gvn', '--ipsccp', '--gvn', '--nary-reassociate', '--lower-constant-intrinsics', '--early-cse', '--mem2reg', '--jump-threading', '--globalopt', '--instcombine', '--instcombine', '--simplifycfg', '--sroa', '--lower-constant-intrinsics', '--early-cse', '--lower-expect', '--sroa', '--lower-expect', '--sroa', '--sccp', '--sroa', '--lower-expect', '--globalopt', '--elim-avail-extern', '--lower-expect']",78,-5.470499208180463,0.0,-2.3642897019304403,0.0,1,-5.470499208180463,-2.3642897019304403,0.0,-86.29441624365482,14.913995787914562,14.705882352941178,34
500,"['--ipsccp', '--speculative-execution', '--sccp', '--early-cse', '--mem2reg', '--jump-threading', '--globalopt', '--elim-avail-extern', '--instcombine', '--instsimplify', '--jump-threading', '--gvn', '--simplifycfg', '--adce', '--gvn-hoist', '--mergefunc', '--gvn-hoist', '--instcombine', '--globalopt', '--elim-avail-extern', '--gvn', '--gvn', '--ipsccp', '--gvn', '--nary-reassociate', '--lower-constant-intrinsics', '--loop-instsimplify', '--early-cse', '--mem2reg', '--jump-threading', '--globalopt', '--elim-avail-extern', '--instcombine', '--simplifycfg', '--sroa', '--mem2reg', '--gvn-hoist', '--sccp', '--early-cse', '--lower-constant-intrinsics', '--adce', '--slp-vectorizer', '--adce', '--lower-constant-intrinsics', '--newgvn', '--simplifycfg', '--lower-expect', '--simplifycfg', '--gvn-hoist', '--slp-vectorizer', '--globalopt', '--elim-avail-extern', '--gvn', '--gvn', '--ipsccp', '--gvn', '--nary-reassociate', '--lower-constant-intrinsics', '--loop-instsimplify', '--early-cse', '--mem2reg', '--jump-threading', '--globalopt', '--instcombine', '--instcombine', '--simplifycfg', '--sroa', '--lower-constant-intrinsics', '--early-cse', '--early-cse', '--lower-expect', '--sroa', '--sroa', '--lower-expect', '--globalopt', '--elim-avail-extern', '--lower-expect']",77,-5.470499208180463,0.0,-2.3642897019304403,0.0,1,-5.470499208180463,-2.3642897019304403,0.0,-86.29441624365482,14.913995787914562,14.705882352941178,34
497,"['--ipsccp', '--speculative-execution', '--sccp', '--early-cse', '--mem2reg', '--jump-threading', '--globalopt', '--elim-avail-extern', '--instcombine', '--adce', '--jump-threading', '--gvn', '--simplifycfg', '--instsimplify', '--gvn-hoist', '--mergefunc', '--gvn-hoist', '--instcombine', '--globalopt', '--elim-avail-extern', '--gvn', '--gvn', '--ipsccp', '--gvn', '--nary-reassociate', '--lower-constant-intrinsics', '--loop-instsimplify', '--early-cse', '--mem2reg', '--jump-threading', '--globalopt', '--elim-avail-extern', '--instcombine', '--simplifycfg', '--sroa', '--mem2reg', '--separate-const-offset-from-gep', '--gvn-hoist', '--sccp', '--early-cse', '--adce', '--gvn-hoist', '--adce', '--newgvn', '--simplifycfg', '--newgvn', '--simplifycfg', '--lower-expect', '--simplifycfg', '--gvn-hoist', '--instcombine', '--elim-avail-extern', '--gvn', '--gvn', '--ipsccp', '--gvn', '--nary-reassociate', '--lower-constant-intrinsics', '--loop-instsimplify', '--early-cse', '--mem2reg', '--jump-threading', '--globalopt', '--slp-vectorizer', '--instcombine', '--simplifycfg', '--sroa', '--lower-constant-intrinsics', '--early-cse', '--lower-expect', '--sroa', '--sroa', '--lower-expect', '--globalopt', '--elim-avail-extern', '--lower-expect']",76,-5.470499208180463,0.0,-2.3642897019304403,0.0,1,-5.470499208180463,-2.3642897019304403,0.0,-86.29441624365482,14.913995787914562,14.705882352941178,34
548,"['--ipsccp', '--speculative-execution', '--sccp', '--early-cse', '--mem2reg', '--jump-threading', '--globalopt', '--elim-avail-extern', '--instsimplify', '--jump-threading', '--gvn', '--simplifycfg', '--adce', '--gvn-hoist', '--mergefunc', '--gvn-hoist', '--instcombine', '--globalopt', '--elim-avail-extern', '--gvn', '--gvn', '--ipsccp', '--gvn', '--nary-reassociate', '--lower-constant-intrinsics', '--loop-instsimplify', '--early-cse', '--mem2reg', '--jump-threading', '--globalopt', '--elim-avail-extern', '--instcombine', '--simplifycfg', '--sroa', '--mem2reg', '--gvn-hoist', '--sccp', '--early-cse', '--lower-constant-intrinsics', '--adce', '--slp-vectorizer', '--adce', '--lower-constant-intrinsics', '--newgvn', '--simplifycfg', '--lower-expect', '--simplifycfg', '--gvn-hoist', '--slp-vectorizer', '--globalopt', '--elim-avail-extern', '--gvn', '--gvn', '--ipsccp', '--gvn', '--nary-reassociate', '--lower-constant-intrinsics', '--loop-instsimplify', '--early-cse', '--mem2reg', '--jump-threading', '--globalopt', '--instcombine', '--instcombine', '--simplifycfg', '--sroa', '--lower-constant-intrinsics', '--early-cse', '--lower-expect', '--sroa', '--sroa', '--lower-expect', '--globalopt', '--elim-avail-extern', '--lower-expect']",75,-5.470499208180463,0.0,-2.3642897019304403,0.0,1,-5.470499208180463,-2.3642897019304403,0.0,-86.29441624365482,14.913995787914562,14.705882352941178,34
551,"['--ipsccp', '--speculative-execution', '--sccp', '--early-cse', '--mem2reg', '--jump-threading', '--globalopt', '--elim-avail-extern', '--instcombine', '--instsimplify', '--jump-threading', '--gvn', '--simplifycfg', '--adce', '--gvn-hoist', '--mergefunc', '--gvn-hoist', '--instcombine', '--globalopt', '--elim-avail-extern', '--gvn', '--gvn', '--ipsccp', '--gvn', '--nary-reassociate', '--lower-constant-intrinsics', '--loop-instsimplify', '--early-cse', '--mem2reg', '--jump-threading', '--globalopt', '--elim-avail-extern', '--instcombine', '--simplifycfg', '--globaldce', '--sroa', '--mem2reg', '--gvn-hoist', '--sccp', '--early-cse', '--lower-constant-intrinsics', '--adce', '--gvn-hoist', '--adce', '--lower-constant-intrinsics', '--newgvn', '--simplifycfg', '--lower-expect', '--simplifycfg', '--gvn-hoist', '--instcombine', '--globalopt', '--elim-avail-extern', '--gvn', '--gvn', '--ipsccp', '--gvn', '--nary-reassociate', '--lower-constant-intrinsics', '--loop-instsimplify', '--early-cse', '--mem2reg', '--globalopt', '--slp-vectorizer', '--instcombine', '--simplifycfg', '--sroa', '--lower-constant-intrinsics', '--early-cse', '--lower-expect', '--sroa', '--sroa', '--lower-expect', '--globalopt', '--elim-avail-extern', '--lower-expect']",76,-5.470499208180463,0.0,-2.3642897019304403,0.0,1,-5.470499208180463,-2.3642897019304403,0.0,-86.29441624365482,14.913995787914562,14.705882352941178,34
378,"['--ipsccp', '--speculative-execution', '--sccp', '--early-cse', '--mem2reg', '--jump-threading', '--globalopt', '--elim-avail-extern', '--instcombine', '--instsimplify', '--jump-threading', '--gvn', '--simplifycfg', '--adce', '--gvn-hoist', '--mergefunc', '--gvn-hoist', '--instcombine', '--globalopt', '--elim-avail-extern', '--gvn', '--gvn', '--ipsccp', '--gvn', '--nary-reassociate', '--lower-constant-intrinsics', '--loop-instsimplify', '--early-cse', '--mem2reg', '--jump-threading', '--globalopt', '--elim-avail-extern', '--instcombine', '--simplifycfg', '--sroa', '--mem2reg', '--gvn-hoist', '--sccp', '--early-cse', '--lower-constant-intrinsics', '--adce', '--gvn-hoist', '--adce', '--lower-constant-intrinsics', '--newgvn', '--simplifycfg', '--lower-expect', '--simplifycfg', '--gvn-hoist', '--instcombine', '--globalopt', '--elim-avail-extern', '--gvn', '--gvn', '--ipsccp', '--gvn', '--nary-reassociate', '--lower-constant-intrinsics', '--loop-instsimplify', '--early-cse', '--mem2reg', '--jump-threading', '--globalopt', '--slp-vectorizer', '--instcombine', '--simplifycfg', '--sroa', '--lower-constant-intrinsics', '--early-cse', '--lower-expect', '--sroa', '--sroa', '--lower-expect', '--globalopt', '--elim-avail-extern', '--lower-expect']",76,-5.470499208180463,0.0,-2.3642897019304403,0.0,1,-5.470499208180463,-2.3642897019304403,0.0,-86.29441624365482,14.913995787914562,14.705882352941178,34
601,"['--ipsccp', '--speculative-execution', '--sccp', '--early-cse', '--mem2reg', '--jump-threading', '--globalopt', '--elim-avail-extern', '--instcombine', '--instsimplify', '--jump-threading', '--gvn', '--simplifycfg', '--adce', '--gvn-hoist', '--mergefunc', '--gvn-hoist', '--instcombine', '--globalopt', '--elim-avail-extern', '--gvn', '--gvn', '--ipsccp', '--gvn', '--nary-reassociate', '--lower-constant-intrinsics', '--loop-instsimplify', '--early-cse', '--mem2reg', '--jump-threading', '--globalopt', '--loop-unroll', '--instcombine', '--simplifycfg', '--sroa', '--mem2reg', '--gvn-hoist', '--sccp', '--early-cse', '--lower-constant-intrinsics', '--adce', '--gvn-hoist', '--adce', '--lower-constant-intrinsics', '--newgvn', '--simplifycfg', '--lower-expect', '--simplifycfg', '--gvn-hoist', '--instcombine', '--loop-versioning-licm', '--elim-avail-extern', '--gvn', '--gvn', '--ipsccp', '--gvn', '--nary-reassociate', '--lower-constant-intrinsics', '--loop-instsimplify', '--early-cse', '--mem2reg', '--jump-threading', '--globalopt', '--slp-vectorizer', '--instcombine', '--simplifycfg', '--sroa', '--lower-constant-intrinsics', '--early-cse', '--lower-expect', '--sroa', '--sroa', '--lower-expect', '--globalopt', '--elim-avail-extern', '--lower-expect']",76,-5.470499208180463,0.0,-2.3642897019304403,0.0,1,-5.470499208180463,-2.3642897019304403,0.0,-86.29441624365482,14.913995787914562,14.705882352941178,34
495,"['--ipsccp', '--speculative-execution', '--sccp', '--early-cse', '--mem2reg', '--jump-threading', '--globalopt', '--elim-avail-extern', '--instcombine', '--adce', '--jump-threading', '--gvn', '--simplifycfg', '--instsimplify', '--gvn-hoist', '--mergefunc', '--gvn-hoist', '--instcombine', '--globalopt', '--elim-avail-extern', '--gvn', '--gvn', '--ipsccp', '--gvn', '--nary-reassociate', '--lower-constant-intrinsics', '--loop-instsimplify', '--strip', '--early-cse', '--mem2reg', '--jump-threading', '--globalopt', '--elim-avail-extern', '--instcombine', '--lower-expect', '--sroa', '--mem2reg', '--gvn-hoist', '--sccp', '--early-cse', '--lower-constant-intrinsics', '--adce', '--gvn-hoist', '--adce', '--lower-constant-intrinsics', '--newgvn', '--simplifycfg', '--simplifycfg', '--lowerinvoke', '--simplifycfg', '--gvn-hoist', '--instcombine', '--globalopt', '--elim-avail-extern', '--gvn', '--gvn', '--ipsccp', '--gvn', '--lower-constant-intrinsics', '--loop-instsimplify', '--early-cse', '--mem2reg', '--jump-threading', '--globalopt', '--slp-vectorizer', '--instcombine', '--simplifycfg', '--sroa', '--lower-constant-intrinsics', '--early-cse', '--lower-expect', '--sroa', '--sroa', '--lower-expect', '--globalopt', '--elim-avail-extern', '--lower-expect']",77,-5.470499208180463,0.0,-2.3642897019304403,0.0,1,-5.470499208180463,-2.3642897019304403,0.0,-86.29441624365482,14.913995787914562,14.705882352941178,34
553,"['--ipsccp', '--speculative-execution', '--sccp', '--early-cse', '--mem2reg', '--jump-threading', '--globalopt', '--elim-avail-extern', '--instcombine', '--instsimplify', '--jump-threading', '--gvn', '--simplifycfg', '--adce', '--gvn-hoist', '--mergefunc', '--gvn-hoist', '--instcombine', '--globalopt', '--elim-avail-extern', '--gvn', '--gvn', '--ipsccp', '--gvn', '--nary-reassociate', '--lower-constant-intrinsics', '--loop-instsimplify', '--early-cse', '--mem2reg', '--jump-threading', '--globalopt', '--elim-avail-extern', '--instcombine', '--instcombine', '--simplifycfg', '--sroa', '--mem2reg', '--gvn-hoist', '--sccp', '--early-cse', '--lower-constant-intrinsics', '--adce', '--gvn-hoist', '--adce', '--lower-constant-intrinsics', '--newgvn', '--simplifycfg', '--simplifycfg', '--gvn-hoist', '--instcombine', '--globalopt', '--elim-avail-extern', '--gvn', '--gvn', '--ipsccp', '--gvn', '--nary-reassociate', '--lower-constant-intrinsics', '--loop-instsimplify', '--early-cse', '--mem2reg', '--jump-threading', '--globalopt', '--slp-vectorizer', '--instcombine', '--simplifycfg', '--sroa', '--lower-constant-intrinsics', '--early-cse', '--separate-const-offset-from-gep', '--lower-expect', '--sroa', '--sroa', '--lower-expect', '--globalopt', '--elim-avail-extern', '--lower-expect']",77,-5.470499208180463,0.0,-2.3642897019304403,0.0,1,-5.470499208180463,-2.3642897019304403,0.0,-86.29441624365482,14.913995787914562,14.705882352941178,34
494,"['--ipsccp', '--speculative-execution', '--sccp', '--early-cse', '--mem2reg', '--jump-threading', '--globalopt', '--elim-avail-extern', '--instcombine', '--instsimplify', '--jump-threading', '--gvn', '--gvn-hoist', '--simplifycfg', '--adce', '--gvn-hoist', '--mergefunc', '--gvn-hoist', '--instcombine', '--globalopt', '--elim-avail-extern', '--gvn', '--gvn', '--ipsccp', '--gvn', '--nary-reassociate', '--lower-constant-intrinsics', '--loop-instsimplify', '--early-cse', '--mem2reg', '--jump-threading', '--globalopt', '--elim-avail-extern', '--instcombine', '--simplifycfg', '--sroa', '--mem2reg', '--gvn-hoist', '--sccp', '--early-cse', '--lower-constant-intrinsics', '--adce', '--gvn-hoist', '--adce', '--lower-constant-intrinsics', '--newgvn', '--simplifycfg', '--lower-expect', '--simplifycfg', '--simplifycfg', '--instcombine', '--globalopt', '--elim-avail-extern', '--gvn', '--gvn', '--ipsccp', '--gvn', '--nary-reassociate', '--lower-constant-intrinsics', '--loop-instsimplify', '--early-cse', '--mem2reg', '--jump-threading', '--globalopt', '--slp-vectorizer', '--instcombine', '--simplifycfg', '--sroa', '--lower-constant-intrinsics', '--early-cse', '--lower-expect', '--sroa', '--sroa', '--lower-expect', '--globalopt', '--elim-avail-extern', '--lower-expect']",77,-5.470499208180463,0.0,-2.3642897019304403,0.0,1,-5.470499208180463,-2.3642897019304403,0.0,-86.29441624365482,14.913995787914562,14.705882352941178,34
483,"['--ipsccp', '--speculative-execution', '--sccp', '--early-cse', '--mem2reg', '--jump-threading', '--globalopt', '--elim-avail-extern', '--instcombine', '--adce', '--jump-threading', '--gvn', '--simplifycfg', '--instsimplify', '--gvn-hoist', '--mergefunc', '--gvn-hoist', '--instcombine', '--elim-avail-extern', '--elim-avail-extern', '--gvn', '--gvn', '--ipsccp', '--gvn', '--nary-reassociate', '--nary-reassociate', '--lower-constant-intrinsics', '--loop-instsimplify', '--early-cse', '--mem2reg', '--jump-threading', '--globalopt', '--elim-avail-extern', '--instcombine', '--simplifycfg', '--sroa', '--mem2reg', '--gvn-hoist', '--sccp', '--early-cse', '--lower-constant-intrinsics', '--adce', '--gvn-hoist', '--adce', '--lower-constant-intrinsics', '--newgvn', '--simplifycfg', '--lower-expect', '--simplifycfg', '--gvn-hoist', '--instcombine', '--globalopt', '--elim-avail-extern', '--gvn', '--gvn', '--ipsccp', '--gvn', '--nary-reassociate', '--lower-constant-intrinsics', '--loop-instsimplify', '--early-cse', '--mem2reg', '--jump-threading', '--globalopt', '--slp-vectorizer', '--instcombine', '--simplifycfg', '--sroa', '--lower-constant-intrinsics', '--early-cse', '--lower-expect', '--sroa', '--sroa', '--lower-expect', '--globalopt', '--elim-avail-extern', '--lower-expect']",77,-5.470499208180463,0.0,-2.3642897019304403,0.0,1,-5.470499208180463,-2.3642897019304403,0.0,-86.29441624365482,14.913995787914562,14.705882352941178,34
490,"['--ipsccp', '--speculative-execution', '--sccp', '--early-cse', '--mem2reg', '--jump-threading', '--globalopt', '--elim-avail-extern', '--instcombine', '--instsimplify', '--jump-threading', '--gvn', '--simplifycfg', '--adce', '--gvn-hoist', '--mergefunc', '--loop-instsimplify', '--instcombine', '--globalopt', '--elim-avail-extern', '--gvn', '--gvn', '--ipsccp', '--gvn', '--nary-reassociate', '--lower-constant-intrinsics', '--loop-instsimplify', '--early-cse', '--mem2reg', '--jump-threading', '--globalopt', '--elim-avail-extern', '--instcombine', '--simplifycfg', '--sroa', '--mem2reg', '--gvn-hoist', '--sccp', '--early-cse', '--lower-constant-intrinsics', '--adce', '--gvn-hoist', '--adce', '--lower-constant-intrinsics', '--newgvn', '--simplifycfg', '--lower-expect', '--simplifycfg', '--gvn-hoist', '--instcombine', '--elim-avail-extern', '--gvn', '--gvn', '--ipsccp', '--gvn', '--nary-reassociate', '--lower-constant-intrinsics', '--loop-instsimplify', '--early-cse', '--mem2reg', '--jump-threading', '--globalopt', '--slp-vectorizer', '--instcombine', '--simplifycfg', '--sroa', '--lower-constant-intrinsics', '--early-cse', '--lower-expect', '--sroa', '--sroa', '--lower-expect', '--globalopt', '--elim-avail-extern', '--lower-expect']",75,-5.470499208180463,0.0,-2.3642897019304403,0.0,1,-5.470499208180463,-2.3642897019304403,0.0,-86.29441624365482,14.913995787914562,14.705882352941178,34
489,"['--ipsccp', '--speculative-execution', '--sccp', '--early-cse', '--mem2reg', '--jump-threading', '--lower-constant-intrinsics', '--globalopt', '--elim-avail-extern', '--instcombine', '--instsimplify', '--jump-threading', '--gvn', '--simplifycfg', '--adce', '--gvn-hoist', '--mergefunc', '--gvn-hoist', '--instcombine', '--globalopt', '--elim-avail-extern', '--gvn', '--gvn', '--ipsccp', '--gvn', '--nary-reassociate', '--lower-constant-intrinsics', '--loop-instsimplify', '--early-cse', '--jump-threading', '--globalopt', '--elim-avail-extern', '--instcombine', '--simplifycfg', '--sroa', '--mem2reg', '--gvn-hoist', '--sccp', '--early-cse', '--lower-constant-intrinsics', '--adce', '--gvn-hoist', '--adce', '--lower-constant-intrinsics', '--newgvn', '--simplifycfg', '--lower-expect', '--simplifycfg', '--gvn-hoist', '--instcombine', '--globalopt', '--elim-avail-extern', '--gvn', '--gvn', '--ipsccp', '--gvn', '--nary-reassociate', '--lower-constant-intrinsics', '--loop-instsimplify', '--early-cse', '--mem2reg', '--jump-threading', '--globalopt', '--slp-vectorizer', '--instcombine', '--simplifycfg', '--sroa', '--lower-constant-intrinsics', '--early-cse', '--lower-expect', '--sroa', '--sroa', '--lower-expect', '--globalopt', '--elim-avail-extern', '--lower-expect']",76,-5.470499208180463,0.0,-2.3642897019304403,0.0,1,-5.470499208180463,-2.3642897019304403,0.0,-86.29441624365482,14.913995787914562,14.705882352941178,34
591,"['--ipsccp', '--speculative-execution', '--sccp', '--early-cse', '--mem2reg', '--jump-threading', '--globalopt', '--elim-avail-extern', '--instcombine', '--instsimplify', '--jump-threading', '--gvn', '--simplifycfg', '--adce', '--gvn-hoist', '--mergefunc', '--gvn-hoist', '--instcombine', '--globalopt', '--elim-avail-extern', '--gvn', '--gvn', '--ipsccp', '--gvn', '--nary-reassociate', '--lower-constant-intrinsics', '--loop-instsimplify', '--early-cse', '--mem2reg', '--jump-threading', '--globalopt', '--elim-avail-extern', '--instcombine', '--simplifycfg', '--sroa', '--mem2reg', '--gvn-hoist', '--sccp', '--early-cse', '--lower-constant-intrinsics', '--adce', '--gvn-hoist', '--adce', '--lower-constant-intrinsics', '--newgvn', '--simplifycfg', '--lower-expect', '--simplifycfg', '--gvn-hoist', '--slp-vectorizer', '--globalopt', '--elim-avail-extern', '--gvn', '--gvn', '--loop-sink', '--gvn', '--nary-reassociate', '--lower-constant-intrinsics', '--loop-instsimplify', '--early-cse', '--mem2reg', '--jump-threading', '--globalopt', '--elim-avail-extern', '--instcombine', '--simplifycfg', '--sroa', '--lower-constant-intrinsics', '--early-cse', '--lower-expect', '--sroa', '--lower-expect', '--tailcallelim', '--sccp', '--sroa', '--lower-expect', '--globalopt', '--elim-avail-extern', '--lower-expect']",79,-5.470499208180463,0.0,-2.3642897019304403,0.0,1,-5.470499208180463,-2.3642897019304403,0.0,-86.29441624365482,14.913995787914562,14.705882352941178,34
590,"['--ipsccp', '--speculative-execution', '--sccp', '--early-cse', '--mem2reg', '--jump-threading', '--globalopt', '--elim-avail-extern', '--instcombine', '--instsimplify', '--jump-threading', '--gvn', '--simplifycfg', '--adce', '--gvn-hoist', '--mergefunc', '--gvn-hoist', '--instcombine', '--globalopt', '--elim-avail-extern', '--gvn', '--gvn', '--ipsccp', '--gvn', '--nary-reassociate', '--lower-constant-intrinsics', '--loop-instsimplify', '--early-cse', '--mem2reg', '--jump-threading', '--globalopt', '--elim-avail-extern', '--instcombine', '--simplifycfg', '--sroa', '--mem2reg', '--gvn-hoist', '--sccp', '--early-cse', '--lower-constant-intrinsics', '--adce', '--gvn-hoist', '--adce', '--lower-constant-intrinsics', '--newgvn', '--simplifycfg', '--lower-expect', '--simplifycfg', '--simplifycfg', '--gvn-hoist', '--slp-vectorizer', '--globalopt', '--elim-avail-extern', '--gvn', '--gvn', '--ipsccp', '--gvn', '--nary-reassociate', '--lower-constant-intrinsics', '--loop-instsimplify', '--early-cse', '--mem2reg', '--early-cse-memssa', '--globalopt', '--instcombine', '--instcombine', '--simplifycfg', '--sroa', '--lower-constant-intrinsics', '--early-cse', '--lower-expect', '--sroa', '--sroa', '--lower-expect', '--globalopt', '--elim-avail-extern', '--lower-expect']",77,-5.470499208180463,0.0,-2.3642897019304403,0.0,1,-5.470499208180463,-2.3642897019304403,0.0,-86.29441624365482,14.913995787914562,14.705882352941178,34
588,"['--ipsccp', '--speculative-execution', '--prune-eh', '--sccp', '--early-cse', '--mem2reg', '--jump-threading', '--globalopt', '--elim-avail-extern', '--instcombine', '--instsimplify', '--jump-threading', '--gvn', '--simplifycfg', '--adce', '--gvn-hoist', '--mergefunc', '--gvn-hoist', '--instcombine', '--globalopt', '--elim-avail-extern', '--gvn', '--gvn', '--ipsccp', '--gvn', '--nary-reassociate', '--lower-constant-intrinsics', '--lower-constant-intrinsics', '--loop-instsimplify', '--strip', '--mem2reg', '--jump-threading', '--globalopt', '--elim-avail-extern', '--instcombine', '--simplifycfg', '--sroa', '--mem2reg', '--gvn-hoist', '--sccp', '--early-cse', '--lower-constant-intrinsics', '--adce', '--gvn-hoist', '--adce', '--lower-constant-intrinsics', '--newgvn', '--simplifycfg', '--lower-expect', '--simplifycfg', '--gvn-hoist', '--instcombine', '--globalopt', '--elim-avail-extern', '--gvn', '--gvn', '--ipsccp', '--gvn', '--nary-reassociate', '--lower-constant-intrinsics', '--loop-instsimplify', '--early-cse', '--mem2reg', '--jump-threading', '--globalopt', '--slp-vectorizer', '--instcombine', '--simplifycfg', '--sroa', '--lower-constant-intrinsics', '--early-cse', '--separate-const-offset-from-gep', '--lower-expect', '--sroa', '--sroa', '--lower-expect', '--globalopt', '--elim-avail-extern', '--lower-expect']",79,-5.470499208180463,0.0,-2.3642897019304403,0.0,1,-5.470499208180463,-2.3642897019304403,0.0,-86.29441624365482,14.913995787914562,14.705882352941178,34
554,"['--ipsccp', '--speculative-execution', '--sccp', '--early-cse', '--mem2reg', '--jump-threading', '--globalopt', '--elim-avail-extern', '--instcombine', '--instsimplify', '--jump-threading', '--gvn', '--simplifycfg', '--adce', '--gvn-hoist', '--mergefunc', '--gvn-hoist', '--instcombine', '--globalopt', '--elim-avail-extern', '--gvn', '--gvn', '--ipsccp', '--gvn', '--nary-reassociate', '--lower-constant-intrinsics', '--loop-instsimplify', '--early-cse', '--mem2reg', '--jump-threading', '--globalopt', '--elim-avail-extern', '--instcombine', '--simplifycfg', '--sroa', '--mem2reg', '--gvn-hoist', '--sccp', '--early-cse', '--lower-constant-intrinsics', '--adce', '--gvn-hoist', '--adce', '--lower-constant-intrinsics', '--newgvn', '--simplifycfg', '--lower-expect', '--gvn-hoist', '--slp-vectorizer', '--globalopt', '--elim-avail-extern', '--gvn', '--gvn', '--ipsccp', '--gvn', '--nary-reassociate', '--lower-constant-intrinsics', '--loop-instsimplify', '--loop-instsimplify', '--early-cse', '--mem2reg', '--jump-threading', '--globalopt', '--instcombine', '--instcombine', '--simplifycfg', '--sroa', '--lower-constant-intrinsics', '--early-cse', '--lower-expect', '--sroa', '--sroa', '--lower-expect', '--globalopt', '--elim-avail-extern', '--lower-expect']",76,-5.470499208180463,0.0,-2.3642897019304403,0.0,1,-5.470499208180463,-2.3642897019304403,0.0,-86.29441624365482,14.913995787914562,14.705882352941178,34
534,"['--ipsccp', '--speculative-execution', '--sccp', '--early-cse', '--mem2reg', '--jump-threading', '--lower-constant-intrinsics', '--globalopt', '--elim-avail-extern', '--instcombine', '--instsimplify', '--jump-threading', '--gvn', '--simplifycfg', '--adce', '--gvn-hoist', '--mergefunc', '--gvn-hoist', '--instcombine', '--globalopt', '--elim-avail-extern', '--gvn', '--gvn', '--ipsccp', '--gvn', '--nary-reassociate', '--lower-constant-intrinsics', '--early-cse', '--jump-threading', '--globalopt', '--elim-avail-extern', '--instcombine', '--simplifycfg', '--sroa', '--mem2reg', '--gvn-hoist', '--sccp', '--early-cse', '--lower-constant-intrinsics', '--adce', '--gvn-hoist', '--adce', '--lower-constant-intrinsics', '--newgvn', '--simplifycfg', '--lower-expect', '--simplifycfg', '--gvn-hoist', '--instcombine', '--globalopt', '--elim-avail-extern', '--gvn', '--gvn', '--ipsccp', '--gvn', '--nary-reassociate', '--lower-constant-intrinsics', '--loop-instsimplify', '--early-cse', '--mem2reg', '--jump-threading', '--globalopt', '--slp-vectorizer', '--instcombine', '--simplifycfg', '--sroa', '--lower-constant-intrinsics', '--early-cse', '--lower-expect', '--sroa', '--sroa', '--lower-expect', '--globalopt', '--elim-avail-extern', '--lower-expect']",75,-5.470499208180463,0.0,-2.3642897019304403,0.0,1,-5.470499208180463,-2.3642897019304403,0.0,-86.29441624365482,14.913995787914562,14.705882352941178,34
508,"['--ipsccp', '--speculative-execution', '--sccp', '--early-cse', '--mem2reg', '--jump-threading', '--globalopt', '--elim-avail-extern', '--instcombine', '--instsimplify', '--jump-threading', '--gvn', '--simplifycfg', '--adce', '--gvn-hoist', '--mergefunc', '--gvn-hoist', '--instcombine', '--globalopt', '--elim-avail-extern', '--gvn', '--gvn', '--ipsccp', '--gvn', '--nary-reassociate', '--lower-constant-intrinsics', '--loop-instsimplify', '--sccp', '--mem2reg', '--jump-threading', '--globalopt', '--elim-avail-extern', '--instcombine', '--simplifycfg', '--sroa', '--mem2reg', '--gvn-hoist', '--sccp', '--early-cse', '--lower-constant-intrinsics', '--adce', '--gvn-hoist', '--adce', '--lower-constant-intrinsics', '--newgvn', '--simplifycfg', '--lower-expect', '--simplifycfg', '--gvn-hoist', '--slp-vectorizer', '--globalopt', '--elim-avail-extern', '--gvn', '--gvn', '--ipsccp', '--gvn', '--nary-reassociate', '--lower-constant-intrinsics', '--loop-instsimplify', '--early-cse', '--mem2reg', '--jump-threading', '--globalopt', '--slp-vectorizer', '--instcombine', '--simplifycfg', '--sroa', '--lower-constant-intrinsics', '--early-cse', '--lower-expect', '--sroa', '--sroa', '--lower-expect', '--globalopt', '--ipsccp', '--lower-expect']",76,-5.470499208180463,0.0,-2.3642897019304403,0.0,1,-5.470499208180463,-2.3642897019304403,0.0,-86.29441624365482,14.913995787914562,14.705882352941178,34
546,"['--ipsccp', '--speculative-execution', '--sccp', '--early-cse', '--mem2reg', '--jump-threading', '--globalopt', '--elim-avail-extern', '--instcombine', '--instsimplify', '--jump-threading', '--gvn', '--simplifycfg', '--adce', '--gvn-hoist', '--mergefunc', '--gvn-hoist', '--instcombine', '--globalopt', '--elim-avail-extern', '--gvn', '--gvn', '--ipsccp', '--gvn', '--nary-reassociate', '--lower-constant-intrinsics', '--loop-instsimplify', '--early-cse', '--mem2reg', '--jump-threading', '--globalopt', '--elim-avail-extern', '--instcombine', '--simplifycfg', '--sroa', '--mem2reg', '--gvn-hoist', '--sccp', '--early-cse', '--adce', '--gvn-hoist', '--adce', '--lower-constant-intrinsics', '--adce', '--lower-constant-intrinsics', '--newgvn', '--simplifycfg', '--lower-expect', '--simplifycfg', '--gvn-hoist', '--early-cse-memssa', '--globalopt', '--elim-avail-extern', '--gvn', '--gvn', '--ipsccp', '--gvn', '--nary-reassociate', '--lower-constant-intrinsics', '--loop-instsimplify', '--early-cse', '--mem2reg', '--jump-threading', '--globalopt', '--slp-vectorizer', '--instcombine', '--simplifycfg', '--sroa', '--lower-constant-intrinsics', '--early-cse', '--lower-expect', '--sroa', '--sroa', '--lower-expect', '--newgvn', '--elim-avail-extern', '--lower-expect']",77,-5.470499208180463,0.0,-2.3642897019304403,0.0,1,-5.470499208180463,-2.3642897019304403,0.0,-86.29441624365482,14.913995787914562,14.705882352941178,34
517,"['--ipsccp', '--speculative-execution', '--sccp', '--early-cse', '--mem2reg', '--jump-threading', '--globalopt', '--elim-avail-extern', '--instcombine', '--reassociate', '--instsimplify', '--jump-threading', '--gvn', '--simplifycfg', '--adce', '--gvn-hoist', '--mergefunc', '--gvn-hoist', '--instcombine', '--globalopt', '--elim-avail-extern', '--gvn', '--gvn', '--ipsccp', '--gvn', '--nary-reassociate', '--lower-constant-intrinsics', '--loop-instsimplify', '--early-cse', '--mem2reg', '--jump-threading', '--globalopt', '--elim-avail-extern', '--instcombine', '--simplifycfg', '--sroa', '--mem2reg', '--gvn-hoist', '--sccp', '--early-cse', '--lower-constant-intrinsics', '--adce', '--gvn-hoist', '--adce', '--lower-constant-intrinsics', '--newgvn', '--simplifycfg', '--lower-expect', '--simplifycfg', '--gvn-hoist', '--slp-vectorizer', '--globalopt', '--elim-avail-extern', '--gvn', '--gvn', '--ipsccp', '--gvn', '--nary-reassociate', '--lower-constant-intrinsics', '--loop-instsimplify', '--early-cse', '--mem2reg', '--jump-threading', '--globalopt', '--instcombine', '--instcombine', '--simplifycfg', '--sroa', '--lower-constant-intrinsics', '--early-cse', '--lower-expect', '--sroa', '--sroa', '--lower-expect', '--globalopt', '--elim-avail-extern', '--lower-expect']",77,-5.470499208180463,0.0,-2.3642897019304403,0.0,1,-5.470499208180463,-2.3642897019304403,0.0,-86.29441624365482,14.913995787914562,14.705882352941178,34
411,"['--ipsccp', '--speculative-execution', '--sccp', '--early-cse', '--mem2reg', '--jump-threading', '--globalopt', '--elim-avail-extern', '--instcombine', '--instsimplify', '--jump-threading', '--gvn', '--simplifycfg', '--adce', '--gvn-hoist', '--mergefunc', '--gvn-hoist', '--instcombine', '--globalopt', '--elim-avail-extern', '--gvn', '--gvn', '--ipsccp', '--gvn', '--nary-reassociate', '--lower-constant-intrinsics', '--loop-instsimplify', '--early-cse', '--mem2reg', '--jump-threading', '--globalopt', '--elim-avail-extern', '--instcombine', '--simplifycfg', '--sroa', '--mem2reg', '--gvn-hoist', '--sccp', '--early-cse', '--lower-constant-intrinsics', '--adce', '--gvn-hoist', '--adce', '--lower-constant-intrinsics', '--newgvn', '--simplifycfg', '--lower-expect', '--simplifycfg', '--gvn-hoist', '--slp-vectorizer', '--globalopt', '--elim-avail-extern', '--gvn', '--gvn', '--ipsccp', '--gvn', '--nary-reassociate', '--lower-constant-intrinsics', '--loop-instsimplify', '--early-cse', '--mem2reg', '--jump-threading', '--globalopt', '--instcombine', '--instcombine', '--simplifycfg', '--sroa', '--lower-constant-intrinsics', '--early-cse', '--lower-expect', '--sroa', '--sroa', '--lower-expect', '--globalopt', '--elim-avail-extern', '--lower-expect']",76,-5.470499208180463,0.0,-2.3642897019304403,0.0,1,-5.470499208180463,-2.3642897019304403,0.0,-86.29441624365482,14.913995787914562,14.705882352941178,34
466,"['--ipsccp', '--speculative-execution', '--sccp', '--early-cse', '--mem2reg', '--jump-threading', '--globalopt', '--elim-avail-extern', '--instcombine', '--adce', '--jump-threading', '--gvn', '--simplifycfg', '--instsimplify', '--gvn-hoist', '--mergefunc', '--gvn-hoist', '--instcombine', '--globalopt', '--elim-avail-extern', '--gvn', '--gvn', '--ipsccp', '--gvn', '--nary-reassociate', '--lower-constant-intrinsics', '--loop-instsimplify', '--early-cse', '--mem2reg', '--jump-threading', '--globalopt', '--elim-avail-extern', '--instcombine', '--simplifycfg', '--sroa', '--mem2reg', '--gvn-hoist', '--sccp', '--early-cse', '--adce', '--gvn-hoist', '--adce', '--lower-constant-intrinsics', '--adce', '--lower-constant-intrinsics', '--newgvn', '--simplifycfg', '--lower-expect', '--simplifycfg', '--gvn-hoist', '--instcombine', '--globalopt', '--elim-avail-extern', '--gvn', '--gvn', '--ipsccp', '--gvn', '--nary-reassociate', '--lower-constant-intrinsics', '--loop-instsimplify', '--early-cse', '--mem2reg', '--jump-threading', '--globalopt', '--slp-vectorizer', '--instcombine', '--simplifycfg', '--sroa', '--lower-constant-intrinsics', '--early-cse', '--lower-expect', '--sroa', '--sroa', '--lower-expect', '--newgvn', '--elim-avail-extern', '--lower-expect']",77,-5.470499208180463,0.0,-2.3642897019304403,0.0,1,-5.470499208180463,-2.3642897019304403,0.0,-86.29441624365482,14.913995787914562,14.705882352941178,34
522,"['--ipsccp', '--speculative-execution', '--sccp', '--early-cse', '--mem2reg', '--jump-threading', '--globalopt', '--elim-avail-extern', '--instcombine', '--instsimplify', '--jump-threading', '--gvn', '--simplifycfg', '--adce', '--gvn-hoist', '--mergefunc', '--gvn-hoist', '--instcombine', '--globalopt', '--elim-avail-extern', '--gvn', '--gvn', '--ipsccp', '--gvn', '--nary-reassociate', '--lower-constant-intrinsics', '--loop-instsimplify', '--early-cse', '--mem2reg', '--jump-threading', '--globalopt', '--elim-avail-extern', '--instcombine', '--simplifycfg', '--sroa', '--mem2reg', '--gvn-hoist', '--sccp', '--loop-versioning-licm', '--early-cse', '--sroa', '--adce', '--adce', '--lower-constant-intrinsics', '--newgvn', '--simplifycfg', '--lower-expect', '--simplifycfg', '--gvn-hoist', '--instcombine', '--globalopt', '--gvn', '--elim-avail-extern', '--gvn', '--ipsccp', '--gvn', '--nary-reassociate', '--lower-constant-intrinsics', '--loop-instsimplify', '--instcombine', '--mem2reg', '--jump-threading', '--globalopt', '--slp-vectorizer', '--instcombine', '--simplifycfg', '--sroa', '--lower-constant-intrinsics', '--early-cse', '--lower-expect', '--sroa', '--sroa', '--globalopt', '--elim-avail-extern', '--lower-expect']",75,-5.470499208180463,0.0,-2.3642897019304403,0.0,1,-5.470499208180463,-2.3642897019304403,0.0,-86.29441624365482,14.913995787914562,14.705882352941178,34
511,"['--ipsccp', '--speculative-execution', '--sccp', '--early-cse', '--mem2reg', '--jump-threading', '--globalopt', '--elim-avail-extern', '--instcombine', '--instsimplify', '--jump-threading', '--gvn', '--simplifycfg', '--adce', '--gvn-hoist', '--mergefunc', '--gvn-hoist', '--instcombine', '--globalopt', '--elim-avail-extern', '--gvn', '--gvn', '--ipsccp', '--gvn', '--nary-reassociate', '--lower-constant-intrinsics', '--loop-instsimplify', '--early-cse', '--mem2reg', '--jump-threading', '--globalopt', '--elim-avail-extern', '--instcombine', '--simplifycfg', '--sroa', '--mem2reg', '--gvn-hoist', '--sccp', '--early-cse', '--lower-constant-intrinsics', '--adce', '--gvn-hoist', '--adce', '--lower-constant-intrinsics', '--newgvn', '--simplifycfg', '--lower-expect', '--simplifycfg', '--gvn-hoist', '--instcombine', '--globalopt', '--elim-avail-extern', '--gvn', '--gvn', '--ipsccp', '--gvn', '--nary-reassociate', '--lower-constant-intrinsics', '--loop-instsimplify', '--early-cse', '--mem2reg', '--globalopt', '--slp-vectorizer', '--instcombine', '--simplifycfg', '--sroa', '--lower-constant-intrinsics', '--early-cse', '--lower-expect', '--sroa', '--sroa', '--lower-expect', '--globalopt', '--elim-avail-extern', '--lower-expect']",75,-5.470499208180463,0.0,-2.3642897019304403,0.0,1,-5.470499208180463,-2.3642897019304403,0.0,-86.29441624365482,14.913995787914562,14.705882352941178,34
539,"['--ipsccp', '--speculative-execution', '--sccp', '--early-cse', '--mem2reg', '--jump-threading', '--globalopt', '--elim-avail-extern', '--instcombine', '--instsimplify', '--jump-threading', '--gvn', '--simplifycfg', '--adce', '--gvn-hoist', '--mergefunc', '--gvn-hoist', '--instcombine', '--globalopt', '--elim-avail-extern', '--gvn', '--gvn', '--ipsccp', '--gvn', '--nary-reassociate', '--lower-constant-intrinsics', '--loop-instsimplify', '--early-cse', '--mem2reg', '--jump-threading', '--globalopt', '--elim-avail-extern', '--instcombine', '--simplifycfg', '--sroa', '--mem2reg', '--gvn-hoist', '--sccp', '--early-cse', '--lower-constant-intrinsics', '--adce', '--gvn-hoist', '--adce', '--lower-constant-intrinsics', '--newgvn', '--simplifycfg', '--lower-expect', '--gvn-hoist', '--slp-vectorizer', '--globalopt', '--elim-avail-extern', '--gvn', '--gvn', '--gvn-hoist', '--ipsccp', '--gvn', '--nary-reassociate', '--lower-constant-intrinsics', '--loop-instsimplify', '--early-cse', '--mem2reg', '--jump-threading', '--globalopt', '--instcombine', '--instcombine', '--simplifycfg', '--sroa', '--lower-constant-intrinsics', '--early-cse', '--lower-expect', '--sroa', '--lower-expect', '--sroa', '--sccp', '--sroa', '--lower-expect', '--globalopt', '--elim-avail-extern', '--lower-expect']",79,-5.470499208180463,0.0,-2.3642897019304403,0.0,1,-5.470499208180463,-2.3642897019304403,0.0,-86.29441624365482,14.913995787914562,14.705882352941178,34
540,"['--ipsccp', '--speculative-execution', '--sccp', '--early-cse', '--mem2reg', '--jump-threading', '--globalopt', '--elim-avail-extern', '--instcombine', '--instsimplify', '--jump-threading', '--gvn', '--simplifycfg', '--adce', '--gvn-hoist', '--mergefunc', '--gvn-hoist', '--instcombine', '--globalopt', '--elim-avail-extern', '--gvn', '--gvn', '--ipsccp', '--gvn', '--nary-reassociate', '--lower-constant-intrinsics', '--loop-instsimplify', '--early-cse', '--mem2reg', '--jump-threading', '--globalopt', '--elim-avail-extern', '--instcombine', '--simplifycfg', '--sroa', '--mem2reg', '--gvn-hoist', '--sccp', '--speculative-execution', '--early-cse', '--lower-constant-intrinsics', '--adce', '--gvn-hoist', '--adce', '--lower-constant-intrinsics', '--newgvn', '--simplifycfg', '--lower-expect', '--simplifycfg', '--gvn-hoist', '--instcombine', '--globalopt', '--elim-avail-extern', '--gvn', '--gvn', '--ipsccp', '--gvn', '--nary-reassociate', '--lower-constant-intrinsics', '--loop-instsimplify', '--early-cse', '--mem2reg', '--jump-threading', '--globalopt', '--slp-vectorizer', '--instcombine', '--simplifycfg', '--sroa', '--lower-constant-intrinsics', '--early-cse', '--lower-expect', '--sroa', '--sroa', '--lower-expect', '--globalopt', '--elim-avail-extern', '--lower-expect']",77,-5.470499208180463,0.0,-2.3642897019304403,0.0,1,-5.470499208180463,-2.3642897019304403,0.0,-86.29441624365482,14.913995787914562,14.705882352941178,34
536,"['--ipsccp', '--speculative-execution', '--sccp', '--early-cse', '--mem2reg', '--jump-threading', '--globalopt', '--elim-avail-extern', '--instcombine', '--instsimplify', '--lower-constant-intrinsics', '--gvn', '--gvn-hoist', '--simplifycfg', '--adce', '--gvn-hoist', '--mergefunc', '--gvn-hoist', '--instcombine', '--globalopt', '--elim-avail-extern', '--gvn', '--gvn', '--ipsccp', '--gvn', '--nary-reassociate', '--lower-constant-intrinsics', '--loop-instsimplify', '--early-cse', '--mem2reg', '--jump-threading', '--globalopt', '--elim-avail-extern', '--instcombine', '--simplifycfg', '--sroa', '--mem2reg', '--gvn-hoist', '--sccp', '--early-cse', '--lower-constant-intrinsics', '--adce', '--gvn-hoist', '--adce', '--lower-constant-intrinsics', '--newgvn', '--simplifycfg', '--lower-expect', '--simplifycfg', '--simplifycfg', '--instcombine', '--globalopt', '--elim-avail-extern', '--gvn', '--gvn', '--ipsccp', '--gvn', '--nary-reassociate', '--jump-threading', '--loop-instsimplify', '--early-cse', '--mem2reg', '--jump-threading', '--globalopt', '--slp-vectorizer', '--instcombine', '--simplifycfg', '--sroa', '--lower-constant-intrinsics', '--early-cse', '--lower-expect', '--sroa', '--sroa', '--lower-expect', '--globalopt', '--elim-avail-extern', '--lower-expect']",77,-5.470499208180463,0.0,-2.3642897019304403,0.0,1,-5.470499208180463,-2.3642897019304403,0.0,-86.29441624365482,14.913995787914562,14.705882352941178,34
541,"['--ipsccp', '--speculative-execution', '--sccp', '--early-cse', '--mem2reg', '--jump-threading', '--globalopt', '--elim-avail-extern', '--instcombine', '--adce', '--jump-threading', '--gvn', '--simplifycfg', '--instsimplify', '--gvn-hoist', '--mergefunc', '--gvn-hoist', '--instcombine', '--elim-avail-extern', '--elim-avail-extern', '--gvn', '--gvn', '--ipsccp', '--gvn', '--nary-reassociate', '--nary-reassociate', '--lower-constant-intrinsics', '--loop-instsimplify', '--early-cse', '--mem2reg', '--jump-threading', '--globalopt', '--elim-avail-extern', '--simplifycfg', '--simplifycfg', '--sroa', '--mem2reg', '--gvn-hoist', '--sccp', '--early-cse', '--lower-constant-intrinsics', '--adce', '--gvn-hoist', '--adce', '--lower-constant-intrinsics', '--newgvn', '--instcombine', '--lower-expect', '--simplifycfg', '--gvn-hoist', '--instcombine', '--globalopt', '--elim-avail-extern', '--gvn', '--gvn', '--ipsccp', '--gvn', '--nary-reassociate', '--lower-constant-intrinsics', '--loop-instsimplify', '--early-cse', '--mem2reg', '--jump-threading', '--globalopt', '--slp-vectorizer', '--instcombine', '--simplifycfg', '--sroa', '--lower-constant-intrinsics', '--early-cse', '--lower-expect', '--sroa', '--sroa', '--lower-expect', '--globalopt', '--elim-avail-extern', '--lower-expect']",77,-5.470499208180463,0.0,-2.3642897019304403,0.0,1,-5.470499208180463,-2.3642897019304403,0.0,-86.29441624365482,14.913995787914562,14.705882352941178,34
639,"['--ipsccp', '--speculative-execution', '--sccp', '--early-cse', '--mem2reg', '--jump-threading', '--globalopt', '--elim-avail-extern', '--instcombine', '--instsimplify', '--jump-threading', '--gvn', '--simplifycfg', '--adce', '--gvn-hoist', '--mergefunc', '--gvn-hoist', '--instcombine', '--globalopt', '--elim-avail-extern', '--gvn', '--loop-instsimplify', '--ipsccp', '--nary-reassociate', '--lower-constant-intrinsics', '--gvn', '--early-cse', '--mem2reg', '--jump-threading', '--globalopt', '--elim-avail-extern', '--instcombine', '--simplifycfg', '--sroa', '--mem2reg', '--gvn-hoist', '--sccp', '--early-cse', '--lower-constant-intrinsics', '--adce', '--gvn-hoist', '--adce', '--lower-constant-intrinsics', '--newgvn', '--simplifycfg', '--lower-expect', '--simplifycfg', '--gvn-hoist', '--slp-vectorizer', '--globalopt', '--elim-avail-extern', '--gvn', '--gvn', '--ipsccp', '--gvn', '--gvn', '--nary-reassociate', '--lower-constant-intrinsics', '--loop-instsimplify', '--early-cse', '--mem2reg', '--jump-threading', '--slp-vectorizer', '--instcombine', '--simplifycfg', '--sroa', '--lower-constant-intrinsics', '--early-cse', '--lower-expect', '--sroa', '--sroa', '--lower-expect', '--globalopt', '--elim-avail-extern', '--lower-expect']",75,-5.470499208180463,0.0,-2.3642897019304403,0.0,1,-5.470499208180463,-2.3642897019304403,0.0,-86.29441624365482,14.913995787914562,14.705882352941178,34
573,"['--ipsccp', '--speculative-execution', '--sccp', '--early-cse', '--mem2reg', '--jump-threading', '--globalopt', '--elim-avail-extern', '--instcombine', '--instsimplify', '--jump-threading', '--gvn', '--simplifycfg', '--adce', '--gvn-hoist', '--mergefunc', '--gvn-hoist', '--instcombine', '--globalopt', '--elim-avail-extern', '--gvn', '--gvn', '--ipsccp', '--gvn', '--nary-reassociate', '--lower-constant-intrinsics', '--loop-instsimplify', '--early-cse', '--mem2reg', '--jump-threading', '--globalopt', '--elim-avail-extern', '--instcombine', '--simplifycfg', '--sroa', '--mem2reg', '--gvn-hoist', '--sccp', '--early-cse', '--lower-constant-intrinsics', '--adce', '--gvn-hoist', '--adce', '--lower-constant-intrinsics', '--newgvn', '--simplifycfg', '--lower-expect', '--simplifycfg', '--gvn-hoist', '--slp-vectorizer', '--globalopt', '--elim-avail-extern', '--gvn', '--gvn', '--ipsccp', '--gvn', '--nary-reassociate', '--lower-constant-intrinsics', '--loop-instsimplify', '--early-cse', '--mem2reg', '--jump-threading', '--functionattrs', '--globalopt', '--slp-vectorizer', '--instcombine', '--simplifycfg', '--sroa', '--lower-constant-intrinsics', '--early-cse', '--lower-expect', '--sroa', '--sroa', '--lower-expect', '--globalopt', '--ipsccp', '--lower-expect']",77,-5.470499208180463,0.0,-2.3642897019304403,0.0,1,-5.470499208180463,-2.3642897019304403,0.0,-86.29441624365482,14.913995787914562,14.705882352941178,34
439,"['--ipsccp', '--speculative-execution', '--sccp', '--early-cse', '--mem2reg', '--jump-threading', '--lower-constant-intrinsics', '--globalopt', '--elim-avail-extern', '--instcombine', '--instsimplify', '--jump-threading', '--gvn', '--simplifycfg', '--adce', '--gvn-hoist', '--mergefunc', '--gvn-hoist', '--instcombine', '--globalopt', '--elim-avail-extern', '--gvn', '--gvn', '--ipsccp', '--gvn', '--nary-reassociate', '--lower-constant-intrinsics', '--loop-instsimplify', '--early-cse', '--mem2reg', '--jump-threading', '--globalopt', '--elim-avail-extern', '--instcombine', '--simplifycfg', '--sroa', '--mem2reg', '--gvn-hoist', '--sccp', '--early-cse', '--lower-constant-intrinsics', '--adce', '--gvn-hoist', '--adce', '--lower-constant-intrinsics', '--newgvn', '--simplifycfg', '--lower-expect', '--simplifycfg', '--gvn-hoist', '--instcombine', '--globalopt', '--elim-avail-extern', '--gvn', '--gvn', '--ipsccp', '--gvn', '--nary-reassociate', '--lower-constant-intrinsics', '--loop-instsimplify', '--early-cse', '--mem2reg', '--jump-threading', '--globalopt', '--slp-vectorizer', '--instcombine', '--simplifycfg', '--sroa', '--lower-constant-intrinsics', '--early-cse', '--lower-expect', '--sroa', '--sroa', '--lower-expect', '--globalopt', '--elim-avail-extern', '--lower-expect']",77,-5.470499208180463,0.0,-2.3642897019304403,0.0,1,-5.470499208180463,-2.3642897019304403,0.0,-86.29441624365482,14.913995787914562,14.705882352941178,34
530,"['--ipsccp', '--speculative-execution', '--sccp', '--early-cse', '--mem2reg', '--jump-threading', '--globalopt', '--elim-avail-extern', '--instcombine', '--instsimplify', '--jump-threading', '--gvn', '--simplifycfg', '--adce', '--gvn-hoist', '--mergefunc', '--gvn-hoist', '--instcombine', '--globalopt', '--elim-avail-extern', '--gvn', '--gvn', '--ipsccp', '--gvn', '--nary-reassociate', '--lower-constant-intrinsics', '--loop-instsimplify', '--early-cse', '--mem2reg', '--jump-threading', '--globalopt', '--elim-avail-extern', '--instcombine', '--simplifycfg', '--sroa', '--mem2reg', '--gvn-hoist', '--sccp', '--early-cse', '--lower-constant-intrinsics', '--adce', '--gvn-hoist', '--adce', '--lower-constant-intrinsics', '--simplifycfg', '--newgvn', '--simplifycfg', '--lower-expect', '--simplifycfg', '--gvn-hoist', '--instcombine', '--elim-avail-extern', '--gvn', '--gvn', '--ipsccp', '--gvn', '--nary-reassociate', '--lower-constant-intrinsics', '--loop-instsimplify', '--early-cse', '--mem2reg', '--jump-threading', '--globalopt', '--slp-vectorizer', '--instcombine', '--simplifycfg', '--sroa', '--lower-constant-intrinsics', '--early-cse', '--lower-expect', '--sroa', '--sroa', '--lower-expect', '--globalopt', '--elim-avail-extern', '--lower-expect']",76,-5.470499208180463,0.0,-2.3642897019304403,0.0,1,-5.470499208180463,-2.3642897019304403,0.0,-86.29441624365482,14.913995787914562,14.705882352941178,34
515,"['--ipsccp', '--speculative-execution', '--sccp', '--early-cse', '--mem2reg', '--jump-threading', '--globalopt', '--elim-avail-extern', '--instcombine', '--instsimplify', '--jump-threading', '--gvn', '--simplifycfg', '--adce', '--gvn-hoist', '--mergefunc', '--gvn-hoist', '--instcombine', '--globalopt', '--elim-avail-extern', '--gvn', '--gvn', '--ipsccp', '--gvn', '--nary-reassociate', '--lower-constant-intrinsics', '--loop-instsimplify', '--early-cse', '--mem2reg', '--jump-threading', '--globalopt', '--elim-avail-extern', '--instcombine', '--simplifycfg', '--sroa', '--mem2reg', '--gvn-hoist', '--sccp', '--early-cse', '--lower-constant-intrinsics', '--adce', '--gvn-hoist', '--adce', '--lower-constant-intrinsics', '--newgvn', '--simplifycfg', '--lower-expect', '--simplifycfg', '--gvn-hoist', '--instcombine', '--globalopt', '--elim-avail-extern', '--gvn', '--gvn', '--ipsccp', '--gvn', '--nary-reassociate', '--lower-constant-intrinsics', '--loop-instsimplify', '--early-cse', '--mem2reg', '--jump-threading', '--globalopt', '--slp-vectorizer', '--die', '--instcombine', '--simplifycfg', '--sroa', '--lower-constant-intrinsics', '--early-cse', '--lower-expect', '--sroa', '--sroa', '--lower-expect', '--globalopt', '--elim-avail-extern', '--lower-expect']",77,-5.470499208180463,0.0,-2.3642897019304403,0.0,1,-5.470499208180463,-2.3642897019304403,0.0,-86.29441624365482,14.913995787914562,14.705882352941178,34
470,"['--ipsccp', '--speculative-execution', '--sccp', '--early-cse', '--mem2reg', '--jump-threading', '--globalopt', '--elim-avail-extern', '--instcombine', '--instsimplify', '--jump-threading', '--gvn', '--simplifycfg', '--adce', '--gvn-hoist', '--mergefunc', '--gvn-hoist', '--instcombine', '--globalopt', '--elim-avail-extern', '--gvn', '--gvn', '--ipsccp', '--gvn', '--nary-reassociate', '--lower-constant-intrinsics', '--loop-instsimplify', '--early-cse', '--mem2reg', '--jump-threading', '--globalopt', '--elim-avail-extern', '--instcombine', '--simplifycfg', '--sroa', '--mem2reg', '--gvn-hoist', '--sccp', '--early-cse', '--lower-constant-intrinsics', '--adce', '--slp-vectorizer', '--adce', '--lower-constant-intrinsics', '--newgvn', '--simplifycfg', '--lower-expect', '--simplifycfg', '--gvn-hoist', '--slp-vectorizer', '--globalopt', '--elim-avail-extern', '--gvn', '--gvn', '--ipsccp', '--gvn', '--nary-reassociate', '--lower-constant-intrinsics', '--loop-instsimplify', '--early-cse', '--mem2reg', '--jump-threading', '--globalopt', '--instcombine', '--instcombine', '--simplifycfg', '--sroa', '--lower-constant-intrinsics', '--early-cse', '--lower-expect', '--sroa', '--sroa', '--lower-expect', '--globalopt', '--elim-avail-extern', '--lower-expect']",76,-5.470499208180463,0.0,-2.3642897019304403,0.0,1,-5.470499208180463,-2.3642897019304403,0.0,-86.29441624365482,14.913995787914562,14.705882352941178,34
468,"['--ipsccp', '--speculative-execution', '--sccp', '--early-cse', '--mem2reg', '--jump-threading', '--globalopt', '--elim-avail-extern', '--instcombine', '--instsimplify', '--jump-threading', '--gvn', '--simplifycfg', '--adce', '--gvn-hoist', '--mergefunc', '--gvn-hoist', '--instcombine', '--globalopt', '--elim-avail-extern', '--gvn', '--gvn', '--ipsccp', '--gvn', '--nary-reassociate', '--lower-constant-intrinsics', '--loop-instsimplify', '--early-cse', '--mem2reg', '--jump-threading', '--globalopt', '--elim-avail-extern', '--instcombine', '--simplifycfg', '--sroa', '--mem2reg', '--gvn-hoist', '--sccp', '--early-cse', '--lower-constant-intrinsics', '--adce', '--gvn-hoist', '--adce', '--lower-constant-intrinsics', '--newgvn', '--simplifycfg', '--lower-expect', '--gvn-hoist', '--slp-vectorizer', '--globalopt', '--elim-avail-extern', '--gvn', '--gvn', '--ipsccp', '--gvn', '--nary-reassociate', '--lower-constant-intrinsics', '--loop-instsimplify', '--early-cse', '--mem2reg', '--jump-threading', '--globalopt', '--instcombine', '--instcombine', '--simplifycfg', '--sroa', '--lower-constant-intrinsics', '--early-cse', '--lower-expect', '--sroa', '--lower-expect', '--sroa', '--sccp', '--sroa', '--lower-expect', '--globalopt', '--elim-avail-extern', '--lower-expect']",78,-5.470499208180463,0.0,-2.3642897019304403,0.0,1,-5.470499208180463,-2.3642897019304403,0.0,-86.29441624365482,14.913995787914562,14.705882352941178,34
531,"['--ipsccp', '--speculative-execution', '--sccp', '--early-cse', '--mem2reg', '--jump-threading', '--globalopt', '--elim-avail-extern', '--elim-avail-extern', '--adce', '--jump-threading', '--gvn', '--simplifycfg', '--instsimplify', '--gvn-hoist', '--mergefunc', '--gvn-hoist', '--instcombine', '--globalopt', '--elim-avail-extern', '--sccp', '--gvn-hoist', '--simplifycfg', '--gvn', '--instcombine', '--mergereturn', '--correlated-propagation', '--loop-instsimplify', '--early-cse', '--mem2reg', '--jump-threading', '--globalopt', '--instcombine', '--instcombine', '--simplifycfg', '--sroa', '--mem2reg', '--gvn-hoist', '--sccp', '--sroa', '--adce', '--gvn-hoist', '--adce', '--lower-constant-intrinsics', '--newgvn', '--simplifycfg', '--lower-expect', '--simplifycfg', '--gvn-hoist', '--instcombine', '--elim-avail-extern', '--gvn', '--gvn', '--ipsccp', '--gvn', '--nary-reassociate', '--lower-constant-intrinsics', '--loop-instsimplify', '--early-cse', '--mem2reg', '--jump-threading', '--globalopt', '--slp-vectorizer', '--instcombine', '--simplifycfg', '--sroa', '--lower-constant-intrinsics', '--early-cse', '--lower-expect', '--lower-constant-intrinsics', '--sroa', '--lower-expect', '--globalopt', '--elim-avail-extern', '--lower-expect']",75,-5.470499208180463,0.0,-2.3642897019304403,0.0,1,-5.470499208180463,-2.3642897019304403,0.0,-86.29441624365482,14.913995787914562,14.705882352941178,34
513,"['--ipsccp', '--speculative-execution', '--sccp', '--early-cse', '--mem2reg', '--jump-threading', '--globalopt', '--elim-avail-extern', '--instcombine', '--instsimplify', '--jump-threading', '--gvn', '--simplifycfg', '--adce', '--gvn-hoist', '--mergefunc', '--gvn-hoist', '--instcombine', '--globalopt', '--elim-avail-extern', '--gvn', '--gvn', '--ipsccp', '--gvn', '--nary-reassociate', '--lower-constant-intrinsics', '--loop-instsimplify', '--early-cse', '--mem2reg', '--jump-threading', '--globalopt', '--loop-unroll', '--instcombine', '--simplifycfg', '--sroa', '--mem2reg', '--gvn-hoist', '--sccp', '--early-cse', '--lower-constant-intrinsics', '--adce', '--gvn-hoist', '--adce', '--lower-constant-intrinsics', '--newgvn', '--simplifycfg', '--lower-expect', '--simplifycfg', '--gvn-hoist', '--instcombine', '--globalopt', '--elim-avail-extern', '--gvn', '--gvn', '--ipsccp', '--gvn', '--nary-reassociate', '--lower-constant-intrinsics', '--loop-instsimplify', '--early-cse', '--mem2reg', '--jump-threading', '--globalopt', '--slp-vectorizer', '--instcombine', '--simplifycfg', '--sroa', '--lower-constant-intrinsics', '--early-cse', '--lower-expect', '--sroa', '--sroa', '--lower-expect', '--globalopt', '--elim-avail-extern', '--lower-expect']",76,-5.470499208180463,0.0,-2.3642897019304403,0.0,1,-5.470499208180463,-2.3642897019304403,0.0,-86.29441624365482,14.913995787914562,14.705882352941178,34
533,"['--ipsccp', '--speculative-execution', '--sccp', '--early-cse', '--mem2reg', '--jump-threading', '--globalopt', '--elim-avail-extern', '--instcombine', '--instsimplify', '--jump-threading', '--gvn', '--simplifycfg', '--adce', '--gvn-hoist', '--mergefunc', '--gvn-hoist', '--instcombine', '--globalopt', '--elim-avail-extern', '--gvn', '--gvn', '--ipsccp', '--gvn', '--nary-reassociate', '--lower-constant-intrinsics', '--loop-instsimplify', '--early-cse', '--mem2reg', '--jump-threading', '--globalopt', '--elim-avail-extern', '--instcombine', '--simplifycfg', '--sroa', '--nary-reassociate', '--gvn-hoist', '--sccp', '--early-cse', '--lower-constant-intrinsics', '--adce', '--gvn-hoist', '--adce', '--lower-constant-intrinsics', '--newgvn', '--simplifycfg', '--lower-expect', '--simplifycfg', '--gvn-hoist', '--slp-vectorizer', '--globalopt', '--elim-avail-extern', '--gvn', '--gvn', '--ipsccp', '--gvn', '--mem2reg', '--lower-constant-intrinsics', '--loop-instsimplify', '--early-cse', '--mem2reg', '--jump-threading', '--globalopt', '--instcombine', '--instcombine', '--simplifycfg', '--sroa', '--lower-constant-intrinsics', '--early-cse', '--lower-expect', '--sroa', '--sroa', '--lower-expect', '--globalopt', '--elim-avail-extern', '--lower-expect']",76,-5.470499208180463,0.0,-2.3642897019304403,0.0,1,-5.470499208180463,-2.3642897019304403,0.0,-86.29441624365482,14.913995787914562,14.705882352941178,34
526,"['--ipsccp', '--speculative-execution', '--sccp', '--early-cse', '--mem2reg', '--jump-threading', '--globalopt', '--elim-avail-extern', '--instcombine', '--adce', '--jump-threading', '--gvn', '--simplifycfg', '--instsimplify', '--gvn-hoist', '--mergefunc', '--gvn-hoist', '--instcombine', '--globalopt', '--elim-avail-extern', '--gvn', '--gvn', '--ipsccp', '--gvn', '--nary-reassociate', '--lower-constant-intrinsics', '--loop-instsimplify', '--early-cse', '--mem2reg', '--jump-threading', '--globalopt', '--elim-avail-extern', '--instcombine', '--simplifycfg', '--sroa', '--mem2reg', '--gvn-hoist', '--sccp', '--early-cse', '--adce', '--gvn-hoist', '--adce', '--lower-constant-intrinsics', '--adce', '--lower-constant-intrinsics', '--newgvn', '--simplifycfg', '--lower-expect', '--simplifycfg', '--gvn-hoist', '--instcombine', '--globalopt', '--elim-avail-extern', '--gvn', '--gvn', '--ipsccp', '--gvn', '--nary-reassociate', '--lower-constant-intrinsics', '--loop-instsimplify', '--early-cse', '--mem2reg', '--jump-threading', '--globalopt', '--slp-vectorizer', '--instcombine', '--simplifycfg', '--ipconstprop', '--sroa', '--lower-constant-intrinsics', '--early-cse', '--lower-expect', '--sroa', '--sroa', '--lower-expect', '--newgvn', '--elim-avail-extern', '--lower-expect']",78,-5.470499208180463,0.0,-2.3642897019304403,0.0,1,-5.470499208180463,-2.3642897019304403,0.0,-86.29441624365482,14.913995787914562,14.705882352941178,34
2390,"['--ipsccp', '--speculative-execution', '--sccp', '--lower-constant-intrinsics', '--early-cse', '--mem2reg', '--mergefunc', '--jump-threading', '--globalopt', '--elim-avail-extern', '--instcombine', '--loop-instsimplify', '--jump-threading', '--gvn', '--simplifycfg', '--instsimplify', '--inline', '--mergefunc', '--gvn-hoist', '--instcombine', '--globalopt', '--elim-avail-extern', '--loweratomic', '--indvars', '--indvars', '--gvn', '--gvn', '--ipsccp', '--gvn', '--nary-reassociate', '--adce', '--early-cse', '--mem2reg', '--jump-threading', '--globalopt', '--elim-avail-extern', '--instcombine', '--simplifycfg', '--sroa', '--mem2reg', '--globaldce', '--simplifycfg', '--sccp', '--early-cse', '--lower-constant-intrinsics', '--adce', '--slsr', '--gvn-hoist', '--adce', '--loop-simplify', '--dse', '--scalarizer', '--simplifycfg', '--lower-expect', '--gvn-hoist', '--simplifycfg', '--lower-expect', '--simplifycfg', '--elim-avail-extern', '--lower-constant-intrinsics', '--ipsccp', '--gvn', '--nary-reassociate', '--gvn', '--early-cse', '--loop-guard-widening', '--jump-threading', '--globalopt', '--slp-vectorizer', '--instcombine', '--slp-vectorizer', '--instcombine', '--simplifycfg', '--load-store-vectorizer', '--early-cse', '--lower-expect', '--aggressive-instcombine']",77,-5.476636951966664,0.0,-0.9659507859314471,0.0,1,-5.476636951966664,-0.9659507859314471,0.43655874448557375,-67.00507614213198,12.227620978121967,23.52941176470588,34
570,"['--ipsccp', '--speculative-execution', '--sccp', '--early-cse', '--mem2reg', '--jump-threading', '--globalopt', '--elim-avail-extern', '--instcombine', '--instsimplify', '--jump-threading', '--gvn', '--simplifycfg', '--adce', '--gvn-hoist', '--mergefunc', '--gvn-hoist', '--instcombine', '--globalopt', '--elim-avail-extern', '--gvn', '--gvn', '--ipsccp', '--gvn', '--nary-reassociate', '--lower-constant-intrinsics', '--loop-instsimplify', '--early-cse', '--mem2reg', '--jump-threading', '--globalopt', '--loop-unroll', '--instcombine', '--simplifycfg', '--sroa', '--mem2reg', '--gvn-hoist', '--sccp', '--early-cse', '--lower-constant-intrinsics', '--adce', '--gvn-hoist', '--adce', '--lower-constant-intrinsics', '--newgvn', '--simplifycfg', '--lower-expect', '--simplifycfg', '--gvn-hoist', '--instcombine', '--globalopt', '--elim-avail-extern', '--gvn', '--lower-expect', '--ipsccp', '--gvn', '--nary-reassociate', '--lower-constant-intrinsics', '--loop-instsimplify', '--early-cse', '--mem2reg', '--jump-threading', '--globalopt', '--slp-vectorizer', '--instcombine', '--simplifycfg', '--sroa', '--lower-constant-intrinsics', '--early-cse', '--lower-expect', '--sroa', '--sroa', '--gvn', '--globalopt', '--elim-avail-extern', '--lower-expect']",76,-5.477513156676348,0.0,-2.3739013897428203,0.0,1,-5.477513156676348,-2.3739013897428203,0.0,-86.29441624365482,14.912047614280567,14.705882352941178,34
627,"['--ipsccp', '--speculative-execution', '--sccp', '--early-cse', '--mem2reg', '--jump-threading', '--globalopt', '--elim-avail-extern', '--instcombine', '--instsimplify', '--jump-threading', '--gvn', '--simplifycfg', '--adce', '--gvn-hoist', '--mergefunc', '--gvn-hoist', '--instcombine', '--elim-avail-extern', '--gvn', '--gvn', '--ipsccp', '--gvn', '--nary-reassociate', '--lower-constant-intrinsics', '--loop-instsimplify', '--early-cse', '--mem2reg', '--jump-threading', '--globalopt', '--elim-avail-extern', '--instcombine', '--simplifycfg', '--sroa', '--mem2reg', '--gvn-hoist', '--sccp', '--early-cse', '--lower-constant-intrinsics', '--adce', '--gvn-hoist', '--adce', '--gvn-hoist', '--adce', '--lower-constant-intrinsics', '--newgvn', '--simplifycfg', '--lower-expect', '--simplifycfg', '--gvn-hoist', '--instcombine', '--globalopt', '--elim-avail-extern', '--gvn', '--gvn', '--ipsccp', '--gvn', '--nary-reassociate', '--lower-constant-intrinsics', '--loop-instsimplify', '--early-cse', '--mem2reg', '--jump-threading', '--globalopt', '--slp-vectorizer', '--instcombine', '--simplifycfg', '--sroa', '--lower-constant-intrinsics', '--early-cse', '--separate-const-offset-from-gep', '--lower-expect', '--sroa', '--sroa', '--globalopt', '--elim-avail-extern', '--gvn']",77,-5.477513156676348,0.0,-2.3739013897428203,0.0,1,-5.477513156676348,-2.3739013897428203,0.0,-86.29441624365482,14.912047614280567,14.705882352941178,34
1929,"['--ipsccp', '--speculative-execution', '--sccp', '--early-cse', '--mem2reg', '--jump-threading', '--globalopt', '--elim-avail-extern', '--gvn', '--loop-instsimplify', '--jump-threading', '--gvn', '--simplifycfg', '--instsimplify', '--inline', '--slsr', '--mergefunc', '--gvn-hoist', '--instcombine', '--globalopt', '--elim-avail-extern', '--indvars', '--indvars', '--gvn', '--gvn', '--ipsccp', '--gvn', '--nary-reassociate', '--adce', '--early-cse', '--mem2reg', '--jump-threading', '--globalopt', '--elim-avail-extern', '--loop-interchange', '--instcombine', '--simplifycfg', '--instcombine', '--simplifycfg', '--sroa', '--inferattrs', '--mem2reg', '--globaldce', '--gvn-hoist', '--sccp', '--early-cse', '--lower-constant-intrinsics', '--adce', '--slsr', '--gvn-hoist', '--adce', '--loop-simplify', '--dse', '--scalarizer', '--simplifycfg', '--lower-expect', '--simplifycfg', '--elim-avail-extern', '--lower-constant-intrinsics', '--ipsccp', '--nary-reassociate', '--instcombine', '--jump-threading', '--jump-threading', '--globalopt', '--slp-vectorizer', '--instcombine', '--simplifycfg', '--early-cse', '--lower-expect', '--sroa', '--sroa', '--dce', '--sroa', '--lower-expect', '--aggressive-instcombine']",76,-5.492079623436946,0.0,-2.5118964857170445,0.0,1,-5.492079623436946,-2.5118964857170445,0.43655874448557375,-67.00507614213198,14.022749062079859,14.705882352941178,34
599,"['--ipsccp', '--speculative-execution', '--sccp', '--early-cse', '--mem2reg', '--jump-threading', '--globalopt', '--elim-avail-extern', '--instcombine', '--instsimplify', '--jump-threading', '--gvn', '--simplifycfg', '--adce', '--gvn-hoist', '--mergefunc', '--gvn-hoist', '--instcombine', '--globalopt', '--elim-avail-extern', '--dse', '--gvn', '--gvn', '--ipsccp', '--gvn', '--nary-reassociate', '--lower-constant-intrinsics', '--loop-instsimplify', '--early-cse', '--mem2reg', '--jump-threading', '--globalopt', '--globalopt', '--elim-avail-extern', '--instcombine', '--simplifycfg', '--sroa', '--mem2reg', '--gvn-hoist', '--sccp', '--early-cse', '--lower-constant-intrinsics', '--adce', '--gvn-hoist', '--adce', '--lower-constant-intrinsics', '--newgvn', '--simplifycfg', '--lower-expect', '--simplifycfg', '--gvn-hoist', '--instcombine', '--globalopt', '--elim-avail-extern', '--gvn', '--gvn', '--ipsccp', '--gvn', '--nary-reassociate', '--lower-constant-intrinsics', '--loop-instsimplify', '--early-cse', '--mem2reg', '--jump-threading', '--globalopt', '--elim-avail-extern', '--instcombine', '--simplifycfg', '--sroa', '--lower-constant-intrinsics', '--early-cse', '--lower-expect', '--early-cse', '--lower-expect', '--tailcallelim', '--sccp', '--sroa', '--lower-expect', '--globalopt', '--elim-avail-extern', '--lower-expect']",81,-5.499239768945079,0.0,-2.4037641766554723,0.0,1,-5.499239768945079,-2.4037641766554723,0.0,-86.29441624365482,14.90534283512298,14.705882352941178,34
584,"['--ipsccp', '--speculative-execution', '--sccp', '--early-cse', '--mem2reg', '--jump-threading', '--globalopt', '--elim-avail-extern', '--instcombine', '--instsimplify', '--jump-threading', '--gvn', '--simplifycfg', '--adce', '--gvn-hoist', '--mergefunc', '--gvn-hoist', '--instcombine', '--globalopt', '--elim-avail-extern', '--gvn', '--gvn', '--ipsccp', '--gvn', '--nary-reassociate', '--lower-constant-intrinsics', '--loop-instsimplify', '--early-cse', '--mem2reg', '--jump-threading', '--globalopt', '--elim-avail-extern', '--instcombine', '--simplifycfg', '--sroa', '--mem2reg', '--gvn-hoist', '--sccp', '--early-cse', '--lower-constant-intrinsics', '--adce', '--gvn-hoist', '--adce', '--lower-constant-intrinsics', '--dse', '--newgvn', '--simplifycfg', '--lower-expect', '--simplifycfg', '--gvn-hoist', '--instcombine', '--globalopt', '--elim-avail-extern', '--gvn', '--gvn', '--ipsccp', '--gvn', '--nary-reassociate', '--lower-constant-intrinsics', '--loop-instsimplify', '--early-cse', '--mem2reg', '--jump-threading', '--globalopt', '--elim-avail-extern', '--instcombine', '--simplifycfg', '--sroa', '--lower-constant-intrinsics', '--early-cse', '--lower-expect', '--early-cse', '--lower-expect', '--tailcallelim', '--sccp', '--sroa', '--lower-expect', '--globalopt', '--elim-avail-extern', '--lower-expect']",80,-5.499239768945079,0.0,-2.4037641766554723,0.0,1,-5.499239768945079,-2.4037641766554723,0.0,-86.29441624365482,14.90534283512298,14.705882352941178,34
607,"['--ipsccp', '--speculative-execution', '--gvn', '--early-cse', '--mem2reg', '--jump-threading', '--globalopt', '--elim-avail-extern', '--instcombine', '--adce', '--jump-threading', '--gvn', '--simplifycfg', '--instsimplify', '--gvn-hoist', '--mergefunc', '--gvn-hoist', '--instcombine', '--globalopt', '--elim-avail-extern', '--indvars', '--gvn', '--gvn', '--ipsccp', '--gvn', '--nary-reassociate', '--lower-constant-intrinsics', '--loop-instsimplify', '--strip', '--mem2reg', '--jump-threading', '--globalopt', '--elim-avail-extern', '--simplifycfg', '--sroa', '--mem2reg', '--gvn-hoist', '--sccp', '--early-cse', '--lower-constant-intrinsics', '--adce', '--gvn-hoist', '--adce', '--loop-simplify', '--dse', '--newgvn', '--simplifycfg', '--lower-expect', '--simplifycfg', '--gvn-hoist', '--instcombine', '--globalopt', '--elim-avail-extern', '--sccp', '--gvn', '--ipsccp', '--gvn', '--nary-reassociate', '--lower-constant-intrinsics', '--loop-instsimplify', '--early-cse', '--mem2reg', '--jump-threading', '--slp-vectorizer', '--instcombine', '--simplifycfg', '--sroa', '--lower-constant-intrinsics', '--early-cse', '--lower-expect', '--sroa', '--sroa', '--lower-expect', '--globalopt', '--elim-avail-extern', '--lower-expect']",76,-5.505495803894356,0.0,-2.545441958357321,0.0,1,-5.505495803894356,-2.545441958357321,0.0,-69.54314720812182,13.905319821851888,14.705882352941178,34
525,"['--ipsccp', '--speculative-execution', '--sccp', '--mem2reg', '--jump-threading', '--globalopt', '--elim-avail-extern', '--instcombine', '--adce', '--jump-threading', '--gvn', '--simplifycfg', '--instsimplify', '--gvn-hoist', '--mergefunc', '--gvn-hoist', '--gvn-hoist', '--instcombine', '--globalopt', '--elim-avail-extern', '--gvn', '--gvn', '--ipsccp', '--gvn', '--nary-reassociate', '--lower-constant-intrinsics', '--loop-instsimplify', '--early-cse', '--mem2reg', '--jump-threading', '--globalopt', '--elim-avail-extern', '--instcombine', '--simplifycfg', '--sroa', '--mem2reg', '--gvn-hoist', '--sccp', '--early-cse', '--lower-constant-intrinsics', '--adce', '--gvn-hoist', '--adce', '--lower-constant-intrinsics', '--newgvn', '--simplifycfg', '--lower-expect', '--simplifycfg', '--gvn-hoist', '--instcombine', '--globalopt', '--elim-avail-extern', '--gvn', '--gvn', '--ipsccp', '--gvn', '--nary-reassociate', '--lower-constant-intrinsics', '--loop-instsimplify', '--early-cse', '--mem2reg', '--jump-threading', '--globalopt', '--slp-vectorizer', '--instcombine', '--simplifycfg', '--sroa', '--lower-constant-intrinsics', '--early-cse', '--lower-expect', '--sroa', '--sroa', '--lower-expect', '--globalopt', '--elim-avail-extern', '--lower-expect']",76,-5.507800563586194,0.0,-2.4153955056313996,0.0,1,-5.507800563586194,-2.4153955056313996,0.0,-86.29441624365482,14.903715814214683,14.705882352941178,34
538,"['--ipsccp', '--lower-constant-intrinsics', '--sccp', '--early-cse', '--mem2reg', '--jump-threading', '--globalopt', '--elim-avail-extern', '--instcombine', '--adce', '--jump-threading', '--gvn', '--simplifycfg', '--instsimplify', '--gvn-hoist', '--mergefunc', '--gvn-hoist', '--early-cse', '--globalopt', '--elim-avail-extern', '--gvn', '--gvn', '--ipsccp', '--gvn', '--nary-reassociate', '--lower-constant-intrinsics', '--loop-instsimplify', '--early-cse', '--mem2reg', '--jump-threading', '--globalopt', '--elim-avail-extern', '--instcombine', '--simplifycfg', '--sroa', '--mem2reg', '--gvn-hoist', '--sccp', '--early-cse', '--lower-constant-intrinsics', '--adce', '--gvn-hoist', '--adce', '--lower-constant-intrinsics', '--newgvn', '--simplifycfg', '--lower-expect', '--simplifycfg', '--gvn-hoist', '--instcombine', '--globalopt', '--elim-avail-extern', '--gvn', '--gvn', '--ipsccp', '--gvn', '--nary-reassociate', '--lower-constant-intrinsics', '--loop-instsimplify', '--early-cse', '--mem2reg', '--jump-threading', '--globalopt', '--slp-vectorizer', '--instcombine', '--simplifycfg', '--sroa', '--lower-constant-intrinsics', '--early-cse', '--lower-expect', '--sroa', '--sroa', '--lower-expect', '--globalopt', '--elim-avail-extern', '--lower-expect']",76,-5.507800563586194,0.0,-2.4153955056313996,0.0,1,-5.507800563586194,-2.4153955056313996,0.0,-86.29441624365482,14.903715814214683,14.705882352941178,34
529,"['--ipsccp', '--lower-constant-intrinsics', '--sccp', '--early-cse', '--mem2reg', '--jump-threading', '--globalopt', '--elim-avail-extern', '--instcombine', '--adce', '--jump-threading', '--gvn', '--simplifycfg', '--instsimplify', '--correlated-propagation', '--gvn-hoist', '--mergefunc', '--gvn-hoist', '--early-cse', '--globalopt', '--simple-loop-unswitch', '--gvn', '--gvn', '--ipsccp', '--gvn', '--nary-reassociate', '--lower-constant-intrinsics', '--loop-instsimplify', '--early-cse', '--mem2reg', '--jump-threading', '--globalopt', '--elim-avail-extern', '--instcombine', '--simplifycfg', '--sroa', '--mem2reg', '--gvn-hoist', '--sccp', '--loop-versioning-licm', '--early-cse', '--lower-constant-intrinsics', '--adce', '--adce', '--lower-constant-intrinsics', '--newgvn', '--simplifycfg', '--lower-expect', '--simplifycfg', '--gvn-hoist', '--instcombine', '--globalopt', '--gvn', '--elim-avail-extern', '--gvn', '--ipsccp', '--gvn', '--nary-reassociate', '--lower-constant-intrinsics', '--loop-instsimplify', '--instcombine', '--mem2reg', '--jump-threading', '--globalopt', '--slp-vectorizer', '--instcombine', '--simplifycfg', '--sroa', '--lower-constant-intrinsics', '--early-cse', '--lower-expect', '--sroa', '--sroa', '--globalopt', '--elim-avail-extern', '--lower-expect']",76,-5.507800563586194,0.0,-2.4153955056313996,0.0,1,-5.507800563586194,-2.4153955056313996,0.0,-86.29441624365482,14.903715814214683,14.705882352941178,34
516,"['--ipsccp', '--lower-constant-intrinsics', '--sccp', '--early-cse', '--mem2reg', '--jump-threading', '--globalopt', '--elim-avail-extern', '--instcombine', '--instsimplify', '--jump-threading', '--gvn', '--simplifycfg', '--adce', '--gvn-hoist', '--mergefunc', '--gvn-hoist', '--instcombine', '--globalopt', '--elim-avail-extern', '--gvn', '--gvn', '--ipsccp', '--gvn', '--nary-reassociate', '--lower-constant-intrinsics', '--loop-instsimplify', '--early-cse', '--mem2reg', '--jump-threading', '--globalopt', '--elim-avail-extern', '--instcombine', '--simplifycfg', '--sroa', '--mem2reg', '--gvn-hoist', '--sccp', '--early-cse', '--lower-constant-intrinsics', '--adce', '--gvn-hoist', '--adce', '--lower-constant-intrinsics', '--newgvn', '--simplifycfg', '--lower-expect', '--simplifycfg', '--gvn-hoist', '--instcombine', '--elim-avail-extern', '--gvn', '--gvn', '--ipsccp', '--gvn', '--nary-reassociate', '--lower-constant-intrinsics', '--loop-instsimplify', '--early-cse', '--mem2reg', '--jump-threading', '--globalopt', '--slp-vectorizer', '--instcombine', '--simplifycfg', '--sroa', '--lower-constant-intrinsics', '--early-cse', '--lower-expect', '--sroa', '--sroa', '--lower-expect', '--globalopt', '--lower-expect']",74,-5.507800563586194,0.0,-2.4153955056313996,0.0,1,-5.507800563586194,-2.4153955056313996,0.0,-86.29441624365482,14.903715814214683,14.705882352941178,34
472,"['--ipsccp', '--lower-constant-intrinsics', '--sccp', '--early-cse', '--mem2reg', '--jump-threading', '--globalopt', '--elim-avail-extern', '--instcombine', '--adce', '--jump-threading', '--gvn', '--simplifycfg', '--instsimplify', '--gvn-hoist', '--mergefunc', '--gvn-hoist', '--early-cse', '--globalopt', '--elim-avail-extern', '--gvn', '--gvn', '--ipsccp', '--gvn', '--nary-reassociate', '--lower-constant-intrinsics', '--loop-instsimplify', '--early-cse', '--mem2reg', '--jump-threading', '--globalopt', '--elim-avail-extern', '--instcombine', '--simplifycfg', '--sroa', '--mem2reg', '--gvn-hoist', '--sccp', '--loop-versioning-licm', '--early-cse', '--lower-constant-intrinsics', '--adce', '--adce', '--lower-constant-intrinsics', '--newgvn', '--simplifycfg', '--lower-expect', '--simplifycfg', '--gvn-hoist', '--instcombine', '--globalopt', '--gvn', '--elim-avail-extern', '--gvn', '--ipsccp', '--gvn', '--nary-reassociate', '--lower-constant-intrinsics', '--loop-instsimplify', '--instcombine', '--mem2reg', '--jump-threading', '--globalopt', '--slp-vectorizer', '--instcombine', '--simplifycfg', '--sroa', '--lower-constant-intrinsics', '--early-cse', '--lower-expect', '--sroa', '--sroa', '--lower-expect', '--globalopt', '--ipsccp', '--lower-expect']",76,-5.507800563586194,0.0,-2.4153955056313996,0.0,1,-5.507800563586194,-2.4153955056313996,0.0,-86.29441624365482,14.903715814214683,14.705882352941178,34
465,"['--ipsccp', '--lower-constant-intrinsics', '--sccp', '--early-cse', '--mem2reg', '--jump-threading', '--globalopt', '--elim-avail-extern', '--instcombine', '--adce', '--jump-threading', '--gvn', '--simplifycfg', '--instsimplify', '--gvn-hoist', '--mergefunc', '--gvn-hoist', '--early-cse', '--globalopt', '--simple-loop-unswitch', '--gvn', '--gvn', '--ipsccp', '--gvn', '--nary-reassociate', '--lower-constant-intrinsics', '--loop-instsimplify', '--early-cse', '--mem2reg', '--jump-threading', '--globalopt', '--elim-avail-extern', '--instcombine', '--simplifycfg', '--sroa', '--mem2reg', '--gvn-hoist', '--sccp', '--loop-versioning-licm', '--early-cse', '--lower-constant-intrinsics', '--adce', '--adce', '--lower-constant-intrinsics', '--newgvn', '--simplifycfg', '--lower-expect', '--simplifycfg', '--gvn-hoist', '--instcombine', '--globalopt', '--gvn', '--elim-avail-extern', '--gvn', '--ipsccp', '--gvn', '--nary-reassociate', '--lower-constant-intrinsics', '--loop-instsimplify', '--instcombine', '--mem2reg', '--jump-threading', '--globalopt', '--slp-vectorizer', '--instcombine', '--simplifycfg', '--sroa', '--lower-constant-intrinsics', '--early-cse', '--lower-expect', '--sroa', '--sroa', '--globalopt', '--elim-avail-extern', '--lower-expect']",75,-5.507800563586194,0.0,-2.4153955056313996,0.0,1,-5.507800563586194,-2.4153955056313996,0.0,-86.29441624365482,14.903715814214683,14.705882352941178,34
453,"['--ipsccp', '--lower-constant-intrinsics', '--sccp', '--early-cse', '--mem2reg', '--jump-threading', '--globalopt', '--elim-avail-extern', '--instcombine', '--adce', '--jump-threading', '--gvn', '--simplifycfg', '--instsimplify', '--gvn-hoist', '--mergefunc', '--gvn-hoist', '--early-cse', '--globalopt', '--gvn', '--gvn', '--ipsccp', '--gvn', '--nary-reassociate', '--lower-constant-intrinsics', '--loop-instsimplify', '--early-cse', '--mem2reg', '--jump-threading', '--globalopt', '--elim-avail-extern', '--instcombine', '--simplifycfg', '--sroa', '--mem2reg', '--gvn-hoist', '--sccp', '--loop-versioning-licm', '--early-cse', '--lower-constant-intrinsics', '--adce', '--adce', '--lower-constant-intrinsics', '--newgvn', '--simplifycfg', '--lower-expect', '--simplifycfg', '--gvn-hoist', '--instcombine', '--globalopt', '--gvn', '--elim-avail-extern', '--gvn', '--ipsccp', '--gvn', '--nary-reassociate', '--lower-constant-intrinsics', '--loop-instsimplify', '--instcombine', '--mem2reg', '--jump-threading', '--globalopt', '--slp-vectorizer', '--instcombine', '--simplifycfg', '--sroa', '--lower-constant-intrinsics', '--early-cse', '--lower-expect', '--sroa', '--sroa', '--lower-expect', '--globalopt', '--elim-avail-extern', '--lower-expect']",75,-5.507800563586194,0.0,-2.4153955056313996,0.0,1,-5.507800563586194,-2.4153955056313996,0.0,-86.29441624365482,14.903715814214683,14.705882352941178,34
631,"['--ipsccp', '--speculative-execution', '--sccp', '--mem2reg', '--jump-threading', '--globalopt', '--elim-avail-extern', '--instcombine', '--instsimplify', '--jump-threading', '--gvn', '--simplifycfg', '--adce', '--gvn-hoist', '--mergefunc', '--gvn-hoist', '--instcombine', '--globalopt', '--elim-avail-extern', '--gvn', '--gvn', '--ipsccp', '--gvn', '--nary-reassociate', '--lower-constant-intrinsics', '--loop-instsimplify', '--early-cse', '--mem2reg', '--jump-threading', '--globalopt', '--loop-unroll', '--instcombine', '--simplifycfg', '--sroa', '--mem2reg', '--gvn-hoist', '--sccp', '--early-cse', '--lower-constant-intrinsics', '--adce', '--gvn-hoist', '--adce', '--lower-constant-intrinsics', '--newgvn', '--simplifycfg', '--lower-expect', '--simplifycfg', '--gvn-hoist', '--instcombine', '--loop-versioning-licm', '--elim-avail-extern', '--gvn', '--gvn', '--ipsccp', '--gvn', '--nary-reassociate', '--lower-constant-intrinsics', '--loop-instsimplify', '--early-cse', '--mem2reg', '--jump-threading', '--globalopt', '--slp-vectorizer', '--slp-vectorizer', '--instcombine', '--simplifycfg', '--sroa', '--lower-constant-intrinsics', '--early-cse', '--lower-expect', '--sroa', '--sroa', '--lower-expect', '--globalopt', '--elim-avail-extern', '--lower-expect']",76,-5.507800563586194,0.0,-2.4153955056313996,0.0,1,-5.507800563586194,-2.4153955056313996,0.0,-86.29441624365482,14.903715814214683,14.705882352941178,34
458,"['--ipsccp', '--lower-constant-intrinsics', '--sccp', '--early-cse', '--mem2reg', '--jump-threading', '--globalopt', '--elim-avail-extern', '--instcombine', '--instsimplify', '--jump-threading', '--gvn', '--simplifycfg', '--adce', '--gvn-hoist', '--mergefunc', '--gvn-hoist', '--instcombine', '--globalopt', '--elim-avail-extern', '--gvn', '--gvn', '--ipsccp', '--gvn', '--nary-reassociate', '--lower-constant-intrinsics', '--loop-instsimplify', '--early-cse', '--mem2reg', '--jump-threading', '--globalopt', '--elim-avail-extern', '--instcombine', '--simplifycfg', '--sroa', '--mem2reg', '--gvn-hoist', '--sccp', '--early-cse', '--lower-constant-intrinsics', '--adce', '--gvn-hoist', '--adce', '--lower-constant-intrinsics', '--lower-constant-intrinsics', '--simplifycfg', '--lower-expect', '--simplifycfg', '--gvn-hoist', '--instcombine', '--elim-avail-extern', '--gvn', '--gvn', '--ipsccp', '--gvn', '--nary-reassociate', '--lower-constant-intrinsics', '--loop-instsimplify', '--early-cse', '--mem2reg', '--jump-threading', '--globalopt', '--slp-vectorizer', '--instcombine', '--simplifycfg', '--sroa', '--newgvn', '--early-cse', '--lower-expect', '--sroa', '--sroa', '--lower-expect', '--globalopt', '--elim-avail-extern', '--lower-expect']",75,-5.507800563586194,0.0,-2.4153955056313996,0.0,1,-5.507800563586194,-2.4153955056313996,0.0,-86.29441624365482,14.903715814214683,14.705882352941178,34
409,"['--ipsccp', '--lower-constant-intrinsics', '--sccp', '--early-cse', '--mem2reg', '--jump-threading', '--globalopt', '--elim-avail-extern', '--instcombine', '--instsimplify', '--jump-threading', '--gvn', '--simplifycfg', '--adce', '--gvn-hoist', '--mergefunc', '--gvn-hoist', '--instcombine', '--globalopt', '--elim-avail-extern', '--gvn', '--gvn', '--ipsccp', '--gvn', '--nary-reassociate', '--lower-constant-intrinsics', '--loop-instsimplify', '--early-cse', '--mem2reg', '--jump-threading', '--globalopt', '--elim-avail-extern', '--instcombine', '--simplifycfg', '--sroa', '--mem2reg', '--gvn-hoist', '--sccp', '--early-cse', '--lower-constant-intrinsics', '--adce', '--gvn-hoist', '--adce', '--lower-constant-intrinsics', '--newgvn', '--simplifycfg', '--lower-expect', '--simplifycfg', '--gvn-hoist', '--instcombine', '--elim-avail-extern', '--gvn', '--gvn', '--ipsccp', '--gvn', '--nary-reassociate', '--lower-constant-intrinsics', '--loop-instsimplify', '--early-cse', '--mem2reg', '--jump-threading', '--globalopt', '--slp-vectorizer', '--instcombine', '--simplifycfg', '--sroa', '--lower-constant-intrinsics', '--early-cse', '--lower-expect', '--sroa', '--sroa', '--lower-expect', '--globalopt', '--elim-avail-extern', '--lower-expect']",75,-5.507800563586194,0.0,-2.4153955056313996,0.0,1,-5.507800563586194,-2.4153955056313996,0.0,-86.29441624365482,14.903715814214683,14.705882352941178,34
413,"['--ipsccp', '--lower-constant-intrinsics', '--sccp', '--early-cse', '--mem2reg', '--jump-threading', '--globalopt', '--elim-avail-extern', '--instcombine', '--adce', '--jump-threading', '--gvn', '--simplifycfg', '--instsimplify', '--gvn-hoist', '--mergefunc', '--gvn-hoist', '--early-cse', '--globalopt', '--elim-avail-extern', '--gvn', '--gvn', '--ipsccp', '--gvn', '--nary-reassociate', '--lower-constant-intrinsics', '--loop-instsimplify', '--early-cse', '--mem2reg', '--jump-threading', '--globalopt', '--elim-avail-extern', '--instcombine', '--simplifycfg', '--sroa', '--mem2reg', '--gvn-hoist', '--sccp', '--loop-versioning-licm', '--early-cse', '--lower-constant-intrinsics', '--adce', '--adce', '--lower-constant-intrinsics', '--newgvn', '--simplifycfg', '--lower-expect', '--simplifycfg', '--gvn-hoist', '--instcombine', '--globalopt', '--gvn', '--elim-avail-extern', '--gvn', '--ipsccp', '--gvn', '--nary-reassociate', '--lower-constant-intrinsics', '--loop-instsimplify', '--instcombine', '--mem2reg', '--jump-threading', '--globalopt', '--slp-vectorizer', '--instcombine', '--simplifycfg', '--sroa', '--lower-constant-intrinsics', '--early-cse', '--lower-expect', '--sroa', '--sroa', '--lower-expect', '--globalopt', '--elim-avail-extern', '--lower-expect']",76,-5.507800563586194,0.0,-2.4153955056313996,0.0,1,-5.507800563586194,-2.4153955056313996,0.0,-86.29441624365482,14.903715814214683,14.705882352941178,34
947,"['--ipsccp', '--speculative-execution', '--sccp', '--early-cse', '--mem2reg', '--jump-threading', '--globalopt', '--elim-avail-extern', '--instcombine', '--adce', '--jump-threading', '--gvn', '--simplifycfg', '--instsimplify', '--gvn-hoist', '--mergefunc', '--gvn-hoist', '--instcombine', '--globalopt', '--elim-avail-extern', '--indvars', '--gvn', '--gvn', '--ipsccp', '--gvn', '--nary-reassociate', '--loop-instsimplify', '--early-cse', '--mem2reg', '--jump-threading', '--globalopt', '--elim-avail-extern', '--instcombine', '--simplifycfg', '--sroa', '--gvn-hoist', '--sccp', '--early-cse', '--lower-constant-intrinsics', '--globalopt', '--gvn-hoist', '--adce', '--lower-constant-intrinsics', '--dse', '--newgvn', '--load-store-vectorizer', '--lower-expect', '--simplifycfg', '--gvn-hoist', '--instcombine', '--globalopt', '--globalopt', '--elim-avail-extern', '--gvn', '--gvn', '--ipsccp', '--gvn', '--early-cse', '--mem2reg', '--jump-threading', '--globalopt', '--slp-vectorizer', '--instcombine', '--simplifycfg', '--sroa', '--early-cse', '--lower-expect', '--sroa', '--sroa', '--lower-expect', '--adce', '--elim-avail-extern', '--aggressive-instcombine']",73,-5.521062199472924,0.0,-0.8503005167323309,0.0,1,-5.521062199472924,-0.8503005167323309,0.5008908414855473,-69.54314720812182,13.539250472177942,23.52941176470588,34
2044,"['--ipsccp', '--speculative-execution', '--sccp', '--early-cse', '--mem2reg', '--jump-threading', '--elim-avail-extern', '--instcombine', '--instsimplify', '--adce', '--loop-interchange', '--aggressive-instcombine', '--gvn', '--instsimplify', '--scalarizer', '--inline', '--globaldce', '--mergefunc', '--gvn-hoist', '--gvn-hoist', '--lower-expect', '--elim-avail-extern', '--indvars', '--indvars', '--indvars', '--gvn', '--gvn', '--nary-reassociate', '--loop-instsimplify', '--early-cse', '--mem2reg', '--jump-threading', '--mem2reg', '--globalopt', '--jump-threading', '--bdce', '--elim-avail-extern', '--instcombine', '--simplifycfg', '--sroa', '--tailcallelim', '--globaldce', '--globaldce', '--gvn-hoist', '--sccp', '--early-cse', '--lower-constant-intrinsics', '--adce', '--slsr', '--gvn-hoist', '--adce', '--loop-simplify', '--dse', '--simplifycfg', '--simplifycfg', '--lower-expect', '--simplifycfg', '--elim-avail-extern', '--lower-constant-intrinsics', '--ipsccp', '--nary-reassociate', '--gvn', '--jump-threading', '--jump-threading', '--globalopt', '--slp-vectorizer', '--instcombine', '--simplifycfg', '--early-cse', '--sroa', '--sroa', '--instcombine', '--aggressive-instcombine']",73,-5.5220602320800305,0.0,-2.5577485478932522,0.0,1,-5.5220602320800305,-2.5577485478932522,0.43655874448557375,-67.00507614213198,13.978664682189144,14.705882352941178,34
443,"['--ipsccp', '--speculative-execution', '--sccp', '--early-cse', '--mem2reg', '--jump-threading', '--globalopt', '--elim-avail-extern', '--instcombine', '--adce', '--jump-threading', '--gvn', '--simplifycfg', '--instsimplify', '--gvn-hoist', '--mergefunc', '--gvn-hoist', '--instcombine', '--globalopt', '--elim-avail-extern', '--sccp', '--gvn-hoist', '--simplifycfg', '--gvn', '--instcombine', '--mergereturn', '--correlated-propagation', '--loop-instsimplify', '--early-cse', '--mem2reg', '--jump-threading', '--globalopt', '--elim-avail-extern', '--instcombine', '--simplifycfg', '--sroa', '--mem2reg', '--gvn-hoist', '--sccp', '--early-cse', '--lower-constant-intrinsics', '--adce', '--gvn-hoist', '--adce', '--lower-constant-intrinsics', '--speculative-execution', '--simplifycfg', '--lower-expect', '--simplifycfg', '--gvn-hoist', '--instcombine', '--globalopt', '--elim-avail-extern', '--gvn', '--gvn', '--ipsccp', '--gvn', '--nary-reassociate', '--lower-constant-intrinsics', '--loop-instsimplify', '--early-cse', '--mem2reg', '--jump-threading', '--globalopt', '--slp-vectorizer', '--instcombine', '--simplifycfg', '--sroa', '--lower-constant-intrinsics', '--early-cse', '--lower-expect', '--sroa', '--sroa', '--lower-expect', '--globalopt', '--elim-avail-extern', '--lower-expect']",77,-5.548911943210166,0.0,-2.424009021130201,0.0,1,-5.548911943210166,-2.424009021130201,0.0,-88.3248730964467,15.250228244213394,14.705882352941178,34
519,"['--ipsccp', '--lower-constant-intrinsics', '--sccp', '--early-cse', '--mem2reg', '--jump-threading', '--globalopt', '--elim-avail-extern', '--adce', '--jump-threading', '--gvn', '--simplifycfg', '--instsimplify', '--gvn-hoist', '--mergefunc', '--gvn-hoist', '--early-cse', '--globalopt', '--gvn', '--gvn', '--ipsccp', '--gvn', '--nary-reassociate', '--lower-constant-intrinsics', '--loop-instsimplify', '--early-cse', '--mem2reg', '--jump-threading', '--globalopt', '--elim-avail-extern', '--instcombine', '--simplifycfg', '--sroa', '--mem2reg', '--gvn-hoist', '--sccp', '--loop-versioning-licm', '--early-cse', '--lower-constant-intrinsics', '--adce', '--adce', '--lower-constant-intrinsics', '--newgvn', '--simplifycfg', '--lower-expect', '--simplifycfg', '--gvn-hoist', '--instcombine', '--globalopt', '--gvn', '--elim-avail-extern', '--gvn', '--ipsccp', '--gvn', '--nary-reassociate', '--lower-constant-intrinsics', '--loop-instsimplify', '--instcombine', '--mem2reg', '--jump-threading', '--globalopt', '--slp-vectorizer', '--instcombine', '--simplifycfg', '--sroa', '--lower-constant-intrinsics', '--early-cse', '--lower-expect', '--sroa', '--sroa', '--lower-expect', '--globalopt', '--elim-avail-extern', '--lower-expect']",74,-5.565554374963267,0.0,-2.4946191142667726,0.0,1,-5.565554374963267,-2.4946191142667726,0.0,-86.29441624365482,14.88707686322011,14.705882352941178,34
2119,"['--ipsccp', '--licm', '--speculative-execution', '--sccp', '--early-cse', '--mem2reg', '--jump-threading', '--globalopt', '--elim-avail-extern', '--instcombine', '--adce', '--jump-threading', '--gvn', '--simplifycfg', '--instsimplify', '--inline', '--mergefunc', '--gvn-hoist', '--instcombine', '--globalopt', '--elim-avail-extern', '--indvars', '--indvars', '--gvn', '--gvn', '--ipsccp', '--gvn', '--nary-reassociate', '--loop-instsimplify', '--early-cse', '--mem2reg', '--jump-threading', '--correlated-propagation', '--mem2reg', '--memcpyopt', '--globalopt', '--jump-threading', '--bdce', '--elim-avail-extern', '--instcombine', '--simplifycfg', '--sroa', '--lower-constant-intrinsics', '--adce', '--slsr', '--gvn-hoist', '--adce', '--loop-simplify', '--adce', '--loop-simplify', '--dse', '--scalarizer', '--scalarizer', '--simplifycfg', '--lower-expect', '--simplifycfg', '--elim-avail-extern', '--lower-constant-intrinsics', '--ipsccp', '--gvn', '--nary-reassociate', '--gvn', '--early-cse', '--loop-guard-widening', '--jump-threading', '--globalopt', '--slp-vectorizer', '--instcombine', '--early-cse', '--sroa', '--sroa', '--lower-expect', '--aggressive-instcombine']",73,-5.5691468413511895,0.0,-1.0782009402118709,0.0,1,-5.5691468413511895,-1.0782009402118709,0.5008908414855473,-68.52791878172589,12.31084371486404,23.52941176470588,34
547,"['--ipsccp', '--speculative-execution', '--sccp', '--early-cse', '--mem2reg', '--jump-threading', '--globalopt', '--elim-avail-extern', '--instcombine', '--instsimplify', '--jump-threading', '--gvn', '--simplifycfg', '--adce', '--gvn-hoist', '--mergefunc', '--gvn-hoist', '--instcombine', '--globalopt', '--elim-avail-extern', '--gvn', '--gvn', '--ipsccp', '--gvn', '--nary-reassociate', '--lower-constant-intrinsics', '--loop-instsimplify', '--early-cse', '--mem2reg', '--jump-threading', '--globalopt', '--elim-avail-extern', '--instcombine', '--simplifycfg', '--sroa', '--mem2reg', '--gvn-hoist', '--sccp', '--loop-versioning-licm', '--early-cse', '--lower-constant-intrinsics', '--adce', '--adce', '--lower-constant-intrinsics', '--newgvn', '--simplifycfg', '--lower-expect', '--simplifycfg', '--gvn-hoist', '--instcombine', '--globalopt', '--gvn', '--elim-avail-extern', '--gvn', '--ipsccp', '--gvn', '--nary-reassociate', '--lower-constant-intrinsics', '--loop-instsimplify', '--instcombine', '--mem2reg', '--jump-threading', '--globalopt', '--slp-vectorizer', '--instcombine', '--simplifycfg', '--sroa', '--lower-constant-intrinsics', '--inline', '--early-cse', '--lower-expect', '--sroa', '--sroa', '--lower-expect', '--globalopt', '--ipsccp', '--lower-expect']",77,-5.586649403119098,0.0,-2.569109804641718,0.0,1,-5.586649403119098,-2.569109804641718,0.0,-85.27918781725889,14.539346966966328,14.705882352941178,34
1387,"['--ipsccp', '--speculative-execution', '--sccp', '--early-cse', '--mem2reg', '--jump-threading', '--globalopt', '--elim-avail-extern', '--instcombine', '--adce', '--jump-threading', '--gvn', '--simplifycfg', '--loop-unroll-and-jam', '--instsimplify', '--inline', '--gvn-hoist', '--mergefunc', '--gvn-hoist', '--globalopt', '--elim-avail-extern', '--indvars', '--gvn', '--gvn', '--ipsccp', '--gvn', '--nary-reassociate', '--loop-instsimplify', '--early-cse', '--mem2reg', '--jump-threading', '--globalopt', '--elim-avail-extern', '--instcombine', '--simplifycfg', '--sroa', '--mem2reg', '--globaldce', '--gvn-hoist', '--sccp', '--early-cse', '--lower-constant-intrinsics', '--adce', '--slsr', '--gvn-hoist', '--adce', '--loop-simplify', '--dse', '--scalarizer', '--simplifycfg', '--lower-expect', '--simplifycfg', '--globalopt', '--aggressive-instcombine', '--gvn', '--gvn', '--strip', '--gvn', '--lower-constant-intrinsics', '--loop-instsimplify', '--early-cse', '--mem2reg', '--early-cse-memssa', '--jump-threading', '--globalopt', '--slp-vectorizer', '--instcombine', '--elim-avail-extern', '--mem2reg', '--lower-constant-intrinsics', '--early-cse', '--prune-eh', '--lower-expect', '--loweratomic', '--elim-avail-extern', '--elim-avail-extern', '--lower-expect', '--slsr']",78,-5.632898120416888,0.0,-1.1307507896923994,0.0,1,-5.632898120416888,-1.1307507896923994,0.5008908414855473,-70.05076142131979,12.55423263441707,23.52941176470588,34
1665,"['--ipsccp', '--speculative-execution', '--sccp', '--early-cse', '--correlated-propagation', '--mem2reg', '--jump-threading', '--globalopt', '--elim-avail-extern', '--load-store-vectorizer', '--jump-threading', '--gvn', '--simplifycfg', '--instsimplify', '--inline', '--mergefunc', '--gvn-hoist', '--instcombine', '--globalopt', '--elim-avail-extern', '--indvars', '--indvars', '--gvn', '--gvn', '--gvn', '--ipsccp', '--gvn', '--nary-reassociate', '--adce', '--early-cse', '--mem2reg', '--jump-threading', '--globalopt', '--elim-avail-extern', '--instcombine', '--simplifycfg', '--sroa', '--mem2reg', '--globaldce', '--gvn-hoist', '--sccp', '--early-cse', '--lower-constant-intrinsics', '--adce', '--slsr', '--gvn-hoist', '--adce', '--loop-simplify', '--dse', '--scalarizer', '--simplifycfg', '--lower-expect', '--simplifycfg', '--gvn-hoist', '--elim-avail-extern', '--lower-constant-intrinsics', '--gvn', '--ipsccp', '--gvn', '--nary-reassociate', '--gvn', '--early-cse', '--mem2reg', '--jump-threading', '--globalopt', '--slp-vectorizer', '--instcombine', '--simplifycfg', '--sroa', '--early-cse', '--lower-expect', '--sroa', '--lower-expect', '--aggressive-instcombine']",74,-5.633873474552413,0.0,-1.2063991137153447,0.0,1,-5.633873474552413,-1.2063991137153447,0.5008908414855473,-67.00507614213198,11.996623745600225,23.52941176470588,34
569,"['--ipsccp', '--speculative-execution', '--sccp', '--early-cse', '--jump-threading', '--globalopt', '--elim-avail-extern', '--instcombine', '--adce', '--jump-threading', '--gvn', '--simplifycfg', '--instsimplify', '--gvn-hoist', '--mergefunc', '--gvn-hoist', '--instcombine', '--globalopt', '--elim-avail-extern', '--indvars', '--gvn', '--gvn', '--ipsccp', '--gvn', '--nary-reassociate', '--lower-constant-intrinsics', '--loop-instsimplify', '--strip', '--mem2reg', '--jump-threading', '--globalopt', '--elim-avail-extern', '--instcombine', '--simplifycfg', '--sroa', '--mem2reg', '--gvn-hoist', '--sccp', '--early-cse', '--lower-constant-intrinsics', '--adce', '--gvn-hoist', '--adce', '--lower-constant-intrinsics', '--newgvn', '--simplifycfg', '--lower-expect', '--simplifycfg', '--gvn-hoist', '--instcombine', '--globalopt', '--elim-avail-extern', '--gvn', '--gvn', '--ipsccp', '--gvn', '--nary-reassociate', '--lower-constant-intrinsics', '--loop-instsimplify', '--early-cse', '--mem2reg', '--jump-threading', '--globalopt', '--slp-vectorizer', '--instcombine', '--simplifycfg', '--sroa', '--lower-constant-intrinsics', '--early-cse', '--separate-const-offset-from-gep', '--lower-expect', '--lower-expect', '--globalopt', '--elim-avail-extern', '--lower-expect']",75,-5.655832654600318,0.0,-2.794216693555947,0.0,1,-5.655832654600318,-2.794216693555947,0.0,-68.52791878172589,13.542877814921813,14.705882352941178,34
649,"['--ipsccp', '--speculative-execution', '--sccp', '--early-cse', '--mem2reg', '--jump-threading', '--globalopt', '--elim-avail-extern', '--instcombine', '--instsimplify', '--jump-threading', '--gvn', '--simplifycfg', '--adce', '--gvn-hoist', '--mergefunc', '--gvn-hoist', '--instcombine', '--globalopt', '--elim-avail-extern', '--gvn', '--gvn', '--ipsccp', '--gvn', '--nary-reassociate', '--lower-constant-intrinsics', '--loop-instsimplify', '--sccp', '--mem2reg', '--jump-threading', '--globalopt', '--elim-avail-extern', '--instcombine', '--simplifycfg', '--sroa', '--mem2reg', '--gvn-hoist', '--sccp', '--early-cse', '--lower-constant-intrinsics', '--adce', '--gvn-hoist', '--adce', '--lower-constant-intrinsics', '--dse', '--newgvn', '--simplifycfg', '--lower-expect', '--simplifycfg', '--gvn-hoist', '--instcombine', '--globalopt', '--elim-avail-extern', '--gvn', '--gvn', '--ipsccp', '--gvn', '--nary-reassociate', '--lower-constant-intrinsics', '--loop-instsimplify', '--early-cse', '--mem2reg', '--jump-threading', '--lower-expect', '--instcombine', '--simplifycfg', '--sroa', '--lower-constant-intrinsics', '--elim-avail-extern', '--slp-vectorizer', '--sroa', '--sroa', '--lower-expect', '--globalopt', '--early-cse', '--lower-expect']",76,-5.670469781474882,0.0,-2.6302213667804826,0.0,1,-5.670469781474882,-2.6302213667804826,0.0,-86.29441624365482,14.919214034483431,14.705882352941178,34
758,"['--ipsccp', '--speculative-execution', '--sccp', '--early-cse', '--mem2reg', '--jump-threading', '--globalopt', '--gvn', '--instcombine', '--adce', '--jump-threading', '--gvn', '--simplifycfg', '--instsimplify', '--gvn-hoist', '--mergefunc', '--gvn-hoist', '--instcombine', '--globalopt', '--elim-avail-extern', '--indvars', '--gvn', '--elim-avail-extern', '--ipsccp', '--gvn', '--nary-reassociate', '--lower-constant-intrinsics', '--loop-instsimplify', '--strip', '--mem2reg', '--jump-threading', '--globalopt', '--memcpyopt', '--elim-avail-extern', '--simplifycfg', '--sroa', '--mem2reg', '--gvn-hoist', '--sccp', '--early-cse', '--lower-constant-intrinsics', '--lower-constant-intrinsics', '--adce', '--gvn-hoist', '--adce', '--lower-constant-intrinsics', '--newgvn', '--simplifycfg', '--lower-expect', '--simplifycfg', '--gvn-hoist', '--slp-vectorizer', '--globalopt', '--elim-avail-extern', '--gvn', '--gvn', '--ipsccp', '--gvn', '--nary-reassociate', '--lower-constant-intrinsics', '--loop-instsimplify', '--early-cse', '--mem2reg', '--jump-threading', '--globalopt', '--instcombine', '--instcombine', '--simplifycfg', '--sroa', '--lower-constant-intrinsics', '--early-cse', '--lower-expect', '--sroa', '--sroa', '--lower-expect', '--globalopt', '--lower-expect']",77,-5.67622447581826,0.0,-2.8008477178675926,0.0,1,-5.67622447581826,-2.8008477178675926,0.0,-69.54314720812182,13.697063344763883,14.705882352941178,34
576,"['--ipsccp', '--speculative-execution', '--jump-threading', '--sccp', '--early-cse', '--mem2reg', '--jump-threading', '--loop-simplifycfg', '--elim-avail-extern', '--instcombine', '--instsimplify', '--jump-threading', '--gvn', '--simplifycfg', '--adce', '--gvn-hoist', '--mergefunc', '--gvn-hoist', '--instcombine', '--globalopt', '--gvn', '--gvn', '--ipsccp', '--gvn', '--nary-reassociate', '--lower-constant-intrinsics', '--loop-instsimplify', '--early-cse', '--mem2reg', '--mem2reg', '--globalopt', '--elim-avail-extern', '--instcombine', '--simplifycfg', '--sroa', '--mem2reg', '--gvn-hoist', '--sccp', '--early-cse', '--lower-constant-intrinsics', '--adce', '--gvn-hoist', '--adce', '--lower-constant-intrinsics', '--newgvn', '--simplifycfg', '--lower-expect', '--simplifycfg', '--simplifycfg', '--gvn-hoist', '--slp-vectorizer', '--globalopt', '--elim-avail-extern', '--gvn', '--gvn', '--ipsccp', '--gvn', '--nary-reassociate', '--lower-constant-intrinsics', '--loop-instsimplify', '--early-cse', '--mem2reg', '--jump-threading', '--globalopt', '--instcombine', '--instcombine', '--simplifycfg', '--sroa', '--lower-constant-intrinsics', '--early-cse', '--lower-expect', '--sroa', '--sroa', '--lower-expect', '--globalopt', '--elim-avail-extern', '--lower-expect']",77,-5.767153610366103,0.0,-2.716424477402917,0.0,1,-5.767153610366103,-2.716424477402917,0.0,-86.80203045685279,15.239528993727387,14.705882352941178,34
524,"['--ipsccp', '--lower-constant-intrinsics', '--sccp', '--jump-threading', '--mem2reg', '--jump-threading', '--globalopt', '--elim-avail-extern', '--instcombine', '--adce', '--early-cse', '--gvn', '--simplifycfg', '--instsimplify', '--gvn-hoist', '--mergefunc', '--gvn-hoist', '--early-cse', '--globalopt', '--simple-loop-unswitch', '--gvn', '--gvn', '--ipsccp', '--gvn', '--nary-reassociate', '--lower-constant-intrinsics', '--loop-instsimplify', '--early-cse', '--mem2reg', '--jump-threading', '--globalopt', '--elim-avail-extern', '--instcombine', '--simplifycfg', '--sroa', '--mem2reg', '--gvn-hoist', '--sccp', '--early-cse', '--lower-constant-intrinsics', '--adce', '--gvn-hoist', '--adce', '--lower-constant-intrinsics', '--newgvn', '--simplifycfg', '--lower-expect', '--simplifycfg', '--gvn-hoist', '--slp-vectorizer', '--globalopt', '--elim-avail-extern', '--gvn', '--gvn', '--ipsccp', '--gvn', '--nary-reassociate', '--lower-constant-intrinsics', '--loop-instsimplify', '--early-cse', '--mem2reg', '--jump-threading', '--globalopt', '--instcombine', '--instcombine', '--simplifycfg', '--sroa', '--lower-constant-intrinsics', '--early-cse', '--lower-expect', '--sroa', '--sroa', '--lower-expect', '--globalopt', '--elim-avail-extern', '--lower-expect']",76,-5.804358768509621,0.0,-2.767530281103877,0.0,1,-5.804358768509621,-2.767530281103877,0.0,-86.80203045685279,15.228287047405368,14.705882352941178,34
1300,"['--ipsccp', '--speculative-execution', '--sccp', '--early-cse', '--mem2reg', '--jump-threading', '--globalopt', '--elim-avail-extern', '--instcombine', '--adce', '--jump-threading', '--gvn', '--simplifycfg', '--instsimplify', '--inline', '--mergefunc', '--gvn-hoist', '--gvn-hoist', '--instcombine', '--globalopt', '--elim-avail-extern', '--indvars', '--gvn', '--gvn', '--ipsccp', '--gvn', '--nary-reassociate', '--loop-simplify', '--early-cse', '--mem2reg', '--jump-threading', '--globalopt', '--elim-avail-extern', '--instcombine', '--simplifycfg', '--sroa', '--mem2reg', '--globaldce', '--gvn-hoist', '--sccp', '--early-cse', '--lower-constant-intrinsics', '--adce', '--gvn-hoist', '--adce', '--dse', '--loop-sink', '--simplifycfg', '--lower-expect', '--simplifycfg', '--indvars', '--globalopt', '--aggressive-instcombine', '--gvn', '--gvn', '--ipsccp', '--gvn', '--lower-constant-intrinsics', '--loop-instsimplify', '--early-cse', '--mem2reg', '--die', '--early-cse-memssa', '--jump-threading', '--globalopt', '--slp-vectorizer', '--instcombine', '--lower-expect', '--sroa', '--sroa', '--lower-expect', '--globaldce']",72,-5.815007173485572,0.0,-1.4102013802847382,0.0,1,-5.815007173485572,-1.4102013802847382,0.43655874448557375,-69.03553299492386,12.279443735661367,23.52941176470588,34
2483,"['--ipsccp', '--speculative-execution', '--sccp', '--lower-constant-intrinsics', '--early-cse', '--mem2reg', '--jump-threading', '--globalopt', '--elim-avail-extern', '--instcombine', '--loop-instsimplify', '--jump-threading', '--gvn', '--simplifycfg', '--instsimplify', '--inline', '--mergefunc', '--gvn-hoist', '--instcombine', '--globalopt', '--elim-avail-extern', '--loweratomic', '--indvars', '--indvars', '--gvn', '--gvn', '--ipsccp', '--gvn', '--nary-reassociate', '--adce', '--early-cse', '--mem2reg', '--jump-threading', '--globalopt', '--elim-avail-extern', '--instcombine', '--simplifycfg', '--simplifycfg', '--mem2reg', '--globaldce', '--gvn-hoist', '--sccp', '--early-cse', '--lower-constant-intrinsics', '--adce', '--slsr', '--gvn-hoist', '--adce', '--gvn-hoist', '--adce', '--loop-simplify', '--dse', '--scalarizer', '--simplifycfg', '--lower-expect', '--simplifycfg', '--elim-avail-extern', '--lower-constant-intrinsics', '--ipsccp', '--nary-reassociate', '--gvn', '--early-cse', '--loop-guard-widening', '--jump-threading', '--globalopt', '--slp-vectorizer', '--instcombine', '--slp-vectorizer', '--instcombine', '--sroa', '--sroa', '--early-cse', '--lower-expect', '--sroa', '--lower-expect', '--aggressive-instcombine']",76,-5.819543441900692,0.0,-1.4359578051333741,0.0,1,-5.819543441900692,-1.4359578051333741,0.4559312638580931,-68.52791878172589,12.131633233447799,23.52941176470588,34
909,"['--ipsccp', '--speculative-execution', '--sccp', '--early-cse', '--instcombine', '--jump-threading', '--globalopt', '--elim-avail-extern', '--instcombine', '--adce', '--jump-threading', '--gvn', '--simplifycfg', '--instsimplify', '--gvn-hoist', '--mergefunc', '--gvn-hoist', '--instcombine', '--globalopt', '--elim-avail-extern', '--indvars', '--gvn', '--gvn', '--ipsccp', '--gvn', '--nary-reassociate', '--loop-instsimplify', '--early-cse', '--mem2reg', '--jump-threading', '--globalopt', '--elim-avail-extern', '--instcombine', '--simplifycfg', '--sroa', '--mem2reg', '--gvn-hoist', '--sccp', '--early-cse', '--lower-constant-intrinsics', '--adce', '--gvn-hoist', '--adce', '--lower-constant-intrinsics', '--dse', '--newgvn', '--simplifycfg', '--lower-expect', '--simplifycfg', '--gvn-hoist', '--instcombine', '--globalopt', '--elim-avail-extern', '--gvn', '--gvn', '--ipsccp', '--gvn', '--nary-reassociate', '--lower-constant-intrinsics', '--loop-instsimplify', '--early-cse', '--mem2reg', '--jump-threading', '--globalopt', '--jump-threading', '--globalopt', '--slp-vectorizer', '--mem2reg', '--simplifycfg', '--sroa', '--lower-constant-intrinsics', '--early-cse', '--lower-expect', '--lower-expect', '--elim-avail-extern', '--elim-avail-extern', '--lower-expect', '--slsr']",78,-5.845266709433872,0.0,-3.0480696049333464,0.0,1,-5.845266709433872,-3.0480696049333464,0.0,-68.52791878172589,13.533321527926852,14.705882352941178,34
1235,"['--ipsccp', '--speculative-execution', '--sccp', '--early-cse', '--mem2reg', '--jump-threading', '--globalopt', '--elim-avail-extern', '--instcombine', '--adce', '--jump-threading', '--gvn', '--simplifycfg', '--instsimplify', '--inline', '--gvn-hoist', '--mergefunc', '--gvn-hoist', '--instcombine', '--globalopt', '--elim-avail-extern', '--indvars', '--gvn', '--gvn', '--ipsccp', '--gvn', '--nary-reassociate', '--loop-instsimplify', '--early-cse', '--mem2reg', '--jump-threading', '--globalopt', '--elim-avail-extern', '--instcombine', '--simplifycfg', '--sroa', '--mem2reg', '--gvn-hoist', '--sccp', '--early-cse', '--lower-constant-intrinsics', '--adce', '--gvn-hoist', '--adce', '--loop-simplify', '--dse', '--loop-sink', '--lower-expect', '--simplifycfg', '--gvn-hoist', '--instcombine', '--globalopt', '--aggressive-instcombine', '--gvn', '--globalopt', '--elim-avail-extern', '--ipsccp', '--gvn', '--ipsccp', '--gvn', '--simplifycfg', '--lower-constant-intrinsics', '--loop-instsimplify', '--early-cse', '--mem2reg', '--jump-threading', '--globalopt', '--slp-vectorizer', '--instcombine', '--nary-reassociate', '--sroa', '--lower-constant-intrinsics', '--early-cse', '--aggressive-instcombine']",74,-5.853855792761452,0.0,-1.4400610398846188,0.0,1,-5.853855792761452,-1.4400610398846188,0.43655874448557375,-70.05076142131979,12.443982481421065,23.52941176470588,34
764,"['--ipsccp', '--speculative-execution', '--sccp', '--early-cse', '--instcombine', '--jump-threading', '--globalopt', '--elim-avail-extern', '--instcombine', '--adce', '--jump-threading', '--gvn', '--simplifycfg', '--instsimplify', '--gvn-hoist', '--mergefunc', '--gvn-hoist', '--instcombine', '--globalopt', '--elim-avail-extern', '--indvars', '--gvn', '--gvn', '--ipsccp', '--gvn', '--nary-reassociate', '--loop-instsimplify', '--loop-instsimplify', '--strip', '--mem2reg', '--jump-threading', '--globalopt', '--elim-avail-extern', '--simplifycfg', '--sroa', '--mem2reg', '--gvn-hoist', '--sccp', '--early-cse', '--lower-constant-intrinsics', '--adce', '--gvn-hoist', '--adce', '--loop-simplify', '--dse', '--nary-reassociate', '--newgvn', '--simplifycfg', '--lower-expect', '--simplifycfg', '--gvn-hoist', '--instcombine', '--globalopt', '--elim-avail-extern', '--gvn', '--gvn', '--ipsccp', '--gvn', '--nary-reassociate', '--lower-constant-intrinsics', '--loop-instsimplify', '--early-cse', '--mem2reg', '--jump-threading', '--slp-vectorizer', '--mem2reg', '--simplifycfg', '--sroa', '--lower-constant-intrinsics', '--early-cse', '--lower-expect', '--sroa', '--sroa', '--lower-expect', '--globalopt', '--elim-avail-extern', '--lower-expect']",77,-5.858914202963301,0.0,-3.067151159526436,0.0,1,-5.858914202963301,-3.067151159526436,0.0,-68.52791878172589,13.526684803772971,14.705882352941178,34
498,"['--ipsccp', '--speculative-execution', '--sccp', '--early-cse', '--mem2reg', '--jump-threading', '--globalopt', '--elim-avail-extern', '--instcombine', '--adce', '--jump-threading', '--gvn', '--simplifycfg', '--instsimplify', '--gvn-hoist', '--mergefunc', '--gvn-hoist', '--instcombine', '--globalopt', '--elim-avail-extern', '--sccp', '--gvn-hoist', '--simplifycfg', '--gvn', '--instcombine', '--mergereturn', '--correlated-propagation', '--loop-instsimplify', '--early-cse', '--mem2reg', '--globalopt', '--elim-avail-extern', '--instcombine', '--simplifycfg', '--sroa', '--mem2reg', '--gvn-hoist', '--sccp', '--early-cse', '--lower-constant-intrinsics', '--adce', '--gvn-hoist', '--adce', '--lower-constant-intrinsics', '--newgvn', '--simplifycfg', '--lower-expect', '--simplifycfg', '--gvn-hoist', '--instcombine', '--elim-avail-extern', '--gvn', '--gvn', '--ipsccp', '--gvn', '--nary-reassociate', '--lower-constant-intrinsics', '--loop-instsimplify', '--early-cse', '--mem2reg', '--jump-threading', '--globalopt', '--slp-vectorizer', '--instcombine', '--simplifycfg', '--sroa', '--lower-constant-intrinsics', '--lower-expect', '--sroa', '--sroa', '--lower-expect', '--globalopt', '--elim-avail-extern', '--lower-expect']",74,-5.912132388398456,0.0,-2.888830728532164,0.0,1,-5.912132388398456,-2.888830728532164,0.0,-86.29441624365482,15.396269890581568,14.705882352941178,34
687,"['--ipsccp', '--speculative-execution', '--sccp', '--early-cse', '--mem2reg', '--jump-threading', '--globalopt', '--elim-avail-extern', '--instcombine', '--adce', '--jump-threading', '--gvn', '--simplifycfg', '--instsimplify', '--gvn-hoist', '--mergefunc', '--gvn-hoist', '--instcombine', '--globalopt', '--elim-avail-extern', '--indvars', '--gvn', '--gvn', '--ipsccp', '--gvn', '--nary-reassociate', '--lower-constant-intrinsics', '--loop-instsimplify', '--strip', '--mem2reg', '--elim-avail-extern', '--instcombine', '--simplifycfg', '--sroa', '--mem2reg', '--gvn-hoist', '--sccp', '--early-cse', '--lower-constant-intrinsics', '--adce', '--gvn-hoist', '--adce', '--sroa', '--aggressive-instcombine', '--lower-constant-intrinsics', '--dse', '--newgvn', '--simplifycfg', '--lower-expect', '--simplifycfg', '--gvn-hoist', '--instcombine', '--globalopt', '--elim-avail-extern', '--load-store-vectorizer', '--gvn', '--ipsccp', '--gvn', '--nary-reassociate', '--lower-constant-intrinsics', '--loop-instsimplify', '--early-cse', '--mem2reg', '--jump-threading', '--globalopt', '--slp-vectorizer', '--instcombine', '--simplifycfg', '--sroa', '--lower-constant-intrinsics', '--early-cse', '--lower-expect', '--lower-expect', '--elim-avail-extern', '--elim-avail-extern', '--lower-expect', '--slsr']",77,-5.920679339915647,0.0,-1.2762575995499938,0.0,1,-5.920679339915647,-1.2762575995499938,0.5008908414855473,-69.54314720812182,14.340743755472708,23.52941176470588,34
499,"['--ipsccp', '--speculative-execution', '--sccp', '--early-cse', '--mem2reg', '--jump-threading', '--globalopt', '--elim-avail-extern', '--instcombine', '--adce', '--jump-threading', '--gvn', '--simplifycfg', '--instsimplify', '--gvn-hoist', '--mergefunc', '--gvn-hoist', '--instcombine', '--globalopt', '--elim-avail-extern', '--gvn', '--gvn', '--ipsccp', '--gvn', '--nary-reassociate', '--lower-constant-intrinsics', '--loop-instsimplify', '--strip', '--early-cse', '--mem2reg', '--jump-threading', '--globalopt', '--elim-avail-extern', '--sink', '--instcombine', '--lower-expect', '--sroa', '--mem2reg', '--gvn-hoist', '--sccp', '--early-cse', '--lower-constant-intrinsics', '--adce', '--gvn-hoist', '--adce', '--lower-constant-intrinsics', '--newgvn', '--simplifycfg', '--simplifycfg', '--lowerinvoke', '--simplifycfg', '--gvn-hoist', '--instcombine', '--globalopt', '--elim-avail-extern', '--gvn', '--gvn', '--ipsccp', '--gvn', '--lower-constant-intrinsics', '--loop-instsimplify', '--early-cse', '--mem2reg', '--jump-threading', '--globalopt', '--slp-vectorizer', '--instcombine', '--simplifycfg', '--sroa', '--lower-constant-intrinsics', '--lower-expect', '--sroa', '--sroa', '--lower-expect', '--globalopt', '--elim-avail-extern', '--lower-expect']",77,-5.931496031453822,0.0,-2.391183787684855,0.0,1,-5.931496031453822,-2.391183787684855,0.0,-86.29441624365482,14.910493671607684,17.647058823529413,34
696,"['--ipsccp', '--speculative-execution', '--sccp', '--early-cse', '--mem2reg', '--jump-threading', '--globalopt', '--elim-avail-extern', '--instcombine', '--adce', '--jump-threading', '--gvn', '--simplifycfg', '--instsimplify', '--gvn-hoist', '--mergefunc', '--gvn-hoist', '--instcombine', '--globalopt', '--elim-avail-extern', '--indvars', '--gvn', '--gvn', '--ipsccp', '--gvn', '--nary-reassociate', '--lower-constant-intrinsics', '--loop-instsimplify', '--strip', '--mem2reg', '--jump-threading', '--globalopt', '--elim-avail-extern', '--sroa', '--mem2reg', '--gvn-hoist', '--sccp', '--early-cse', '--lower-constant-intrinsics', '--adce', '--gvn-hoist', '--adce', '--aggressive-instcombine', '--lower-constant-intrinsics', '--dse', '--newgvn', '--simplifycfg', '--lower-expect', '--simplifycfg', '--gvn-hoist', '--instcombine', '--globalopt', '--elim-avail-extern', '--gvn', '--gvn', '--ipsccp', '--gvn', '--nary-reassociate', '--lower-constant-intrinsics', '--loop-instsimplify', '--early-cse', '--mem2reg', '--jump-threading', '--globalopt', '--slp-vectorizer', '--instcombine', '--globalopt', '--sroa', '--lower-constant-intrinsics', '--early-cse', '--lower-expect', '--sroa', '--lower-expect', '--globalopt', '--elim-avail-extern', '--lower-expect']",76,-5.963954470391195,0.0,-1.5608711892741818,0.0,1,-5.963954470391195,-1.5608711892741818,0.43655874448557375,-71.06598984771574,12.638893137296764,23.52941176470588,34
518,"['--ipsccp', '--lower-constant-intrinsics', '--sccp', '--early-cse', '--mem2reg', '--jump-threading', '--globalopt', '--elim-avail-extern', '--instcombine', '--licm', '--jump-threading', '--gvn', '--simplifycfg', '--adce', '--gvn-hoist', '--mergefunc', '--gvn-hoist', '--instcombine', '--globalopt', '--elim-avail-extern', '--gvn', '--gvn', '--ipsccp', '--gvn', '--nary-reassociate', '--lower-constant-intrinsics', '--loop-instsimplify', '--early-cse', '--mem2reg', '--jump-threading', '--jump-threading', '--globalopt', '--elim-avail-extern', '--instcombine', '--simplifycfg', '--sroa', '--mem2reg', '--gvn-hoist', '--sccp', '--sroa', '--adce', '--gvn-hoist', '--adce', '--lower-constant-intrinsics', '--newgvn', '--simplifycfg', '--lower-expect', '--simplifycfg', '--gvn-hoist', '--instcombine', '--elim-avail-extern', '--gvn', '--gvn', '--ipsccp', '--gvn', '--nary-reassociate', '--lower-constant-intrinsics', '--loop-instsimplify', '--early-cse', '--mem2reg', '--jump-threading', '--globalopt', '--slp-vectorizer', '--instcombine', '--simplifycfg', '--sroa', '--lower-constant-intrinsics', '--early-cse', '--lower-expect', '--lower-constant-intrinsics', '--sroa', '--lower-expect', '--globalopt', '--elim-avail-extern', '--lower-expect']",75,-5.991407085804509,0.0,-2.461366775754171,0.0,1,-5.991407085804509,-2.461366775754171,0.0,-86.80203045685279,14.983231804594697,17.647058823529413,34
610,"['--ipsccp', '--speculative-execution', '--sccp', '--early-cse', '--mem2reg', '--jump-threading', '--globalopt', '--elim-avail-extern', '--instcombine', '--load-store-vectorizer', '--adce', '--jump-threading', '--lower-expect', '--simplifycfg', '--instsimplify', '--gvn-hoist', '--mergefunc', '--gvn-hoist', '--instcombine', '--globalopt', '--elim-avail-extern', '--indvars', '--gvn', '--gvn', '--ipsccp', '--gvn', '--nary-reassociate', '--lower-constant-intrinsics', '--loop-instsimplify', '--strip', '--mem2reg', '--jump-threading', '--globalopt', '--elim-avail-extern', '--instcombine', '--simplifycfg', '--sroa', '--mem2reg', '--gvn-hoist', '--sccp', '--early-cse', '--lower-constant-intrinsics', '--adce', '--lower-constant-intrinsics', '--dse', '--newgvn', '--simplifycfg', '--lower-expect', '--simplifycfg', '--gvn-hoist', '--instcombine', '--globalopt', '--elim-avail-extern', '--gvn', '--gvn', '--ipsccp', '--gvn', '--nary-reassociate', '--lower-constant-intrinsics', '--loop-instsimplify', '--early-cse', '--mem2reg', '--jump-threading', '--globalopt', '--slp-vectorizer', '--instcombine', '--simplifycfg', '--sroa', '--lower-constant-intrinsics', '--lower-constant-intrinsics', '--lower-expect', '--sroa', '--sroa', '--lower-expect', '--globalopt', '--elim-avail-extern', '--lower-expect']",77,-5.996674970960416,0.0,-1.6160382849208124,0.0,1,-5.996674970960416,-1.6160382849208124,0.0,-70.05076142131979,12.552344925639245,23.52941176470588,34
2520,"['--ipsccp', '--speculative-execution', '--sccp', '--lower-constant-intrinsics', '--early-cse', '--mem2reg', '--jump-threading', '--globalopt', '--elim-avail-extern', '--instcombine', '--loop-instsimplify', '--jump-threading', '--gvn', '--simplifycfg', '--instsimplify', '--inline', '--mergefunc', '--gvn-hoist', '--instcombine', '--globalopt', '--elim-avail-extern', '--loweratomic', '--indvars', '--gvn', '--gvn', '--ipsccp', '--gvn', '--adce', '--early-cse', '--mem2reg', '--jump-threading', '--globalopt', '--elim-avail-extern', '--instcombine', '--simplifycfg', '--sroa', '--mem2reg', '--globaldce', '--simplifycfg', '--sccp', '--early-cse', '--lower-constant-intrinsics', '--adce', '--slsr', '--gvn-hoist', '--adce', '--loop-simplify', '--elim-avail-extern', '--scalarizer', '--simplifycfg', '--lower-expect', '--gvn-hoist', '--simplifycfg', '--lower-expect', '--simplifycfg', '--elim-avail-extern', '--lower-constant-intrinsics', '--ipsccp', '--gvn', '--nary-reassociate', '--gvn', '--early-cse', '--loop-guard-widening', '--jump-threading', '--globalopt', '--slp-vectorizer', '--instcombine', '--inline', '--sroa', '--early-cse', '--lower-expect', '--sroa', '--lower-expect', '--aggressive-instcombine']",74,-6.075431447896921,0.0,-1.770094485135019,0.0,1,-6.075431447896921,-1.770094485135019,0.4559312638580931,-70.05076142131979,12.184488193397756,23.52941176470588,34
995,"['--ipsccp', '--speculative-execution', '--sccp', '--early-cse', '--mem2reg', '--jump-threading', '--globalopt', '--elim-avail-extern', '--instcombine', '--adce', '--jump-threading', '--gvn', '--simplifycfg', '--gvn-hoist', '--mergefunc', '--gvn-hoist', '--instcombine', '--globalopt', '--elim-avail-extern', '--lower-expect', '--gvn', '--gvn', '--ipsccp', '--gvn', '--nary-reassociate', '--loop-instsimplify', '--early-cse', '--mem2reg', '--jump-threading', '--globalopt', '--elim-avail-extern', '--instcombine', '--simplifycfg', '--sroa', '--mem2reg', '--gvn-hoist', '--sccp', '--early-cse', '--lower-constant-intrinsics', '--adce', '--gvn-hoist', '--adce', '--loop-simplify', '--dse', '--newgvn', '--simplifycfg', '--newgvn', '--simplifycfg', '--indvars', '--simplifycfg', '--gvn-hoist', '--instcombine', '--globalopt', '--elim-avail-extern', '--ipsccp', '--gvn', '--ipsccp', '--gvn', '--nary-reassociate', '--lower-constant-intrinsics', '--loop-instsimplify', '--early-cse', '--mem2reg', '--jump-threading', '--globalopt', '--slp-vectorizer', '--instcombine', '--sroa', '--lower-constant-intrinsics', '--early-cse', '--lower-expect', '--lower-expect', '--loweratomic', '--elim-avail-extern', '--elim-avail-extern', '--lower-expect', '--slsr']",77,-6.079747588896702,0.0,-1.730492796929214,0.0,1,-6.079747588896702,-1.730492796929214,0.0,-70.55837563451777,12.524662264939098,23.52941176470588,34
892,"['--ipsccp', '--speculative-execution', '--sccp', '--early-cse', '--mem2reg', '--jump-threading', '--globalopt', '--elim-avail-extern', '--instcombine', '--adce', '--gvn', '--simplifycfg', '--instsimplify', '--gvn-hoist', '--mergefunc', '--gvn-hoist', '--instcombine', '--globalopt', '--elim-avail-extern', '--indvars', '--gvn', '--gvn', '--ipsccp', '--gvn', '--nary-reassociate', '--loop-instsimplify', '--early-cse', '--mem2reg', '--jump-threading', '--globalopt', '--elim-avail-extern', '--instcombine', '--simplifycfg', '--sroa', '--mem2reg', '--gvn-hoist', '--sccp', '--early-cse', '--lower-constant-intrinsics', '--adce', '--simplifycfg', '--adce', '--loop-simplify', '--dse', '--newgvn', '--simplifycfg', '--lower-expect', '--simplifycfg', '--lower-expect', '--simplifycfg', '--gvn-hoist', '--instcombine', '--globalopt', '--elim-avail-extern', '--gvn', '--gvn', '--ipsccp', '--gvn', '--nary-reassociate', '--lower-constant-intrinsics', '--loop-instsimplify', '--early-cse', '--jump-threading', '--slsr', '--globalopt', '--slp-vectorizer', '--instcombine', '--gvn-hoist', '--sroa', '--lower-constant-intrinsics', '--early-cse', '--lower-expect', '--sroa', '--sroa', '--lower-expect', '--globalopt', '--elim-avail-extern', '--lower-expect']",78,-6.08328535399529,0.0,-1.72365666440755,0.0,1,-6.08328535399529,-1.72365666440755,0.0,-71.06598984771574,12.611310909837455,23.52941176470588,34
780,"['--ipsccp', '--speculative-execution', '--sccp', '--early-cse', '--mem2reg', '--jump-threading', '--globalopt', '--elim-avail-extern', '--instcombine', '--adce', '--jump-threading', '--gvn', '--simplifycfg', '--instsimplify', '--gvn-hoist', '--mergefunc', '--gvn-hoist', '--instcombine', '--globalopt', '--elim-avail-extern', '--indvars', '--gvn', '--gvn', '--ipsccp', '--gvn', '--nary-reassociate', '--loop-instsimplify', '--loop-instsimplify', '--strip', '--mem2reg', '--jump-threading', '--globalopt', '--elim-avail-extern', '--simplifycfg', '--sroa', '--mem2reg', '--gvn-hoist', '--sccp', '--early-cse', '--lower-constant-intrinsics', '--adce', '--gvn-hoist', '--adce', '--loop-simplify', '--dse', '--nary-reassociate', '--simplifycfg', '--lower-expect', '--simplifycfg', '--gvn-hoist', '--instcombine', '--globalopt', '--elim-avail-extern', '--gvn', '--gvn', '--ipsccp', '--gvn', '--nary-reassociate', '--lower-constant-intrinsics', '--loop-instsimplify', '--early-cse', '--mem2reg', '--jump-threading', '--globalopt', '--slp-vectorizer', '--instcombine', '--sroa', '--lower-constant-intrinsics', '--early-cse', '--lower-constant-intrinsics', '--early-cse', '--lower-expect', '--lower-expect', '--elim-avail-extern', '--elim-avail-extern', '--lower-expect', '--slsr']",77,-6.08328535399529,0.0,-1.72365666440755,0.0,1,-6.08328535399529,-1.72365666440755,0.0,-71.06598984771574,12.611310909837455,23.52941176470588,34
872,"['--ipsccp', '--speculative-execution', '--sccp', '--early-cse', '--mem2reg', '--jump-threading', '--globalopt', '--elim-avail-extern', '--instcombine', '--adce', '--jump-threading', '--gvn', '--simplifycfg', '--instsimplify', '--gvn-hoist', '--mergefunc', '--gvn-hoist', '--instcombine', '--globalopt', '--elim-avail-extern', '--indvars', '--gvn', '--gvn', '--ipsccp', '--gvn', '--nary-reassociate', '--lower-constant-intrinsics', '--loop-instsimplify', '--strip', '--mem2reg', '--jump-threading', '--globalopt', '--memcpyopt', '--elim-avail-extern', '--simplifycfg', '--sroa', '--mem2reg', '--gvn-hoist', '--sccp', '--early-cse', '--lower-constant-intrinsics', '--adce', '--gvn-hoist', '--adce', '--loop-simplify', '--dse', '--newgvn', '--simplifycfg', '--lower-expect', '--simplifycfg', '--gvn-hoist', '--instcombine', '--globalopt', '--elim-avail-extern', '--gvn', '--gvn', '--ipsccp', '--gvn', '--nary-reassociate', '--lower-constant-intrinsics', '--loop-instsimplify', '--early-cse', '--jump-threading', '--slsr', '--globalopt', '--slp-vectorizer', '--instcombine', '--lower-constant-intrinsics', '--early-cse', '--lower-expect', '--gvn-hoist', '--sroa', '--lower-expect', '--globalopt', '--elim-avail-extern', '--lower-expect']",76,-6.088408490367613,0.0,-1.730659465527998,0.0,1,-6.088408490367613,-1.730659465527998,0.0,-71.06598984771574,12.610021265157314,23.52941176470588,34
471,"['--ipsccp', '--speculative-execution', '--mem2reg', '--sccp', '--early-cse', '--mem2reg', '--jump-threading', '--globalopt', '--elim-avail-extern', '--instcombine', '--instsimplify', '--jump-threading', '--gvn', '--simplifycfg', '--adce', '--gvn-hoist', '--mergefunc', '--gvn-hoist', '--instcombine', '--globalopt', '--elim-avail-extern', '--gvn', '--gvn', '--ipsccp', '--gvn', '--nary-reassociate', '--lower-constant-intrinsics', '--loop-instsimplify', '--early-cse', '--mem2reg', '--jump-threading', '--globalopt', '--elim-avail-extern', '--instcombine', '--simplifycfg', '--sroa', '--mem2reg', '--gvn-hoist', '--sccp', '--early-cse', '--lower-constant-intrinsics', '--adce', '--gvn-hoist', '--adce', '--lower-constant-intrinsics', '--newgvn', '--lower-constant-intrinsics', '--lower-expect', '--simplifycfg', '--gvn-hoist', '--instcombine', '--globalopt', '--elim-avail-extern', '--gvn', '--gvn', '--ipsccp', '--gvn', '--nary-reassociate', '--lower-constant-intrinsics', '--loop-instsimplify', '--early-cse', '--mem2reg', '--jump-threading', '--globalopt', '--elim-avail-extern', '--instcombine', '--simplifycfg', '--sroa', '--lower-constant-intrinsics', '--early-cse', '--lower-expect', '--sroa', '--sccp', '--sroa', '--lower-expect', '--globalopt', '--elim-avail-extern', '--lower-expect', '--slsr']",79,-6.098823965536919,0.0,-2.611205857483293,0.0,1,-6.098823965536919,-2.611205857483293,0.0,-86.29441624365482,14.933607488950377,17.647058823529413,34
440,"['--ipsccp', '--speculative-execution', '--mem2reg', '--sccp', '--early-cse', '--mem2reg', '--jump-threading', '--globalopt', '--elim-avail-extern', '--instcombine', '--instsimplify', '--jump-threading', '--gvn', '--simplifycfg', '--adce', '--gvn-hoist', '--mergefunc', '--gvn-hoist', '--instcombine', '--globalopt', '--elim-avail-extern', '--gvn', '--gvn', '--ipsccp', '--gvn', '--nary-reassociate', '--lower-constant-intrinsics', '--loop-instsimplify', '--early-cse', '--mem2reg', '--jump-threading', '--globalopt', '--elim-avail-extern', '--instcombine', '--simplifycfg', '--sroa', '--mem2reg', '--gvn-hoist', '--sccp', '--early-cse', '--lower-constant-intrinsics', '--adce', '--gvn-hoist', '--adce', '--lower-constant-intrinsics', '--newgvn', '--simplifycfg', '--lower-expect', '--simplifycfg', '--gvn-hoist', '--instcombine', '--globalopt', '--elim-avail-extern', '--gvn', '--gvn', '--ipsccp', '--gvn', '--nary-reassociate', '--lower-constant-intrinsics', '--loop-instsimplify', '--early-cse', '--mem2reg', '--jump-threading', '--globalopt', '--elim-avail-extern', '--instcombine', '--simplifycfg', '--sroa', '--lower-constant-intrinsics', '--early-cse', '--lower-expect', '--sroa', '--sroa', '--lower-expect', '--globalopt', '--elim-avail-extern', '--lower-expect']",77,-6.107488595175276,0.0,-2.6232846109559342,0.0,1,-6.107488595175276,-2.6232846109559342,0.0,-86.29441624365482,14.929663134289141,17.647058823529413,34
442,"['--ipsccp', '--speculative-execution', '--mem2reg', '--sccp', '--early-cse', '--mem2reg', '--jump-threading', '--globalopt', '--elim-avail-extern', '--instcombine', '--instsimplify', '--jump-threading', '--gvn', '--simplifycfg', '--adce', '--gvn-hoist', '--mergefunc', '--gvn-hoist', '--instcombine', '--globalopt', '--elim-avail-extern', '--gvn', '--ipsccp', '--gvn', '--nary-reassociate', '--lower-constant-intrinsics', '--loop-instsimplify', '--early-cse', '--mem2reg', '--jump-threading', '--globalopt', '--elim-avail-extern', '--instcombine', '--simplifycfg', '--sroa', '--mem2reg', '--gvn-hoist', '--sccp', '--early-cse', '--lower-constant-intrinsics', '--adce', '--gvn-hoist', '--adce', '--lower-constant-intrinsics', '--newgvn', '--simplifycfg', '--lower-expect', '--simplifycfg', '--gvn-hoist', '--instcombine', '--globalopt', '--elim-avail-extern', '--ipsccp', '--gvn', '--nary-reassociate', '--lower-constant-intrinsics', '--loop-instsimplify', '--early-cse', '--jump-threading', '--globalopt', '--elim-avail-extern', '--instcombine', '--simplifycfg', '--sroa', '--lower-constant-intrinsics', '--early-cse', '--lower-constant-intrinsics', '--early-cse', '--lower-expect', '--sroa', '--sroa', '--lower-expect', '--globalopt', '--elim-avail-extern', '--lower-expect']",75,-6.107488595175276,0.0,-2.6232846109559342,0.0,1,-6.107488595175276,-2.6232846109559342,0.0,-86.29441624365482,14.929663134289141,17.647058823529413,34
563,"['--ipsccp', '--speculative-execution', '--mem2reg', '--sccp', '--early-cse', '--mem2reg', '--jump-threading', '--loop-simplifycfg', '--elim-avail-extern', '--instcombine', '--instsimplify', '--jump-threading', '--gvn', '--simplifycfg', '--adce', '--gvn-hoist', '--mergefunc', '--gvn-hoist', '--hotcoldsplit', '--instcombine', '--globalopt', '--gvn', '--gvn', '--ipsccp', '--gvn', '--nary-reassociate', '--lower-constant-intrinsics', '--loop-instsimplify', '--strip', '--mem2reg', '--jump-threading', '--globalopt', '--elim-avail-extern', '--instcombine', '--simplifycfg', '--sroa', '--mem2reg', '--gvn-hoist', '--sccp', '--early-cse', '--lower-constant-intrinsics', '--adce', '--gvn-hoist', '--adce', '--lower-constant-intrinsics', '--newgvn', '--simplifycfg', '--lower-expect', '--simplifycfg', '--gvn-hoist', '--instcombine', '--globalopt', '--elim-avail-extern', '--gvn', '--gvn', '--ipsccp', '--gvn', '--nary-reassociate', '--lower-constant-intrinsics', '--loop-instsimplify', '--early-cse', '--mem2reg', '--jump-threading', '--globalopt', '--instcombine', '--simplifycfg', '--sroa', '--lower-constant-intrinsics', '--early-cse', '--lower-expect', '--early-cse', '--lower-expect', '--tailcallelim', '--sccp', '--sroa', '--lower-expect', '--globalopt', '--elim-avail-extern', '--lower-expect']",79,-6.107488595175276,0.0,-2.6232846109559342,0.0,1,-6.107488595175276,-2.6232846109559342,0.0,-86.29441624365482,14.929663134289141,17.647058823529413,34
447,"['--ipsccp', '--speculative-execution', '--mem2reg', '--sccp', '--early-cse', '--mem2reg', '--jump-threading', '--globalopt', '--elim-avail-extern', '--instcombine', '--instsimplify', '--jump-threading', '--gvn', '--simplifycfg', '--ipsccp', '--gvn-hoist', '--mergefunc', '--gvn-hoist', '--instcombine', '--globalopt', '--elim-avail-extern', '--gvn', '--gvn', '--adce', '--gvn', '--nary-reassociate', '--lower-constant-intrinsics', '--loop-instsimplify', '--early-cse', '--mem2reg', '--jump-threading', '--globalopt', '--elim-avail-extern', '--instcombine', '--lower-expect', '--sroa', '--mem2reg', '--sccp', '--early-cse', '--adce', '--gvn-hoist', '--adce', '--lower-constant-intrinsics', '--newgvn', '--simplifycfg', '--lower-expect', '--simplifycfg', '--gvn-hoist', '--instcombine', '--globalopt', '--elim-avail-extern', '--gvn', '--gvn', '--ipsccp', '--gvn', '--nary-reassociate', '--lower-constant-intrinsics', '--loop-instsimplify', '--early-cse', '--jump-threading', '--globalopt', '--elim-avail-extern', '--instcombine', '--simplifycfg', '--sroa', '--lower-constant-intrinsics', '--early-cse', '--lower-expect', '--sroa', '--sccp', '--sroa', '--lower-expect', '--globalopt', '--elim-avail-extern', '--lower-expect']",75,-6.107488595175276,0.0,-2.6232846109559342,0.0,1,-6.107488595175276,-2.6232846109559342,0.0,-86.29441624365482,14.929663134289141,17.647058823529413,34
449,"['--ipsccp', '--speculative-execution', '--mem2reg', '--sccp', '--early-cse', '--mem2reg', '--jump-threading', '--globalopt', '--elim-avail-extern', '--instcombine', '--instsimplify', '--jump-threading', '--gvn', '--simplifycfg', '--adce', '--gvn-hoist', '--mergefunc', '--gvn-hoist', '--instcombine', '--globalopt', '--elim-avail-extern', '--gvn', '--gvn', '--ipsccp', '--gvn', '--nary-reassociate', '--lower-constant-intrinsics', '--loop-instsimplify', '--early-cse', '--mem2reg', '--jump-threading', '--globalopt', '--elim-avail-extern', '--instcombine', '--simplifycfg', '--sroa', '--mem2reg', '--gvn-hoist', '--sccp', '--early-cse', '--lower-constant-intrinsics', '--adce', '--gvn-hoist', '--adce', '--lower-constant-intrinsics', '--newgvn', '--simplifycfg', '--lower-expect', '--simplifycfg', '--instcombine', '--globalopt', '--elim-avail-extern', '--gvn', '--gvn', '--ipsccp', '--gvn', '--nary-reassociate', '--lower-constant-intrinsics', '--loop-instsimplify', '--early-cse', '--mem2reg', '--jump-threading', '--globalopt', '--elim-avail-extern', '--instcombine', '--simplifycfg', '--sroa', '--lower-constant-intrinsics', '--early-cse', '--lower-expect', '--sroa', '--sroa', '--globalopt', '--elim-avail-extern', '--lower-expect']",75,-6.107488595175276,0.0,-2.6232846109559342,0.0,1,-6.107488595175276,-2.6232846109559342,0.0,-86.29441624365482,14.929663134289141,17.647058823529413,34
389,"['--ipsccp', '--speculative-execution', '--sccp', '--early-cse', '--mem2reg', '--jump-threading', '--globalopt', '--elim-avail-extern', '--instcombine', '--adce', '--jump-threading', '--gvn', '--simplifycfg', '--instsimplify', '--gvn-hoist', '--mergefunc', '--gvn-hoist', '--instcombine', '--globalopt', '--globalopt', '--gvn', '--gvn', '--ipsccp', '--gvn', '--nary-reassociate', '--lower-constant-intrinsics', '--loop-instsimplify', '--strip', '--early-cse', '--mem2reg', '--jump-threading', '--globalopt', '--elim-avail-extern', '--instcombine', '--lower-expect', '--sroa', '--mem2reg', '--gvn-hoist', '--sccp', '--early-cse', '--lower-constant-intrinsics', '--adce', '--adce', '--lower-constant-intrinsics', '--newgvn', '--simplifycfg', '--lower-expect', '--simplifycfg', '--gvn-hoist', '--instcombine', '--globalopt', '--elim-avail-extern', '--gvn', '--gvn', '--ipsccp', '--gvn', '--nary-reassociate', '--lower-constant-intrinsics', '--loop-instsimplify', '--early-cse', '--mem2reg', '--jump-threading', '--globalopt', '--elim-avail-extern', '--instcombine', '--simplifycfg', '--sroa', '--lower-constant-intrinsics', '--early-cse', '--lower-expect', '--sroa', '--sccp', '--sroa', '--lower-expect', '--elim-avail-extern', '--elim-avail-extern', '--lower-expect', '--slsr']",78,-6.110137431678517,0.0,-2.626726577644708,0.0,1,-6.110137431678517,-2.626726577644708,0.0,-86.29441624365482,14.93033674915574,17.647058823529413,34
457,"['--ipsccp', '--speculative-execution', '--sccp', '--early-cse', '--mem2reg', '--jump-threading', '--lower-constant-intrinsics', '--globalopt', '--elim-avail-extern', '--instcombine', '--instsimplify', '--jump-threading', '--gvn', '--simplifycfg', '--adce', '--gvn-hoist', '--mergefunc', '--gvn-hoist', '--instcombine', '--globalopt', '--elim-avail-extern', '--gvn', '--gvn', '--ipsccp', '--gvn', '--nary-reassociate', '--lower-constant-intrinsics', '--loop-instsimplify', '--early-cse', '--mem2reg', '--jump-threading', '--globalopt', '--elim-avail-extern', '--instcombine', '--simplifycfg', '--sroa', '--mem2reg', '--loop-fusion', '--sccp', '--early-cse', '--lower-constant-intrinsics', '--adce', '--gvn-hoist', '--adce', '--lower-constant-intrinsics', '--newgvn', '--simplifycfg', '--lower-expect', '--simplifycfg', '--gvn-hoist', '--instcombine', '--globalopt', '--elim-avail-extern', '--gvn', '--gvn', '--ipsccp', '--gvn', '--nary-reassociate', '--lower-constant-intrinsics', '--loop-instsimplify', '--early-cse', '--mem2reg', '--jump-threading', '--globalopt', '--elim-avail-extern', '--instcombine', '--simplifycfg', '--sroa', '--lower-constant-intrinsics', '--early-cse', '--lower-expect', '--sroa', '--sccp', '--sroa', '--lower-expect', '--globalopt', '--elim-avail-extern', '--lower-expect', '--slsr']",79,-6.110137431678517,0.0,-2.626726577644708,0.0,1,-6.110137431678517,-2.626726577644708,0.0,-86.29441624365482,14.93033674915574,17.647058823529413,34
514,"['--ipsccp', '--speculative-execution', '--sccp', '--early-cse', '--mem2reg', '--jump-threading', '--lower-constant-intrinsics', '--globalopt', '--elim-avail-extern', '--instcombine', '--instsimplify', '--jump-threading', '--gvn', '--simplifycfg', '--adce', '--gvn-hoist', '--mergefunc', '--gvn-hoist', '--instcombine', '--globalopt', '--elim-avail-extern', '--gvn', '--gvn', '--ipsccp', '--gvn', '--nary-reassociate', '--lower-constant-intrinsics', '--loop-instsimplify', '--early-cse', '--mem2reg', '--jump-threading', '--globalopt', '--instcombine', '--simplifycfg', '--sroa', '--mem2reg', '--loop-fusion', '--sccp', '--early-cse', '--lower-constant-intrinsics', '--adce', '--gvn-hoist', '--adce', '--lower-constant-intrinsics', '--newgvn', '--simplifycfg', '--lower-expect', '--simplifycfg', '--gvn-hoist', '--instcombine', '--globalopt', '--elim-avail-extern', '--gvn', '--gvn', '--ipsccp', '--gvn', '--nary-reassociate', '--lower-constant-intrinsics', '--loop-instsimplify', '--early-cse', '--mem2reg', '--jump-threading', '--globalopt', '--elim-avail-extern', '--instcombine', '--simplifycfg', '--sroa', '--lower-constant-intrinsics', '--early-cse', '--lower-expect', '--sroa', '--sccp', '--sroa', '--lower-expect', '--globalopt', '--elim-avail-extern', '--lower-expect', '--slsr']",78,-6.110137431678517,0.0,-2.626726577644708,0.0,1,-6.110137431678517,-2.626726577644708,0.0,-86.29441624365482,14.93033674915574,17.647058823529413,34
392,"['--ipsccp', '--speculative-execution', '--sccp', '--early-cse', '--mem2reg', '--jump-threading', '--globalopt', '--elim-avail-extern', '--instcombine', '--adce', '--jump-threading', '--gvn', '--simplifycfg', '--instsimplify', '--gvn-hoist', '--mergefunc', '--gvn-hoist', '--instcombine', '--globalopt', '--elim-avail-extern', '--sccp', '--gvn-hoist', '--simplifycfg', '--gvn', '--instcombine', '--mergereturn', '--correlated-propagation', '--loop-instsimplify', '--early-cse', '--mem2reg', '--jump-threading', '--globalopt', '--elim-avail-extern', '--instcombine', '--simplifycfg', '--sroa', '--mem2reg', '--gvn-hoist', '--sccp', '--early-cse', '--lower-constant-intrinsics', '--adce', '--gvn-hoist', '--adce', '--lower-constant-intrinsics', '--newgvn', '--simplifycfg', '--lower-expect', '--simplifycfg', '--gvn-hoist', '--instcombine', '--globalopt', '--elim-avail-extern', '--gvn', '--gvn', '--ipsccp', '--gvn', '--nary-reassociate', '--lower-constant-intrinsics', '--loop-instsimplify', '--early-cse', '--mem2reg', '--jump-threading', '--globalopt', '--elim-avail-extern', '--instcombine', '--simplifycfg', '--sroa', '--lower-constant-intrinsics', '--early-cse', '--lower-expect', '--sroa', '--sccp', '--sroa', '--lower-expect', '--globalopt', '--elim-avail-extern', '--lower-expect', '--slsr']",79,-6.110137431678517,0.0,-2.626726577644708,0.0,1,-6.110137431678517,-2.626726577644708,0.0,-86.29441624365482,14.93033674915574,17.647058823529413,34
481,"['--ipsccp', '--speculative-execution', '--sccp', '--early-cse', '--mem2reg', '--jump-threading', '--globalopt', '--elim-avail-extern', '--instcombine', '--adce', '--jump-threading', '--gvn', '--simplifycfg', '--instsimplify', '--gvn-hoist', '--mergefunc', '--gvn-hoist', '--instcombine', '--globalopt', '--elim-avail-extern', '--gvn', '--gvn', '--ipsccp', '--gvn', '--nary-reassociate', '--lower-constant-intrinsics', '--loop-instsimplify', '--early-cse', '--mem2reg', '--jump-threading', '--globalopt', '--globalopt', '--elim-avail-extern', '--instcombine', '--lower-expect', '--sroa', '--mem2reg', '--gvn-hoist', '--sccp', '--early-cse', '--lower-constant-intrinsics', '--adce', '--adce', '--lower-constant-intrinsics', '--newgvn', '--simplifycfg', '--lower-expect', '--simplifycfg', '--gvn-hoist', '--instcombine', '--globalopt', '--elim-avail-extern', '--gvn', '--gvn', '--ipsccp', '--gvn', '--nary-reassociate', '--lower-constant-intrinsics', '--loop-instsimplify', '--early-cse', '--mem2reg', '--jump-threading', '--globalopt', '--elim-avail-extern', '--instcombine', '--simplifycfg', '--sroa', '--lower-constant-intrinsics', '--early-cse', '--lower-expect', '--sroa', '--sccp', '--sroa', '--lower-expect', '--elim-avail-extern', '--elim-avail-extern', '--lower-expect', '--slsr']",78,-6.110137431678517,0.0,-2.626726577644708,0.0,1,-6.110137431678517,-2.626726577644708,0.0,-86.29441624365482,14.93033674915574,17.647058823529413,34
480,"['--ipsccp', '--speculative-execution', '--sccp', '--early-cse', '--mem2reg', '--jump-threading', '--globalopt', '--elim-avail-extern', '--instcombine', '--adce', '--jump-threading', '--gvn', '--simplifycfg', '--instsimplify', '--gvn-hoist', '--mergefunc', '--gvn-hoist', '--instcombine', '--globalopt', '--globalopt', '--gvn', '--gvn', '--ipsccp', '--gvn', '--nary-reassociate', '--lower-constant-intrinsics', '--loop-instsimplify', '--strip', '--early-cse', '--mem2reg', '--jump-threading', '--globalopt', '--elim-avail-extern', '--instcombine', '--lower-expect', '--sroa', '--mem2reg', '--gvn-hoist', '--sccp', '--early-cse', '--lower-constant-intrinsics', '--adce', '--adce', '--lower-constant-intrinsics', '--newgvn', '--simplifycfg', '--lower-expect', '--simplifycfg', '--gvn-hoist', '--instcombine', '--globalopt', '--elim-avail-extern', '--gvn', '--gvn', '--ipsccp', '--gvn', '--nary-reassociate', '--lower-constant-intrinsics', '--loop-instsimplify', '--early-cse', '--mem2reg', '--jump-threading', '--globalopt', '--elim-avail-extern', '--instcombine', '--simplifycfg', '--sroa', '--lower-constant-intrinsics', '--early-cse', '--lower-expect', '--sroa', '--sccp', '--sroa', '--lower-expect', '--elim-avail-extern', '--lower-expect', '--slsr']",77,-6.110137431678517,0.0,-2.626726577644708,0.0,1,-6.110137431678517,-2.626726577644708,0.0,-86.29441624365482,14.93033674915574,17.647058823529413,34
377,"['--ipsccp', '--speculative-execution', '--sccp', '--early-cse', '--mem2reg', '--jump-threading', '--globalopt', '--elim-avail-extern', '--instcombine', '--adce', '--jump-threading', '--gvn', '--simplifycfg', '--instsimplify', '--gvn-hoist', '--mergefunc', '--gvn-hoist', '--instcombine', '--globalopt', '--elim-avail-extern', '--gvn', '--gvn', '--ipsccp', '--gvn', '--nary-reassociate', '--lower-constant-intrinsics', '--loop-instsimplify', '--early-cse', '--strip', '--mem2reg', '--jump-threading', '--globalopt', '--elim-avail-extern', '--instcombine', '--simplifycfg', '--sroa', '--mem2reg', '--gvn-hoist', '--sccp', '--early-cse', '--adce', '--gvn-hoist', '--adce', '--lower-constant-intrinsics', '--newgvn', '--simplifycfg', '--lower-expect', '--simplifycfg', '--gvn-hoist', '--instcombine', '--globalopt', '--elim-avail-extern', '--gvn', '--gvn', '--memcpyopt', '--ipsccp', '--gvn', '--nary-reassociate', '--lower-constant-intrinsics', '--loop-instsimplify', '--early-cse', '--jump-threading', '--globalopt', '--elim-avail-extern', '--instcombine', '--simplifycfg', '--sroa', '--lower-constant-intrinsics', '--early-cse', '--lower-expect', '--sroa', '--sccp', '--sroa', '--lower-expect', '--globalopt', '--elim-avail-extern', '--lower-expect']",77,-6.118800718916145,0.0,-2.63880533111735,0.0,1,-6.118800718916145,-2.63880533111735,0.0,-86.29441624365482,14.926378970487209,17.647058823529413,34
349,"['--ipsccp', '--speculative-execution', '--sccp', '--early-cse', '--mem2reg', '--jump-threading', '--globalopt', '--elim-avail-extern', '--instcombine', '--adce', '--jump-threading', '--gvn', '--simplifycfg', '--instsimplify', '--gvn-hoist', '--mergefunc', '--gvn-hoist', '--instcombine', '--globalopt', '--elim-avail-extern', '--gvn', '--gvn', '--ipsccp', '--gvn', '--nary-reassociate', '--lower-constant-intrinsics', '--loop-instsimplify', '--strip', '--early-cse', '--mem2reg', '--jump-threading', '--globalopt', '--elim-avail-extern', '--instcombine', '--lower-expect', '--sroa', '--mem2reg', '--gvn-hoist', '--sccp', '--early-cse', '--lower-constant-intrinsics', '--adce', '--gvn-hoist', '--adce', '--lower-constant-intrinsics', '--newgvn', '--simplifycfg', '--simplifycfg', '--lowerinvoke', '--simplifycfg', '--gvn-hoist', '--instcombine', '--globalopt', '--elim-avail-extern', '--gvn', '--gvn', '--ipsccp', '--gvn', '--nary-reassociate', '--lower-constant-intrinsics', '--loop-instsimplify', '--early-cse', '--mem2reg', '--jump-threading', '--globalopt', '--instcombine', '--simplifycfg', '--sroa', '--lower-constant-intrinsics', '--early-cse', '--lower-expect', '--sroa', '--sccp', '--sroa', '--lower-expect', '--globalopt', '--elim-avail-extern', '--lower-expect']",78,-6.118800718916145,0.0,-2.63880533111735,0.0,1,-6.118800718916145,-2.63880533111735,0.0,-86.29441624365482,14.926378970487209,17.647058823529413,34
469,"['--ipsccp', '--speculative-execution', '--sccp', '--early-cse', '--mem2reg', '--jump-threading', '--globalopt', '--elim-avail-extern', '--instcombine', '--instsimplify', '--jump-threading', '--gvn', '--simplifycfg', '--adce', '--gvn-hoist', '--mergefunc', '--gvn-hoist', '--instcombine', '--globalopt', '--elim-avail-extern', '--gvn', '--gvn', '--ipsccp', '--gvn', '--nary-reassociate', '--lower-constant-intrinsics', '--loop-instsimplify', '--early-cse', '--mem2reg', '--jump-threading', '--globalopt', '--elim-avail-extern', '--instcombine', '--simplifycfg', '--sroa', '--mem2reg', '--gvn-hoist', '--lower-constant-intrinsics', '--early-cse', '--adce', '--gvn-hoist', '--adce', '--sccp', '--newgvn', '--simplifycfg', '--lower-expect', '--simplifycfg', '--gvn-hoist', '--instcombine', '--globalopt', '--elim-avail-extern', '--gvn', '--gvn', '--gvn', '--gvn', '--ipsccp', '--gvn', '--nary-reassociate', '--lower-constant-intrinsics', '--loop-instsimplify', '--early-cse', '--mem2reg', '--jump-threading', '--globalopt', '--elim-avail-extern', '--instcombine', '--simplifycfg', '--sroa', '--lower-constant-intrinsics', '--early-cse', '--lower-expect', '--sroa', '--sroa', '--lower-expect', '--globalopt', '--elim-avail-extern', '--lower-expect']",77,-6.118800718916145,0.0,-2.63880533111735,0.0,1,-6.118800718916145,-2.63880533111735,0.0,-86.29441624365482,14.926378970487209,17.647058823529413,34
336,"['--ipsccp', '--speculative-execution', '--sccp', '--early-cse', '--mem2reg', '--jump-threading', '--globalopt', '--elim-avail-extern', '--instcombine', '--instsimplify', '--jump-threading', '--gvn', '--simplifycfg', '--adce', '--gvn-hoist', '--mergefunc', '--gvn-hoist', '--instcombine', '--globalopt', '--elim-avail-extern', '--gvn', '--gvn', '--ipsccp', '--gvn', '--nary-reassociate', '--lower-constant-intrinsics', '--loop-instsimplify', '--early-cse', '--mem2reg', '--jump-threading', '--globalopt', '--elim-avail-extern', '--instcombine', '--simplifycfg', '--sroa', '--mem2reg', '--gvn-hoist', '--sccp', '--early-cse', '--lower-constant-intrinsics', '--adce', '--gvn-hoist', '--adce', '--lower-constant-intrinsics', '--newgvn', '--simplifycfg', '--lower-expect', '--simplifycfg', '--gvn-hoist', '--instcombine', '--globalopt', '--elim-avail-extern', '--gvn', '--gvn', '--ipsccp', '--gvn', '--nary-reassociate', '--lower-constant-intrinsics', '--loop-instsimplify', '--early-cse', '--mem2reg', '--jump-threading', '--globalopt', '--elim-avail-extern', '--instcombine', '--simplifycfg', '--sroa', '--lower-constant-intrinsics', '--early-cse', '--lower-expect', '--sroa', '--sroa', '--lower-expect', '--globalopt', '--elim-avail-extern', '--lower-expect']",76,-6.118800718916145,0.0,-2.63880533111735,0.0,1,-6.118800718916145,-2.63880533111735,0.0,-86.29441624365482,14.926378970487209,17.647058823529413,34
479,"['--ipsccp', '--speculative-execution', '--sccp', '--early-cse', '--mem2reg', '--jump-threading', '--globalopt', '--elim-avail-extern', '--instcombine', '--instsimplify', '--jump-threading', '--gvn', '--simplifycfg', '--adce', '--gvn-hoist', '--mergefunc', '--instcombine', '--globalopt', '--elim-avail-extern', '--gvn', '--gvn', '--ipsccp', '--gvn', '--nary-reassociate', '--lower-constant-intrinsics', '--loop-instsimplify', '--early-cse', '--mem2reg', '--jump-threading', '--lower-expect', '--elim-avail-extern', '--instcombine', '--simplifycfg', '--sroa', '--mem2reg', '--gvn-hoist', '--sccp', '--early-cse', '--lower-constant-intrinsics', '--adce', '--gvn-hoist', '--adce', '--lower-constant-intrinsics', '--newgvn', '--simplifycfg', '--lower-expect', '--simplifycfg', '--gvn-hoist', '--instsimplify', '--globalopt', '--elim-avail-extern', '--gvn', '--gvn', '--ipsccp', '--gvn', '--nary-reassociate', '--lower-constant-intrinsics', '--loop-instsimplify', '--early-cse', '--jump-threading', '--globalopt', '--elim-avail-extern', '--instcombine', '--simplifycfg', '--sroa', '--lower-constant-intrinsics', '--die', '--lower-expect', '--sroa', '--sccp', '--sroa', '--lower-expect', '--globalopt', '--elim-avail-extern', '--lower-expect']",75,-6.118800718916145,0.0,-2.63880533111735,0.0,1,-6.118800718916145,-2.63880533111735,0.0,-86.29441624365482,14.926378970487209,17.647058823529413,34
391,"['--ipsccp', '--speculative-execution', '--sccp', '--early-cse', '--mem2reg', '--jump-threading', '--globalopt', '--elim-avail-extern', '--instcombine', '--instsimplify', '--jump-threading', '--gvn', '--simplifycfg', '--adce', '--gvn-hoist', '--mergefunc', '--gvn-hoist', '--instcombine', '--globalopt', '--elim-avail-extern', '--gvn', '--gvn', '--ipsccp', '--gvn', '--nary-reassociate', '--lower-constant-intrinsics', '--loop-instsimplify', '--early-cse', '--mem2reg', '--jump-threading', '--globalopt', '--elim-avail-extern', '--instcombine', '--simplifycfg', '--sroa', '--mem2reg', '--gvn-hoist', '--sccp', '--early-cse', '--lower-constant-intrinsics', '--adce', '--gvn-hoist', '--adce', '--lower-constant-intrinsics', '--newgvn', '--simplifycfg', '--lower-expect', '--simplifycfg', '--gvn-hoist', '--instcombine', '--globalopt', '--elim-avail-extern', '--gvn', '--gvn', '--ipsccp', '--gvn', '--nary-reassociate', '--lower-constant-intrinsics', '--loop-instsimplify', '--early-cse', '--mem2reg', '--jump-threading', '--globalopt', '--elim-avail-extern', '--instcombine', '--simplifycfg', '--sroa', '--sink', '--early-cse', '--lower-expect', '--sroa', '--sroa', '--lower-expect', '--globalopt', '--elim-avail-extern', '--lower-expect']",76,-6.118800718916145,0.0,-2.63880533111735,0.0,1,-6.118800718916145,-2.63880533111735,0.0,-86.29441624365482,14.926378970487209,17.647058823529413,34
390,"['--ipsccp', '--speculative-execution', '--sccp', '--early-cse', '--mem2reg', '--jump-threading', '--globalopt', '--elim-avail-extern', '--instcombine', '--instsimplify', '--jump-threading', '--gvn', '--simplifycfg', '--adce', '--gvn-hoist', '--mergefunc', '--gvn-hoist', '--instcombine', '--globalopt', '--elim-avail-extern', '--gvn', '--gvn', '--ipsccp', '--gvn', '--nary-reassociate', '--lower-constant-intrinsics', '--loop-instsimplify', '--early-cse', '--mem2reg', '--jump-threading', '--globalopt', '--elim-avail-extern', '--instcombine', '--simplifycfg', '--sroa', '--mem2reg', '--gvn-hoist', '--sccp', '--early-cse', '--adce', '--gvn-hoist', '--adce', '--lower-constant-intrinsics', '--newgvn', '--simplifycfg', '--lower-expect', '--simplifycfg', '--gvn-hoist', '--instcombine', '--globalopt', '--elim-avail-extern', '--gvn', '--gvn', '--ipsccp', '--gvn', '--nary-reassociate', '--lower-constant-intrinsics', '--loop-instsimplify', '--early-cse', '--jump-threading', '--globalopt', '--elim-avail-extern', '--instcombine', '--simplifycfg', '--sroa', '--lower-constant-intrinsics', '--early-cse', '--lower-constant-intrinsics', '--early-cse', '--lower-expect', '--sroa', '--sroa', '--lower-expect', '--globalopt', '--elim-avail-extern', '--lower-expect']",76,-6.118800718916145,0.0,-2.63880533111735,0.0,1,-6.118800718916145,-2.63880533111735,0.0,-86.29441624365482,14.926378970487209,17.647058823529413,34
346,"['--ipsccp', '--speculative-execution', '--sccp', '--early-cse', '--mem2reg', '--jump-threading', '--globalopt', '--elim-avail-extern', '--instcombine', '--instsimplify', '--jump-threading', '--gvn', '--simplifycfg', '--adce', '--gvn-hoist', '--mergefunc', '--gvn-hoist', '--instcombine', '--globalopt', '--elim-avail-extern', '--gvn', '--gvn', '--ipsccp', '--gvn', '--nary-reassociate', '--loop-instsimplify', '--early-cse', '--mem2reg', '--jump-threading', '--globalopt', '--elim-avail-extern', '--instcombine', '--simplifycfg', '--sroa', '--mem2reg', '--gvn-hoist', '--sccp', '--early-cse', '--lower-constant-intrinsics', '--adce', '--gvn-hoist', '--adce', '--lower-constant-intrinsics', '--newgvn', '--simplifycfg', '--lower-expect', '--simplifycfg', '--gvn-hoist', '--instsimplify', '--globalopt', '--elim-avail-extern', '--gvn', '--gvn', '--ipsccp', '--gvn', '--nary-reassociate', '--lower-constant-intrinsics', '--loop-instsimplify', '--early-cse', '--jump-threading', '--globalopt', '--elim-avail-extern', '--instcombine', '--simplifycfg', '--sroa', '--lower-constant-intrinsics', '--die', '--lower-expect', '--sroa', '--sccp', '--sroa', '--lower-expect', '--globalopt', '--elim-avail-extern', '--lower-expect']",75,-6.118800718916145,0.0,-2.63880533111735,0.0,1,-6.118800718916145,-2.63880533111735,0.0,-86.29441624365482,14.926378970487209,17.647058823529413,34
482,"['--ipsccp', '--speculative-execution', '--sccp', '--early-cse', '--mem2reg', '--jump-threading', '--globalopt', '--elim-avail-extern', '--instcombine', '--adce', '--jump-threading', '--gvn', '--simplifycfg', '--instsimplify', '--gvn-hoist', '--mergefunc', '--gvn-hoist', '--instcombine', '--globalopt', '--elim-avail-extern', '--gvn', '--gvn', '--ipsccp', '--gvn', '--nary-reassociate', '--lower-constant-intrinsics', '--loop-instsimplify', '--strip', '--early-cse', '--mem2reg', '--jump-threading', '--globalopt', '--elim-avail-extern', '--lower-expect', '--sroa', '--mem2reg', '--gvn-hoist', '--sccp', '--early-cse', '--lower-constant-intrinsics', '--adce', '--gvn-hoist', '--adce', '--lower-constant-intrinsics', '--newgvn', '--simplifycfg', '--simplifycfg', '--lowerinvoke', '--simplifycfg', '--gvn-hoist', '--instcombine', '--globalopt', '--elim-avail-extern', '--gvn', '--gvn', '--ipsccp', '--gvn', '--nary-reassociate', '--lower-constant-intrinsics', '--mem2reg', '--jump-threading', '--globalopt', '--elim-avail-extern', '--instcombine', '--simplifycfg', '--sroa', '--lower-constant-intrinsics', '--early-cse', '--lower-expect', '--sroa', '--sroa', '--lower-expect', '--elim-avail-extern', '--lower-expect']",74,-6.118800718916145,0.0,-2.63880533111735,0.0,1,-6.118800718916145,-2.63880533111735,0.0,-86.29441624365482,14.926378970487209,17.647058823529413,34
388,"['--ipsccp', '--speculative-execution', '--sccp', '--early-cse', '--mem2reg', '--jump-threading', '--globalopt', '--elim-avail-extern', '--instcombine', '--instsimplify', '--jump-threading', '--gvn', '--simplifycfg', '--adce', '--gvn-hoist', '--mergefunc', '--gvn-hoist', '--instcombine', '--globalopt', '--elim-avail-extern', '--gvn', '--gvn', '--ipsccp', '--gvn', '--nary-reassociate', '--lower-constant-intrinsics', '--loop-instsimplify', '--early-cse', '--mem2reg', '--jump-threading', '--lower-expect', '--elim-avail-extern', '--instcombine', '--simplifycfg', '--sroa', '--mem2reg', '--gvn-hoist', '--sccp', '--early-cse', '--lower-constant-intrinsics', '--adce', '--gvn-hoist', '--adce', '--lower-constant-intrinsics', '--newgvn', '--simplifycfg', '--lower-expect', '--simplifycfg', '--gvn-hoist', '--instsimplify', '--globalopt', '--elim-avail-extern', '--gvn', '--gvn', '--ipsccp', '--gvn', '--nary-reassociate', '--lower-constant-intrinsics', '--loop-instsimplify', '--early-cse', '--jump-threading', '--globalopt', '--elim-avail-extern', '--instcombine', '--simplifycfg', '--sroa', '--lower-constant-intrinsics', '--die', '--lower-expect', '--sroa', '--sccp', '--sroa', '--lower-expect', '--globalopt', '--elim-avail-extern', '--lower-expect']",76,-6.118800718916145,0.0,-2.63880533111735,0.0,1,-6.118800718916145,-2.63880533111735,0.0,-86.29441624365482,14.926378970487209,17.647058823529413,34
376,"['--ipsccp', '--speculative-execution', '--sccp', '--early-cse', '--mem2reg', '--jump-threading', '--globalopt', '--elim-avail-extern', '--instcombine', '--instsimplify', '--jump-threading', '--gvn', '--simplifycfg', '--adce', '--gvn-hoist', '--mergefunc', '--gvn-hoist', '--instcombine', '--globalopt', '--elim-avail-extern', '--gvn', '--gvn', '--ipsccp', '--gvn', '--nary-reassociate', '--lower-constant-intrinsics', '--loop-instsimplify', '--early-cse', '--mem2reg', '--jump-threading', '--globalopt', '--elim-avail-extern', '--instcombine', '--simplifycfg', '--sroa', '--mem2reg', '--gvn-hoist', '--sccp', '--early-cse', '--lower-constant-intrinsics', '--adce', '--gvn-hoist', '--adce', '--lower-constant-intrinsics', '--newgvn', '--simplifycfg', '--lower-expect', '--simplifycfg', '--gvn-hoist', '--instcombine', '--globalopt', '--elim-avail-extern', '--gvn', '--gvn', '--ipsccp', '--gvn', '--nary-reassociate', '--lower-constant-intrinsics', '--loop-instsimplify', '--early-cse', '--mem2reg', '--jump-threading', '--globalopt', '--elim-avail-extern', '--instcombine', '--simplifycfg', '--sroa', '--lower-constant-intrinsics', '--early-cse', '--lower-expect', '--sroa', '--sroa', '--lower-expect', '--elim-avail-extern', '--lower-expect']",75,-6.118800718916145,0.0,-2.63880533111735,0.0,1,-6.118800718916145,-2.63880533111735,0.0,-86.29441624365482,14.926378970487209,17.647058823529413,34
387,"['--ipsccp', '--speculative-execution', '--sccp', '--early-cse', '--mem2reg', '--jump-threading', '--globalopt', '--elim-avail-extern', '--instcombine', '--adce', '--jump-threading', '--gvn', '--simplifycfg', '--instsimplify', '--gvn-hoist', '--mergefunc', '--gvn-hoist', '--instcombine', '--globalopt', '--elim-avail-extern', '--gvn', '--gvn', '--ipsccp', '--gvn', '--nary-reassociate', '--lower-constant-intrinsics', '--early-cse', '--mem2reg', '--jump-threading', '--globalopt', '--elim-avail-extern', '--instcombine', '--simplifycfg', '--sroa', '--mem2reg', '--gvn-hoist', '--sccp', '--early-cse', '--lower-constant-intrinsics', '--adce', '--gvn-hoist', '--adce', '--lower-constant-intrinsics', '--newgvn', '--simplifycfg', '--lower-expect', '--simplifycfg', '--gvn-hoist', '--instsimplify', '--globalopt', '--elim-avail-extern', '--gvn', '--gvn', '--ipsccp', '--gvn', '--nary-reassociate', '--lower-constant-intrinsics', '--loop-instsimplify', '--early-cse', '--jump-threading', '--globalopt', '--elim-avail-extern', '--instcombine', '--simplifycfg', '--sroa', '--lower-constant-intrinsics', '--die', '--lower-expect', '--sroa', '--sccp', '--sroa', '--lower-expect', '--globalopt', '--elim-avail-extern', '--lower-expect']",75,-6.118800718916145,0.0,-2.63880533111735,0.0,1,-6.118800718916145,-2.63880533111735,0.0,-86.29441624365482,14.926378970487209,17.647058823529413,34
350,"['--ipsccp', '--speculative-execution', '--sccp', '--early-cse', '--mem2reg', '--jump-threading', '--globalopt', '--elim-avail-extern', '--instcombine', '--adce', '--jump-threading', '--gvn', '--simplifycfg', '--instsimplify', '--gvn-hoist', '--mergefunc', '--gvn-hoist', '--instcombine', '--globalopt', '--elim-avail-extern', '--gvn', '--gvn', '--ipsccp', '--gvn', '--nary-reassociate', '--lower-constant-intrinsics', '--loop-instsimplify', '--strip', '--mem2reg', '--jump-threading', '--globalopt', '--elim-avail-extern', '--instcombine', '--simplifycfg', '--sroa', '--mem2reg', '--gvn-hoist', '--sccp', '--early-cse', '--lower-constant-intrinsics', '--adce', '--gvn-hoist', '--adce', '--lower-constant-intrinsics', '--newgvn', '--simplifycfg', '--lower-expect', '--simplifycfg', '--gvn-hoist', '--instcombine', '--globalopt', '--elim-avail-extern', '--gvn', '--gvn', '--ipsccp', '--gvn', '--nary-reassociate', '--lower-constant-intrinsics', '--loop-instsimplify', '--early-cse', '--mem2reg', '--jump-threading', '--globalopt', '--elim-avail-extern', '--instcombine', '--simplifycfg', '--sroa', '--lower-constant-intrinsics', '--ipconstprop', '--early-cse', '--lower-expect', '--sroa', '--sccp', '--sroa', '--lower-expect', '--globalopt', '--elim-avail-extern', '--lower-expect']",78,-6.118800718916145,0.0,-2.63880533111735,0.0,1,-6.118800718916145,-2.63880533111735,0.0,-86.29441624365482,14.926378970487209,17.647058823529413,34
476,"['--ipsccp', '--speculative-execution', '--sccp', '--early-cse', '--mem2reg', '--jump-threading', '--globalopt', '--elim-avail-extern', '--instcombine', '--adce', '--jump-threading', '--gvn', '--simplifycfg', '--instsimplify', '--gvn-hoist', '--mergefunc', '--gvn-hoist', '--instcombine', '--globalopt', '--globalopt', '--gvn', '--gvn', '--ipsccp', '--gvn', '--nary-reassociate', '--lower-constant-intrinsics', '--loop-instsimplify', '--strip', '--early-cse', '--mem2reg', '--jump-threading', '--globalopt', '--elim-avail-extern', '--instcombine', '--lower-expect', '--sroa', '--mem2reg', '--gvn-hoist', '--sccp', '--early-cse', '--lower-constant-intrinsics', '--adce', '--adce', '--lower-constant-intrinsics', '--newgvn', '--simplifycfg', '--lower-expect', '--simplifycfg', '--gvn-hoist', '--instcombine', '--globalopt', '--elim-avail-extern', '--gvn', '--gvn', '--ipsccp', '--gvn', '--nary-reassociate', '--lower-constant-intrinsics', '--loop-instsimplify', '--early-cse', '--mem2reg', '--jump-threading', '--globalopt', '--instcombine', '--instcombine', '--simplifycfg', '--sroa', '--lower-constant-intrinsics', '--early-cse', '--lower-expect', '--sroa', '--sroa', '--lower-expect', '--globalopt', '--elim-avail-extern', '--lower-expect']",76,-6.118800718916145,0.0,-2.63880533111735,0.0,1,-6.118800718916145,-2.63880533111735,0.0,-86.29441624365482,14.926378970487209,17.647058823529413,34
394,"['--ipsccp', '--speculative-execution', '--sccp', '--early-cse', '--mem2reg', '--jump-threading', '--globalopt', '--elim-avail-extern', '--instcombine', '--adce', '--jump-threading', '--gvn', '--simplifycfg', '--instsimplify', '--gvn-hoist', '--mergefunc', '--gvn-hoist', '--instcombine', '--globalopt', '--elim-avail-extern', '--separate-const-offset-from-gep', '--gvn', '--gvn', '--ipsccp', '--gvn', '--nary-reassociate', '--lower-constant-intrinsics', '--loop-instsimplify', '--early-cse', '--mem2reg', '--jump-threading', '--globalopt', '--elim-avail-extern', '--instcombine', '--simplifycfg', '--sroa', '--mem2reg', '--gvn-hoist', '--sccp', '--early-cse', '--lower-constant-intrinsics', '--adce', '--gvn-hoist', '--adce', '--lower-constant-intrinsics', '--newgvn', '--simplifycfg', '--lower-expect', '--simplifycfg', '--gvn-hoist', '--instcombine', '--globalopt', '--elim-avail-extern', '--gvn', '--gvn', '--ipsccp', '--gvn', '--nary-reassociate', '--lower-constant-intrinsics', '--loop-instsimplify', '--early-cse', '--mem2reg', '--jump-threading', '--globalopt', '--elim-avail-extern', '--instcombine', '--simplifycfg', '--sroa', '--lower-constant-intrinsics', '--early-cse', '--lower-expect', '--sroa', '--sroa', '--lower-expect', '--globalopt', '--elim-avail-extern', '--lower-expect']",77,-6.118800718916145,0.0,-2.63880533111735,0.0,1,-6.118800718916145,-2.63880533111735,0.0,-86.29441624365482,14.926378970487209,17.647058823529413,34
354,"['--ipsccp', '--speculative-execution', '--sccp', '--early-cse', '--mem2reg', '--jump-threading', '--globalopt', '--elim-avail-extern', '--instcombine', '--adce', '--jump-threading', '--gvn', '--simplifycfg', '--instsimplify', '--gvn-hoist', '--mergefunc', '--gvn-hoist', '--instcombine', '--globalopt', '--elim-avail-extern', '--gvn', '--gvn', '--ipsccp', '--gvn', '--nary-reassociate', '--lower-constant-intrinsics', '--loop-instsimplify', '--early-cse', '--mem2reg', '--jump-threading', '--globalopt', '--elim-avail-extern', '--instcombine', '--simplifycfg', '--sroa', '--mem2reg', '--gvn-hoist', '--sccp', '--early-cse', '--lower-constant-intrinsics', '--adce', '--loop-unroll-and-jam', '--gvn-hoist', '--adce', '--lower-constant-intrinsics', '--newgvn', '--simplifycfg', '--lower-expect', '--simplifycfg', '--gvn-hoist', '--instcombine', '--tailcallelim', '--elim-avail-extern', '--gvn', '--gvn', '--ipsccp', '--gvn', '--nary-reassociate', '--lower-constant-intrinsics', '--loop-instsimplify', '--early-cse', '--mem2reg', '--jump-threading', '--globalopt', '--elim-avail-extern', '--elim-avail-extern', '--instcombine', '--simplifycfg', '--sroa', '--lower-constant-intrinsics', '--early-cse', '--lower-expect', '--sroa', '--sccp', '--sroa', '--lower-expect', '--globalopt', '--elim-avail-extern', '--lower-expect']",79,-6.118800718916145,0.0,-2.63880533111735,0.0,1,-6.118800718916145,-2.63880533111735,0.0,-86.29441624365482,14.926378970487209,17.647058823529413,34
385,"['--ipsccp', '--speculative-execution', '--sccp', '--early-cse', '--mem2reg', '--jump-threading', '--globalopt', '--elim-avail-extern', '--instcombine', '--adce', '--jump-threading', '--gvn', '--simplifycfg', '--instsimplify', '--gvn-hoist', '--mergefunc', '--gvn-hoist', '--instcombine', '--globalopt', '--elim-avail-extern', '--gvn', '--gvn', '--ipsccp', '--functionattrs', '--nary-reassociate', '--lower-constant-intrinsics', '--loop-instsimplify', '--strip', '--early-cse', '--mem2reg', '--jump-threading', '--globalopt', '--elim-avail-extern', '--instcombine', '--lower-expect', '--sroa', '--mem2reg', '--sccp', '--early-cse', '--adce', '--gvn-hoist', '--adce', '--lower-constant-intrinsics', '--newgvn', '--simplifycfg', '--lower-expect', '--simplifycfg', '--gvn-hoist', '--instcombine', '--globalopt', '--elim-avail-extern', '--gvn', '--gvn', '--ipsccp', '--gvn', '--nary-reassociate', '--lower-constant-intrinsics', '--loop-instsimplify', '--early-cse', '--jump-threading', '--globalopt', '--elim-avail-extern', '--instcombine', '--simplifycfg', '--sroa', '--lower-constant-intrinsics', '--early-cse', '--lower-expect', '--sroa', '--sccp', '--sroa', '--lower-expect', '--globalopt', '--elim-avail-extern', '--lower-expect']",75,-6.118800718916145,0.0,-2.63880533111735,0.0,1,-6.118800718916145,-2.63880533111735,0.0,-86.29441624365482,14.926378970487209,17.647058823529413,34
358,"['--ipsccp', '--speculative-execution', '--sccp', '--early-cse', '--mem2reg', '--jump-threading', '--globalopt', '--elim-avail-extern', '--instcombine', '--instsimplify', '--jump-threading', '--gvn', '--simplifycfg', '--adce', '--gvn-hoist', '--mergefunc', '--gvn-hoist', '--instcombine', '--globalopt', '--elim-avail-extern', '--gvn', '--gvn', '--ipsccp', '--gvn', '--nary-reassociate', '--lower-constant-intrinsics', '--loop-instsimplify', '--early-cse', '--mem2reg', '--jump-threading', '--globalopt', '--elim-avail-extern', '--instcombine', '--simplifycfg', '--sroa', '--mem2reg', '--gvn-hoist', '--sccp', '--early-cse', '--adce', '--gvn-hoist', '--adce', '--lower-constant-intrinsics', '--newgvn', '--simplifycfg', '--lower-expect', '--simplifycfg', '--gvn-hoist', '--instcombine', '--globalopt', '--elim-avail-extern', '--gvn', '--gvn', '--ipsccp', '--gvn', '--nary-reassociate', '--lower-constant-intrinsics', '--loop-instsimplify', '--early-cse', '--jump-threading', '--globalopt', '--elim-avail-extern', '--instcombine', '--simplifycfg', '--sroa', '--lower-constant-intrinsics', '--early-cse', '--lower-expect', '--sroa', '--sccp', '--sroa', '--lower-expect', '--globalopt', '--elim-avail-extern', '--lower-expect']",75,-6.118800718916145,0.0,-2.63880533111735,0.0,1,-6.118800718916145,-2.63880533111735,0.0,-86.29441624365482,14.926378970487209,17.647058823529413,34
300,"['--ipsccp', '--speculative-execution', '--sccp', '--early-cse', '--mem2reg', '--jump-threading', '--globalopt', '--elim-avail-extern', '--instcombine', '--adce', '--jump-threading', '--gvn', '--simplifycfg', '--instsimplify', '--gvn-hoist', '--mergefunc', '--gvn-hoist', '--instcombine', '--globalopt', '--elim-avail-extern', '--gvn', '--gvn', '--ipsccp', '--gvn', '--nary-reassociate', '--lower-constant-intrinsics', '--loop-instsimplify', '--strip', '--mem2reg', '--jump-threading', '--globalopt', '--elim-avail-extern', '--instcombine', '--simplifycfg', '--sroa', '--mem2reg', '--gvn-hoist', '--sccp', '--early-cse', '--lower-constant-intrinsics', '--adce', '--gvn-hoist', '--adce', '--lower-constant-intrinsics', '--newgvn', '--simplifycfg', '--lower-expect', '--simplifycfg', '--gvn-hoist', '--instcombine', '--globalopt', '--elim-avail-extern', '--gvn', '--gvn', '--ipsccp', '--gvn', '--nary-reassociate', '--lower-constant-intrinsics', '--loop-instsimplify', '--early-cse', '--mem2reg', '--jump-threading', '--globalopt', '--elim-avail-extern', '--instcombine', '--simplifycfg', '--sroa', '--lower-constant-intrinsics', '--early-cse', '--lower-expect', '--sroa', '--sccp', '--sroa', '--lower-expect', '--globalopt', '--elim-avail-extern', '--lower-expect']",77,-6.118800718916145,0.0,-2.63880533111735,0.0,1,-6.118800718916145,-2.63880533111735,0.0,-86.29441624365482,14.926378970487209,17.647058823529413,34
363,"['--ipsccp', '--speculative-execution', '--sccp', '--early-cse', '--mem2reg', '--jump-threading', '--globalopt', '--elim-avail-extern', '--instcombine', '--adce', '--jump-threading', '--gvn', '--simplifycfg', '--instsimplify', '--gvn-hoist', '--mergefunc', '--gvn-hoist', '--instcombine', '--globalopt', '--elim-avail-extern', '--gvn', '--gvn', '--ipsccp', '--gvn', '--nary-reassociate', '--lower-constant-intrinsics', '--loop-instsimplify', '--early-cse', '--mem2reg', '--jump-threading', '--globalopt', '--elim-avail-extern', '--instcombine', '--simplifycfg', '--sroa', '--mem2reg', '--gvn-hoist', '--sccp', '--early-cse', '--lower-constant-intrinsics', '--adce', '--gvn-hoist', '--adce', '--lower-constant-intrinsics', '--newgvn', '--simplifycfg', '--lower-expect', '--simplifycfg', '--gvn-hoist', '--instcombine', '--globalopt', '--elim-avail-extern', '--gvn', '--gvn', '--ipsccp', '--gvn', '--nary-reassociate', '--lower-constant-intrinsics', '--loop-instsimplify', '--early-cse', '--mem2reg', '--jump-threading', '--globalopt', '--elim-avail-extern', '--instcombine', '--simplifycfg', '--sroa', '--lower-constant-intrinsics', '--early-cse', '--lower-expect', '--sroa', '--sroa', '--lower-expect', '--globalopt', '--elim-avail-extern', '--lower-expect']",76,-6.118800718916145,0.0,-2.63880533111735,0.0,1,-6.118800718916145,-2.63880533111735,0.0,-86.29441624365482,14.926378970487209,17.647058823529413,34
236,"['--ipsccp', '--speculative-execution', '--sccp', '--early-cse', '--mem2reg', '--jump-threading', '--globalopt', '--elim-avail-extern', '--instcombine', '--adce', '--jump-threading', '--gvn', '--simplifycfg', '--instsimplify', '--gvn-hoist', '--mergefunc', '--gvn-hoist', '--instcombine', '--globalopt', '--elim-avail-extern', '--gvn', '--gvn', '--ipsccp', '--gvn', '--nary-reassociate', '--lower-constant-intrinsics', '--loop-instsimplify', '--early-cse', '--mem2reg', '--jump-threading', '--globalopt', '--elim-avail-extern', '--instcombine', '--simplifycfg', '--sroa', '--mem2reg', '--gvn-hoist', '--sccp', '--early-cse', '--adce', '--gvn-hoist', '--adce', '--lower-constant-intrinsics', '--newgvn', '--simplifycfg', '--lower-expect', '--simplifycfg', '--gvn-hoist', '--instcombine', '--globalopt', '--elim-avail-extern', '--gvn', '--gvn', '--ipsccp', '--gvn', '--nary-reassociate', '--lower-constant-intrinsics', '--loop-instsimplify', '--early-cse', '--jump-threading', '--globalopt', '--elim-avail-extern', '--instcombine', '--simplifycfg', '--sroa', '--lower-constant-intrinsics', '--early-cse', '--lower-expect', '--sroa', '--sccp', '--sroa', '--lower-expect', '--globalopt', '--elim-avail-extern', '--lower-expect']",75,-6.118800718916145,0.0,-2.63880533111735,0.0,1,-6.118800718916145,-2.63880533111735,0.0,-86.29441624365482,14.926378970487209,17.647058823529413,34
461,"['--ipsccp', '--speculative-execution', '--sccp', '--early-cse', '--mem2reg', '--jump-threading', '--globalopt', '--elim-avail-extern', '--instcombine', '--adce', '--jump-threading', '--gvn', '--simplifycfg', '--instsimplify', '--gvn-hoist', '--mergefunc', '--gvn-hoist', '--instcombine', '--globalopt', '--elim-avail-extern', '--sccp', '--gvn-hoist', '--simplifycfg', '--gvn', '--instcombine', '--mergereturn', '--correlated-propagation', '--loop-instsimplify', '--early-cse', '--mem2reg', '--jump-threading', '--globalopt', '--elim-avail-extern', '--instcombine', '--simplifycfg', '--sroa', '--mem2reg', '--gvn-hoist', '--sccp', '--early-cse', '--lower-constant-intrinsics', '--adce', '--gvn-hoist', '--adce', '--lower-constant-intrinsics', '--newgvn', '--simplifycfg', '--lower-expect', '--simplifycfg', '--gvn-hoist', '--instcombine', '--globalopt', '--elim-avail-extern', '--gvn', '--gvn', '--ipsccp', '--gvn', '--nary-reassociate', '--lower-constant-intrinsics', '--loop-instsimplify', '--early-cse', '--mem2reg', '--jump-threading', '--globalopt', '--elim-avail-extern', '--instcombine', '--simplifycfg', '--sroa', '--lower-constant-intrinsics', '--early-cse', '--lower-expect', '--sroa', '--sroa', '--lower-expect', '--globalopt', '--elim-avail-extern', '--lower-expect']",77,-6.118800718916145,0.0,-2.63880533111735,0.0,1,-6.118800718916145,-2.63880533111735,0.0,-86.29441624365482,14.926378970487209,17.647058823529413,34
397,"['--ipsccp', '--speculative-execution', '--sccp', '--early-cse', '--mem2reg', '--jump-threading', '--globalopt', '--elim-avail-extern', '--instcombine', '--instsimplify', '--jump-threading', '--gvn', '--simplifycfg', '--adce', '--gvn-hoist', '--mergefunc', '--gvn-hoist', '--instcombine', '--globalopt', '--elim-avail-extern', '--gvn', '--gvn', '--ipsccp', '--gvn', '--nary-reassociate', '--lower-constant-intrinsics', '--loop-instsimplify', '--early-cse', '--mem2reg', '--jump-threading', '--globalopt', '--elim-avail-extern', '--instcombine', '--simplifycfg', '--sroa', '--mem2reg', '--gvn-hoist', '--gvn-hoist', '--sccp', '--early-cse', '--lower-constant-intrinsics', '--adce', '--gvn-hoist', '--adce', '--lower-constant-intrinsics', '--newgvn', '--simplifycfg', '--simplifycfg', '--lowerinvoke', '--simplifycfg', '--gvn-hoist', '--instcombine', '--globalopt', '--elim-avail-extern', '--gvn', '--gvn', '--ipsccp', '--gvn', '--nary-reassociate', '--lower-constant-intrinsics', '--loop-instsimplify', '--early-cse', '--mem2reg', '--jump-threading', '--globalopt', '--instcombine', '--simplifycfg', '--sroa', '--lower-constant-intrinsics', '--early-cse', '--lower-expect', '--sroa', '--sccp', '--sroa', '--lower-expect', '--globalopt', '--elim-avail-extern', '--lower-expect']",78,-6.118800718916145,0.0,-2.63880533111735,0.0,1,-6.118800718916145,-2.63880533111735,0.0,-86.29441624365482,14.926378970487209,17.647058823529413,34
433,"['--ipsccp', '--speculative-execution', '--sccp', '--early-cse', '--mem2reg', '--jump-threading', '--globalopt', '--elim-avail-extern', '--instcombine', '--instsimplify', '--jump-threading', '--gvn', '--simplifycfg', '--adce', '--gvn-hoist', '--mergefunc', '--gvn-hoist', '--instcombine', '--globalopt', '--elim-avail-extern', '--gvn', '--gvn', '--ipsccp', '--gvn', '--nary-reassociate', '--lower-constant-intrinsics', '--loop-instsimplify', '--early-cse', '--mem2reg', '--jump-threading', '--globalopt', '--elim-avail-extern', '--instcombine', '--simplifycfg', '--sroa', '--mem2reg', '--gvn-hoist', '--sccp', '--early-cse', '--lower-constant-intrinsics', '--adce', '--gvn-hoist', '--adce', '--lower-constant-intrinsics', '--newgvn', '--simplifycfg', '--lower-expect', '--simplifycfg', '--gvn-hoist', '--instcombine', '--globalopt', '--elim-avail-extern', '--gvn', '--gvn', '--ipsccp', '--gvn', '--nary-reassociate', '--lower-constant-intrinsics', '--loop-instsimplify', '--early-cse', '--loop-instsimplify', '--early-cse', '--mem2reg', '--jump-threading', '--globalopt', '--instcombine', '--simplifycfg', '--sroa', '--lower-constant-intrinsics', '--early-cse', '--lower-expect', '--sroa', '--sccp', '--sroa', '--lower-expect', '--globalopt', '--elim-avail-extern', '--lower-expect']",78,-6.118800718916145,0.0,-2.63880533111735,0.0,1,-6.118800718916145,-2.63880533111735,0.0,-86.29441624365482,14.926378970487209,17.647058823529413,34
438,"['--ipsccp', '--speculative-execution', '--sccp', '--early-cse', '--mem2reg', '--jump-threading', '--globalopt', '--elim-avail-extern', '--instcombine', '--adce', '--jump-threading', '--gvn', '--simplifycfg', '--instsimplify', '--sroa', '--mergefunc', '--gvn-hoist', '--instcombine', '--globalopt', '--elim-avail-extern', '--gvn', '--gvn', '--ipsccp', '--gvn', '--nary-reassociate', '--lower-constant-intrinsics', '--loop-instsimplify', '--early-cse', '--mem2reg', '--jump-threading', '--globalopt', '--elim-avail-extern', '--instcombine', '--simplifycfg', '--sroa', '--mem2reg', '--gvn-hoist', '--sccp', '--early-cse', '--adce', '--gvn-hoist', '--adce', '--lower-constant-intrinsics', '--newgvn', '--simplifycfg', '--lower-expect', '--simplifycfg', '--gvn-hoist', '--instcombine', '--globalopt', '--elim-avail-extern', '--gvn', '--gvn', '--ipsccp', '--gvn', '--nary-reassociate', '--lower-constant-intrinsics', '--loop-instsimplify', '--early-cse', '--jump-threading', '--globalopt', '--elim-avail-extern', '--instcombine', '--simplifycfg', '--gvn-hoist', '--lower-constant-intrinsics', '--early-cse', '--lower-expect', '--sroa', '--sccp', '--sroa', '--lower-expect', '--globalopt', '--elim-avail-extern', '--lower-expect']",75,-6.118800718916145,0.0,-2.63880533111735,0.0,1,-6.118800718916145,-2.63880533111735,0.0,-86.29441624365482,14.926378970487209,17.647058823529413,34
441,"['--ipsccp', '--speculative-execution', '--sccp', '--early-cse', '--mem2reg', '--jump-threading', '--globalopt', '--elim-avail-extern', '--instcombine', '--adce', '--jump-threading', '--gvn', '--simplifycfg', '--instsimplify', '--gvn-hoist', '--mergefunc', '--gvn-hoist', '--instcombine', '--globalopt', '--elim-avail-extern', '--gvn', '--gvn', '--ipsccp', '--functionattrs', '--nary-reassociate', '--lower-constant-intrinsics', '--loop-instsimplify', '--strip', '--early-cse', '--mem2reg', '--jump-threading', '--globalopt', '--elim-avail-extern', '--instcombine', '--lower-expect', '--sroa', '--mem2reg', '--sccp', '--early-cse', '--adce', '--gvn-hoist', '--adce', '--lower-constant-intrinsics', '--newgvn', '--simplifycfg', '--lower-expect', '--simplifycfg', '--gvn-hoist', '--instcombine', '--globalopt', '--elim-avail-extern', '--gvn', '--gvn', '--ipsccp', '--gvn', '--nary-reassociate', '--lower-constant-intrinsics', '--loop-instsimplify', '--early-cse', '--jump-threading', '--globalopt', '--elim-avail-extern', '--instcombine', '--simplifycfg', '--sroa', '--lower-constant-intrinsics', '--early-cse', '--lower-expect', '--sroa', '--sccp', '--sroa', '--lower-expect', '--lower-expect', '--globalopt', '--elim-avail-extern', '--lower-expect']",76,-6.118800718916145,0.0,-2.63880533111735,0.0,1,-6.118800718916145,-2.63880533111735,0.0,-86.29441624365482,14.926378970487209,17.647058823529413,34
444,"['--ipsccp', '--speculative-execution', '--sccp', '--early-cse', '--mem2reg', '--jump-threading', '--globalopt', '--elim-avail-extern', '--instcombine', '--instsimplify', '--mem2reg', '--gvn', '--simplifycfg', '--adce', '--gvn-hoist', '--mergefunc', '--gvn-hoist', '--instcombine', '--globalopt', '--elim-avail-extern', '--gvn', '--gvn', '--ipsccp', '--gvn', '--nary-reassociate', '--lower-constant-intrinsics', '--loop-instsimplify', '--early-cse', '--jump-threading', '--jump-threading', '--globalopt', '--elim-avail-extern', '--instcombine', '--simplifycfg', '--sroa', '--mem2reg', '--gvn-hoist', '--sccp', '--early-cse', '--adce', '--gvn-hoist', '--adce', '--lower-constant-intrinsics', '--newgvn', '--simplifycfg', '--lower-expect', '--simplifycfg', '--gvn-hoist', '--instcombine', '--globalopt', '--elim-avail-extern', '--gvn', '--gvn', '--ipsccp', '--gvn', '--elim-avail-extern', '--lower-constant-intrinsics', '--loop-instsimplify', '--early-cse', '--jump-threading', '--globalopt', '--nary-reassociate', '--instcombine', '--simplifycfg', '--sroa', '--lower-constant-intrinsics', '--early-cse', '--lower-expect', '--sroa', '--sccp', '--sroa', '--lower-expect', '--globalopt', '--elim-avail-extern', '--lower-expect']",75,-6.118800718916145,0.0,-2.63880533111735,0.0,1,-6.118800718916145,-2.63880533111735,0.0,-86.29441624365482,14.926378970487209,17.647058823529413,34
445,"['--ipsccp', '--speculative-execution', '--sccp', '--early-cse', '--mem2reg', '--jump-threading', '--globalopt', '--elim-avail-extern', '--instcombine', '--adce', '--jump-threading', '--gvn', '--simplifycfg', '--instsimplify', '--gvn-hoist', '--mergefunc', '--gvn-hoist', '--instcombine', '--globalopt', '--elim-avail-extern', '--gvn', '--gvn', '--ipsccp', '--nary-reassociate', '--lower-constant-intrinsics', '--loop-instsimplify', '--strip', '--early-cse', '--mem2reg', '--jump-threading', '--globalopt', '--elim-avail-extern', '--instcombine', '--lower-expect', '--sroa', '--mem2reg', '--gvn-hoist', '--sccp', '--early-cse', '--lower-constant-intrinsics', '--loop-unroll-and-jam', '--gvn-hoist', '--adce', '--lower-constant-intrinsics', '--newgvn', '--simplifycfg', '--lower-expect', '--simplifycfg', '--gvn-hoist', '--instcombine', '--tailcallelim', '--elim-avail-extern', '--gvn', '--gvn', '--ipsccp', '--gvn', '--nary-reassociate', '--lower-constant-intrinsics', '--loop-instsimplify', '--early-cse', '--mem2reg', '--jump-threading', '--globalopt', '--elim-avail-extern', '--elim-avail-extern', '--instcombine', '--simplifycfg', '--sroa', '--lower-constant-intrinsics', '--early-cse', '--sroa', '--lower-expect', '--globalopt', '--elim-avail-extern', '--lower-expect']",75,-6.118800718916145,0.0,-2.63880533111735,0.0,1,-6.118800718916145,-2.63880533111735,0.0,-86.29441624365482,14.926378970487209,17.647058823529413,34
446,"['--ipsccp', '--speculative-execution', '--sccp', '--early-cse', '--mem2reg', '--jump-threading', '--globalopt', '--elim-avail-extern', '--instcombine', '--instsimplify', '--jump-threading', '--gvn', '--simplifycfg', '--adce', '--gvn-hoist', '--mergefunc', '--gvn-hoist', '--instcombine', '--lower-expect', '--elim-avail-extern', '--gvn', '--gvn', '--ipsccp', '--gvn', '--nary-reassociate', '--lower-constant-intrinsics', '--loop-instsimplify', '--early-cse', '--mem2reg', '--jump-threading', '--globalopt', '--elim-avail-extern', '--instcombine', '--simplifycfg', '--sroa', '--mem2reg', '--gvn-hoist', '--sccp', '--early-cse', '--adce', '--gvn-hoist', '--adce', '--lower-constant-intrinsics', '--newgvn', '--simplifycfg', '--lower-expect', '--simplifycfg', '--gvn-hoist', '--instcombine', '--globalopt', '--elim-avail-extern', '--gvn', '--gvn', '--ipsccp', '--gvn', '--nary-reassociate', '--lower-constant-intrinsics', '--loop-instsimplify', '--early-cse', '--jump-threading', '--globalopt', '--elim-avail-extern', '--instcombine', '--simplifycfg', '--sroa', '--lower-constant-intrinsics', '--early-cse', '--lower-constant-intrinsics', '--early-cse', '--lower-expect', '--sroa', '--sroa', '--lower-expect', '--globalopt', '--globalopt', '--elim-avail-extern', '--lower-expect']",77,-6.118800718916145,0.0,-2.63880533111735,0.0,1,-6.118800718916145,-2.63880533111735,0.0,-86.29441624365482,14.926378970487209,17.647058823529413,34
487,"['--ipsccp', '--speculative-execution', '--sccp', '--early-cse', '--mem2reg', '--jump-threading', '--globalopt', '--elim-avail-extern', '--instcombine', '--adce', '--jump-threading', '--gvn', '--simplifycfg', '--instsimplify', '--gvn-hoist', '--mergefunc', '--gvn-hoist', '--instcombine', '--globalopt', '--elim-avail-extern', '--gvn', '--gvn', '--ipsccp', '--gvn', '--nary-reassociate', '--lower-constant-intrinsics', '--die', '--strip', '--mem2reg', '--jump-threading', '--globalopt', '--elim-avail-extern', '--instcombine', '--simplifycfg', '--sroa', '--mem2reg', '--gvn-hoist', '--sccp', '--early-cse', '--lower-constant-intrinsics', '--adce', '--gvn-hoist', '--adce', '--lower-constant-intrinsics', '--newgvn', '--simplifycfg', '--lower-expect', '--simplifycfg', '--gvn-hoist', '--instcombine', '--globalopt', '--elim-avail-extern', '--gvn', '--gvn', '--ipsccp', '--gvn', '--nary-reassociate', '--lower-constant-intrinsics', '--loop-instsimplify', '--early-cse', '--mem2reg', '--jump-threading', '--globalopt', '--elim-avail-extern', '--instcombine', '--simplifycfg', '--sroa', '--lower-constant-intrinsics', '--early-cse', '--lower-expect', '--sroa', '--sccp', '--sroa', '--lower-expect', '--globalopt', '--elim-avail-extern', '--lower-expect']",77,-6.118800718916145,0.0,-2.63880533111735,0.0,1,-6.118800718916145,-2.63880533111735,0.0,-86.29441624365482,14.926378970487209,17.647058823529413,34
464,"['--ipsccp', '--speculative-execution', '--sccp', '--early-cse', '--mem2reg', '--jump-threading', '--globalopt', '--elim-avail-extern', '--instcombine', '--instsimplify', '--mem2reg', '--gvn', '--simplifycfg', '--instsimplify', '--gvn-hoist', '--mergefunc', '--gvn-hoist', '--instcombine', '--globalopt', '--elim-avail-extern', '--gvn', '--gvn', '--ipsccp', '--gvn', '--nary-reassociate', '--lower-constant-intrinsics', '--loop-instsimplify', '--strip', '--early-cse', '--mem2reg', '--jump-threading', '--globalopt', '--elim-avail-extern', '--instcombine', '--lower-expect', '--sroa', '--mem2reg', '--gvn-hoist', '--sccp', '--early-cse', '--lower-constant-intrinsics', '--loop-unroll-and-jam', '--gvn-hoist', '--adce', '--lower-constant-intrinsics', '--newgvn', '--simplifycfg', '--lower-expect', '--simplifycfg', '--gvn-hoist', '--instcombine', '--tailcallelim', '--elim-avail-extern', '--gvn', '--gvn', '--ipsccp', '--gvn', '--nary-reassociate', '--lower-constant-intrinsics', '--loop-instsimplify', '--early-cse', '--mem2reg', '--jump-threading', '--globalopt', '--flattencfg', '--elim-avail-extern', '--instcombine', '--simplifycfg', '--sroa', '--lower-constant-intrinsics', '--early-cse', '--lower-expect', '--sroa', '--sccp', '--sroa', '--lower-expect', '--globalopt', '--elim-avail-extern', '--lower-expect']",79,-6.118800718916145,0.0,-2.63880533111735,0.0,1,-6.118800718916145,-2.63880533111735,0.0,-86.29441624365482,14.926378970487209,17.647058823529413,34
448,"['--ipsccp', '--speculative-execution', '--sccp', '--early-cse', '--mem2reg', '--jump-threading', '--globalopt', '--elim-avail-extern', '--instcombine', '--adce', '--jump-threading', '--gvn', '--simplifycfg', '--instsimplify', '--gvn-hoist', '--mergefunc', '--gvn-hoist', '--instcombine', '--globalopt', '--elim-avail-extern', '--gvn', '--gvn', '--ipsccp', '--functionattrs', '--nary-reassociate', '--lower-constant-intrinsics', '--loop-instsimplify', '--strip', '--early-cse', '--mem2reg', '--jump-threading', '--globalopt', '--elim-avail-extern', '--instcombine', '--simplifycfg', '--sroa', '--mem2reg', '--gvn-hoist', '--sccp', '--early-cse', '--lower-constant-intrinsics', '--adce', '--gvn-hoist', '--adce', '--lower-constant-intrinsics', '--newgvn', '--simplifycfg', '--lower-expect', '--simplifycfg', '--gvn-hoist', '--instcombine', '--globalopt', '--elim-avail-extern', '--gvn', '--gvn', '--ipsccp', '--gvn', '--nary-reassociate', '--lower-constant-intrinsics', '--loop-instsimplify', '--early-cse', '--mem2reg', '--jump-threading', '--globalopt', '--elim-avail-extern', '--instcombine', '--simplifycfg', '--sroa', '--lower-constant-intrinsics', '--early-cse', '--lower-expect', '--sroa', '--sroa', '--lower-expect', '--globalopt', '--elim-avail-extern', '--lower-expect']",77,-6.118800718916145,0.0,-2.63880533111735,0.0,1,-6.118800718916145,-2.63880533111735,0.0,-86.29441624365482,14.926378970487209,17.647058823529413,34
450,"['--ipsccp', '--speculative-execution', '--sccp', '--early-cse', '--mem2reg', '--jump-threading', '--globalopt', '--instcombine', '--adce', '--jump-threading', '--gvn', '--simplifycfg', '--instsimplify', '--gvn-hoist', '--mergefunc', '--gvn-hoist', '--instcombine', '--globalopt', '--elim-avail-extern', '--gvn', '--gvn', '--ipsccp', '--gvn', '--nary-reassociate', '--lower-constant-intrinsics', '--loop-instsimplify', '--early-cse', '--mem2reg', '--jump-threading', '--globalopt', '--elim-avail-extern', '--instcombine', '--simplifycfg', '--sroa', '--mem2reg', '--gvn-hoist', '--sccp', '--early-cse', '--lower-constant-intrinsics', '--adce', '--gvn-hoist', '--adce', '--lower-constant-intrinsics', '--newgvn', '--simplifycfg', '--inferattrs', '--lower-expect', '--simplifycfg', '--gvn-hoist', '--instcombine', '--globalopt', '--elim-avail-extern', '--gvn', '--gvn', '--ipsccp', '--gvn', '--nary-reassociate', '--lower-constant-intrinsics', '--loop-instsimplify', '--early-cse', '--mem2reg', '--jump-threading', '--globalopt', '--elim-avail-extern', '--instcombine', '--simplifycfg', '--sroa', '--lower-constant-intrinsics', '--early-cse', '--lower-expect', '--sroa', '--lower-expect', '--sroa', '--lower-expect', '--globalopt', '--elim-avail-extern', '--sccp']",77,-6.118800718916145,0.0,-2.63880533111735,0.0,1,-6.118800718916145,-2.63880533111735,0.0,-86.29441624365482,14.926378970487209,17.647058823529413,34
463,"['--ipsccp', '--speculative-execution', '--sccp', '--early-cse', '--mem2reg', '--jump-threading', '--globalopt', '--elim-avail-extern', '--instcombine', '--instsimplify', '--jump-threading', '--gvn', '--simplifycfg', '--adce', '--gvn-hoist', '--mergefunc', '--gvn-hoist', '--instcombine', '--globalopt', '--elim-avail-extern', '--elim-avail-extern', '--gvn', '--gvn', '--ipsccp', '--gvn', '--nary-reassociate', '--lower-constant-intrinsics', '--loop-instsimplify', '--early-cse', '--mem2reg', '--jump-threading', '--globalopt', '--elim-avail-extern', '--instcombine', '--loop-guard-widening', '--sroa', '--mem2reg', '--gvn-hoist', '--sccp', '--early-cse', '--lower-constant-intrinsics', '--adce', '--gvn-hoist', '--adce', '--lower-constant-intrinsics', '--newgvn', '--simplifycfg', '--lower-expect', '--simplifycfg', '--gvn-hoist', '--instcombine', '--globalopt', '--elim-avail-extern', '--gvn', '--gvn', '--ipsccp', '--gvn', '--nary-reassociate', '--lower-constant-intrinsics', '--loop-instsimplify', '--early-cse', '--mem2reg', '--jump-threading', '--globalopt', '--elim-avail-extern', '--instcombine', '--simplifycfg', '--sroa', '--lower-constant-intrinsics', '--early-cse', '--lower-expect', '--sroa', '--sroa', '--lower-expect', '--globalopt', '--elim-avail-extern', '--lower-expect']",77,-6.118800718916145,0.0,-2.63880533111735,0.0,1,-6.118800718916145,-2.63880533111735,0.0,-86.29441624365482,14.926378970487209,17.647058823529413,34
451,"['--ipsccp', '--speculative-execution', '--sccp', '--early-cse', '--mem2reg', '--jump-threading', '--lower-constant-intrinsics', '--globalopt', '--elim-avail-extern', '--instcombine', '--instsimplify', '--jump-threading', '--gvn', '--simplifycfg', '--adce', '--gvn-hoist', '--mergefunc', '--gvn-hoist', '--instcombine', '--globalopt', '--elim-avail-extern', '--gvn', '--gvn', '--ipsccp', '--gvn', '--nary-reassociate', '--lower-constant-intrinsics', '--loop-instsimplify', '--early-cse', '--mem2reg', '--jump-threading', '--globalopt', '--elim-avail-extern', '--instcombine', '--simplifycfg', '--sroa', '--mem2reg', '--gvn-hoist', '--sccp', '--early-cse', '--lower-constant-intrinsics', '--adce', '--sccp', '--newgvn', '--simplifycfg', '--lower-expect', '--simplifycfg', '--gvn-hoist', '--instcombine', '--globalopt', '--elim-avail-extern', '--gvn', '--gvn', '--ipsccp', '--gvn', '--nary-reassociate', '--lower-constant-intrinsics', '--loop-instsimplify', '--early-cse', '--jump-threading', '--globalopt', '--elim-avail-extern', '--instcombine', '--simplifycfg', '--sroa', '--lower-constant-intrinsics', '--early-cse', '--lower-expect', '--sroa', '--sccp', '--sroa', '--lower-expect', '--globalopt', '--elim-avail-extern', '--lower-expect']",75,-6.118800718916145,0.0,-2.63880533111735,0.0,1,-6.118800718916145,-2.63880533111735,0.0,-86.29441624365482,14.926378970487209,17.647058823529413,34
462,"['--ipsccp', '--mergefunc', '--speculative-execution', '--sccp', '--early-cse', '--mem2reg', '--jump-threading', '--globalopt', '--elim-avail-extern', '--instcombine', '--instsimplify', '--jump-threading', '--gvn', '--simplifycfg', '--adce', '--gvn-hoist', '--mergefunc', '--gvn-hoist', '--instcombine', '--globalopt', '--elim-avail-extern', '--gvn', '--gvn', '--ipsccp', '--gvn', '--nary-reassociate', '--lower-constant-intrinsics', '--loop-instsimplify', '--early-cse', '--mem2reg', '--jump-threading', '--globalopt', '--elim-avail-extern', '--instcombine', '--simplifycfg', '--sroa', '--mem2reg', '--gvn-hoist', '--sccp', '--early-cse', '--adce', '--gvn-hoist', '--adce', '--lower-constant-intrinsics', '--newgvn', '--simplifycfg', '--lower-expect', '--simplifycfg', '--gvn-hoist', '--instcombine', '--globalopt', '--elim-avail-extern', '--gvn', '--gvn', '--ipsccp', '--gvn', '--nary-reassociate', '--lower-constant-intrinsics', '--loop-instsimplify', '--early-cse', '--jump-threading', '--globalopt', '--elim-avail-extern', '--instcombine', '--simplifycfg', '--sroa', '--lower-constant-intrinsics', '--early-cse', '--lower-constant-intrinsics', '--early-cse', '--lower-expect', '--sroa', '--sroa', '--lower-expect', '--globalopt', '--elim-avail-extern', '--lower-expect']",77,-6.118800718916145,0.0,-2.63880533111735,0.0,1,-6.118800718916145,-2.63880533111735,0.0,-86.29441624365482,14.926378970487209,17.647058823529413,34
452,"['--ipsccp', '--speculative-execution', '--sccp', '--early-cse', '--mem2reg', '--jump-threading', '--globalopt', '--elim-avail-extern', '--instcombine', '--adce', '--jump-threading', '--gvn', '--simplifycfg', '--instsimplify', '--gvn-hoist', '--mergefunc', '--gvn-hoist', '--instcombine', '--globalopt', '--elim-avail-extern', '--separate-const-offset-from-gep', '--gvn', '--gvn', '--ipsccp', '--gvn', '--nary-reassociate', '--lower-constant-intrinsics', '--loop-instsimplify', '--early-cse', '--mem2reg', '--jump-threading', '--globalopt', '--elim-avail-extern', '--instcombine', '--simplifycfg', '--sroa', '--mem2reg', '--gvn-hoist', '--sccp', '--early-cse', '--lower-constant-intrinsics', '--adce', '--gvn-hoist', '--adce', '--lower-constant-intrinsics', '--newgvn', '--simplifycfg', '--lower-expect', '--simplifycfg', '--gvn-hoist', '--instcombine', '--globalopt', '--elim-avail-extern', '--gvn', '--gvn', '--ipsccp', '--gvn', '--nary-reassociate', '--lower-constant-intrinsics', '--loop-instsimplify', '--early-cse', '--mem2reg', '--jump-threading', '--globalopt', '--elim-avail-extern', '--simplifycfg', '--sroa', '--lower-constant-intrinsics', '--early-cse', '--lower-expect', '--sroa', '--sroa', '--lower-expect', '--globalopt', '--elim-avail-extern', '--lower-expect']",76,-6.118800718916145,0.0,-2.63880533111735,0.0,1,-6.118800718916145,-2.63880533111735,0.0,-86.29441624365482,14.926378970487209,17.647058823529413,34
454,"['--ipsccp', '--speculative-execution', '--sccp', '--early-cse', '--mem2reg', '--jump-threading', '--globalopt', '--elim-avail-extern', '--instcombine', '--adce', '--jump-threading', '--gvn', '--simplifycfg', '--adce', '--gvn-hoist', '--mergefunc', '--gvn-hoist', '--instcombine', '--globalopt', '--elim-avail-extern', '--gvn', '--gvn', '--ipsccp', '--gvn', '--nary-reassociate', '--lower-constant-intrinsics', '--loop-instsimplify', '--early-cse', '--jump-threading', '--jump-threading', '--globalopt', '--elim-avail-extern', '--instcombine', '--simplifycfg', '--sroa', '--mem2reg', '--gvn-hoist', '--sccp', '--early-cse', '--adce', '--gvn-hoist', '--adce', '--lower-constant-intrinsics', '--newgvn', '--simplifycfg', '--lower-expect', '--simplifycfg', '--gvn-hoist', '--instcombine', '--globalopt', '--elim-avail-extern', '--gvn', '--gvn', '--ipsccp', '--gvn', '--nary-reassociate', '--lower-constant-intrinsics', '--loop-instsimplify', '--early-cse', '--jump-threading', '--globalopt', '--elim-avail-extern', '--instcombine', '--simplifycfg', '--sroa', '--lower-constant-intrinsics', '--early-cse', '--lower-expect', '--sroa', '--sccp', '--sroa', '--lower-expect', '--globalopt', '--elim-avail-extern', '--lower-expect']",75,-6.118800718916145,0.0,-2.63880533111735,0.0,1,-6.118800718916145,-2.63880533111735,0.0,-86.29441624365482,14.926378970487209,17.647058823529413,34
455,"['--ipsccp', '--speculative-execution', '--sccp', '--early-cse', '--mem2reg', '--jump-threading', '--globalopt', '--elim-avail-extern', '--instcombine', '--adce', '--jump-threading', '--gvn', '--simplifycfg', '--instsimplify', '--sroa', '--mergefunc', '--gvn-hoist', '--instcombine', '--elim-avail-extern', '--gvn', '--gvn', '--ipsccp', '--gvn', '--nary-reassociate', '--lower-constant-intrinsics', '--loop-instsimplify', '--early-cse', '--mem2reg', '--jump-threading', '--globalopt', '--elim-avail-extern', '--instcombine', '--simplifycfg', '--sroa', '--mem2reg', '--gvn-hoist', '--sccp', '--early-cse', '--adce', '--gvn-hoist', '--adce', '--lower-constant-intrinsics', '--newgvn', '--simplifycfg', '--lower-expect', '--simplifycfg', '--gvn-hoist', '--instcombine', '--globalopt', '--elim-avail-extern', '--gvn', '--gvn', '--ipsccp', '--gvn', '--nary-reassociate', '--lower-constant-intrinsics', '--loop-instsimplify', '--early-cse', '--jump-threading', '--globalopt', '--elim-avail-extern', '--instcombine', '--simplifycfg', '--gvn-hoist', '--lower-constant-intrinsics', '--early-cse', '--lower-expect', '--sroa', '--sccp', '--sroa', '--lower-expect', '--globalopt', '--elim-avail-extern', '--lower-expect']",74,-6.118800718916145,0.0,-2.63880533111735,0.0,1,-6.118800718916145,-2.63880533111735,0.0,-86.29441624365482,14.926378970487209,17.647058823529413,34
436,"['--ipsccp', '--speculative-execution', '--sccp', '--early-cse', '--mem2reg', '--jump-threading', '--globalopt', '--elim-avail-extern', '--instcombine', '--instsimplify', '--jump-threading', '--gvn', '--simplifycfg', '--adce', '--gvn-hoist', '--mergefunc', '--gvn-hoist', '--instcombine', '--globalopt', '--elim-avail-extern', '--gvn', '--gvn', '--ipsccp', '--gvn', '--nary-reassociate', '--loop-instsimplify', '--early-cse', '--mem2reg', '--jump-threading', '--globalopt', '--elim-avail-extern', '--instcombine', '--simplifycfg', '--sroa', '--mem2reg', '--gvn-hoist', '--sccp', '--early-cse', '--lower-constant-intrinsics', '--adce', '--gvn-hoist', '--adce', '--lower-constant-intrinsics', '--newgvn', '--newgvn', '--simplifycfg', '--lower-expect', '--simplifycfg', '--gvn-hoist', '--instcombine', '--globalopt', '--elim-avail-extern', '--gvn', '--gvn', '--ipsccp', '--gvn', '--nary-reassociate', '--lower-constant-intrinsics', '--loop-instsimplify', '--early-cse', '--mem2reg', '--jump-threading', '--globalopt', '--elim-avail-extern', '--instcombine', '--simplifycfg', '--sroa', '--lower-constant-intrinsics', '--early-cse', '--lower-expect', '--sroa', '--sroa', '--lower-expect', '--elim-avail-extern', '--lower-expect']",75,-6.118800718916145,0.0,-2.63880533111735,0.0,1,-6.118800718916145,-2.63880533111735,0.0,-86.29441624365482,14.926378970487209,17.647058823529413,34
432,"['--ipsccp', '--speculative-execution', '--sccp', '--early-cse', '--mem2reg', '--jump-threading', '--globalopt', '--elim-avail-extern', '--instcombine', '--adce', '--jump-threading', '--gvn', '--simplifycfg', '--instsimplify', '--gvn-hoist', '--mergefunc', '--gvn-hoist', '--instcombine', '--globalopt', '--elim-avail-extern', '--gvn', '--gvn', '--ipsccp', '--gvn', '--nary-reassociate', '--lower-constant-intrinsics', '--loop-instsimplify', '--early-cse', '--mem2reg', '--jump-threading', '--globalopt', '--elim-avail-extern', '--instcombine', '--simplifycfg', '--sroa', '--mem2reg', '--gvn-hoist', '--sccp', '--early-cse', '--lower-constant-intrinsics', '--adce', '--gvn-hoist', '--adce', '--lower-constant-intrinsics', '--newgvn', '--simplifycfg', '--inferattrs', '--lower-expect', '--simplifycfg', '--gvn-hoist', '--instcombine', '--globalopt', '--elim-avail-extern', '--gvn', '--gvn', '--ipsccp', '--gvn', '--nary-reassociate', '--lower-constant-intrinsics', '--loop-instsimplify', '--early-cse', '--mem2reg', '--jump-threading', '--globalopt', '--elim-avail-extern', '--instcombine', '--simplifycfg', '--sroa', '--lower-constant-intrinsics', '--early-cse', '--lower-expect', '--sroa', '--lower-expect', '--sroa', '--lower-expect', '--globalopt', '--elim-avail-extern', '--sccp']",78,-6.118800718916145,0.0,-2.63880533111735,0.0,1,-6.118800718916145,-2.63880533111735,0.0,-86.29441624365482,14.926378970487209,17.647058823529413,34
398,"['--ipsccp', '--speculative-execution', '--sccp', '--early-cse', '--mem2reg', '--jump-threading', '--globalopt', '--elim-avail-extern', '--instcombine', '--instsimplify', '--jump-threading', '--gvn', '--simplifycfg', '--adce', '--gvn-hoist', '--mergefunc', '--gvn-hoist', '--instcombine', '--globalopt', '--elim-avail-extern', '--gvn', '--gvn', '--ipsccp', '--gvn', '--nary-reassociate', '--loop-instsimplify', '--early-cse', '--mem2reg', '--jump-threading', '--globalopt', '--globalopt', '--elim-avail-extern', '--instcombine', '--simplifycfg', '--sroa', '--mem2reg', '--gvn-hoist', '--sccp', '--early-cse', '--lower-constant-intrinsics', '--adce', '--gvn-hoist', '--adce', '--lower-constant-intrinsics', '--newgvn', '--simplifycfg', '--lower-expect', '--simplifycfg', '--gvn-hoist', '--instcombine', '--globalopt', '--elim-avail-extern', '--gvn', '--gvn', '--ipsccp', '--gvn', '--nary-reassociate', '--lower-constant-intrinsics', '--loop-instsimplify', '--early-cse', '--mem2reg', '--jump-threading', '--globalopt', '--elim-avail-extern', '--instcombine', '--simplifycfg', '--sroa', '--lower-constant-intrinsics', '--early-cse', '--lower-expect', '--sroa', '--sroa', '--lower-expect', '--elim-avail-extern', '--lower-expect']",75,-6.118800718916145,0.0,-2.63880533111735,0.0,1,-6.118800718916145,-2.63880533111735,0.0,-86.29441624365482,14.926378970487209,17.647058823529413,34
431,"['--ipsccp', '--speculative-execution', '--sccp', '--early-cse', '--mem2reg', '--jump-threading', '--globalopt', '--elim-avail-extern', '--instcombine', '--adce', '--jump-threading', '--gvn', '--simplifycfg', '--instsimplify', '--gvn-hoist', '--mergefunc', '--gvn-hoist', '--instcombine', '--globalopt', '--elim-avail-extern', '--gvn', '--gvn', '--ipsccp', '--gvn', '--nary-reassociate', '--lower-constant-intrinsics', '--loop-instsimplify', '--strip', '--mem2reg', '--jump-threading', '--globalopt', '--elim-avail-extern', '--instcombine', '--simplifycfg', '--sroa', '--mem2reg', '--gvn-hoist', '--sccp', '--early-cse', '--lower-constant-intrinsics', '--adce', '--gvn-hoist', '--speculative-execution', '--adce', '--lower-constant-intrinsics', '--newgvn', '--simplifycfg', '--lower-expect', '--simplifycfg', '--gvn-hoist', '--instcombine', '--globalopt', '--elim-avail-extern', '--gvn', '--gvn', '--ipsccp', '--gvn', '--nary-reassociate', '--lower-constant-intrinsics', '--loop-instsimplify', '--early-cse', '--mem2reg', '--jump-threading', '--globalopt', '--elim-avail-extern', '--instcombine', '--simplifycfg', '--sroa', '--lower-constant-intrinsics', '--ipconstprop', '--early-cse', '--lower-expect', '--sroa', '--sccp', '--sroa', '--lower-expect', '--globalopt', '--elim-avail-extern', '--lower-expect']",79,-6.118800718916145,0.0,-2.63880533111735,0.0,1,-6.118800718916145,-2.63880533111735,0.0,-86.29441624365482,14.926378970487209,17.647058823529413,34
399,"['--ipsccp', '--speculative-execution', '--sccp', '--early-cse', '--mem2reg', '--mldst-motion', '--globalopt', '--elim-avail-extern', '--instcombine', '--instsimplify', '--jump-threading', '--gvn', '--simplifycfg', '--adce', '--gvn-hoist', '--mergefunc', '--gvn-hoist', '--instcombine', '--globalopt', '--elim-avail-extern', '--gvn', '--gvn', '--ipsccp', '--gvn', '--nary-reassociate', '--loop-instsimplify', '--loop-instsimplify', '--strip', '--mem2reg', '--jump-threading', '--globalopt', '--elim-avail-extern', '--instcombine', '--simplifycfg', '--sroa', '--mem2reg', '--gvn-hoist', '--sccp', '--early-cse', '--lower-constant-intrinsics', '--adce', '--gvn-hoist', '--adce', '--lower-constant-intrinsics', '--newgvn', '--simplifycfg', '--lower-expect', '--simplifycfg', '--gvn-hoist', '--instcombine', '--globalopt', '--elim-avail-extern', '--gvn', '--gvn', '--ipsccp', '--gvn', '--nary-reassociate', '--lower-constant-intrinsics', '--loop-instsimplify', '--early-cse', '--mem2reg', '--jump-threading', '--globalopt', '--elim-avail-extern', '--instcombine', '--simplifycfg', '--sroa', '--lower-constant-intrinsics', '--early-cse', '--lower-expect', '--sroa', '--sccp', '--sroa', '--lower-expect', '--globalopt', '--elim-avail-extern', '--lower-expect']",77,-6.118800718916145,0.0,-2.63880533111735,0.0,1,-6.118800718916145,-2.63880533111735,0.0,-86.29441624365482,14.926378970487209,17.647058823529413,34
400,"['--ipsccp', '--speculative-execution', '--sccp', '--early-cse', '--mem2reg', '--jump-threading', '--globalopt', '--elim-avail-extern', '--instcombine', '--adce', '--jump-threading', '--gvn', '--simplifycfg', '--instsimplify', '--gvn-hoist', '--mergefunc', '--gvn-hoist', '--instcombine', '--globalopt', '--elim-avail-extern', '--gvn', '--gvn', '--ipsccp', '--gvn', '--nary-reassociate', '--lower-constant-intrinsics', '--loop-instsimplify', '--early-cse', '--mem2reg', '--jump-threading', '--globalopt', '--elim-avail-extern', '--instcombine', '--simplifycfg', '--sroa', '--mem2reg', '--gvn-hoist', '--sccp', '--early-cse', '--lower-constant-intrinsics', '--adce', '--adce', '--gvn-hoist', '--adce', '--lower-constant-intrinsics', '--newgvn', '--simplifycfg', '--simplifycfg', '--lowerinvoke', '--simplifycfg', '--gvn-hoist', '--instcombine', '--globalopt', '--elim-avail-extern', '--gvn', '--gvn', '--ipsccp', '--gvn', '--nary-reassociate', '--lower-constant-intrinsics', '--loop-instsimplify', '--early-cse', '--mem2reg', '--jump-threading', '--globalopt', '--instcombine', '--simplifycfg', '--sroa', '--lower-constant-intrinsics', '--early-cse', '--lower-expect', '--sroa', '--sccp', '--sroa', '--lower-expect', '--globalopt', '--elim-avail-extern', '--lower-expect']",78,-6.118800718916145,0.0,-2.63880533111735,0.0,1,-6.118800718916145,-2.63880533111735,0.0,-86.29441624365482,14.926378970487209,17.647058823529413,34
402,"['--ipsccp', '--speculative-execution', '--sccp', '--early-cse', '--mem2reg', '--jump-threading', '--globalopt', '--elim-avail-extern', '--instcombine', '--adce', '--jump-threading', '--gvn', '--simplifycfg', '--instsimplify', '--gvn-hoist', '--mergefunc', '--gvn-hoist', '--instcombine', '--globalopt', '--elim-avail-extern', '--gvn', '--gvn', '--ipsccp', '--gvn', '--nary-reassociate', '--lower-constant-intrinsics', '--loop-instsimplify', '--early-cse', '--mem2reg', '--jump-threading', '--globalopt', '--elim-avail-extern', '--instcombine', '--simplifycfg', '--sroa', '--mem2reg', '--gvn-hoist', '--sccp', '--early-cse', '--lower-constant-intrinsics', '--adce', '--gvn-hoist', '--adce', '--lower-constant-intrinsics', '--newgvn', '--simplifycfg', '--lower-expect', '--simplifycfg', '--gvn-hoist', '--instcombine', '--globalopt', '--elim-avail-extern', '--gvn', '--gvn', '--ipsccp', '--gvn', '--nary-reassociate', '--lower-constant-intrinsics', '--loop-instsimplify', '--early-cse', '--mem2reg', '--jump-threading', '--globalopt', '--instcombine', '--simplifycfg', '--sroa', '--lower-constant-intrinsics', '--early-cse', '--lower-expect', '--sroa', '--sroa', '--lower-expect', '--globalopt', '--elim-avail-extern', '--lower-expect']",75,-6.118800718916145,0.0,-2.63880533111735,0.0,1,-6.118800718916145,-2.63880533111735,0.0,-86.29441624365482,14.926378970487209,17.647058823529413,34
403,"['--ipsccp', '--speculative-execution', '--sccp', '--early-cse', '--mem2reg', '--jump-threading', '--globalopt', '--elim-avail-extern', '--instcombine', '--adce', '--jump-threading', '--gvn', '--simplifycfg', '--instsimplify', '--gvn-hoist', '--mergefunc', '--gvn-hoist', '--instcombine', '--globalopt', '--elim-avail-extern', '--gvn', '--gvn', '--ipsccp', '--gvn', '--nary-reassociate', '--lower-constant-intrinsics', '--loop-instsimplify', '--strip', '--mem2reg', '--jump-threading', '--globalopt', '--elim-avail-extern', '--instcombine', '--simplifycfg', '--sroa', '--mem2reg', '--gvn-hoist', '--sccp', '--early-cse', '--lower-constant-intrinsics', '--adce', '--gvn-hoist', '--adce', '--lower-constant-intrinsics', '--newgvn', '--simplifycfg', '--lower-expect', '--simplifycfg', '--gvn-hoist', '--instcombine', '--globalopt', '--elim-avail-extern', '--gvn', '--gvn', '--ipsccp', '--gvn', '--nary-reassociate', '--lower-constant-intrinsics', '--loop-instsimplify', '--early-cse', '--mem2reg', '--jump-threading', '--globalopt', '--elim-avail-extern', '--instcombine', '--simplifycfg', '--sroa', '--lower-constant-intrinsics', '--early-cse', '--lower-expect', '--early-cse', '--lower-expect', '--tailcallelim', '--sccp', '--sroa', '--lower-expect', '--globalopt', '--elim-avail-extern', '--lower-expect']",79,-6.118800718916145,0.0,-2.63880533111735,0.0,1,-6.118800718916145,-2.63880533111735,0.0,-86.29441624365482,14.926378970487209,17.647058823529413,34
404,"['--ipsccp', '--speculative-execution', '--sccp', '--early-cse', '--mem2reg', '--jump-threading', '--globalopt', '--elim-avail-extern', '--instcombine', '--adce', '--jump-threading', '--gvn', '--simplifycfg', '--instsimplify', '--gvn-hoist', '--mergefunc', '--gvn-hoist', '--instcombine', '--globalopt', '--elim-avail-extern', '--gvn', '--gvn', '--ipsccp', '--gvn', '--ipsccp', '--lower-constant-intrinsics', '--loop-instsimplify', '--early-cse', '--mem2reg', '--jump-threading', '--globalopt', '--elim-avail-extern', '--instcombine', '--simplifycfg', '--sroa', '--mem2reg', '--gvn-hoist', '--sccp', '--early-cse', '--lower-constant-intrinsics', '--adce', '--loop-unroll-and-jam', '--gvn-hoist', '--adce', '--lower-constant-intrinsics', '--newgvn', '--simplifycfg', '--lower-expect', '--simplifycfg', '--gvn-hoist', '--instcombine', '--tailcallelim', '--elim-avail-extern', '--gvn', '--gvn', '--ipsccp', '--gvn', '--nary-reassociate', '--lower-constant-intrinsics', '--loop-instsimplify', '--early-cse', '--mem2reg', '--jump-threading', '--globalopt', '--elim-avail-extern', '--elim-avail-extern', '--instcombine', '--simplifycfg', '--sroa', '--lower-constant-intrinsics', '--sroa', '--sccp', '--sroa', '--lower-expect', '--globalopt', '--elim-avail-extern', '--lower-expect']",77,-6.118800718916145,0.0,-2.63880533111735,0.0,1,-6.118800718916145,-2.63880533111735,0.0,-86.29441624365482,14.926378970487209,17.647058823529413,34
405,"['--ipsccp', '--speculative-execution', '--sccp', '--early-cse', '--mem2reg', '--jump-threading', '--globalopt', '--elim-avail-extern', '--instcombine', '--adce', '--jump-threading', '--gvn', '--simplifycfg', '--instsimplify', '--gvn-hoist', '--mergefunc', '--gvn-hoist', '--instcombine', '--globalopt', '--elim-avail-extern', '--gvn', '--gvn', '--ipsccp', '--gvn', '--nary-reassociate', '--lower-constant-intrinsics', '--loop-instsimplify', '--early-cse', '--mem2reg', '--jump-threading', '--globalopt', '--elim-avail-extern', '--instcombine', '--simplifycfg', '--sroa', '--mem2reg', '--gvn-hoist', '--sccp', '--early-cse', '--adce', '--gvn-hoist', '--adce', '--newgvn', '--simplifycfg', '--lower-expect', '--simplifycfg', '--gvn-hoist', '--instcombine', '--globalopt', '--elim-avail-extern', '--gvn', '--gvn', '--ipsccp', '--gvn', '--nary-reassociate', '--lower-constant-intrinsics', '--loop-instsimplify', '--early-cse', '--jump-threading', '--globalopt', '--elim-avail-extern', '--instcombine', '--simplifycfg', '--sroa', '--lower-constant-intrinsics', '--early-cse', '--lower-expect', '--sroa', '--sccp', '--sroa', '--lower-expect', '--globalopt', '--elim-avail-extern', '--lower-expect']",74,-6.118800718916145,0.0,-2.63880533111735,0.0,1,-6.118800718916145,-2.63880533111735,0.0,-86.29441624365482,14.926378970487209,17.647058823529413,34
406,"['--ipsccp', '--speculative-execution', '--sccp', '--early-cse', '--mem2reg', '--jump-threading', '--globalopt', '--elim-avail-extern', '--instcombine', '--adce', '--jump-threading', '--gvn', '--simplifycfg', '--instsimplify', '--gvn-hoist', '--mergefunc', '--gvn-hoist', '--instcombine', '--globalopt', '--elim-avail-extern', '--gvn', '--gvn', '--ipsccp', '--gvn', '--nary-reassociate', '--lower-constant-intrinsics', '--loop-instsimplify', '--early-cse', '--mem2reg', '--jump-threading', '--globalopt', '--elim-avail-extern', '--instcombine', '--simplifycfg', '--sroa', '--mem2reg', '--gvn-hoist', '--sccp', '--early-cse', '--lower-constant-intrinsics', '--adce', '--loop-unroll-and-jam', '--gvn-hoist', '--adce', '--lower-constant-intrinsics', '--newgvn', '--simplifycfg', '--lower-expect', '--simplifycfg', '--gvn-hoist', '--instcombine', '--globalopt', '--elim-avail-extern', '--gvn', '--ipsccp', '--gvn', '--nary-reassociate', '--lower-constant-intrinsics', '--loop-instsimplify', '--early-cse', '--mem2reg', '--jump-threading', '--globalopt', '--elim-avail-extern', '--prune-eh', '--instcombine', '--simplifycfg', '--sroa', '--lower-constant-intrinsics', '--early-cse', '--early-cse', '--sroa', '--sccp', '--sroa', '--lower-expect', '--globalopt', '--elim-avail-extern', '--lower-expect']",78,-6.118800718916145,0.0,-2.63880533111735,0.0,1,-6.118800718916145,-2.63880533111735,0.0,-86.29441624365482,14.926378970487209,17.647058823529413,34
407,"['--ipsccp', '--speculative-execution', '--sccp', '--early-cse', '--mem2reg', '--jump-threading', '--globalopt', '--elim-avail-extern', '--instcombine', '--adce', '--jump-threading', '--gvn', '--simplifycfg', '--instsimplify', '--gvn-hoist', '--mergefunc', '--gvn-hoist', '--instcombine', '--globalopt', '--elim-avail-extern', '--gvn', '--gvn', '--ipsccp', '--gvn', '--nary-reassociate', '--lower-constant-intrinsics', '--loop-instsimplify', '--early-cse', '--mem2reg', '--jump-threading', '--globalopt', '--elim-avail-extern', '--instcombine', '--simplifycfg', '--sroa', '--mem2reg', '--gvn-hoist', '--sccp', '--early-cse', '--lower-constant-intrinsics', '--adce', '--gvn-hoist', '--adce', '--lower-constant-intrinsics', '--newgvn', '--simplifycfg', '--lower-expect', '--simplifycfg', '--gvn-hoist', '--instcombine', '--globalopt', '--elim-avail-extern', '--gvn', '--gvn', '--ipsccp', '--gvn', '--nary-reassociate', '--lower-constant-intrinsics', '--loop-instsimplify', '--early-cse', '--mem2reg', '--jump-threading', '--globalopt', '--elim-avail-extern', '--instcombine', '--simplifycfg', '--sroa', '--lower-constant-intrinsics', '--early-cse', '--lower-expect', '--sroa', '--sroa', '--lower-expect', '--elim-avail-extern', '--lower-expect']",75,-6.118800718916145,0.0,-2.63880533111735,0.0,1,-6.118800718916145,-2.63880533111735,0.0,-86.29441624365482,14.926378970487209,17.647058823529413,34
408,"['--ipsccp', '--speculative-execution', '--sccp', '--early-cse', '--mem2reg', '--jump-threading', '--globalopt', '--elim-avail-extern', '--instcombine', '--adce', '--jump-threading', '--gvn', '--simplifycfg', '--instsimplify', '--gvn-hoist', '--mergefunc', '--gvn-hoist', '--instcombine', '--globalopt', '--elim-avail-extern', '--gvn', '--gvn', '--ipsccp', '--gvn', '--nary-reassociate', '--lower-constant-intrinsics', '--loop-instsimplify', '--strip', '--early-cse', '--mem2reg', '--jump-threading', '--globalopt', '--elim-avail-extern', '--instcombine', '--lower-expect', '--sroa', '--mem2reg', '--gvn-hoist', '--sccp', '--early-cse', '--lower-constant-intrinsics', '--loop-unroll-and-jam', '--gvn-hoist', '--adce', '--lower-constant-intrinsics', '--newgvn', '--simplifycfg', '--lower-expect', '--simplifycfg', '--gvn-hoist', '--instcombine', '--tailcallelim', '--elim-avail-extern', '--gvn', '--gvn', '--ipsccp', '--gvn', '--nary-reassociate', '--lower-constant-intrinsics', '--loop-instsimplify', '--early-cse', '--mem2reg', '--jump-threading', '--globalopt', '--elim-avail-extern', '--elim-avail-extern', '--instcombine', '--simplifycfg', '--sroa', '--lower-constant-intrinsics', '--early-cse', '--lower-expect', '--sroa', '--sccp', '--sroa', '--lower-expect', '--globalopt', '--elim-avail-extern', '--lower-expect']",79,-6.118800718916145,0.0,-2.63880533111735,0.0,1,-6.118800718916145,-2.63880533111735,0.0,-86.29441624365482,14.926378970487209,17.647058823529413,34
414,"['--ipsccp', '--speculative-execution', '--sccp', '--early-cse', '--mem2reg', '--jump-threading', '--globalopt', '--elim-avail-extern', '--instcombine', '--instsimplify', '--jump-threading', '--gvn', '--simplifycfg', '--adce', '--gvn-hoist', '--mergefunc', '--gvn-hoist', '--instcombine', '--globalopt', '--elim-avail-extern', '--gvn', '--gvn', '--ipsccp', '--gvn', '--nary-reassociate', '--lower-constant-intrinsics', '--loop-instsimplify', '--early-cse', '--mem2reg', '--jump-threading', '--globalopt', '--elim-avail-extern', '--instcombine', '--simplifycfg', '--sroa', '--mem2reg', '--gvn-hoist', '--sccp', '--early-cse', '--lower-constant-intrinsics', '--adce', '--gvn-hoist', '--adce', '--lower-constant-intrinsics', '--newgvn', '--simplifycfg', '--lower-expect', '--simplifycfg', '--gvn-hoist', '--instcombine', '--globalopt', '--elim-avail-extern', '--gvn', '--gvn', '--ipsccp', '--gvn', '--nary-reassociate', '--lower-constant-intrinsics', '--loop-instsimplify', '--early-cse', '--mem2reg', '--jump-threading', '--globalopt', '--elim-avail-extern', '--instcombine', '--simplifycfg', '--sroa', '--lower-expect', '--sroa', '--sccp', '--sroa', '--lower-expect', '--globalopt', '--elim-avail-extern', '--lower-expect']",75,-6.118800718916145,0.0,-2.63880533111735,0.0,1,-6.118800718916145,-2.63880533111735,0.0,-86.29441624365482,14.926378970487209,17.647058823529413,34
420,"['--ipsccp', '--speculative-execution', '--sccp', '--early-cse', '--mem2reg', '--jump-threading', '--globalopt', '--elim-avail-extern', '--instcombine', '--adce', '--jump-threading', '--gvn', '--simplifycfg', '--instsimplify', '--gvn-hoist', '--mergefunc', '--sccp', '--instcombine', '--globalopt', '--elim-avail-extern', '--gvn', '--gvn', '--ipsccp', '--gvn', '--nary-reassociate', '--lower-constant-intrinsics', '--loop-instsimplify', '--early-cse', '--mem2reg', '--jump-threading', '--globalopt', '--elim-avail-extern', '--instcombine', '--simplifycfg', '--sroa', '--mem2reg', '--gvn-hoist', '--gvn-hoist', '--early-cse', '--adce', '--gvn-hoist', '--adce', '--lower-constant-intrinsics', '--newgvn', '--simplifycfg', '--lower-expect', '--simplifycfg', '--gvn-hoist', '--instcombine', '--globalopt', '--elim-avail-extern', '--gvn', '--gvn', '--ipsccp', '--gvn', '--nary-reassociate', '--lower-constant-intrinsics', '--loop-instsimplify', '--early-cse', '--jump-threading', '--globalopt', '--elim-avail-extern', '--instcombine', '--simplifycfg', '--sroa', '--lower-constant-intrinsics', '--early-cse', '--lower-expect', '--sroa', '--sccp', '--sroa', '--lower-expect', '--globalopt', '--elim-avail-extern', '--lower-expect']",75,-6.118800718916145,0.0,-2.63880533111735,0.0,1,-6.118800718916145,-2.63880533111735,0.0,-86.29441624365482,14.926378970487209,17.647058823529413,34
421,"['--ipsccp', '--speculative-execution', '--sccp', '--early-cse', '--mem2reg', '--jump-threading', '--globalopt', '--elim-avail-extern', '--instcombine', '--adce', '--jump-threading', '--gvn', '--simplifycfg', '--instsimplify', '--gvn-hoist', '--mergefunc', '--gvn-hoist', '--instcombine', '--globalopt', '--elim-avail-extern', '--gvn', '--gvn', '--ipsccp', '--gvn', '--nary-reassociate', '--lower-constant-intrinsics', '--loop-instsimplify', '--strip', '--early-cse', '--mem2reg', '--jump-threading', '--globalopt', '--elim-avail-extern', '--instcombine', '--lower-expect', '--sroa', '--mem2reg', '--gvn-hoist', '--sccp', '--early-cse', '--lower-constant-intrinsics', '--adce', '--gvn-hoist', '--adce', '--lower-constant-intrinsics', '--newgvn', '--simplifycfg', '--simplifycfg', '--lowerinvoke', '--simplifycfg', '--gvn-hoist', '--instcombine', '--globalopt', '--elim-avail-extern', '--gvn', '--gvn', '--ipsccp', '--gvn', '--nary-reassociate', '--lower-constant-intrinsics', '--mem2reg', '--jump-threading', '--globalopt', '--elim-avail-extern', '--instcombine', '--simplifycfg', '--sroa', '--lower-constant-intrinsics', '--early-cse', '--lower-expect', '--sroa', '--sroa', '--lower-expect', '--elim-avail-extern', '--lower-expect']",75,-6.118800718916145,0.0,-2.63880533111735,0.0,1,-6.118800718916145,-2.63880533111735,0.0,-86.29441624365482,14.926378970487209,17.647058823529413,34
422,"['--ipsccp', '--speculative-execution', '--sccp', '--early-cse', '--mem2reg', '--jump-threading', '--globalopt', '--elim-avail-extern', '--instcombine', '--instsimplify', '--mem2reg', '--gvn', '--simplifycfg', '--adce', '--gvn-hoist', '--mergefunc', '--gvn-hoist', '--instcombine', '--globalopt', '--elim-avail-extern', '--gvn', '--gvn', '--ipsccp', '--gvn', '--nary-reassociate', '--lower-constant-intrinsics', '--loop-instsimplify', '--early-cse', '--jump-threading', '--jump-threading', '--globalopt', '--elim-avail-extern', '--instcombine', '--simplifycfg', '--sroa', '--mem2reg', '--gvn-hoist', '--sccp', '--early-cse', '--adce', '--gvn-hoist', '--adce', '--lower-constant-intrinsics', '--newgvn', '--simplifycfg', '--lower-expect', '--simplifycfg', '--gvn-hoist', '--instcombine', '--globalopt', '--elim-avail-extern', '--gvn', '--gvn', '--ipsccp', '--gvn', '--nary-reassociate', '--lower-constant-intrinsics', '--loop-instsimplify', '--early-cse', '--jump-threading', '--globalopt', '--elim-avail-extern', '--instcombine', '--simplifycfg', '--sroa', '--lower-constant-intrinsics', '--early-cse', '--lower-expect', '--sroa', '--sccp', '--sroa', '--lower-expect', '--globalopt', '--elim-avail-extern', '--lower-expect']",75,-6.118800718916145,0.0,-2.63880533111735,0.0,1,-6.118800718916145,-2.63880533111735,0.0,-86.29441624365482,14.926378970487209,17.647058823529413,34
426,"['--ipsccp', '--speculative-execution', '--sccp', '--early-cse', '--mem2reg', '--jump-threading', '--globalopt', '--elim-avail-extern', '--instcombine', '--adce', '--jump-threading', '--gvn', '--simplifycfg', '--instsimplify', '--gvn-hoist', '--mergefunc', '--gvn-hoist', '--instcombine', '--globalopt', '--elim-avail-extern', '--gvn', '--gvn', '--ipsccp', '--gvn', '--nary-reassociate', '--lower-constant-intrinsics', '--loop-instsimplify', '--strip', '--mem2reg', '--jump-threading', '--globalopt', '--elim-avail-extern', '--instcombine', '--simplifycfg', '--sroa', '--mem2reg', '--gvn-hoist', '--sccp', '--early-cse', '--lower-constant-intrinsics', '--adce', '--gvn-hoist', '--adce', '--lower-constant-intrinsics', '--newgvn', '--simplifycfg', '--lower-expect', '--simplifycfg', '--gvn-hoist', '--instcombine', '--globalopt', '--elim-avail-extern', '--gvn', '--gvn', '--ipsccp', '--gvn', '--nary-reassociate', '--lower-constant-intrinsics', '--loop-instsimplify', '--early-cse', '--mem2reg', '--jump-threading', '--globalopt', '--elim-avail-extern', '--instcombine', '--simplifycfg', '--sroa', '--lower-constant-intrinsics', '--early-cse', '--lower-expect', '--sroa', '--lower-expect', '--sroa', '--lower-expect', '--globalopt', '--elim-avail-extern', '--sccp']",77,-6.118800718916145,0.0,-2.63880533111735,0.0,1,-6.118800718916145,-2.63880533111735,0.0,-86.29441624365482,14.926378970487209,17.647058823529413,34
427,"['--ipsccp', '--speculative-execution', '--sccp', '--early-cse', '--mem2reg', '--jump-threading', '--globalopt', '--elim-avail-extern', '--instcombine', '--adce', '--jump-threading', '--gvn', '--simplifycfg', '--instsimplify', '--gvn-hoist', '--mergefunc', '--gvn-hoist', '--instcombine', '--globalopt', '--elim-avail-extern', '--gvn', '--gvn', '--ipsccp', '--gvn', '--nary-reassociate', '--lower-constant-intrinsics', '--loop-instsimplify', '--strip', '--mem2reg', '--jump-threading', '--globalopt', '--elim-avail-extern', '--instcombine', '--simplifycfg', '--sroa', '--mem2reg', '--gvn-hoist', '--sccp', '--sccp', '--early-cse', '--lower-constant-intrinsics', '--adce', '--gvn-hoist', '--adce', '--lower-constant-intrinsics', '--newgvn', '--simplifycfg', '--lower-expect', '--simplifycfg', '--gvn-hoist', '--instcombine', '--globalopt', '--elim-avail-extern', '--gvn', '--gvn', '--ipsccp', '--gvn', '--nary-reassociate', '--lower-constant-intrinsics', '--loop-instsimplify', '--early-cse', '--mem2reg', '--jump-threading', '--globalopt', '--elim-avail-extern', '--instcombine', '--simplifycfg', '--sroa', '--lower-constant-intrinsics', '--ipconstprop', '--early-cse', '--lower-expect', '--sroa', '--sccp', '--sroa', '--lower-expect', '--globalopt', '--elim-avail-extern', '--lower-expect']",79,-6.118800718916145,0.0,-2.63880533111735,0.0,1,-6.118800718916145,-2.63880533111735,0.0,-86.29441624365482,14.926378970487209,17.647058823529413,34
484,"['--ipsccp', '--speculative-execution', '--sccp', '--early-cse', '--mem2reg', '--jump-threading', '--globalopt', '--elim-avail-extern', '--instcombine', '--adce', '--jump-threading', '--gvn', '--simplifycfg', '--instsimplify', '--gvn-hoist', '--mergefunc', '--gvn-hoist', '--instcombine', '--globalopt', '--globalopt', '--gvn', '--gvn', '--ipsccp', '--gvn', '--nary-reassociate', '--lower-constant-intrinsics', '--loop-instsimplify', '--strip', '--early-cse', '--mem2reg', '--jump-threading', '--elim-avail-extern', '--instcombine', '--simplifycfg', '--sroa', '--mem2reg', '--gvn-hoist', '--sccp', '--early-cse', '--lower-constant-intrinsics', '--adce', '--adce', '--gvn-hoist', '--adce', '--lower-constant-intrinsics', '--newgvn', '--simplifycfg', '--simplifycfg', '--lowerinvoke', '--simplifycfg', '--gvn-hoist', '--instcombine', '--globalopt', '--elim-avail-extern', '--gvn', '--gvn', '--ipsccp', '--gvn', '--nary-reassociate', '--lower-constant-intrinsics', '--loop-instsimplify', '--early-cse', '--mem2reg', '--jump-threading', '--globalopt', '--instcombine', '--simplifycfg', '--sroa', '--lower-constant-intrinsics', '--early-cse', '--lower-expect', '--sroa', '--sccp', '--sroa', '--lower-expect', '--globalopt', '--elim-avail-extern', '--lower-expect']",78,-6.118800718916145,0.0,-2.63880533111735,0.0,1,-6.118800718916145,-2.63880533111735,0.0,-86.29441624365482,14.926378970487209,17.647058823529413,34
417,"['--ipsccp', '--speculative-execution', '--sccp', '--early-cse', '--mem2reg', '--jump-threading', '--globalopt', '--elim-avail-extern', '--instcombine', '--adce', '--jump-threading', '--gvn', '--simplifycfg', '--instsimplify', '--gvn-hoist', '--mergefunc', '--gvn-hoist', '--instcombine', '--globalopt', '--elim-avail-extern', '--gvn', '--gvn', '--ipsccp', '--gvn', '--nary-reassociate', '--lower-constant-intrinsics', '--loop-instsimplify', '--early-cse', '--strip', '--mem2reg', '--jump-threading', '--globalopt', '--elim-avail-extern', '--instcombine', '--simplifycfg', '--sroa', '--mem2reg', '--gvn-hoist', '--sccp', '--early-cse', '--adce', '--gvn-hoist', '--adce', '--lower-constant-intrinsics', '--newgvn', '--simplifycfg', '--lower-expect', '--simplifycfg', '--gvn-hoist', '--instcombine', '--globalopt', '--elim-avail-extern', '--gvn', '--gvn', '--memcpyopt', '--ipsccp', '--gvn', '--nary-reassociate', '--lower-constant-intrinsics', '--loop-instsimplify', '--early-cse', '--jump-threading', '--globalopt', '--elim-avail-extern', '--instcombine', '--simplifycfg', '--lower-constant-intrinsics', '--early-cse', '--lower-expect', '--sroa', '--sccp', '--sroa', '--lower-expect', '--globalopt', '--elim-avail-extern', '--lower-expect']",76,-6.118800718916145,0.0,-2.63880533111735,0.0,1,-6.118800718916145,-2.63880533111735,0.0,-86.29441624365482,14.926378970487209,17.647058823529413,34
589,"['--ipsccp', '--speculative-execution', '--sccp', '--early-cse', '--mem2reg', '--jump-threading', '--globalopt', '--elim-avail-extern', '--instcombine', '--instsimplify', '--jump-threading', '--gvn', '--simplifycfg', '--adce', '--gvn-hoist', '--mergefunc', '--gvn-hoist', '--instcombine', '--elim-avail-extern', '--gvn', '--gvn', '--ipsccp', '--gvn', '--nary-reassociate', '--lower-constant-intrinsics', '--loop-instsimplify', '--early-cse', '--mem2reg', '--jump-threading', '--globalopt', '--jump-threading', '--globalopt', '--elim-avail-extern', '--instcombine', '--simplifycfg', '--sroa', '--mem2reg', '--gvn-hoist', '--sccp', '--early-cse', '--lower-constant-intrinsics', '--adce', '--gvn-hoist', '--adce', '--lower-constant-intrinsics', '--newgvn', '--simplifycfg', '--lower-expect', '--simplifycfg', '--gvn-hoist', '--instcombine', '--globalopt', '--elim-avail-extern', '--gvn', '--gvn', '--ipsccp', '--gvn', '--nary-reassociate', '--lower-constant-intrinsics', '--loop-instsimplify', '--early-cse', '--mem2reg', '--jump-threading', '--globalopt', '--elim-avail-extern', '--instcombine', '--simplifycfg', '--sroa', '--lower-constant-intrinsics', '--early-cse', '--lower-expect', '--early-cse', '--lower-expect', '--tailcallelim', '--sccp', '--sroa', '--lower-expect', '--globalopt', '--elim-avail-extern', '--lower-expect']",80,-6.118800718916145,0.0,-2.63880533111735,0.0,1,-6.118800718916145,-2.63880533111735,0.0,-86.29441624365482,14.926378970487209,17.647058823529413,34
491,"['--ipsccp', '--speculative-execution', '--globalopt', '--early-cse', '--mem2reg', '--mldst-motion', '--globalopt', '--elim-avail-extern', '--instcombine', '--instsimplify', '--jump-threading', '--gvn', '--simplifycfg', '--adce', '--gvn-hoist', '--mergefunc', '--gvn-hoist', '--instcombine', '--sccp', '--elim-avail-extern', '--gvn', '--gvn', '--ipsccp', '--gvn', '--nary-reassociate', '--loop-instsimplify', '--loop-instsimplify', '--strip', '--mem2reg', '--jump-threading', '--globalopt', '--elim-avail-extern', '--instcombine', '--simplifycfg', '--sroa', '--mem2reg', '--gvn-hoist', '--sccp', '--early-cse', '--lower-constant-intrinsics', '--adce', '--gvn-hoist', '--adce', '--lower-constant-intrinsics', '--newgvn', '--simplifycfg', '--lower-expect', '--simplifycfg', '--gvn-hoist', '--instcombine', '--globalopt', '--elim-avail-extern', '--gvn', '--gvn', '--ipsccp', '--gvn', '--nary-reassociate', '--lower-constant-intrinsics', '--loop-instsimplify', '--early-cse', '--mem2reg', '--jump-threading', '--globalopt', '--elim-avail-extern', '--instcombine', '--simplifycfg', '--sroa', '--lower-constant-intrinsics', '--early-cse', '--lower-expect', '--sroa', '--sccp', '--sroa', '--lower-expect', '--globalopt', '--elim-avail-extern', '--lower-expect']",77,-6.118800718916145,0.0,-2.63880533111735,0.0,1,-6.118800718916145,-2.63880533111735,0.0,-86.29441624365482,14.926378970487209,17.647058823529413,34
555,"['--ipsccp', '--speculative-execution', '--sccp', '--early-cse', '--mem2reg', '--jump-threading', '--globalopt', '--elim-avail-extern', '--instcombine', '--instsimplify', '--jump-threading', '--gvn', '--simplifycfg', '--adce', '--gvn-hoist', '--mergefunc', '--gvn-hoist', '--instcombine', '--globalopt', '--elim-avail-extern', '--gvn', '--gvn', '--ipsccp', '--gvn', '--nary-reassociate', '--lower-constant-intrinsics', '--loop-instsimplify', '--early-cse', '--mem2reg', '--jump-threading', '--globalopt', '--elim-avail-extern', '--instcombine', '--simplifycfg', '--sroa', '--nary-reassociate', '--gvn-hoist', '--sccp', '--early-cse', '--lower-constant-intrinsics', '--adce', '--gvn-hoist', '--adce', '--lower-constant-intrinsics', '--newgvn', '--simplifycfg', '--lower-expect', '--simplifycfg', '--gvn-hoist', '--loop-fusion', '--globalopt', '--elim-avail-extern', '--gvn', '--gvn', '--ipsccp', '--gvn', '--mem2reg', '--lower-constant-intrinsics', '--early-cse', '--mem2reg', '--jump-threading', '--globalopt', '--instcombine', '--instcombine', '--simplifycfg', '--sroa', '--lower-constant-intrinsics', '--early-cse', '--lower-expect', '--sroa', '--lower-expect', '--sroa', '--sccp', '--sroa', '--lower-expect', '--globalopt', '--elim-avail-extern', '--lower-expect']",78,-6.118800718916145,0.0,-2.63880533111735,0.0,1,-6.118800718916145,-2.63880533111735,0.0,-86.29441624365482,14.926378970487209,17.647058823529413,34
496,"['--ipsccp', '--speculative-execution', '--sccp', '--early-cse', '--mem2reg', '--jump-threading', '--globalopt', '--elim-avail-extern', '--instcombine', '--adce', '--jump-threading', '--gvn', '--simplifycfg', '--instsimplify', '--gvn-hoist', '--mergefunc', '--gvn-hoist', '--instcombine', '--globalopt', '--elim-avail-extern', '--gvn', '--gvn', '--ipsccp', '--gvn', '--nary-reassociate', '--lower-constant-intrinsics', '--loop-instsimplify', '--mem2reg', '--jump-threading', '--globalopt', '--elim-avail-extern', '--instcombine', '--simplifycfg', '--sroa', '--mem2reg', '--gvn-hoist', '--sccp', '--sccp', '--early-cse', '--lower-constant-intrinsics', '--adce', '--gvn-hoist', '--adce', '--lower-constant-intrinsics', '--newgvn', '--simplifycfg', '--lower-expect', '--simplifycfg', '--gvn-hoist', '--instcombine', '--globalopt', '--elim-avail-extern', '--gvn', '--gvn', '--ipsccp', '--gvn', '--nary-reassociate', '--lower-constant-intrinsics', '--loop-instsimplify', '--early-cse', '--mem2reg', '--jump-threading', '--globalopt', '--elim-avail-extern', '--instcombine', '--simplifycfg', '--sroa', '--lower-constant-intrinsics', '--ipconstprop', '--early-cse', '--lower-expect', '--sroa', '--sccp', '--sroa', '--lower-expect', '--globalopt', '--elim-avail-extern', '--lower-expect']",78,-6.118800718916145,0.0,-2.63880533111735,0.0,1,-6.118800718916145,-2.63880533111735,0.0,-86.29441624365482,14.926378970487209,17.647058823529413,34
501,"['--ipsccp', '--speculative-execution', '--sccp', '--early-cse', '--mem2reg', '--jump-threading', '--globalopt', '--elim-avail-extern', '--instcombine', '--adce', '--jump-threading', '--gvn', '--simplifycfg', '--instsimplify', '--gvn-hoist', '--mergefunc', '--gvn-hoist', '--instcombine', '--globalopt', '--elim-avail-extern', '--gvn', '--gvn', '--ipsccp', '--gvn', '--nary-reassociate', '--lower-constant-intrinsics', '--loop-instsimplify', '--early-cse', '--mem2reg', '--jump-threading', '--globalopt', '--elim-avail-extern', '--instcombine', '--simplifycfg', '--sroa', '--mem2reg', '--gvn-hoist', '--sccp', '--early-cse', '--adce', '--gvn-hoist', '--adce', '--lower-constant-intrinsics', '--adce', '--lower-constant-intrinsics', '--newgvn', '--simplifycfg', '--lower-expect', '--simplifycfg', '--gvn-hoist', '--instcombine', '--globalopt', '--elim-avail-extern', '--gvn', '--gvn', '--ipsccp', '--gvn', '--nary-reassociate', '--lower-constant-intrinsics', '--loop-instsimplify', '--early-cse', '--mem2reg', '--jump-threading', '--globalopt', '--inferattrs', '--instcombine', '--simplifycfg', '--sroa', '--lower-constant-intrinsics', '--early-cse', '--lower-expect', '--sroa', '--sroa', '--lower-expect', '--newgvn', '--elim-avail-extern', '--lower-expect']",77,-6.118800718916145,0.0,-2.63880533111735,0.0,1,-6.118800718916145,-2.63880533111735,0.0,-86.29441624365482,14.926378970487209,17.647058823529413,34
428,"['--ipsccp', '--speculative-execution', '--sccp', '--early-cse', '--mem2reg', '--jump-threading', '--globalopt', '--elim-avail-extern', '--instcombine', '--instsimplify', '--jump-threading', '--lower-constant-intrinsics', '--simplifycfg', '--adce', '--gvn-hoist', '--mergefunc', '--gvn-hoist', '--instcombine', '--globalopt', '--elim-avail-extern', '--gvn', '--gvn', '--ipsccp', '--gvn', '--nary-reassociate', '--lower-constant-intrinsics', '--loop-instsimplify', '--early-cse', '--mem2reg', '--jump-threading', '--globalopt', '--elim-avail-extern', '--instcombine', '--simplifycfg', '--sroa', '--mem2reg', '--gvn-hoist', '--sccp', '--early-cse', '--adce', '--gvn-hoist', '--adce', '--lower-constant-intrinsics', '--newgvn', '--simplifycfg', '--lower-expect', '--simplifycfg', '--gvn-hoist', '--instcombine', '--globalopt', '--elim-avail-extern', '--gvn', '--gvn', '--ipsccp', '--gvn', '--nary-reassociate', '--gvn', '--loop-instsimplify', '--early-cse', '--jump-threading', '--globalopt', '--elim-avail-extern', '--instcombine', '--simplifycfg', '--sroa', '--lower-constant-intrinsics', '--early-cse', '--lower-expect', '--sroa', '--sccp', '--sroa', '--lower-expect', '--globalopt', '--elim-avail-extern', '--lower-expect']",75,-6.121417976627918,0.0,-2.630454080675167,0.0,1,-6.121417976627918,-2.630454080675167,0.0,-86.80203045685279,15.015185925921312,17.647058823529413,34
459,"['--ipsccp', '--speculative-execution', '--sccp', '--early-cse', '--mem2reg', '--jump-threading', '--globalopt', '--elim-avail-extern', '--instcombine', '--adce', '--jump-threading', '--gvn', '--simplifycfg', '--instsimplify', '--gvn-hoist', '--mergefunc', '--gvn-hoist', '--instcombine', '--globalopt', '--elim-avail-extern', '--gvn', '--gvn', '--ipsccp', '--lower-expect', '--nary-reassociate', '--lower-constant-intrinsics', '--loop-instsimplify', '--early-cse', '--mem2reg', '--jump-threading', '--globalopt', '--elim-avail-extern', '--instcombine', '--simplifycfg', '--sroa', '--mem2reg', '--gvn-hoist', '--sccp', '--early-cse', '--lower-constant-intrinsics', '--adce', '--adce', '--gvn-hoist', '--adce', '--lower-constant-intrinsics', '--newgvn', '--simplifycfg', '--simplifycfg', '--lowerinvoke', '--simplifycfg', '--gvn-hoist', '--instcombine', '--globalopt', '--elim-avail-extern', '--gvn', '--gvn', '--ipsccp', '--gvn', '--nary-reassociate', '--lower-constant-intrinsics', '--loop-instsimplify', '--early-cse', '--mem2reg', '--jump-threading', '--globalopt', '--instcombine', '--simplifycfg', '--sroa', '--lower-constant-intrinsics', '--early-cse', '--lower-expect', '--sroa', '--sccp', '--sroa', '--lower-expect', '--globalopt', '--elim-avail-extern', '--gvn']",78,-6.12635478484567,0.0,-2.6484170189297296,0.0,1,-6.12635478484567,-2.6484170189297296,0.0,-86.29441624365482,14.929831971189612,17.647058823529413,34
707,"['--ipsccp', '--speculative-execution', '--sccp', '--early-cse', '--early-cse', '--jump-threading', '--loop-simplifycfg', '--instcombine', '--instsimplify', '--jump-threading', '--gvn', '--simplifycfg', '--adce', '--gvn-hoist', '--mergefunc', '--gvn-hoist', '--instcombine', '--globalopt', '--gvn', '--gvn', '--ipsccp', '--gvn', '--nary-reassociate', '--lower-constant-intrinsics', '--loop-instsimplify', '--early-cse', '--mem2reg', '--jump-threading', '--globalopt', '--elim-avail-extern', '--instcombine', '--simplifycfg', '--sroa', '--mem2reg', '--gvn-hoist', '--sccp', '--early-cse', '--lower-constant-intrinsics', '--adce', '--gvn-hoist', '--adce', '--lower-constant-intrinsics', '--dse', '--newgvn', '--simplifycfg', '--lower-expect', '--simplifycfg', '--gvn-hoist', '--instcombine', '--globalopt', '--elim-avail-extern', '--gvn', '--gvn', '--ipsccp', '--gvn', '--nary-reassociate', '--lower-constant-intrinsics', '--loop-instsimplify', '--early-cse', '--mem2reg', '--jump-threading', '--globalopt', '--slp-vectorizer', '--instcombine', '--simplifycfg', '--sroa', '--lower-constant-intrinsics', '--early-cse', '--lower-expect', '--sroa', '--sroa', '--lower-expect', '--globalopt', '--elim-avail-extern', '--elim-avail-extern', '--lower-expect']",76,-6.143645197582207,0.0,-3.0604941768660443,0.0,1,-6.143645197582207,-3.0604941768660443,0.0,-86.80203045685279,16.423922119914966,14.705882352941178,34
485,"['--ipsccp', '--lower-constant-intrinsics', '--sccp', '--early-cse', '--mem2reg', '--jump-threading', '--globalopt', '--elim-avail-extern', '--instcombine', '--instsimplify', '--jump-threading', '--gvn', '--simplifycfg', '--adce', '--gvn-hoist', '--mergefunc', '--gvn-hoist', '--elim-avail-extern', '--globalopt', '--elim-avail-extern', '--gvn', '--gvn', '--ipsccp', '--gvn', '--nary-reassociate', '--lower-constant-intrinsics', '--loop-instsimplify', '--early-cse', '--mem2reg', '--jump-threading', '--globalopt', '--elim-avail-extern', '--instcombine', '--simplifycfg', '--sroa', '--mem2reg', '--gvn-hoist', '--sccp', '--early-cse', '--early-cse', '--lower-constant-intrinsics', '--adce', '--gvn-hoist', '--adce', '--lower-constant-intrinsics', '--newgvn', '--simplifycfg', '--lower-expect', '--simplifycfg', '--gvn-hoist', '--instcombine', '--globalopt', '--instcombine', '--gvn', '--gvn', '--ipsccp', '--gvn', '--nary-reassociate', '--lower-constant-intrinsics', '--loop-instsimplify', '--early-cse', '--mem2reg', '--jump-threading', '--globalopt', '--elim-avail-extern', '--instcombine', '--simplifycfg', '--sroa', '--lower-constant-intrinsics', '--early-cse', '--lower-expect', '--sroa', '--sccp', '--sroa', '--lower-expect', '--globalopt', '--elim-avail-extern', '--lower-expect', '--slsr']",79,-6.148186677532646,0.0,-2.6778323813456675,0.0,1,-6.148186677532646,-2.6778323813456675,0.0,-86.29441624365482,14.927535679939828,17.647058823529413,34
375,"['--ipsccp', '--lower-constant-intrinsics', '--sccp', '--early-cse', '--mem2reg', '--jump-threading', '--globalopt', '--elim-avail-extern', '--instcombine', '--adce', '--jump-threading', '--gvn', '--simplifycfg', '--instsimplify', '--gvn-hoist', '--mergefunc', '--gvn-hoist', '--instcombine', '--globalopt', '--elim-avail-extern', '--sccp', '--gvn-hoist', '--simplifycfg', '--gvn', '--instcombine', '--correlated-propagation', '--loop-instsimplify', '--early-cse', '--mem2reg', '--jump-threading', '--globalopt', '--elim-avail-extern', '--instcombine', '--simplifycfg', '--sroa', '--mem2reg', '--gvn-hoist', '--sccp', '--early-cse', '--lower-constant-intrinsics', '--adce', '--gvn-hoist', '--adce', '--lower-constant-intrinsics', '--newgvn', '--simplifycfg', '--lower-expect', '--simplifycfg', '--gvn-hoist', '--instcombine', '--globalopt', '--elim-avail-extern', '--gvn', '--gvn', '--ipsccp', '--gvn', '--nary-reassociate', '--lower-constant-intrinsics', '--loop-instsimplify', '--early-cse', '--mem2reg', '--jump-threading', '--globalopt', '--elim-avail-extern', '--instcombine', '--simplifycfg', '--sroa', '--lower-constant-intrinsics', '--early-cse', '--lower-expect', '--sroa', '--sccp', '--sroa', '--lower-expect', '--globalopt', '--elim-avail-extern', '--lower-expect', '--slsr']",78,-6.148186677532646,0.0,-2.6778323813456675,0.0,1,-6.148186677532646,-2.6778323813456675,0.0,-86.29441624365482,14.927535679939828,17.647058823529413,34
507,"['--ipsccp', '--lower-constant-intrinsics', '--sccp', '--early-cse', '--mem2reg', '--jump-threading', '--globalopt', '--elim-avail-extern', '--instcombine', '--adce', '--jump-threading', '--simplifycfg', '--instsimplify', '--gvn-hoist', '--mergefunc', '--gvn-hoist', '--early-cse', '--globalopt', '--elim-avail-extern', '--gvn', '--gvn', '--ipsccp', '--gvn', '--nary-reassociate', '--lower-constant-intrinsics', '--loop-instsimplify', '--early-cse', '--mem2reg', '--jump-threading', '--globalopt', '--elim-avail-extern', '--instcombine', '--simplifycfg', '--sroa', '--mem2reg', '--gvn-hoist', '--sccp', '--loop-versioning-licm', '--early-cse', '--lower-constant-intrinsics', '--adce', '--adce', '--lower-constant-intrinsics', '--newgvn', '--simplifycfg', '--lower-expect', '--simplifycfg', '--gvn-hoist', '--instcombine', '--globalopt', '--gvn', '--elim-avail-extern', '--gvn', '--ipsccp', '--gvn', '--nary-reassociate', '--lower-constant-intrinsics', '--loop-instsimplify', '--instcombine', '--mem2reg', '--jump-threading', '--globalopt', '--elim-avail-extern', '--instcombine', '--simplifycfg', '--sroa', '--lower-constant-intrinsics', '--early-cse', '--lower-expect', '--sroa', '--sccp', '--sroa', '--lower-expect', '--elim-avail-extern', '--elim-avail-extern', '--lower-expect', '--slsr']",77,-6.150805421629755,0.0,-2.6694811309034843,0.0,1,-6.150805421629755,-2.6694811309034843,0.0,-86.80203045685279,15.01635749922731,17.647058823529413,34
329,"['--ipsccp', '--lower-constant-intrinsics', '--sccp', '--early-cse', '--mem2reg', '--jump-threading', '--globalopt', '--elim-avail-extern', '--instcombine', '--adce', '--jump-threading', '--gvn', '--simplifycfg', '--instsimplify', '--gvn-hoist', '--mergefunc', '--gvn-hoist', '--instcombine', '--globalopt', '--sroa', '--sccp', '--gvn-hoist', '--simplifycfg', '--gvn', '--nary-reassociate', '--correlated-propagation', '--loop-instsimplify', '--early-cse', '--mem2reg', '--jump-threading', '--globalopt', '--elim-avail-extern', '--instcombine', '--simplifycfg', '--sroa', '--mem2reg', '--gvn-hoist', '--sccp', '--early-cse', '--lower-constant-intrinsics', '--adce', '--gvn-hoist', '--adce', '--lower-constant-intrinsics', '--newgvn', '--simplifycfg', '--lower-expect', '--simplifycfg', '--gvn-hoist', '--instcombine', '--elim-avail-extern', '--gvn', '--gvn', '--ipsccp', '--gvn', '--nary-reassociate', '--lower-constant-intrinsics', '--loop-instsimplify', '--early-cse', '--mem2reg', '--jump-threading', '--globalopt', '--elim-avail-extern', '--instcombine', '--simplifycfg', '--sroa', '--lower-constant-intrinsics', '--early-cse', '--lower-expect', '--sroa', '--sccp', '--sroa', '--lower-expect', '--globalopt', '--elim-avail-extern', '--lower-expect']",76,-6.156845754109087,0.0,-2.689911134818309,0.0,1,-6.156845754109087,-2.689911134818309,0.0,-86.29441624365482,14.92353579465943,17.647058823529413,34
331,"['--ipsccp', '--lower-constant-intrinsics', '--sccp', '--early-cse', '--mem2reg', '--jump-threading', '--globalopt', '--elim-avail-extern', '--instcombine', '--adce', '--jump-threading', '--gvn', '--simplifycfg', '--instsimplify', '--gvn-hoist', '--mergefunc', '--gvn-hoist', '--loop-simplify', '--instcombine', '--globalopt', '--elim-avail-extern', '--gvn', '--gvn', '--ipsccp', '--gvn', '--nary-reassociate', '--lower-constant-intrinsics', '--loop-instsimplify', '--early-cse', '--mem2reg', '--jump-threading', '--globalopt', '--elim-avail-extern', '--instcombine', '--simplifycfg', '--sroa', '--mem2reg', '--gvn-hoist', '--sccp', '--early-cse', '--lower-constant-intrinsics', '--adce', '--gvn-hoist', '--adce', '--lower-constant-intrinsics', '--newgvn', '--simplifycfg', '--lower-expect', '--simplifycfg', '--gvn-hoist', '--instcombine', '--globalopt', '--elim-avail-extern', '--gvn', '--gvn', '--ipsccp', '--gvn', '--nary-reassociate', '--lower-constant-intrinsics', '--loop-instsimplify', '--early-cse', '--mem2reg', '--jump-threading', '--globalopt', '--elim-avail-extern', '--elim-avail-extern', '--instcombine', '--simplifycfg', '--sroa', '--lower-constant-intrinsics', '--early-cse', '--lower-expect', '--sroa', '--sccp', '--sroa', '--lower-expect', '--globalopt', '--elim-avail-extern', '--lower-expect']",79,-6.156845754109087,0.0,-2.689911134818309,0.0,1,-6.156845754109087,-2.689911134818309,0.0,-86.29441624365482,14.92353579465943,17.647058823529413,34
325,"['--ipsccp', '--lower-constant-intrinsics', '--sccp', '--early-cse', '--mem2reg', '--jump-threading', '--globalopt', '--elim-avail-extern', '--instcombine', '--adce', '--jump-threading', '--gvn', '--simplifycfg', '--instsimplify', '--gvn-hoist', '--mergefunc', '--gvn-hoist', '--instcombine', '--globalopt', '--elim-avail-extern', '--sccp', '--gvn-hoist', '--simplifycfg', '--gvn', '--instcombine', '--correlated-propagation', '--loop-instsimplify', '--early-cse', '--mem2reg', '--jump-threading', '--globalopt', '--elim-avail-extern', '--instcombine', '--simplifycfg', '--sroa', '--mem2reg', '--gvn-hoist', '--sccp', '--early-cse', '--lower-constant-intrinsics', '--adce', '--gvn-hoist', '--adce', '--lower-constant-intrinsics', '--newgvn', '--simplifycfg', '--lower-expect', '--simplifycfg', '--gvn-hoist', '--instcombine', '--globalopt', '--elim-avail-extern', '--gvn', '--gvn', '--ipsccp', '--gvn', '--nary-reassociate', '--lower-constant-intrinsics', '--loop-instsimplify', '--early-cse', '--mem2reg', '--jump-threading', '--globalopt', '--elim-avail-extern', '--instcombine', '--simplifycfg', '--sroa', '--lower-constant-intrinsics', '--early-cse', '--lower-expect', '--sroa', '--sccp', '--sroa', '--lower-expect', '--globalopt', '--elim-avail-extern', '--lower-expect']",77,-6.156845754109087,0.0,-2.689911134818309,0.0,1,-6.156845754109087,-2.689911134818309,0.0,-86.29441624365482,14.92353579465943,17.647058823529413,34
344,"['--ipsccp', '--lower-constant-intrinsics', '--sccp', '--early-cse', '--mem2reg', '--jump-threading', '--globalopt', '--elim-avail-extern', '--instcombine', '--adce', '--jump-threading', '--gvn', '--simplifycfg', '--instsimplify', '--gvn-hoist', '--mergefunc', '--gvn-hoist', '--instcombine', '--globalopt', '--elim-avail-extern', '--adce', '--gvn', '--ipsccp', '--gvn', '--nary-reassociate', '--lower-constant-intrinsics', '--loop-instsimplify', '--early-cse', '--mem2reg', '--jump-threading', '--globalopt', '--elim-avail-extern', '--instcombine', '--simplifycfg', '--sroa', '--mem2reg', '--gvn-hoist', '--sccp', '--early-cse', '--adce', '--gvn-hoist', '--adce', '--lower-constant-intrinsics', '--newgvn', '--simplifycfg', '--lower-expect', '--simplifycfg', '--gvn-hoist', '--instcombine', '--correlated-propagation', '--elim-avail-extern', '--gvn', '--gvn', '--memcpyopt', '--ipsccp', '--gvn', '--nary-reassociate', '--lower-constant-intrinsics', '--loop-instsimplify', '--early-cse', '--jump-threading', '--globalopt', '--elim-avail-extern', '--instcombine', '--simplifycfg', '--sroa', '--lower-constant-intrinsics', '--early-cse', '--lower-expect', '--sroa', '--sccp', '--sroa', '--lower-expect', '--globalopt', '--elim-avail-extern', '--lower-expect']",76,-6.156845754109087,0.0,-2.689911134818309,0.0,1,-6.156845754109087,-2.689911134818309,0.0,-86.29441624365482,14.92353579465943,17.647058823529413,34
418,"['--ipsccp', '--sccp', '--early-cse', '--mem2reg', '--jump-threading', '--globalopt', '--elim-avail-extern', '--instcombine', '--adce', '--jump-threading', '--gvn', '--simplifycfg', '--instsimplify', '--gvn-hoist', '--mergefunc', '--gvn-hoist', '--instcombine', '--globalopt', '--elim-avail-extern', '--gvn', '--gvn', '--ipsccp', '--gvn', '--early-cse', '--loop-instsimplify', '--nary-reassociate', '--mem2reg', '--jump-threading', '--globalopt', '--elim-avail-extern', '--instcombine', '--simplifycfg', '--sroa', '--mem2reg', '--gvn-hoist', '--sccp', '--early-cse', '--lower-constant-intrinsics', '--adce', '--gvn-hoist', '--adce', '--lower-constant-intrinsics', '--newgvn', '--simplifycfg', '--lower-expect', '--simplifycfg', '--gvn-hoist', '--instsimplify', '--globalopt', '--elim-avail-extern', '--gvn', '--gvn', '--ipsccp', '--gvn', '--nary-reassociate', '--lower-constant-intrinsics', '--loop-instsimplify', '--early-cse', '--jump-threading', '--globalopt', '--elim-avail-extern', '--elim-avail-extern', '--instcombine', '--simplifycfg', '--sroa', '--lower-constant-intrinsics', '--early-cse', '--lower-expect', '--sroa', '--sccp', '--sroa', '--lower-expect', '--elim-avail-extern', '--lower-expect']",74,-6.156845754109087,0.0,-2.689911134818309,0.0,1,-6.156845754109087,-2.689911134818309,0.0,-86.29441624365482,14.92353579465943,17.647058823529413,34
343,"['--ipsccp', '--lower-constant-intrinsics', '--sccp', '--early-cse', '--mem2reg', '--jump-threading', '--globalopt', '--elim-avail-extern', '--instcombine', '--adce', '--jump-threading', '--gvn', '--simplifycfg', '--instsimplify', '--gvn-hoist', '--mergefunc', '--gvn-hoist', '--instcombine', '--globalopt', '--sroa', '--sccp', '--gvn-hoist', '--simplifycfg', '--gvn', '--nary-reassociate', '--correlated-propagation', '--loop-instsimplify', '--early-cse', '--mem2reg', '--jump-threading', '--globalopt', '--elim-avail-extern', '--instcombine', '--simplifycfg', '--mem2reg', '--gvn-hoist', '--sccp', '--early-cse', '--lower-constant-intrinsics', '--adce', '--gvn-hoist', '--adce', '--lower-constant-intrinsics', '--newgvn', '--simplifycfg', '--lower-expect', '--simplifycfg', '--gvn-hoist', '--instsimplify', '--globalopt', '--elim-avail-extern', '--gvn', '--gvn', '--ipsccp', '--gvn', '--nary-reassociate', '--lower-constant-intrinsics', '--loop-instsimplify', '--early-cse', '--jump-threading', '--globalopt', '--elim-avail-extern', '--instcombine', '--simplifycfg', '--sroa', '--lower-constant-intrinsics', '--die', '--lower-expect', '--sroa', '--sccp', '--sroa', '--lower-expect', '--globalopt', '--elim-avail-extern', '--lower-expect']",75,-6.156845754109087,0.0,-2.689911134818309,0.0,1,-6.156845754109087,-2.689911134818309,0.0,-86.29441624365482,14.92353579465943,17.647058823529413,34
342,"['--ipsccp', '--lower-constant-intrinsics', '--sccp', '--early-cse', '--mem2reg', '--jump-threading', '--globalopt', '--loop-sink', '--elim-avail-extern', '--instcombine', '--adce', '--jump-threading', '--gvn', '--simplifycfg', '--instsimplify', '--gvn-hoist', '--mergefunc', '--gvn-hoist', '--instcombine', '--globalopt', '--elim-avail-extern', '--gvn', '--gvn', '--ipsccp', '--gvn', '--nary-reassociate', '--lower-constant-intrinsics', '--loop-instsimplify', '--early-cse', '--mem2reg', '--jump-threading', '--globalopt', '--elim-avail-extern', '--instcombine', '--simplifycfg', '--sroa', '--mem2reg', '--gvn-hoist', '--sccp', '--early-cse', '--adce', '--gvn-hoist', '--adce', '--lower-constant-intrinsics', '--newgvn', '--simplifycfg', '--lower-expect', '--simplifycfg', '--gvn-hoist', '--instcombine', '--globalopt', '--elim-avail-extern', '--gvn', '--gvn', '--ipsccp', '--gvn', '--nary-reassociate', '--lower-constant-intrinsics', '--loop-instsimplify', '--early-cse', '--jump-threading', '--globalopt', '--elim-avail-extern', '--instcombine', '--simplifycfg', '--sroa', '--lower-constant-intrinsics', '--early-cse', '--lower-expect', '--sroa', '--sccp', '--sroa', '--lower-expect', '--globalopt', '--elim-avail-extern', '--lower-expect']",76,-6.156845754109087,0.0,-2.689911134818309,0.0,1,-6.156845754109087,-2.689911134818309,0.0,-86.29441624365482,14.92353579465943,17.647058823529413,34
340,"['--ipsccp', '--lower-constant-intrinsics', '--sccp', '--early-cse', '--mem2reg', '--jump-threading', '--globalopt', '--elim-avail-extern', '--instcombine', '--adce', '--jump-threading', '--gvn', '--simplifycfg', '--gvn-hoist', '--mergefunc', '--gvn-hoist', '--instcombine', '--globalopt', '--elim-avail-extern', '--gvn', '--gvn', '--ipsccp', '--gvn', '--nary-reassociate', '--loop-instsimplify', '--early-cse', '--mem2reg', '--jump-threading', '--globalopt', '--elim-avail-extern', '--instcombine', '--simplifycfg', '--sroa', '--mem2reg', '--gvn-hoist', '--sccp', '--early-cse', '--lower-constant-intrinsics', '--adce', '--gvn-hoist', '--adce', '--lower-constant-intrinsics', '--newgvn', '--simplifycfg', '--lower-expect', '--simplifycfg', '--gvn-hoist', '--instsimplify', '--gvn-hoist', '--simplifycfg', '--mem2reg', '--ipsccp', '--newgvn', '--simplifycfg', '--instsimplify', '--sroa', '--instsimplify', '--gvn', '--simplifycfg', '--instcombine', '--gvn-hoist', '--mem2reg']",62,-6.156845754109087,0.0,-2.689911134818309,0.0,1,-6.156845754109087,-2.689911134818309,0.0,-86.29441624365482,14.92353579465943,17.647058823529413,34
339,"['--ipsccp', '--lower-constant-intrinsics', '--sccp', '--early-cse', '--mem2reg', '--jump-threading', '--globalopt', '--elim-avail-extern', '--instcombine', '--adce', '--jump-threading', '--gvn', '--simplifycfg', '--instsimplify', '--gvn-hoist', '--mergefunc', '--gvn-hoist', '--instcombine', '--globalopt', '--elim-avail-extern', '--gvn', '--gvn', '--ipsccp', '--gvn', '--nary-reassociate', '--lower-constant-intrinsics', '--loop-instsimplify', '--early-cse', '--mem2reg', '--jump-threading', '--globalopt', '--elim-avail-extern', '--instcombine', '--simplifycfg', '--sroa', '--mem2reg', '--gvn-hoist', '--sccp', '--early-cse', '--lower-constant-intrinsics', '--adce', '--gvn-hoist', '--loop-unroll', '--adce', '--lower-constant-intrinsics', '--newgvn', '--simplifycfg', '--lower-expect', '--simplifycfg', '--gvn-hoist', '--instcombine', '--globalopt', '--elim-avail-extern', '--gvn', '--ipsccp', '--gvn', '--nary-reassociate', '--lower-constant-intrinsics', '--loop-instsimplify', '--early-cse', '--mem2reg', '--jump-threading', '--globalopt', '--elim-avail-extern', '--instcombine', '--simplifycfg', '--sroa', '--lower-constant-intrinsics', '--early-cse', '--early-cse', '--sroa', '--sccp', '--sroa', '--lower-expect', '--globalopt', '--elim-avail-extern', '--lower-expect']",77,-6.156845754109087,0.0,-2.689911134818309,0.0,1,-6.156845754109087,-2.689911134818309,0.0,-86.29441624365482,14.92353579465943,17.647058823529413,34
434,"['--ipsccp', '--lower-constant-intrinsics', '--sccp', '--early-cse', '--mem2reg', '--jump-threading', '--globalopt', '--elim-avail-extern', '--instcombine', '--adce', '--jump-threading', '--gvn', '--simplifycfg', '--instsimplify', '--gvn-hoist', '--mergefunc', '--gvn-hoist', '--instcombine', '--globalopt', '--elim-avail-extern', '--gvn', '--gvn', '--ipsccp', '--gvn', '--nary-reassociate', '--loop-instsimplify', '--early-cse', '--mem2reg', '--jump-threading', '--globalopt', '--elim-avail-extern', '--instcombine', '--simplifycfg', '--sroa', '--sroa', '--gvn', '--gvn-hoist', '--sccp', '--early-cse', '--lower-constant-intrinsics', '--adce', '--gvn-hoist', '--adce', '--lower-constant-intrinsics', '--newgvn', '--simplifycfg', '--lower-expect', '--simplifycfg', '--gvn-hoist', '--instcombine', '--elim-avail-extern', '--mem2reg', '--gvn', '--ipsccp', '--gvn', '--nary-reassociate', '--loop-instsimplify', '--early-cse', '--mem2reg', '--jump-threading', '--globalopt', '--elim-avail-extern', '--instcombine', '--simplifycfg', '--sroa', '--lower-constant-intrinsics', '--early-cse', '--lower-expect', '--sroa', '--sccp', '--sroa', '--lower-expect', '--globalopt', '--elim-avail-extern', '--lower-expect']",75,-6.156845754109087,0.0,-2.689911134818309,0.0,1,-6.156845754109087,-2.689911134818309,0.0,-86.29441624365482,14.92353579465943,17.647058823529413,34
424,"['--ipsccp', '--lower-constant-intrinsics', '--sccp', '--early-cse', '--mem2reg', '--jump-threading', '--mergereturn', '--globalopt', '--elim-avail-extern', '--instcombine', '--adce', '--jump-threading', '--gvn', '--simplifycfg', '--instsimplify', '--gvn-hoist', '--mergefunc', '--gvn-hoist', '--instcombine', '--globalopt', '--elim-avail-extern', '--early-cse', '--gvn', '--gvn', '--ipsccp', '--gvn', '--nary-reassociate', '--lower-constant-intrinsics', '--loop-instsimplify', '--mem2reg', '--jump-threading', '--globalopt', '--elim-avail-extern', '--instcombine', '--simplifycfg', '--sroa', '--mem2reg', '--gvn-hoist', '--sccp', '--early-cse', '--adce', '--gvn-hoist', '--adce', '--lower-constant-intrinsics', '--newgvn', '--simplifycfg', '--lower-expect', '--simplifycfg', '--gvn-hoist', '--instcombine', '--globalopt', '--elim-avail-extern', '--gvn', '--gvn', '--ipsccp', '--gvn', '--nary-reassociate', '--lower-constant-intrinsics', '--loop-instsimplify', '--early-cse', '--jump-threading', '--globalopt', '--elim-avail-extern', '--instcombine', '--simplifycfg', '--sroa', '--lower-constant-intrinsics', '--early-cse', '--lower-expect', '--sroa', '--sccp', '--sroa', '--lower-expect', '--globalopt', '--elim-avail-extern', '--lower-expect']",76,-6.156845754109087,0.0,-2.689911134818309,0.0,1,-6.156845754109087,-2.689911134818309,0.0,-86.29441624365482,14.92353579465943,17.647058823529413,34
425,"['--ipsccp', '--lower-constant-intrinsics', '--sccp', '--early-cse', '--mem2reg', '--jump-threading', '--globalopt', '--elim-avail-extern', '--instcombine', '--adce', '--jump-threading', '--gvn', '--simplifycfg', '--instsimplify', '--gvn-hoist', '--mergefunc', '--gvn-hoist', '--instcombine', '--globalopt', '--elim-avail-extern', '--early-cse', '--gvn', '--gvn', '--ipsccp', '--gvn', '--nary-reassociate', '--lower-constant-intrinsics', '--loop-instsimplify', '--mem2reg', '--jump-threading', '--globalopt', '--elim-avail-extern', '--instcombine', '--simplifycfg', '--sroa', '--mem2reg', '--gvn-hoist', '--sccp', '--early-cse', '--adce', '--gvn-hoist', '--adce', '--lower-constant-intrinsics', '--newgvn', '--simplifycfg', '--lower-expect', '--simplifycfg', '--gvn-hoist', '--instcombine', '--globalopt', '--elim-avail-extern', '--gvn', '--gvn', '--ipsccp', '--gvn', '--nary-reassociate', '--lower-constant-intrinsics', '--loop-instsimplify', '--early-cse', '--jump-threading', '--globalopt', '--elim-avail-extern', '--instcombine', '--simplifycfg', '--sroa', '--lower-constant-intrinsics', '--early-cse', '--lower-expect', '--sroa', '--sroa', '--lower-expect', '--globalopt', '--elim-avail-extern', '--lower-expect']",74,-6.156845754109087,0.0,-2.689911134818309,0.0,1,-6.156845754109087,-2.689911134818309,0.0,-86.29441624365482,14.92353579465943,17.647058823529413,34
338,"['--ipsccp', '--lower-constant-intrinsics', '--sccp', '--early-cse', '--mem2reg', '--jump-threading', '--globalopt', '--elim-avail-extern', '--instcombine', '--adce', '--jump-threading', '--gvn', '--simplifycfg', '--instsimplify', '--gvn-hoist', '--mergefunc', '--gvn-hoist', '--instcombine', '--globalopt', '--elim-avail-extern', '--gvn', '--gvn', '--ipsccp', '--gvn', '--nary-reassociate', '--lower-constant-intrinsics', '--loop-instsimplify', '--early-cse', '--mem2reg', '--jump-threading', '--globalopt', '--elim-avail-extern', '--instcombine', '--simplifycfg', '--sroa', '--mem2reg', '--gvn-hoist', '--sccp', '--early-cse', '--lower-constant-intrinsics', '--adce', '--gvn-hoist', '--loop-unroll', '--adce', '--lower-constant-intrinsics', '--newgvn', '--simplifycfg', '--lower-expect', '--simplifycfg', '--gvn-hoist', '--instcombine', '--globalopt', '--elim-avail-extern', '--gvn', '--gvn', '--gvn', '--nary-reassociate', '--lower-constant-intrinsics', '--loop-instsimplify', '--early-cse', '--mem2reg', '--jump-threading', '--globalopt', '--elim-avail-extern', '--instcombine', '--simplifycfg', '--sroa', '--lower-constant-intrinsics', '--early-cse', '--lower-expect', '--sroa', '--sccp', '--sroa', '--lower-expect', '--elim-avail-extern', '--lower-expect']",76,-6.156845754109087,0.0,-2.689911134818309,0.0,1,-6.156845754109087,-2.689911134818309,0.0,-86.29441624365482,14.92353579465943,17.647058823529413,34
335,"['--ipsccp', '--lower-constant-intrinsics', '--sccp', '--early-cse', '--mem2reg', '--jump-threading', '--globalopt', '--elim-avail-extern', '--instcombine', '--adce', '--jump-threading', '--gvn', '--simplifycfg', '--instsimplify', '--gvn-hoist', '--mergefunc', '--gvn-hoist', '--instcombine', '--globalopt', '--elim-avail-extern', '--gvn', '--gvn', '--ipsccp', '--gvn', '--nary-reassociate', '--lower-constant-intrinsics', '--loop-instsimplify', '--early-cse', '--mem2reg', '--jump-threading', '--globalopt', '--elim-avail-extern', '--instcombine', '--lower-expect', '--sroa', '--mem2reg', '--gvn-hoist', '--sccp', '--early-cse', '--lower-constant-intrinsics', '--adce', '--gvn-hoist', '--adce', '--lower-constant-intrinsics', '--newgvn', '--simplifycfg', '--simplifycfg', '--simplifycfg', '--gvn-hoist', '--instcombine', '--globalopt', '--elim-avail-extern', '--gvn', '--gvn', '--ipsccp', '--ipsccp', '--nary-reassociate', '--lower-constant-intrinsics', '--loop-instsimplify', '--early-cse', '--jump-threading', '--globalopt', '--elim-avail-extern', '--instcombine', '--simplifycfg', '--sroa', '--lower-constant-intrinsics', '--early-cse', '--lower-expect', '--sroa', '--sccp', '--sroa', '--lower-expect', '--globalopt', '--elim-avail-extern', '--lower-expect']",76,-6.156845754109087,0.0,-2.689911134818309,0.0,1,-6.156845754109087,-2.689911134818309,0.0,-86.29441624365482,14.92353579465943,17.647058823529413,34
326,"['--ipsccp', '--lower-constant-intrinsics', '--sccp', '--early-cse', '--mem2reg', '--jump-threading', '--globalopt', '--elim-avail-extern', '--instcombine', '--adce', '--jump-threading', '--gvn', '--simplifycfg', '--instsimplify', '--gvn-hoist', '--mergefunc', '--gvn-hoist', '--instcombine', '--globalopt', '--elim-avail-extern', '--gvn', '--gvn', '--ipsccp', '--gvn', '--nary-reassociate', '--lower-constant-intrinsics', '--loop-instsimplify', '--early-cse', '--mem2reg', '--jump-threading', '--globalopt', '--elim-avail-extern', '--instcombine', '--simplifycfg', '--sroa', '--mem2reg', '--gvn-hoist', '--sccp', '--early-cse', '--lower-constant-intrinsics', '--adce', '--gvn-hoist', '--adce', '--lower-constant-intrinsics', '--newgvn', '--simplifycfg', '--simplifycfg', '--gvn-hoist', '--instcombine', '--globalopt', '--elim-avail-extern', '--gvn', '--gvn', '--ipsccp', '--gvn', '--nary-reassociate', '--lower-constant-intrinsics', '--loop-instsimplify', '--early-cse', '--mem2reg', '--jump-threading', '--globalopt', '--elim-avail-extern', '--instcombine', '--simplifycfg', '--sroa', '--lower-constant-intrinsics', '--early-cse', '--lower-expect', '--sroa', '--sroa', '--lower-expect', '--globalopt', '--lower-expect']",74,-6.156845754109087,0.0,-2.689911134818309,0.0,1,-6.156845754109087,-2.689911134818309,0.0,-86.29441624365482,14.92353579465943,17.647058823529413,34
327,"['--ipsccp', '--lower-constant-intrinsics', '--sccp', '--early-cse', '--mem2reg', '--jump-threading', '--globalopt', '--elim-avail-extern', '--instcombine', '--adce', '--jump-threading', '--gvn', '--simplifycfg', '--instsimplify', '--gvn-hoist', '--mergefunc', '--gvn-hoist', '--instcombine', '--globalopt', '--elim-avail-extern', '--gvn', '--gvn', '--ipsccp', '--gvn', '--nary-reassociate', '--lower-constant-intrinsics', '--loop-instsimplify', '--early-cse', '--mem2reg', '--jump-threading', '--globalopt', '--elim-avail-extern', '--instcombine', '--simplifycfg', '--sroa', '--mem2reg', '--gvn-hoist', '--sccp', '--early-cse', '--adce', '--gvn-hoist', '--adce', '--lower-constant-intrinsics', '--newgvn', '--simplifycfg', '--simplifycfg', '--gvn-hoist', '--instcombine', '--globalopt', '--elim-avail-extern', '--gvn', '--gvn', '--ipsccp', '--gvn', '--nary-reassociate', '--lower-constant-intrinsics', '--loop-instsimplify', '--early-cse', '--mem2reg', '--jump-threading', '--globalopt', '--elim-avail-extern', '--instcombine', '--simplifycfg', '--sroa', '--lower-constant-intrinsics', '--early-cse', '--lower-expect', '--sroa', '--sccp', '--sroa', '--lower-expect', '--globalopt', '--elim-avail-extern', '--lower-expect']",75,-6.156845754109087,0.0,-2.689911134818309,0.0,1,-6.156845754109087,-2.689911134818309,0.0,-86.29441624365482,14.92353579465943,17.647058823529413,34
430,"['--ipsccp', '--lower-constant-intrinsics', '--sccp', '--early-cse', '--mem2reg', '--jump-threading', '--globalopt', '--elim-avail-extern', '--instcombine', '--adce', '--jump-threading', '--gvn', '--simplifycfg', '--instsimplify', '--gvn-hoist', '--mergefunc', '--gvn-hoist', '--instcombine', '--globalopt', '--elim-avail-extern', '--gvn', '--gvn', '--ipsccp', '--gvn', '--sroa', '--lower-constant-intrinsics', '--loop-instsimplify', '--early-cse', '--mem2reg', '--jump-threading', '--globalopt', '--elim-avail-extern', '--instcombine', '--simplifycfg', '--sroa', '--mem2reg', '--gvn-hoist', '--sccp', '--early-cse', '--lower-constant-intrinsics', '--adce', '--gvn-hoist', '--adce', '--lower-constant-intrinsics', '--newgvn', '--simplifycfg', '--lower-expect', '--simplifycfg', '--gvn-hoist', '--instcombine', '--globalopt', '--elim-avail-extern', '--gvn', '--gvn', '--ipsccp', '--gvn', '--nary-reassociate', '--lower-constant-intrinsics', '--loop-instsimplify', '--early-cse', '--mem2reg', '--jump-threading', '--globalopt', '--elim-avail-extern', '--instcombine', '--simplifycfg', '--sroa', '--lower-constant-intrinsics', '--ipconstprop', '--early-cse', '--lower-expect', '--nary-reassociate', '--sccp', '--sroa', '--lower-expect', '--globalopt', '--elim-avail-extern', '--lower-expect']",78,-6.156845754109087,0.0,-2.689911134818309,0.0,1,-6.156845754109087,-2.689911134818309,0.0,-86.29441624365482,14.92353579465943,17.647058823529413,34
416,"['--ipsccp', '--lower-constant-intrinsics', '--sccp', '--strip', '--mem2reg', '--jump-threading', '--globalopt', '--elim-avail-extern', '--instcombine', '--adce', '--jump-threading', '--gvn', '--simplifycfg', '--instsimplify', '--gvn-hoist', '--mergefunc', '--gvn-hoist', '--instcombine', '--globalopt', '--elim-avail-extern', '--gvn', '--gvn', '--ipsccp', '--gvn', '--nary-reassociate', '--lower-constant-intrinsics', '--loop-instsimplify', '--early-cse', '--mem2reg', '--jump-threading', '--globalopt', '--elim-avail-extern', '--instcombine', '--simplifycfg', '--sroa', '--mem2reg', '--gvn-hoist', '--sccp', '--early-cse', '--lower-constant-intrinsics', '--adce', '--gvn-hoist', '--loop-unroll', '--adce', '--lower-constant-intrinsics', '--newgvn', '--simplifycfg', '--lower-expect', '--simplifycfg', '--gvn-hoist', '--instcombine', '--tailcallelim', '--elim-avail-extern', '--gvn', '--gvn', '--ipsccp', '--gvn', '--nary-reassociate', '--lower-constant-intrinsics', '--loop-instsimplify', '--early-cse', '--mem2reg', '--jump-threading', '--globalopt', '--elim-avail-extern', '--elim-avail-extern', '--instcombine', '--simplifycfg', '--sroa', '--lower-constant-intrinsics', '--early-cse', '--lower-expect', '--sroa', '--sccp', '--sroa', '--lower-expect', '--globalopt', '--elim-avail-extern', '--lower-expect']",79,-6.156845754109087,0.0,-2.689911134818309,0.0,1,-6.156845754109087,-2.689911134818309,0.0,-86.29441624365482,14.92353579465943,17.647058823529413,34
276,"['--ipsccp', '--lower-constant-intrinsics', '--sccp', '--early-cse', '--mem2reg', '--jump-threading', '--globalopt', '--instcombine', '--adce', '--jump-threading', '--gvn', '--simplifycfg', '--instsimplify', '--gvn-hoist', '--mergefunc', '--gvn-hoist', '--instcombine', '--globalopt', '--elim-avail-extern', '--gvn', '--gvn', '--ipsccp', '--gvn', '--nary-reassociate', '--lower-constant-intrinsics', '--loop-instsimplify', '--early-cse', '--mem2reg', '--jump-threading', '--globalopt', '--elim-avail-extern', '--instcombine', '--simplifycfg', '--sroa', '--mem2reg', '--gvn-hoist', '--sccp', '--early-cse', '--adce', '--gvn-hoist', '--adce', '--adce', '--lower-constant-intrinsics', '--newgvn', '--simplifycfg', '--lower-expect', '--simplifycfg', '--gvn-hoist', '--instcombine', '--globalopt', '--elim-avail-extern', '--gvn', '--gvn', '--ipsccp', '--gvn', '--nary-reassociate', '--lower-constant-intrinsics', '--loop-instsimplify', '--early-cse', '--mem2reg', '--jump-threading', '--globalopt', '--elim-avail-extern', '--instcombine', '--simplifycfg', '--sroa', '--lower-constant-intrinsics', '--early-cse', '--lower-expect', '--sroa', '--sccp', '--sroa', '--lower-expect', '--globalopt', '--elim-avail-extern', '--lower-expect']",76,-6.156845754109087,0.0,-2.689911134818309,0.0,1,-6.156845754109087,-2.689911134818309,0.0,-86.29441624365482,14.92353579465943,17.647058823529413,34
415,"['--ipsccp', '--lower-constant-intrinsics', '--sccp', '--early-cse', '--mem2reg', '--sccp', '--globalopt', '--elim-avail-extern', '--instcombine', '--adce', '--jump-threading', '--gvn', '--simplifycfg', '--instsimplify', '--gvn-hoist', '--mergefunc', '--gvn-hoist', '--instcombine', '--globalopt', '--elim-avail-extern', '--gvn', '--gvn', '--ipsccp', '--gvn', '--nary-reassociate', '--lower-constant-intrinsics', '--loop-instsimplify', '--early-cse', '--mem2reg', '--jump-threading', '--globalopt', '--elim-avail-extern', '--instcombine', '--simplifycfg', '--sroa', '--mem2reg', '--elim-avail-extern', '--sccp', '--early-cse', '--lower-constant-intrinsics', '--adce', '--gvn-hoist', '--adce', '--lower-constant-intrinsics', '--newgvn', '--simplifycfg', '--lower-expect', '--gvn-hoist', '--instcombine', '--globalopt', '--gvn-hoist', '--gvn', '--gvn', '--ipsccp', '--gvn', '--nary-reassociate', '--lower-constant-intrinsics', '--loop-instsimplify', '--early-cse', '--jump-threading', '--globalopt', '--loop-vectorize', '--elim-avail-extern', '--instcombine', '--simplifycfg', '--sroa', '--lower-constant-intrinsics', '--early-cse', '--lower-expect', '--sroa', '--sccp', '--sroa', '--lower-expect', '--globalopt', '--elim-avail-extern', '--lower-expect']",76,-6.156845754109087,0.0,-2.689911134818309,0.0,1,-6.156845754109087,-2.689911134818309,0.0,-86.29441624365482,14.92353579465943,17.647058823529413,34
364,"['--ipsccp', '--lower-constant-intrinsics', '--sccp', '--early-cse', '--mem2reg', '--jump-threading', '--globalopt', '--elim-avail-extern', '--instcombine', '--adce', '--jump-threading', '--gvn', '--simplifycfg', '--instsimplify', '--gvn-hoist', '--mergefunc', '--gvn-hoist', '--instcombine', '--globalopt', '--elim-avail-extern', '--gvn', '--gvn', '--ipsccp', '--gvn', '--nary-reassociate', '--lower-constant-intrinsics', '--loop-instsimplify', '--early-cse', '--mem2reg', '--jump-threading', '--globalopt', '--elim-avail-extern', '--instcombine', '--simplifycfg', '--sroa', '--mem2reg', '--gvn-hoist', '--sccp', '--loop-versioning-licm', '--early-cse', '--lower-constant-intrinsics', '--adce', '--adce', '--lower-constant-intrinsics', '--newgvn', '--simplifycfg', '--lower-expect', '--simplifycfg', '--gvn-hoist', '--instcombine', '--globalopt', '--gvn', '--elim-avail-extern', '--gvn', '--ipsccp', '--gvn', '--nary-reassociate', '--lower-constant-intrinsics', '--loop-instsimplify', '--early-cse', '--mem2reg', '--jump-threading', '--globalopt', '--elim-avail-extern', '--instcombine', '--simplifycfg', '--sroa', '--lower-constant-intrinsics', '--early-cse', '--lower-expect', '--sroa', '--sroa', '--lower-expect', '--globalopt', '--elim-avail-extern', '--lower-expect']",76,-6.156845754109087,0.0,-2.689911134818309,0.0,1,-6.156845754109087,-2.689911134818309,0.0,-86.29441624365482,14.92353579465943,17.647058823529413,34
393,"['--ipsccp', '--lower-constant-intrinsics', '--sccp', '--strip', '--mem2reg', '--jump-threading', '--globalopt', '--elim-avail-extern', '--instcombine', '--adce', '--jump-threading', '--gvn', '--simplifycfg', '--instsimplify', '--gvn-hoist', '--mergefunc', '--gvn-hoist', '--instcombine', '--globalopt', '--elim-avail-extern', '--gvn', '--gvn', '--ipsccp', '--gvn', '--nary-reassociate', '--lower-constant-intrinsics', '--loop-instsimplify', '--early-cse', '--mem2reg', '--jump-threading', '--globalopt', '--elim-avail-extern', '--simplifycfg', '--sroa', '--mem2reg', '--gvn-hoist', '--sccp', '--early-cse', '--lower-constant-intrinsics', '--adce', '--gvn-hoist', '--loop-unroll', '--adce', '--lower-constant-intrinsics', '--newgvn', '--simplifycfg', '--lower-expect', '--simplifycfg', '--gvn-hoist', '--instcombine', '--globalopt', '--elim-avail-extern', '--gvn', '--ipsccp', '--gvn', '--nary-reassociate', '--lower-constant-intrinsics', '--loop-instsimplify', '--early-cse', '--mem2reg', '--jump-threading', '--globalopt', '--elim-avail-extern', '--instcombine', '--simplifycfg', '--sroa', '--lower-constant-intrinsics', '--early-cse', '--early-cse', '--sroa', '--sccp', '--sroa', '--lower-expect', '--globalopt', '--elim-avail-extern', '--lower-expect']",76,-6.156845754109087,0.0,-2.689911134818309,0.0,1,-6.156845754109087,-2.689911134818309,0.0,-86.29441624365482,14.92353579465943,17.647058823529413,34
383,"['--ipsccp', '--loop-fusion', '--sccp', '--early-cse', '--mem2reg', '--jump-threading', '--globalopt', '--elim-avail-extern', '--instcombine', '--instsimplify', '--jump-threading', '--gvn', '--simplifycfg', '--adce', '--gvn-hoist', '--mergefunc', '--gvn-hoist', '--instcombine', '--globalopt', '--elim-avail-extern', '--gvn', '--gvn', '--ipsccp', '--gvn', '--nary-reassociate', '--lower-constant-intrinsics', '--loop-instsimplify', '--early-cse', '--mem2reg', '--jump-threading', '--globalopt', '--elim-avail-extern', '--instcombine', '--simplifycfg', '--sroa', '--mem2reg', '--gvn-hoist', '--sccp', '--early-cse', '--lower-constant-intrinsics', '--adce', '--gvn-hoist', '--adce', '--lower-constant-intrinsics', '--newgvn', '--simplifycfg', '--lower-expect', '--simplifycfg', '--gvn-hoist', '--instcombine', '--globalopt', '--elim-avail-extern', '--gvn', '--gvn', '--ipsccp', '--gvn', '--nary-reassociate', '--lower-constant-intrinsics', '--loop-instsimplify', '--early-cse', '--mem2reg', '--jump-threading', '--globalopt', '--elim-avail-extern', '--instcombine', '--simplifycfg', '--sroa', '--lower-constant-intrinsics', '--early-cse', '--lower-expect', '--sroa', '--sroa', '--lower-expect', '--globalopt', '--elim-avail-extern', '--lower-expect']",76,-6.156845754109087,0.0,-2.689911134818309,0.0,1,-6.156845754109087,-2.689911134818309,0.0,-86.29441624365482,14.92353579465943,17.647058823529413,34
382,"['--ipsccp', '--lower-constant-intrinsics', '--sccp', '--early-cse', '--mem2reg', '--jump-threading', '--globalopt', '--elim-avail-extern', '--instcombine', '--adce', '--jump-threading', '--gvn', '--simplifycfg', '--instsimplify', '--gvn-hoist', '--mergefunc', '--gvn-hoist', '--loop-simplify', '--instcombine', '--globalopt', '--elim-avail-extern', '--gvn', '--gvn', '--ipsccp', '--gvn', '--nary-reassociate', '--lower-constant-intrinsics', '--loop-instsimplify', '--early-cse', '--mem2reg', '--jump-threading', '--globalopt', '--elim-avail-extern', '--instcombine', '--simplifycfg', '--sroa', '--mem2reg', '--gvn-hoist', '--sccp', '--early-cse', '--lower-constant-intrinsics', '--adce', '--gvn-hoist', '--adce', '--lower-constant-intrinsics', '--newgvn', '--simplifycfg', '--ipsccp', '--simplifycfg', '--gvn-hoist', '--instcombine', '--globalopt', '--elim-avail-extern', '--gvn', '--gvn', '--lower-expect', '--gvn', '--nary-reassociate', '--lower-constant-intrinsics', '--loop-instsimplify', '--early-cse', '--mem2reg', '--jump-threading', '--globalopt', '--elim-avail-extern', '--elim-avail-extern', '--instcombine', '--simplifycfg', '--sroa', '--lower-constant-intrinsics', '--early-cse', '--lower-expect', '--sroa', '--sccp', '--lower-expect', '--globalopt', '--elim-avail-extern', '--lower-expect']",78,-6.156845754109087,0.0,-2.689911134818309,0.0,1,-6.156845754109087,-2.689911134818309,0.0,-86.29441624365482,14.92353579465943,17.647058823529413,34
380,"['--ipsccp', '--lower-constant-intrinsics', '--sccp', '--early-cse', '--mem2reg', '--jump-threading', '--globalopt', '--elim-avail-extern', '--instcombine', '--adce', '--jump-threading', '--gvn', '--simplifycfg', '--instsimplify', '--gvn-hoist', '--mergefunc', '--gvn-hoist', '--instcombine', '--globalopt', '--elim-avail-extern', '--gvn', '--gvn', '--ipsccp', '--gvn', '--nary-reassociate', '--lower-constant-intrinsics', '--loop-instsimplify', '--early-cse', '--mem2reg', '--mergereturn', '--jump-threading', '--globalopt', '--elim-avail-extern', '--instcombine', '--simplifycfg', '--sroa', '--mem2reg', '--gvn-hoist', '--sccp', '--early-cse', '--adce', '--gvn-hoist', '--adce', '--lower-constant-intrinsics', '--newgvn', '--newgvn', '--simplifycfg', '--lower-expect', '--simplifycfg', '--gvn-hoist', '--instcombine', '--globalopt', '--elim-avail-extern', '--gvn', '--gvn', '--ipsccp', '--gvn', '--nary-reassociate', '--lower-constant-intrinsics', '--loop-instsimplify', '--early-cse', '--mem2reg', '--jump-threading', '--globalopt', '--elim-avail-extern', '--instcombine', '--simplifycfg', '--sroa', '--lower-constant-intrinsics', '--early-cse', '--lower-expect', '--sroa', '--lower-expect', '--sroa', '--lower-expect', '--globalopt', '--elim-avail-extern', '--sccp']",78,-6.156845754109087,0.0,-2.689911134818309,0.0,1,-6.156845754109087,-2.689911134818309,0.0,-86.29441624365482,14.92353579465943,17.647058823529413,34
369,"['--ipsccp', '--lower-constant-intrinsics', '--sccp', '--early-cse', '--mem2reg', '--jump-threading', '--globalopt', '--elim-avail-extern', '--instcombine', '--adce', '--jump-threading', '--gvn', '--simplifycfg', '--instsimplify', '--gvn-hoist', '--mergefunc', '--gvn-hoist', '--ipsccp', '--globalopt', '--elim-avail-extern', '--gvn', '--gvn', '--ipsccp', '--gvn', '--nary-reassociate', '--lower-constant-intrinsics', '--loop-instsimplify', '--early-cse', '--mem2reg', '--jump-threading', '--globalopt', '--elim-avail-extern', '--instcombine', '--simplifycfg', '--sroa', '--mem2reg', '--gvn-hoist', '--sccp', '--early-cse', '--lower-constant-intrinsics', '--adce', '--gvn-hoist', '--gvn-hoist', '--adce', '--lower-constant-intrinsics', '--newgvn', '--simplifycfg', '--lower-expect', '--simplifycfg', '--gvn-hoist', '--instcombine', '--globalopt', '--elim-avail-extern', '--gvn', '--gvn', '--instcombine', '--gvn', '--nary-reassociate', '--lower-constant-intrinsics', '--loop-instsimplify', '--early-cse', '--mem2reg', '--jump-threading', '--globalopt', '--elim-avail-extern', '--instcombine', '--simplifycfg', '--sroa', '--lower-constant-intrinsics', '--early-cse', '--lower-expect', '--sroa', '--sccp', '--sroa', '--lower-expect', '--globalopt', '--elim-avail-extern', '--lower-expect']",78,-6.156845754109087,0.0,-2.689911134818309,0.0,1,-6.156845754109087,-2.689911134818309,0.0,-86.29441624365482,14.92353579465943,17.647058823529413,34
401,"['--ipsccp', '--lower-constant-intrinsics', '--sccp', '--early-cse', '--mem2reg', '--jump-threading', '--globalopt', '--elim-avail-extern', '--instcombine', '--adce', '--jump-threading', '--gvn', '--simplifycfg', '--instsimplify', '--gvn-hoist', '--mergefunc', '--gvn-hoist', '--instcombine', '--globalopt', '--elim-avail-extern', '--gvn', '--gvn', '--ipsccp', '--gvn', '--nary-reassociate', '--lower-constant-intrinsics', '--loop-instsimplify', '--early-cse', '--mem2reg', '--jump-threading', '--globalopt', '--elim-avail-extern', '--instcombine', '--simplifycfg', '--sroa', '--mem2reg', '--gvn-hoist', '--loop-versioning-licm', '--early-cse', '--lower-constant-intrinsics', '--adce', '--adce', '--lower-constant-intrinsics', '--newgvn', '--simplifycfg', '--lower-expect', '--simplifycfg', '--gvn-hoist', '--instcombine', '--globalopt', '--gvn', '--elim-avail-extern', '--gvn', '--ipsccp', '--gvn', '--nary-reassociate', '--lower-constant-intrinsics', '--loop-instsimplify', '--early-cse', '--mem2reg', '--jump-threading', '--globalopt', '--elim-avail-extern', '--instcombine', '--simplifycfg', '--sroa', '--lower-constant-intrinsics', '--early-cse', '--lower-expect', '--sroa', '--sroa', '--lower-expect', '--globalopt', '--elim-avail-extern', '--lower-expect']",75,-6.156845754109087,0.0,-2.689911134818309,0.0,1,-6.156845754109087,-2.689911134818309,0.0,-86.29441624365482,14.92353579465943,17.647058823529413,34
366,"['--ipsccp', '--lower-constant-intrinsics', '--sccp', '--early-cse', '--mem2reg', '--jump-threading', '--globalopt', '--elim-avail-extern', '--instcombine', '--adce', '--jump-threading', '--gvn', '--simplifycfg', '--instsimplify', '--gvn-hoist', '--mergefunc', '--gvn-hoist', '--instcombine', '--globalopt', '--elim-avail-extern', '--gvn', '--gvn', '--ipsccp', '--gvn', '--nary-reassociate', '--lower-constant-intrinsics', '--loop-instsimplify', '--flattencfg', '--mem2reg', '--jump-threading', '--globalopt', '--elim-avail-extern', '--instcombine', '--simplifycfg', '--sroa', '--mem2reg', '--gvn-hoist', '--sccp', '--early-cse', '--adce', '--gvn-hoist', '--adce', '--lower-constant-intrinsics', '--newgvn', '--simplifycfg', '--lower-expect', '--simplifycfg', '--gvn-hoist', '--instcombine', '--globalopt', '--elim-avail-extern', '--gvn', '--gvn', '--ipsccp', '--gvn', '--nary-reassociate', '--lower-constant-intrinsics', '--loop-instsimplify', '--early-cse', '--jump-threading', '--globalopt', '--elim-avail-extern', '--instcombine', '--simplifycfg', '--sroa', '--lower-constant-intrinsics', '--early-cse', '--lower-expect', '--sroa', '--sccp', '--sroa', '--lower-expect', '--globalopt', '--elim-avail-extern', '--lower-expect']",75,-6.156845754109087,0.0,-2.689911134818309,0.0,1,-6.156845754109087,-2.689911134818309,0.0,-86.29441624365482,14.92353579465943,17.647058823529413,34
365,"['--ipsccp', '--lower-constant-intrinsics', '--sccp', '--early-cse', '--mem2reg', '--jump-threading', '--globalopt', '--elim-avail-extern', '--instcombine', '--adce', '--jump-threading', '--gvn', '--simplifycfg', '--instsimplify', '--gvn-hoist', '--mergefunc', '--gvn-hoist', '--instcombine', '--globalopt', '--elim-avail-extern', '--gvn', '--gvn', '--ipsccp', '--gvn', '--nary-reassociate', '--lower-constant-intrinsics', '--loop-instsimplify', '--early-cse', '--mem2reg', '--jump-threading', '--globalopt', '--instcombine', '--simplifycfg', '--sroa', '--mem2reg', '--gvn-hoist', '--sccp', '--early-cse', '--lower-constant-intrinsics', '--adce', '--gvn-hoist', '--loop-unroll', '--adce', '--lower-constant-intrinsics', '--newgvn', '--simplifycfg', '--simplifycfg', '--gvn-hoist', '--instcombine', '--globalopt', '--elim-avail-extern', '--gvn', '--gvn', '--ipsccp', '--nary-reassociate', '--lower-constant-intrinsics', '--loop-instsimplify', '--early-cse', '--jump-threading', '--globalopt', '--elim-avail-extern', '--instcombine', '--simplifycfg', '--sroa', '--lower-constant-intrinsics', '--early-cse', '--lower-expect', '--sroa', '--sccp', '--sroa', '--lower-expect', '--globalopt', '--elim-avail-extern', '--lower-expect']",74,-6.156845754109087,0.0,-2.689911134818309,0.0,1,-6.156845754109087,-2.689911134818309,0.0,-86.29441624365482,14.92353579465943,17.647058823529413,34
362,"['--ipsccp', '--lower-constant-intrinsics', '--sccp', '--early-cse', '--mem2reg', '--sccp', '--globalopt', '--elim-avail-extern', '--instcombine', '--adce', '--jump-threading', '--gvn', '--simplifycfg', '--instsimplify', '--gvn-hoist', '--mergefunc', '--gvn-hoist', '--instcombine', '--globalopt', '--elim-avail-extern', '--gvn', '--gvn', '--ipsccp', '--gvn', '--nary-reassociate', '--lower-constant-intrinsics', '--loop-instsimplify', '--early-cse', '--mem2reg', '--jump-threading', '--globalopt', '--elim-avail-extern', '--instcombine', '--simplifycfg', '--sroa', '--mem2reg', '--gvn-hoist', '--sccp', '--early-cse', '--lower-constant-intrinsics', '--adce', '--gvn-hoist', '--adce', '--lower-constant-intrinsics', '--newgvn', '--simplifycfg', '--lower-expect', '--gvn-hoist', '--instcombine', '--globalopt', '--elim-avail-extern', '--gvn', '--gvn', '--ipsccp', '--gvn', '--nary-reassociate', '--lower-constant-intrinsics', '--loop-instsimplify', '--early-cse', '--jump-threading', '--globalopt', '--loop-vectorize', '--elim-avail-extern', '--instcombine', '--simplifycfg', '--sroa', '--lower-constant-intrinsics', '--early-cse', '--lower-expect', '--sroa', '--sccp', '--sroa', '--lower-expect', '--globalopt', '--elim-avail-extern', '--lower-expect']",76,-6.156845754109087,0.0,-2.689911134818309,0.0,1,-6.156845754109087,-2.689911134818309,0.0,-86.29441624365482,14.92353579465943,17.647058823529413,34
345,"['--ipsccp', '--lower-constant-intrinsics', '--sccp', '--mem2reg', '--jump-threading', '--globalopt', '--elim-avail-extern', '--elim-avail-extern', '--instcombine', '--instsimplify', '--jump-threading', '--gvn', '--simplifycfg', '--adce', '--gvn-hoist', '--mergefunc', '--gvn-hoist', '--instcombine', '--globalopt', '--elim-avail-extern', '--gvn', '--gvn', '--ipsccp', '--gvn', '--nary-reassociate', '--lower-constant-intrinsics', '--loop-instsimplify', '--early-cse', '--mem2reg', '--jump-threading', '--globalopt', '--elim-avail-extern', '--instcombine', '--simplifycfg', '--sroa', '--mem2reg', '--gvn-hoist', '--sccp', '--early-cse', '--lower-constant-intrinsics', '--adce', '--gvn-hoist', '--adce', '--lower-constant-intrinsics', '--newgvn', '--simplifycfg', '--lower-expect', '--simplifycfg', '--mldst-motion', '--instcombine', '--globalopt', '--elim-avail-extern', '--gvn', '--gvn', '--ipsccp', '--gvn', '--nary-reassociate', '--lower-constant-intrinsics', '--loop-instsimplify', '--early-cse', '--mem2reg', '--jump-threading', '--globalopt', '--elim-avail-extern', '--instcombine', '--simplifycfg', '--sroa', '--lower-constant-intrinsics', '--early-cse', '--lower-expect', '--sroa', '--sroa', '--lower-expect', '--globalopt', '--elim-avail-extern', '--lower-expect']",76,-6.156845754109087,0.0,-2.689911134818309,0.0,1,-6.156845754109087,-2.689911134818309,0.0,-86.29441624365482,14.92353579465943,17.647058823529413,34
361,"['--ipsccp', '--lower-constant-intrinsics', '--sccp', '--strip', '--mem2reg', '--jump-threading', '--globalopt', '--elim-avail-extern', '--instcombine', '--adce', '--jump-threading', '--gvn', '--simplifycfg', '--instsimplify', '--gvn-hoist', '--mergefunc', '--gvn-hoist', '--instcombine', '--globalopt', '--elim-avail-extern', '--gvn', '--gvn', '--ipsccp', '--gvn', '--nary-reassociate', '--lower-constant-intrinsics', '--loop-instsimplify', '--early-cse', '--mem2reg', '--jump-threading', '--globalopt', '--elim-avail-extern', '--instcombine', '--simplifycfg', '--sroa', '--mem2reg', '--gvn-hoist', '--sccp', '--early-cse', '--lower-constant-intrinsics', '--adce', '--gvn-hoist', '--loop-unroll', '--adce', '--lower-constant-intrinsics', '--newgvn', '--simplifycfg', '--lower-expect', '--simplifycfg', '--gvn-hoist', '--instcombine', '--globalopt', '--elim-avail-extern', '--gvn', '--ipsccp', '--gvn', '--nary-reassociate', '--lower-constant-intrinsics', '--loop-instsimplify', '--early-cse', '--mem2reg', '--jump-threading', '--globalopt', '--elim-avail-extern', '--instcombine', '--simplifycfg', '--sroa', '--lower-constant-intrinsics', '--early-cse', '--early-cse', '--sroa', '--sccp', '--sroa', '--lower-expect', '--globalopt', '--elim-avail-extern', '--lower-expect']",77,-6.156845754109087,0.0,-2.689911134818309,0.0,1,-6.156845754109087,-2.689911134818309,0.0,-86.29441624365482,14.92353579465943,17.647058823529413,34
359,"['--ipsccp', '--lower-constant-intrinsics', '--sccp', '--early-cse', '--mem2reg', '--jump-threading', '--globalopt', '--elim-avail-extern', '--instcombine', '--adce', '--jump-threading', '--gvn', '--simplifycfg', '--instsimplify', '--gvn-hoist', '--mergefunc', '--gvn-hoist', '--instcombine', '--globalopt', '--elim-avail-extern', '--gvn', '--gvn', '--ipsccp', '--gvn', '--nary-reassociate', '--loop-instsimplify', '--early-cse', '--mem2reg', '--jump-threading', '--globalopt', '--elim-avail-extern', '--instcombine', '--simplifycfg', '--sroa', '--sroa', '--mem2reg', '--gvn-hoist', '--sccp', '--early-cse', '--lower-constant-intrinsics', '--adce', '--gvn-hoist', '--adce', '--lower-constant-intrinsics', '--newgvn', '--simplifycfg', '--lower-expect', '--simplifycfg', '--gvn-hoist', '--instcombine', '--elim-avail-extern', '--gvn', '--gvn', '--ipsccp', '--gvn', '--nary-reassociate', '--loop-instsimplify', '--early-cse', '--mem2reg', '--jump-threading', '--globalopt', '--elim-avail-extern', '--instcombine', '--simplifycfg', '--sroa', '--lower-constant-intrinsics', '--early-cse', '--lower-expect', '--sroa', '--sccp', '--sroa', '--lower-expect', '--globalopt', '--elim-avail-extern', '--lower-expect']",75,-6.156845754109087,0.0,-2.689911134818309,0.0,1,-6.156845754109087,-2.689911134818309,0.0,-86.29441624365482,14.92353579465943,17.647058823529413,34
356,"['--ipsccp', '--lower-constant-intrinsics', '--sccp', '--early-cse', '--mem2reg', '--jump-threading', '--globalopt', '--elim-avail-extern', '--instcombine', '--adce', '--jump-threading', '--gvn', '--simplifycfg', '--instsimplify', '--gvn-hoist', '--mergefunc', '--gvn-hoist', '--loop-simplify', '--instcombine', '--lower-expect', '--elim-avail-extern', '--gvn', '--gvn', '--ipsccp', '--gvn', '--nary-reassociate', '--lower-constant-intrinsics', '--loop-instsimplify', '--early-cse', '--mem2reg', '--jump-threading', '--globalopt', '--elim-avail-extern', '--instcombine', '--simplifycfg', '--sroa', '--mem2reg', '--gvn-hoist', '--sccp', '--early-cse', '--lower-constant-intrinsics', '--adce', '--gvn-hoist', '--adce', '--lower-constant-intrinsics', '--newgvn', '--simplifycfg', '--lower-expect', '--simplifycfg', '--gvn-hoist', '--instcombine', '--globalopt', '--elim-avail-extern', '--gvn', '--gvn', '--ipsccp', '--gvn', '--nary-reassociate', '--lower-constant-intrinsics', '--loop-instsimplify', '--early-cse', '--mem2reg', '--jump-threading', '--globalopt', '--elim-avail-extern', '--elim-avail-extern', '--instcombine', '--simplifycfg', '--sroa', '--lower-constant-intrinsics', '--early-cse', '--lower-expect', '--sroa', '--sccp', '--sroa', '--lower-expect', '--globalopt', '--elim-avail-extern', '--globalopt']",79,-6.156845754109087,0.0,-2.689911134818309,0.0,1,-6.156845754109087,-2.689911134818309,0.0,-86.29441624365482,14.92353579465943,17.647058823529413,34
355,"['--ipsccp', '--lower-constant-intrinsics', '--sccp', '--early-cse', '--mem2reg', '--jump-threading', '--globalopt', '--elim-avail-extern', '--instcombine', '--adce', '--jump-threading', '--gvn', '--simplifycfg', '--instsimplify', '--gvn-hoist', '--mergefunc', '--gvn-hoist', '--instcombine', '--globalopt', '--elim-avail-extern', '--gvn', '--gvn', '--ipsccp', '--gvn', '--nary-reassociate', '--lower-constant-intrinsics', '--loop-instsimplify', '--early-cse', '--loop-sink', '--jump-threading', '--globalopt', '--elim-avail-extern', '--instcombine', '--simplifycfg', '--sroa', '--mem2reg', '--gvn-hoist', '--sccp', '--early-cse', '--lower-constant-intrinsics', '--adce', '--gvn-hoist', '--loop-unroll', '--adce', '--lower-constant-intrinsics', '--newgvn', '--simplifycfg', '--lower-expect', '--simplifycfg', '--gvn-hoist', '--instcombine', '--globalopt', '--elim-avail-extern', '--gvn', '--ipsccp', '--gvn', '--nary-reassociate', '--lower-constant-intrinsics', '--loop-instsimplify', '--early-cse', '--mem2reg', '--jump-threading', '--globalopt', '--elim-avail-extern', '--instcombine', '--simplifycfg', '--sroa', '--lower-constant-intrinsics', '--early-cse', '--early-cse', '--sroa', '--sroa', '--lower-expect', '--globalopt', '--elim-avail-extern', '--lower-expect']",76,-6.156845754109087,0.0,-2.689911134818309,0.0,1,-6.156845754109087,-2.689911134818309,0.0,-86.29441624365482,14.92353579465943,17.647058823529413,34
352,"['--ipsccp', '--lower-constant-intrinsics', '--sccp', '--early-cse', '--mem2reg', '--jump-threading', '--globalopt', '--elim-avail-extern', '--instcombine', '--adce', '--jump-threading', '--gvn', '--simplifycfg', '--instsimplify', '--gvn-hoist', '--mergefunc', '--gvn-hoist', '--instcombine', '--globalopt', '--elim-avail-extern', '--gvn', '--gvn', '--ipsccp', '--gvn', '--nary-reassociate', '--lower-constant-intrinsics', '--loop-instsimplify', '--strip', '--mem2reg', '--jump-threading', '--globalopt', '--elim-avail-extern', '--instcombine', '--simplifycfg', '--sroa', '--mem2reg', '--gvn-hoist', '--sccp', '--early-cse', '--lower-constant-intrinsics', '--adce', '--gvn-hoist', '--adce', '--lower-constant-intrinsics', '--globalopt', '--simplifycfg', '--lower-expect', '--simplifycfg', '--gvn-hoist', '--instcombine', '--newgvn', '--elim-avail-extern', '--gvn', '--gvn', '--ipsccp', '--gvn', '--nary-reassociate', '--lower-constant-intrinsics', '--loop-instsimplify', '--early-cse', '--mem2reg', '--jump-threading', '--globalopt', '--elim-avail-extern', '--instcombine', '--simplifycfg', '--sroa', '--lower-constant-intrinsics', '--early-cse', '--lower-expect', '--sroa', '--sccp', '--sroa', '--lower-expect', '--globalopt', '--elim-avail-extern', '--lower-expect']",77,-6.156845754109087,0.0,-2.689911134818309,0.0,1,-6.156845754109087,-2.689911134818309,0.0,-86.29441624365482,14.92353579465943,17.647058823529413,34
351,"['--ipsccp', '--sccp', '--early-cse', '--mem2reg', '--jump-threading', '--globalopt', '--elim-avail-extern', '--instcombine', '--adce', '--jump-threading', '--gvn', '--simplifycfg', '--instsimplify', '--gvn-hoist', '--mergefunc', '--gvn-hoist', '--instcombine', '--globalopt', '--elim-avail-extern', '--gvn', '--gvn', '--ipsccp', '--gvn', '--nary-reassociate', '--loop-instsimplify', '--early-cse', '--mem2reg', '--jump-threading', '--globalopt', '--elim-avail-extern', '--instcombine', '--simplifycfg', '--sroa', '--mem2reg', '--gvn-hoist', '--sccp', '--early-cse', '--lower-constant-intrinsics', '--adce', '--gvn-hoist', '--adce', '--lower-constant-intrinsics', '--newgvn', '--simplifycfg', '--lower-expect', '--simplifycfg', '--gvn-hoist', '--instsimplify', '--globalopt', '--elim-avail-extern', '--gvn', '--gvn', '--ipsccp', '--gvn', '--nary-reassociate', '--lower-constant-intrinsics', '--loop-instsimplify', '--early-cse', '--jump-threading', '--globalopt', '--elim-avail-extern', '--elim-avail-extern', '--instcombine', '--simplifycfg', '--sroa', '--lower-constant-intrinsics', '--early-cse', '--lower-expect', '--sroa', '--sccp', '--sroa', '--lower-expect', '--elim-avail-extern', '--lower-expect']",74,-6.156845754109087,0.0,-2.689911134818309,0.0,1,-6.156845754109087,-2.689911134818309,0.0,-86.29441624365482,14.92353579465943,17.647058823529413,34
348,"['--ipsccp', '--lower-constant-intrinsics', '--sccp', '--early-cse', '--mem2reg', '--jump-threading', '--globalopt', '--elim-avail-extern', '--instcombine', '--adce', '--jump-threading', '--gvn', '--simplifycfg', '--instsimplify', '--gvn-hoist', '--mergefunc', '--gvn-hoist', '--instcombine', '--globalopt', '--sroa', '--sccp', '--gvn-hoist', '--simplifycfg', '--gvn', '--nary-reassociate', '--correlated-propagation', '--loop-instsimplify', '--early-cse', '--mem2reg', '--jump-threading', '--globalopt', '--elim-avail-extern', '--instcombine', '--simplifycfg', '--sroa', '--mem2reg', '--gvn-hoist', '--sccp', '--early-cse', '--lower-constant-intrinsics', '--adce', '--gvn-hoist', '--adce', '--lower-constant-intrinsics', '--newgvn', '--simplifycfg', '--lower-expect', '--simplifycfg', '--gvn-hoist', '--instcombine', '--elim-avail-extern', '--gvn', '--gvn', '--ipsccp', '--lower-constant-intrinsics', '--gvn', '--nary-reassociate', '--lower-constant-intrinsics', '--loop-instsimplify', '--early-cse', '--mem2reg', '--jump-threading', '--globalopt', '--elim-avail-extern', '--instcombine', '--simplifycfg', '--sroa', '--lower-constant-intrinsics', '--early-cse', '--lower-expect', '--sroa', '--sccp', '--sroa', '--lower-expect', '--globalopt', '--elim-avail-extern', '--lower-expect']",77,-6.156845754109087,0.0,-2.689911134818309,0.0,1,-6.156845754109087,-2.689911134818309,0.0,-86.29441624365482,14.92353579465943,17.647058823529413,34
437,"['--ipsccp', '--lower-constant-intrinsics', '--sccp', '--early-cse', '--mem2reg', '--jump-threading', '--globalopt', '--elim-avail-extern', '--instcombine', '--adce', '--jump-threading', '--gvn', '--simplifycfg', '--instsimplify', '--gvn-hoist', '--mergefunc', '--gvn-hoist', '--instcombine', '--globalopt', '--sroa', '--gvn', '--gvn', '--ipsccp', '--gvn', '--nary-reassociate', '--lower-constant-intrinsics', '--loop-instsimplify', '--early-cse', '--mem2reg', '--jump-threading', '--globalopt', '--elim-avail-extern', '--instcombine', '--simplifycfg', '--sroa', '--mem2reg', '--gvn-hoist', '--sccp', '--early-cse', '--lower-constant-intrinsics', '--adce', '--gvn-hoist', '--loop-unroll', '--adce', '--lower-constant-intrinsics', '--newgvn', '--loop-guard-widening', '--lower-expect', '--simplifycfg', '--gvn-hoist', '--instcombine', '--globalopt', '--elim-avail-extern', '--gvn', '--gvn', '--gvn', '--nary-reassociate', '--lower-constant-intrinsics', '--loop-instsimplify', '--early-cse', '--mem2reg', '--jump-threading', '--globalopt', '--elim-avail-extern', '--instcombine', '--simplifycfg', '--sroa', '--lower-constant-intrinsics', '--early-cse', '--lower-expect', '--sroa', '--sccp', '--sroa', '--lower-expect', '--elim-avail-extern', '--lower-expect']",76,-6.156845754109087,0.0,-2.689911134818309,0.0,1,-6.156845754109087,-2.689911134818309,0.0,-86.29441624365482,14.92353579465943,17.647058823529413,34
324,"['--ipsccp', '--lower-constant-intrinsics', '--sccp', '--early-cse', '--mem2reg', '--jump-threading', '--globalopt', '--elim-avail-extern', '--instcombine', '--adce', '--jump-threading', '--gvn', '--simplifycfg', '--instsimplify', '--gvn-hoist', '--mergefunc', '--gvn-hoist', '--globalopt', '--elim-avail-extern', '--gvn', '--gvn', '--ipsccp', '--gvn', '--nary-reassociate', '--lower-constant-intrinsics', '--loop-instsimplify', '--early-cse', '--mem2reg', '--jump-threading', '--globalopt', '--elim-avail-extern', '--instcombine', '--simplifycfg', '--sroa', '--mem2reg', '--gvn-hoist', '--sccp', '--early-cse', '--lower-constant-intrinsics', '--adce', '--gvn-hoist', '--loop-unroll', '--adce', '--lower-constant-intrinsics', '--newgvn', '--simplifycfg', '--lower-expect', '--simplifycfg', '--gvn-hoist', '--instcombine', '--globalopt', '--elim-avail-extern', '--gvn', '--gvn', '--ipsccp', '--nary-reassociate', '--lower-constant-intrinsics', '--loop-instsimplify', '--early-cse', '--jump-threading', '--globalopt', '--instcombine', '--simplifycfg', '--sroa', '--lower-constant-intrinsics', '--die', '--lower-expect', '--sroa', '--sccp', '--sroa', '--lower-expect', '--globalopt', '--elim-avail-extern', '--lower-expect']",74,-6.156845754109087,0.0,-2.689911134818309,0.0,1,-6.156845754109087,-2.689911134818309,0.0,-86.29441624365482,14.92353579465943,17.647058823529413,34
322,"['--ipsccp', '--lower-constant-intrinsics', '--sccp', '--early-cse', '--mem2reg', '--jump-threading', '--globalopt', '--elim-avail-extern', '--instcombine', '--adce', '--jump-threading', '--gvn', '--simplifycfg', '--instsimplify', '--gvn-hoist', '--mergefunc', '--gvn-hoist', '--instcombine', '--globalopt', '--elim-avail-extern', '--gvn', '--gvn', '--ipsccp', '--gvn', '--nary-reassociate', '--loop-instsimplify', '--early-cse', '--mem2reg', '--jump-threading', '--globalopt', '--elim-avail-extern', '--instcombine', '--simplifycfg', '--sroa', '--mem2reg', '--gvn-hoist', '--sccp', '--early-cse', '--lower-constant-intrinsics', '--adce', '--gvn-hoist', '--adce', '--lower-constant-intrinsics', '--newgvn', '--simplifycfg', '--lower-expect', '--simplifycfg', '--gvn-hoist', '--instsimplify', '--globalopt', '--elim-avail-extern', '--gvn', '--gvn', '--ipsccp', '--gvn', '--nary-reassociate', '--lower-constant-intrinsics', '--loop-instsimplify', '--early-cse', '--jump-threading', '--globalopt', '--elim-avail-extern', '--elim-avail-extern', '--instcombine', '--simplifycfg', '--sroa', '--lower-constant-intrinsics', '--early-cse', '--lower-expect', '--sroa', '--sccp', '--sroa', '--lower-expect', '--elim-avail-extern', '--lower-expect']",75,-6.156845754109087,0.0,-2.689911134818309,0.0,1,-6.156845754109087,-2.689911134818309,0.0,-86.29441624365482,14.92353579465943,17.647058823529413,34
386,"['--ipsccp', '--lower-constant-intrinsics', '--sccp', '--early-cse', '--mem2reg', '--jump-threading', '--globalopt', '--elim-avail-extern', '--instcombine', '--adce', '--jump-threading', '--gvn', '--simplifycfg', '--instsimplify', '--gvn-hoist', '--mergefunc', '--gvn-hoist', '--instcombine', '--globalopt', '--elim-avail-extern', '--sccp', '--gvn-hoist', '--simplifycfg', '--gvn', '--instcombine', '--correlated-propagation', '--loop-instsimplify', '--early-cse', '--mem2reg', '--jump-threading', '--globalopt', '--elim-avail-extern', '--instcombine', '--simplifycfg', '--sroa', '--mem2reg', '--gvn-hoist', '--gvn', '--early-cse', '--lower-constant-intrinsics', '--adce', '--gvn-hoist', '--gvn-hoist', '--adce', '--lower-constant-intrinsics', '--newgvn', '--simplifycfg', '--simplifycfg', '--lowerinvoke', '--simplifycfg', '--gvn-hoist', '--instcombine', '--globalopt', '--elim-avail-extern', '--gvn', '--sccp', '--ipsccp', '--gvn', '--nary-reassociate', '--lower-constant-intrinsics', '--loop-instsimplify', '--early-cse', '--mem2reg', '--jump-threading', '--globalopt', '--instcombine', '--simplifycfg', '--sroa', '--lower-constant-intrinsics', '--early-cse', '--lower-expect', '--sroa', '--sccp', '--sroa', '--lower-expect', '--globalopt', '--elim-avail-extern', '--lower-expect']",78,-6.156845754109087,0.0,-2.689911134818309,0.0,1,-6.156845754109087,-2.689911134818309,0.0,-86.29441624365482,14.92353579465943,17.647058823529413,34
244,"['--ipsccp', '--lower-constant-intrinsics', '--sccp', '--early-cse', '--mem2reg', '--jump-threading', '--globalopt', '--elim-avail-extern', '--instcombine', '--adce', '--jump-threading', '--gvn', '--simplifycfg', '--instsimplify', '--gvn-hoist', '--mergefunc', '--gvn-hoist', '--instcombine', '--globalopt', '--elim-avail-extern', '--gvn', '--gvn', '--ipsccp', '--gvn', '--nary-reassociate', '--loop-instsimplify', '--early-cse', '--mem2reg', '--jump-threading', '--globalopt', '--elim-avail-extern', '--instcombine', '--simplifycfg', '--sroa', '--mem2reg', '--gvn-hoist', '--sccp', '--early-cse', '--lower-constant-intrinsics', '--adce', '--gvn-hoist', '--adce', '--lower-constant-intrinsics', '--newgvn', '--simplifycfg', '--lower-expect', '--simplifycfg', '--gvn-hoist', '--instsimplify', '--globalopt', '--elim-avail-extern', '--gvn', '--gvn', '--ipsccp', '--gvn', '--nary-reassociate', '--lower-constant-intrinsics', '--loop-instsimplify', '--early-cse', '--jump-threading', '--globalopt', '--elim-avail-extern', '--instcombine', '--simplifycfg', '--sroa', '--lower-constant-intrinsics', '--die', '--lower-expect', '--sroa', '--sccp', '--sroa', '--lower-expect', '--globalopt', '--elim-avail-extern', '--lower-expect']",75,-6.156845754109087,0.0,-2.689911134818309,0.0,1,-6.156845754109087,-2.689911134818309,0.0,-86.29441624365482,14.92353579465943,17.647058823529413,34
279,"['--ipsccp', '--lower-constant-intrinsics', '--sccp', '--early-cse', '--mem2reg', '--jump-threading', '--globalopt', '--elim-avail-extern', '--instcombine', '--adce', '--jump-threading', '--gvn', '--simplifycfg', '--instsimplify', '--gvn-hoist', '--mergefunc', '--gvn-hoist', '--instcombine', '--globalopt', '--elim-avail-extern', '--gvn', '--gvn', '--ipsccp', '--gvn', '--nary-reassociate', '--lower-constant-intrinsics', '--loop-instsimplify', '--strip', '--mem2reg', '--jump-threading', '--globalopt', '--elim-avail-extern', '--instcombine', '--simplifycfg', '--sroa', '--mem2reg', '--gvn-hoist', '--sccp', '--early-cse', '--lower-constant-intrinsics', '--adce', '--gvn-hoist', '--adce', '--lower-constant-intrinsics', '--newgvn', '--simplifycfg', '--lower-expect', '--simplifycfg', '--gvn-hoist', '--instcombine', '--globalopt', '--elim-avail-extern', '--gvn', '--gvn', '--ipsccp', '--gvn', '--nary-reassociate', '--lower-constant-intrinsics', '--loop-instsimplify', '--early-cse', '--mem2reg', '--jump-threading', '--globalopt', '--elim-avail-extern', '--instcombine', '--simplifycfg', '--sroa', '--lower-constant-intrinsics', '--early-cse', '--lower-expect', '--sroa', '--sccp', '--sroa', '--lower-expect', '--globalopt', '--elim-avail-extern', '--lower-expect']",77,-6.156845754109087,0.0,-2.689911134818309,0.0,1,-6.156845754109087,-2.689911134818309,0.0,-86.29441624365482,14.92353579465943,17.647058823529413,34
278,"['--ipsccp', '--lower-constant-intrinsics', '--sccp', '--early-cse', '--mem2reg', '--jump-threading', '--globalopt', '--elim-avail-extern', '--instcombine', '--adce', '--jump-threading', '--gvn', '--simplifycfg', '--instsimplify', '--gvn-hoist', '--mergefunc', '--gvn-hoist', '--instcombine', '--globalopt', '--elim-avail-extern', '--gvn', '--gvn', '--ipsccp', '--gvn', '--nary-reassociate', '--lower-constant-intrinsics', '--loop-instsimplify', '--early-cse', '--mem2reg', '--jump-threading', '--globalopt', '--elim-avail-extern', '--instcombine', '--simplifycfg', '--sroa', '--mem2reg', '--gvn-hoist', '--sccp', '--early-cse', '--adce', '--gvn-hoist', '--adce', '--lower-constant-intrinsics', '--newgvn', '--simplifycfg', '--lower-expect', '--simplifycfg', '--gvn-hoist', '--instcombine', '--globalopt', '--elim-avail-extern', '--gvn', '--gvn', '--memcpyopt', '--ipsccp', '--gvn', '--nary-reassociate', '--lower-constant-intrinsics', '--loop-instsimplify', '--early-cse', '--jump-threading', '--globalopt', '--elim-avail-extern', '--instcombine', '--simplifycfg', '--sroa', '--lower-constant-intrinsics', '--early-cse', '--lower-expect', '--sroa', '--sccp', '--sroa', '--lower-expect', '--globalopt', '--elim-avail-extern', '--lower-expect']",76,-6.156845754109087,0.0,-2.689911134818309,0.0,1,-6.156845754109087,-2.689911134818309,0.0,-86.29441624365482,14.92353579465943,17.647058823529413,34
273,"['--ipsccp', '--lower-constant-intrinsics', '--sccp', '--early-cse', '--mem2reg', '--jump-threading', '--globalopt', '--elim-avail-extern', '--instcombine', '--adce', '--jump-threading', '--gvn', '--simplifycfg', '--instsimplify', '--gvn-hoist', '--mergefunc', '--gvn-hoist', '--instcombine', '--globalopt', '--elim-avail-extern', '--gvn', '--gvn', '--ipsccp', '--gvn', '--nary-reassociate', '--lower-constant-intrinsics', '--loop-instsimplify', '--strip', '--early-cse', '--mem2reg', '--jump-threading', '--globalopt', '--elim-avail-extern', '--instcombine', '--lower-expect', '--sroa', '--mem2reg', '--gvn-hoist', '--sccp', '--early-cse', '--lower-constant-intrinsics', '--adce', '--gvn-hoist', '--adce', '--lower-constant-intrinsics', '--newgvn', '--simplifycfg', '--simplifycfg', '--simplifycfg', '--gvn-hoist', '--instcombine', '--globalopt', '--elim-avail-extern', '--gvn', '--gvn', '--ipsccp', '--gvn', '--nary-reassociate', '--lower-constant-intrinsics', '--loop-instsimplify', '--early-cse', '--mem2reg', '--jump-threading', '--globalopt', '--elim-avail-extern', '--instcombine', '--simplifycfg', '--sroa', '--lower-constant-intrinsics', '--early-cse', '--lower-expect', '--sroa', '--sccp', '--sroa', '--lower-expect', '--globalopt', '--elim-avail-extern', '--lower-expect']",78,-6.156845754109087,0.0,-2.689911134818309,0.0,1,-6.156845754109087,-2.689911134818309,0.0,-86.29441624365482,14.92353579465943,17.647058823529413,34
270,"['--ipsccp', '--lower-constant-intrinsics', '--sccp', '--early-cse', '--mem2reg', '--jump-threading', '--globalopt', '--irce', '--instcombine', '--adce', '--jump-threading', '--gvn', '--simplifycfg', '--instsimplify', '--gvn-hoist', '--mergefunc', '--gvn-hoist', '--instcombine', '--globalopt', '--elim-avail-extern', '--gvn', '--gvn', '--ipsccp', '--gvn', '--nary-reassociate', '--lower-constant-intrinsics', '--loop-instsimplify', '--early-cse', '--mem2reg', '--jump-threading', '--globalopt', '--elim-avail-extern', '--instcombine', '--simplifycfg', '--sroa', '--mem2reg', '--gvn-hoist', '--sccp', '--early-cse', '--adce', '--gvn-hoist', '--adce', '--lower-constant-intrinsics', '--newgvn', '--simplifycfg', '--simplifycfg', '--gvn-hoist', '--instcombine', '--globalopt', '--elim-avail-extern', '--gvn', '--gvn', '--ipsccp', '--gvn', '--nary-reassociate', '--lower-constant-intrinsics', '--loop-instsimplify', '--early-cse', '--mem2reg', '--jump-threading', '--globalopt', '--elim-avail-extern', '--instcombine', '--simplifycfg', '--sroa', '--lower-constant-intrinsics', '--early-cse', '--lower-expect', '--sroa', '--sccp', '--sroa', '--lower-expect', '--globalopt', '--elim-avail-extern', '--lower-expect']",75,-6.156845754109087,0.0,-2.689911134818309,0.0,1,-6.156845754109087,-2.689911134818309,0.0,-86.29441624365482,14.92353579465943,17.647058823529413,34
257,"['--ipsccp', '--lower-constant-intrinsics', '--sccp', '--early-cse', '--mem2reg', '--jump-threading', '--globalopt', '--elim-avail-extern', '--instcombine', '--adce', '--jump-threading', '--gvn', '--simplifycfg', '--instsimplify', '--gvn-hoist', '--mergefunc', '--gvn-hoist', '--instcombine', '--globalopt', '--elim-avail-extern', '--gvn', '--gvn', '--ipsccp', '--gvn', '--nary-reassociate', '--lower-constant-intrinsics', '--loop-instsimplify', '--early-cse', '--mem2reg', '--jump-threading', '--globalopt', '--elim-avail-extern', '--instcombine', '--simplifycfg', '--sroa', '--mem2reg', '--gvn-hoist', '--sccp', '--early-cse', '--lower-constant-intrinsics', '--adce', '--gvn-hoist', '--adce', '--lower-constant-intrinsics', '--newgvn', '--simplifycfg', '--lower-expect', '--simplifycfg', '--gvn-hoist', '--instcombine', '--globalopt', '--elim-avail-extern', '--gvn', '--gvn', '--ipsccp', '--gvn', '--nary-reassociate', '--lower-constant-intrinsics', '--loop-instsimplify', '--early-cse', '--mem2reg', '--jump-threading', '--globalopt', '--elim-avail-extern', '--instcombine', '--simplifycfg', '--sroa', '--lower-constant-intrinsics', '--early-cse', '--lower-expect', '--sroa', '--sroa', '--lower-expect', '--globalopt', '--elim-avail-extern', '--lower-expect']",76,-6.156845754109087,0.0,-2.689911134818309,0.0,1,-6.156845754109087,-2.689911134818309,0.0,-86.29441624365482,14.92353579465943,17.647058823529413,34
249,"['--ipsccp', '--lower-constant-intrinsics', '--sccp', '--early-cse', '--mem2reg', '--jump-threading', '--globalopt', '--elim-avail-extern', '--instcombine', '--adce', '--jump-threading', '--gvn', '--simplifycfg', '--instsimplify', '--gvn-hoist', '--mergefunc', '--gvn-hoist', '--instcombine', '--globalopt', '--elim-avail-extern', '--gvn', '--gvn', '--ipsccp', '--gvn', '--nary-reassociate', '--lower-constant-intrinsics', '--loop-instsimplify', '--early-cse', '--mem2reg', '--jump-threading', '--globalopt', '--elim-avail-extern', '--instcombine', '--lower-expect', '--sroa', '--mem2reg', '--gvn-hoist', '--sccp', '--early-cse', '--lower-constant-intrinsics', '--adce', '--gvn-hoist', '--adce', '--lower-constant-intrinsics', '--newgvn', '--simplifycfg', '--lower-expect', '--ipsccp', '--simplifycfg', '--gvn-hoist', '--instcombine', '--globalopt', '--elim-avail-extern', '--gvn', '--gvn', '--ipsccp', '--gvn', '--nary-reassociate', '--lower-constant-intrinsics', '--loop-reroll', '--loop-instsimplify', '--early-cse', '--mem2reg', '--jump-threading', '--globalopt', '--elim-avail-extern', '--instcombine', '--simplifycfg', '--sroa', '--lower-constant-intrinsics', '--early-cse', '--lower-expect', '--sroa', '--sccp', '--sroa', '--lower-expect', '--globalopt', '--elim-avail-extern', '--lower-expect']",79,-6.156845754109087,0.0,-2.689911134818309,0.0,1,-6.156845754109087,-2.689911134818309,0.0,-86.29441624365482,14.92353579465943,17.647058823529413,34
247,"['--ipsccp', '--lower-constant-intrinsics', '--sccp', '--early-cse', '--mem2reg', '--jump-threading', '--globalopt', '--elim-avail-extern', '--instcombine', '--adce', '--jump-threading', '--gvn', '--simplifycfg', '--instsimplify', '--gvn-hoist', '--mergefunc', '--gvn-hoist', '--instcombine', '--globalopt', '--elim-avail-extern', '--gvn', '--gvn', '--ipsccp', '--gvn', '--nary-reassociate', '--lower-constant-intrinsics', '--loop-instsimplify', '--early-cse', '--mem2reg', '--jump-threading', '--globalopt', '--elim-avail-extern', '--instcombine', '--lower-expect', '--sroa', '--mem2reg', '--gvn-hoist', '--sccp', '--lowerinvoke', '--early-cse', '--lower-constant-intrinsics', '--adce', '--gvn-hoist', '--adce', '--lower-constant-intrinsics', '--newgvn', '--simplifycfg', '--simplifycfg', '--simplifycfg', '--gvn-hoist', '--instcombine', '--globalopt', '--elim-avail-extern', '--gvn', '--gvn', '--ipsccp', '--gvn', '--nary-reassociate', '--lower-constant-intrinsics', '--loop-instsimplify', '--early-cse', '--mem2reg', '--jump-threading', '--globalopt', '--elim-avail-extern', '--instcombine', '--simplifycfg', '--sroa', '--lower-constant-intrinsics', '--early-cse', '--lower-expect', '--sroa', '--sccp', '--sroa', '--lower-expect', '--globalopt', '--elim-avail-extern', '--lower-expect']",78,-6.156845754109087,0.0,-2.689911134818309,0.0,1,-6.156845754109087,-2.689911134818309,0.0,-86.29441624365482,14.92353579465943,17.647058823529413,34
240,"['--ipsccp', '--lower-constant-intrinsics', '--sccp', '--early-cse', '--mem2reg', '--jump-threading', '--globalopt', '--elim-avail-extern', '--instcombine', '--adce', '--jump-threading', '--gvn', '--simplifycfg', '--instsimplify', '--gvn-hoist', '--mergefunc', '--gvn-hoist', '--instcombine', '--globalopt', '--elim-avail-extern', '--gvn', '--gvn', '--ipsccp', '--gvn', '--nary-reassociate', '--lower-constant-intrinsics', '--loop-instsimplify', '--early-cse', '--mem2reg', '--jump-threading', '--globalopt', '--elim-avail-extern', '--instcombine', '--simplifycfg', '--sroa', '--mem2reg', '--gvn-hoist', '--sccp', '--early-cse', '--lower-constant-intrinsics', '--adce', '--gvn-hoist', '--loop-unroll', '--adce', '--lower-constant-intrinsics', '--newgvn', '--simplifycfg', '--lower-expect', '--simplifycfg', '--gvn-hoist', '--instcombine', '--globalopt', '--elim-avail-extern', '--gvn', '--gvn', '--ipsccp', '--nary-reassociate', '--lower-constant-intrinsics', '--loop-instsimplify', '--early-cse', '--jump-threading', '--globalopt', '--elim-avail-extern', '--instcombine', '--simplifycfg', '--sroa', '--lower-constant-intrinsics', '--early-cse', '--lower-expect', '--sroa', '--sccp', '--sroa', '--lower-expect', '--globalopt', '--elim-avail-extern', '--lower-expect']",76,-6.156845754109087,0.0,-2.689911134818309,0.0,1,-6.156845754109087,-2.689911134818309,0.0,-86.29441624365482,14.92353579465943,17.647058823529413,34
290,"['--ipsccp', '--lower-constant-intrinsics', '--sccp', '--early-cse', '--mem2reg', '--jump-threading', '--globalopt', '--elim-avail-extern', '--instcombine', '--adce', '--jump-threading', '--gvn', '--simplifycfg', '--gvn-hoist', '--mergefunc', '--gvn-hoist', '--instcombine', '--globalopt', '--elim-avail-extern', '--gvn', '--gvn', '--ipsccp', '--gvn', '--nary-reassociate', '--loop-instsimplify', '--early-cse', '--mem2reg', '--jump-threading', '--globalopt', '--elim-avail-extern', '--instcombine', '--simplifycfg', '--sroa', '--mem2reg', '--gvn-hoist', '--sccp', '--early-cse', '--lower-constant-intrinsics', '--adce', '--gvn-hoist', '--adce', '--lower-constant-intrinsics', '--newgvn', '--simplifycfg', '--lower-expect', '--simplifycfg', '--gvn-hoist', '--instsimplify', '--gvn-hoist', '--simplifycfg', '--mem2reg', '--ipsccp', '--newgvn', '--sroa', '--instsimplify', '--sroa', '--instsimplify', '--gvn', '--simplifycfg', '--instcombine', '--gvn-hoist', '--mem2reg']",62,-6.156845754109087,0.0,-2.689911134818309,0.0,1,-6.156845754109087,-2.689911134818309,0.0,-86.29441624365482,14.92353579465943,17.647058823529413,34
506,"['--ipsccp', '--inferattrs', '--sccp', '--early-cse', '--mem2reg', '--jump-threading', '--lower-constant-intrinsics', '--globalopt', '--elim-avail-extern', '--instcombine', '--instsimplify', '--jump-threading', '--gvn', '--simplifycfg', '--adce', '--gvn-hoist', '--mergefunc', '--gvn-hoist', '--instcombine', '--globalopt', '--elim-avail-extern', '--gvn', '--gvn', '--ipsccp', '--gvn', '--nary-reassociate', '--lower-constant-intrinsics', '--loop-instsimplify', '--early-cse', '--mem2reg', '--jump-threading', '--globalopt', '--elim-avail-extern', '--instcombine', '--simplifycfg', '--sroa', '--mem2reg', '--gvn-hoist', '--sccp', '--early-cse', '--lower-constant-intrinsics', '--adce', '--gvn-hoist', '--adce', '--lower-constant-intrinsics', '--newgvn', '--simplifycfg', '--lower-expect', '--simplifycfg', '--gvn-hoist', '--instcombine', '--globalopt', '--elim-avail-extern', '--gvn', '--gvn', '--ipsccp', '--gvn', '--nary-reassociate', '--lower-constant-intrinsics', '--loop-instsimplify', '--early-cse', '--mem2reg', '--jump-threading', '--globalopt', '--elim-avail-extern', '--instcombine', '--simplifycfg', '--sroa', '--lower-constant-intrinsics', '--early-cse', '--lower-expect', '--early-cse', '--lower-expect', '--tailcallelim', '--sccp', '--sroa', '--lower-expect', '--globalopt', '--elim-avail-extern', '--lower-expect']",80,-6.156845754109087,0.0,-2.689911134818309,0.0,1,-6.156845754109087,-2.689911134818309,0.0,-86.29441624365482,14.92353579465943,17.647058823529413,34
233,"['--ipsccp', '--lower-constant-intrinsics', '--sccp', '--early-cse', '--mem2reg', '--jump-threading', '--globalopt', '--elim-avail-extern', '--instcombine', '--adce', '--jump-threading', '--gvn', '--simplifycfg', '--gvn-hoist', '--mergefunc', '--gvn-hoist', '--instcombine', '--globalopt', '--elim-avail-extern', '--gvn', '--gvn', '--ipsccp', '--gvn', '--nary-reassociate', '--loop-instsimplify', '--early-cse', '--mem2reg', '--jump-threading', '--globalopt', '--elim-avail-extern', '--instcombine', '--simplifycfg', '--sroa', '--mem2reg', '--gvn-hoist', '--sccp', '--early-cse', '--lower-constant-intrinsics', '--adce', '--gvn-hoist', '--adce', '--lower-constant-intrinsics', '--newgvn', '--simplifycfg', '--lower-expect', '--simplifycfg', '--gvn-hoist', '--instsimplify', '--gvn-hoist', '--simplifycfg', '--mem2reg', '--ipsccp', '--newgvn', '--sroa', '--instsimplify', '--mergefunc', '--simplifycfg', '--instcombine', '--gvn-hoist', '--mem2reg']",60,-6.156845754109087,0.0,-2.689911134818309,0.0,1,-6.156845754109087,-2.689911134818309,0.0,-86.29441624365482,14.92353579465943,17.647058823529413,34
202,"['--ipsccp', '--lower-constant-intrinsics', '--sccp', '--early-cse', '--mem2reg', '--jump-threading', '--globalopt', '--elim-avail-extern', '--instcombine', '--adce', '--jump-threading', '--gvn', '--simplifycfg', '--instsimplify', '--gvn-hoist', '--mergefunc', '--gvn-hoist', '--instcombine', '--globalopt', '--elim-avail-extern', '--gvn', '--gvn', '--ipsccp', '--gvn', '--nary-reassociate', '--lower-constant-intrinsics', '--loop-instsimplify', '--early-cse', '--mem2reg', '--jump-threading', '--globalopt', '--elim-avail-extern', '--instcombine', '--lower-expect', '--sroa', '--mem2reg', '--gvn-hoist', '--sccp', '--early-cse', '--lower-constant-intrinsics', '--adce', '--gvn-hoist', '--adce', '--lower-constant-intrinsics', '--newgvn', '--simplifycfg', '--simplifycfg', '--simplifycfg', '--gvn-hoist', '--instcombine', '--globalopt', '--elim-avail-extern', '--gvn', '--gvn', '--ipsccp', '--gvn', '--nary-reassociate', '--lower-constant-intrinsics', '--loop-instsimplify', '--early-cse', '--mem2reg', '--jump-threading', '--globalopt', '--elim-avail-extern', '--instcombine', '--simplifycfg', '--sroa', '--lower-constant-intrinsics', '--early-cse', '--lower-expect', '--sroa', '--sccp', '--sroa', '--lower-expect', '--globalopt', '--elim-avail-extern', '--lower-expect']",77,-6.156845754109087,0.0,-2.689911134818309,0.0,1,-6.156845754109087,-2.689911134818309,0.0,-86.29441624365482,14.92353579465943,17.647058823529413,34
189,"['--ipsccp', '--lower-constant-intrinsics', '--sccp', '--early-cse', '--mem2reg', '--jump-threading', '--globalopt', '--elim-avail-extern', '--instcombine', '--adce', '--jump-threading', '--gvn', '--simplifycfg', '--instsimplify', '--gvn-hoist', '--mergefunc', '--gvn-hoist', '--instcombine', '--globalopt', '--elim-avail-extern', '--gvn', '--gvn', '--ipsccp', '--gvn', '--nary-reassociate', '--lower-constant-intrinsics', '--loop-instsimplify', '--early-cse', '--mem2reg', '--jump-threading', '--globalopt', '--elim-avail-extern', '--instcombine', '--simplifycfg', '--sroa', '--mem2reg', '--gvn-hoist', '--sccp', '--early-cse', '--adce', '--gvn-hoist', '--adce', '--lower-constant-intrinsics', '--newgvn', '--simplifycfg', '--lower-expect', '--simplifycfg', '--gvn-hoist', '--instcombine', '--globalopt', '--elim-avail-extern', '--gvn', '--gvn', '--ipsccp', '--gvn', '--nary-reassociate', '--lower-constant-intrinsics', '--loop-instsimplify', '--early-cse', '--jump-threading', '--globalopt', '--elim-avail-extern', '--instcombine', '--simplifycfg', '--sroa', '--lower-constant-intrinsics', '--early-cse', '--lower-expect', '--sroa', '--sccp', '--sroa', '--lower-expect', '--globalopt', '--elim-avail-extern', '--lower-expect']",75,-6.156845754109087,0.0,-2.689911134818309,0.0,1,-6.156845754109087,-2.689911134818309,0.0,-86.29441624365482,14.92353579465943,17.647058823529413,34
186,"['--ipsccp', '--lower-constant-intrinsics', '--sccp', '--early-cse', '--mem2reg', '--jump-threading', '--globalopt', '--elim-avail-extern', '--instcombine', '--adce', '--jump-threading', '--gvn', '--simplifycfg', '--instsimplify', '--gvn-hoist', '--mergefunc', '--gvn-hoist', '--instcombine', '--globalopt', '--elim-avail-extern', '--gvn', '--gvn', '--ipsccp', '--gvn', '--nary-reassociate', '--loop-instsimplify', '--early-cse', '--mem2reg', '--jump-threading', '--globalopt', '--elim-avail-extern', '--instcombine', '--simplifycfg', '--sroa', '--mem2reg', '--gvn-hoist', '--sccp', '--early-cse', '--lower-constant-intrinsics', '--adce', '--gvn-hoist', '--adce', '--lower-constant-intrinsics', '--newgvn', '--simplifycfg', '--lower-expect', '--simplifycfg', '--gvn-hoist', '--instsimplify', '--gvn-hoist', '--simplifycfg', '--mem2reg', '--ipsccp', '--newgvn', '--sroa', '--instsimplify', '--mergefunc', '--simplifycfg', '--instcombine', '--gvn-hoist', '--mem2reg']",61,-6.156845754109087,0.0,-2.689911134818309,0.0,1,-6.156845754109087,-2.689911134818309,0.0,-86.29441624365482,14.92353579465943,17.647058823529413,34
492,"['--ipsccp', '--lower-constant-intrinsics', '--sccp', '--early-cse', '--mem2reg', '--jump-threading', '--globalopt', '--elim-avail-extern', '--instcombine', '--instsimplify', '--jump-threading', '--gvn', '--simplifycfg', '--adce', '--gvn-hoist', '--mergefunc', '--gvn-hoist', '--instcombine', '--globalopt', '--elim-avail-extern', '--gvn', '--gvn', '--ipsccp', '--gvn', '--nary-reassociate', '--lower-constant-intrinsics', '--loop-instsimplify', '--early-cse', '--mem2reg', '--jump-threading', '--globalopt', '--elim-avail-extern', '--instcombine', '--simplifycfg', '--sroa', '--mem2reg', '--gvn-hoist', '--gvn-hoist', '--sccp', '--early-cse', '--lower-constant-intrinsics', '--adce', '--gvn-hoist', '--adce', '--lower-constant-intrinsics', '--newgvn', '--simplifycfg', '--simplifycfg', '--lowerinvoke', '--simplifycfg', '--gvn-hoist', '--instcombine', '--globalopt', '--elim-avail-extern', '--gvn', '--gvn', '--ipsccp', '--gvn', '--nary-reassociate', '--lower-constant-intrinsics', '--loop-instsimplify', '--early-cse', '--mem2reg', '--jump-threading', '--globalopt', '--instcombine', '--simplifycfg', '--sroa', '--lower-constant-intrinsics', '--early-cse', '--lower-expect', '--sroa', '--sccp', '--sroa', '--lower-expect', '--globalopt', '--elim-avail-extern', '--lower-expect']",78,-6.156845754109087,0.0,-2.689911134818309,0.0,1,-6.156845754109087,-2.689911134818309,0.0,-86.29441624365482,14.92353579465943,17.647058823529413,34
164,"['--ipsccp', '--lower-constant-intrinsics', '--sccp', '--early-cse', '--mem2reg', '--jump-threading', '--globalopt', '--elim-avail-extern', '--instcombine', '--adce', '--jump-threading', '--gvn', '--simplifycfg', '--instsimplify', '--gvn-hoist', '--mergefunc', '--gvn-hoist', '--instcombine', '--globalopt', '--elim-avail-extern', '--gvn', '--gvn', '--ipsccp', '--gvn', '--nary-reassociate', '--lower-constant-intrinsics', '--loop-instsimplify', '--early-cse', '--mem2reg', '--jump-threading', '--globalopt', '--elim-avail-extern', '--instcombine', '--simplifycfg', '--sroa', '--mem2reg', '--gvn-hoist', '--sccp', '--early-cse', '--lower-constant-intrinsics', '--adce', '--gvn-hoist', '--adce', '--lower-constant-intrinsics', '--newgvn', '--simplifycfg', '--lower-expect', '--simplifycfg', '--gvn-hoist', '--instcombine', '--globalopt', '--elim-avail-extern', '--gvn', '--gvn', '--ipsccp', '--gvn', '--nary-reassociate', '--lower-constant-intrinsics', '--loop-instsimplify', '--early-cse', '--mem2reg', '--jump-threading', '--globalopt', '--elim-avail-extern', '--instcombine', '--simplifycfg', '--sroa', '--lower-constant-intrinsics', '--early-cse', '--lower-expect', '--sroa', '--sccp', '--sroa', '--lower-expect', '--globalopt', '--elim-avail-extern', '--lower-expect']",77,-6.156845754109087,0.0,-2.689911134818309,0.0,1,-6.156845754109087,-2.689911134818309,0.0,-86.29441624365482,14.92353579465943,17.647058823529413,34
289,"['--ipsccp', '--lower-constant-intrinsics', '--sccp', '--early-cse', '--mem2reg', '--jump-threading', '--globalopt', '--elim-avail-extern', '--instcombine', '--adce', '--jump-threading', '--gvn', '--simplifycfg', '--instsimplify', '--gvn-hoist', '--mergefunc', '--gvn-hoist', '--instcombine', '--globalopt', '--elim-avail-extern', '--gvn', '--gvn', '--ipsccp', '--gvn', '--nary-reassociate', '--loop-instsimplify', '--early-cse', '--mem2reg', '--jump-threading', '--globalopt', '--elim-avail-extern', '--instcombine', '--lower-expect', '--sroa', '--mem2reg', '--gvn-hoist', '--sccp', '--early-cse', '--lower-constant-intrinsics', '--adce', '--simplifycfg', '--mem2reg', '--ipsccp', '--newgvn', '--sroa', '--instcombine', '--prune-eh', '--gvn', '--instsimplify', '--gvn-hoist', '--simplifycfg', '--mem2reg', '--ipsccp', '--newgvn', '--sroa', '--instsimplify', '--mergefunc', '--simplifycfg', '--instcombine', '--gvn-hoist', '--mem2reg']",61,-6.156845754109087,0.0,-2.689911134818309,0.0,1,-6.156845754109087,-2.689911134818309,0.0,-86.29441624365482,14.92353579465943,17.647058823529413,34
272,"['--ipsccp', '--lower-constant-intrinsics', '--sccp', '--early-cse', '--mem2reg', '--jump-threading', '--globalopt', '--elim-avail-extern', '--instcombine', '--adce', '--jump-threading', '--gvn', '--simplifycfg', '--instsimplify', '--gvn-hoist', '--mergefunc', '--gvn-hoist', '--instcombine', '--globalopt', '--elim-avail-extern', '--gvn', '--gvn', '--ipsccp', '--gvn', '--nary-reassociate', '--lower-constant-intrinsics', '--loop-instsimplify', '--early-cse', '--mem2reg', '--jump-threading', '--globalopt', '--elim-avail-extern', '--instcombine', '--lower-expect', '--sroa', '--mem2reg', '--gvn-hoist', '--sccp', '--early-cse', '--lower-constant-intrinsics', '--adce', '--simplifycfg', '--mem2reg', '--ipsccp', '--newgvn', '--sroa', '--instcombine', '--prune-eh', '--gvn', '--instsimplify', '--gvn-hoist', '--simplifycfg', '--mem2reg', '--ipsccp', '--newgvn', '--sroa', '--instsimplify', '--mergefunc', '--simplifycfg', '--instcombine', '--gvn-hoist', '--mem2reg']",62,-6.156845754109087,0.0,-2.689911134818309,0.0,1,-6.156845754109087,-2.689911134818309,0.0,-86.29441624365482,14.92353579465943,17.647058823529413,34
291,"['--ipsccp', '--lower-constant-intrinsics', '--sccp', '--early-cse', '--mem2reg', '--jump-threading', '--globalopt', '--elim-avail-extern', '--instcombine', '--adce', '--jump-threading', '--gvn', '--simplifycfg', '--instsimplify', '--gvn-hoist', '--mergefunc', '--gvn-hoist', '--instcombine', '--globalopt', '--elim-avail-extern', '--early-cse', '--gvn', '--gvn', '--ipsccp', '--gvn', '--nary-reassociate', '--lower-constant-intrinsics', '--loop-instsimplify', '--strip', '--mem2reg', '--jump-threading', '--globalopt', '--elim-avail-extern', '--instcombine', '--simplifycfg', '--sroa', '--mem2reg', '--gvn-hoist', '--sccp', '--early-cse', '--adce', '--gvn-hoist', '--adce', '--lower-constant-intrinsics', '--newgvn', '--simplifycfg', '--lower-expect', '--simplifycfg', '--gvn-hoist', '--instcombine', '--globalopt', '--elim-avail-extern', '--gvn', '--gvn', '--memcpyopt', '--ipsccp', '--gvn', '--nary-reassociate', '--lower-constant-intrinsics', '--loop-instsimplify', '--early-cse', '--jump-threading', '--globalopt', '--elim-avail-extern', '--instcombine', '--simplifycfg', '--sroa', '--lower-constant-intrinsics', '--early-cse', '--lower-expect', '--sroa', '--sccp', '--sroa', '--lower-expect', '--globalopt', '--elim-avail-extern', '--lower-expect']",77,-6.156845754109087,0.0,-2.689911134818309,0.0,1,-6.156845754109087,-2.689911134818309,0.0,-86.29441624365482,14.92353579465943,17.647058823529413,34
302,"['--ipsccp', '--lower-constant-intrinsics', '--sccp', '--early-cse', '--mem2reg', '--jump-threading', '--globalopt', '--elim-avail-extern', '--instcombine', '--adce', '--jump-threading', '--gvn', '--simplifycfg', '--instsimplify', '--gvn-hoist', '--mergefunc', '--gvn-hoist', '--instcombine', '--globalopt', '--elim-avail-extern', '--gvn', '--gvn', '--ipsccp', '--gvn', '--nary-reassociate', '--lower-constant-intrinsics', '--loop-instsimplify', '--strip', '--early-cse', '--mem2reg', '--jump-threading', '--globalopt', '--elim-avail-extern', '--instcombine', '--lower-expect', '--sroa', '--mem2reg', '--gvn-hoist', '--sccp', '--early-cse', '--lower-constant-intrinsics', '--adce', '--gvn-hoist', '--adce', '--lower-constant-intrinsics', '--newgvn', '--simplifycfg', '--simplifycfg', '--lowerinvoke', '--simplifycfg', '--gvn-hoist', '--instcombine', '--globalopt', '--elim-avail-extern', '--gvn', '--gvn', '--ipsccp', '--gvn', '--nary-reassociate', '--lower-constant-intrinsics', '--loop-instsimplify', '--early-cse', '--mem2reg', '--jump-threading', '--globalopt', '--instcombine', '--simplifycfg', '--sroa', '--lower-constant-intrinsics', '--early-cse', '--lower-expect', '--sroa', '--sccp', '--sroa', '--lower-expect', '--globalopt', '--elim-avail-extern', '--lower-expect']",78,-6.156845754109087,0.0,-2.689911134818309,0.0,1,-6.156845754109087,-2.689911134818309,0.0,-86.29441624365482,14.92353579465943,17.647058823529413,34
318,"['--ipsccp', '--lower-constant-intrinsics', '--sccp', '--early-cse', '--mem2reg', '--jump-threading', '--globalopt', '--elim-avail-extern', '--instcombine', '--adce', '--jump-threading', '--gvn', '--simplifycfg', '--gvn-hoist', '--mergefunc', '--gvn-hoist', '--instcombine', '--globalopt', '--elim-avail-extern', '--gvn', '--gvn', '--ipsccp', '--gvn', '--nary-reassociate', '--loop-instsimplify', '--early-cse', '--mem2reg', '--jump-threading', '--globalopt', '--elim-avail-extern', '--instcombine', '--simplifycfg', '--sroa', '--mem2reg', '--gvn-hoist', '--sccp', '--early-cse', '--lower-constant-intrinsics', '--adce', '--gvn-hoist', '--adce', '--lower-constant-intrinsics', '--newgvn', '--simplifycfg', '--lower-expect', '--simplifycfg', '--gvn-hoist', '--instsimplify', '--gvn-hoist', '--simplifycfg', '--mem2reg', '--ipsccp', '--newgvn', '--sroa', '--instsimplify', '--mergefunc', '--simplifycfg', '--instcombine', '--loop-instsimplify', '--early-cse', '--jump-threading', '--globalopt', '--elim-avail-extern', '--instcombine', '--simplifycfg', '--sroa', '--lower-constant-intrinsics', '--early-cse', '--lower-expect', '--sroa', '--sccp', '--sroa', '--lower-expect', '--globalopt', '--elim-avail-extern', '--lower-expect']",76,-6.156845754109087,0.0,-2.689911134818309,0.0,1,-6.156845754109087,-2.689911134818309,0.0,-86.29441624365482,14.92353579465943,17.647058823529413,34
315,"['--ipsccp', '--lower-constant-intrinsics', '--sccp', '--early-cse', '--mem2reg', '--jump-threading', '--globalopt', '--elim-avail-extern', '--instcombine', '--adce', '--jump-threading', '--gvn', '--simplifycfg', '--instsimplify', '--gvn-hoist', '--mergefunc', '--gvn-hoist', '--instcombine', '--globalopt', '--elim-avail-extern', '--gvn', '--gvn', '--ipsccp', '--gvn', '--nary-reassociate', '--lower-constant-intrinsics', '--loop-instsimplify', '--early-cse', '--mem2reg', '--jump-threading', '--globalopt', '--elim-avail-extern', '--instcombine', '--simplifycfg', '--sroa', '--mem2reg', '--gvn-hoist', '--sccp', '--loop-versioning-licm', '--early-cse', '--lower-constant-intrinsics', '--adce', '--gvn-hoist', '--adce', '--lower-constant-intrinsics', '--newgvn', '--simplifycfg', '--lower-expect', '--simplifycfg', '--gvn-hoist', '--instcombine', '--globalopt', '--elim-avail-extern', '--gvn', '--gvn', '--ipsccp', '--gvn', '--nary-reassociate', '--lower-constant-intrinsics', '--loop-instsimplify', '--early-cse', '--mem2reg', '--jump-threading', '--globalopt', '--elim-avail-extern', '--instcombine', '--simplifycfg', '--sroa', '--lower-constant-intrinsics', '--early-cse', '--lower-expect', '--sroa', '--sccp', '--sroa', '--lower-expect', '--globalopt', '--elim-avail-extern', '--lower-expect']",78,-6.156845754109087,0.0,-2.689911134818309,0.0,1,-6.156845754109087,-2.689911134818309,0.0,-86.29441624365482,14.92353579465943,17.647058823529413,34
310,"['--ipsccp', '--lower-constant-intrinsics', '--sccp', '--early-cse', '--mem2reg', '--jump-threading', '--globalopt', '--elim-avail-extern', '--instcombine', '--adce', '--jump-threading', '--gvn', '--simplifycfg', '--instsimplify', '--gvn-hoist', '--mergefunc', '--gvn-hoist', '--instcombine', '--globalopt', '--elim-avail-extern', '--gvn', '--gvn', '--ipsccp', '--gvn', '--nary-reassociate', '--lower-constant-intrinsics', '--loop-instsimplify', '--early-cse', '--mem2reg', '--jump-threading', '--globalopt', '--elim-avail-extern', '--instcombine', '--simplifycfg', '--sroa', '--mem2reg', '--gvn-hoist', '--sccp', '--early-cse', '--lower-constant-intrinsics', '--adce', '--gvn-hoist', '--adce', '--lower-constant-intrinsics', '--newgvn', '--simplifycfg', '--lower-expect', '--simplifycfg', '--gvn-hoist', '--instcombine', '--globalopt', '--elim-avail-extern', '--gvn', '--gvn', '--ipsccp', '--gvn', '--nary-reassociate', '--lower-constant-intrinsics', '--loop-instsimplify', '--early-cse', '--mem2reg', '--jump-threading', '--elim-avail-extern', '--instcombine', '--simplifycfg', '--sroa', '--lower-constant-intrinsics', '--early-cse', '--lower-expect', '--sroa', '--sccp', '--sroa', '--lower-expect', '--globalopt', '--elim-avail-extern', '--lower-expect']",76,-6.156845754109087,0.0,-2.689911134818309,0.0,1,-6.156845754109087,-2.689911134818309,0.0,-86.29441624365482,14.92353579465943,17.647058823529413,34
308,"['--ipsccp', '--lower-constant-intrinsics', '--sccp', '--early-cse', '--mem2reg', '--jump-threading', '--globalopt', '--elim-avail-extern', '--instcombine', '--adce', '--jump-threading', '--gvn', '--simplifycfg', '--instsimplify', '--gvn-hoist', '--mergefunc', '--gvn-hoist', '--instcombine', '--globalopt', '--elim-avail-extern', '--gvn', '--gvn', '--ipsccp', '--gvn', '--nary-reassociate', '--lower-constant-intrinsics', '--loop-instsimplify', '--early-cse', '--mem2reg', '--jump-threading', '--globalopt', '--elim-avail-extern', '--instcombine', '--simplifycfg', '--sroa', '--mem2reg', '--gvn-hoist', '--sccp', '--early-cse', '--lower-constant-intrinsics', '--adce', '--gvn-hoist', '--adce', '--lower-constant-intrinsics', '--newgvn', '--simplifycfg', '--lower-expect', '--simplifycfg', '--gvn-hoist', '--instcombine', '--globalopt', '--elim-avail-extern', '--gvn', '--gvn', '--ipsccp', '--gvn', '--nary-reassociate', '--lower-constant-intrinsics', '--loop-instsimplify', '--early-cse', '--mem2reg', '--jump-threading', '--globalopt', '--elim-avail-extern', '--instcombine', '--simplifycfg', '--sroa', '--lower-constant-intrinsics', '--early-cse', '--lower-expect', '--sroa', '--lower-expect', '--sroa', '--lower-expect', '--globalopt', '--elim-avail-extern', '--sccp']",77,-6.156845754109087,0.0,-2.689911134818309,0.0,1,-6.156845754109087,-2.689911134818309,0.0,-86.29441624365482,14.92353579465943,17.647058823529413,34
306,"['--ipsccp', '--lower-constant-intrinsics', '--sccp', '--early-cse', '--mem2reg', '--jump-threading', '--globalopt', '--elim-avail-extern', '--instcombine', '--adce', '--jump-threading', '--gvn', '--simplifycfg', '--instsimplify', '--gvn-hoist', '--mergefunc', '--gvn-hoist', '--instcombine', '--globalopt', '--elim-avail-extern', '--gvn', '--gvn', '--ipsccp', '--gvn', '--nary-reassociate', '--lower-constant-intrinsics', '--loop-instsimplify', '--early-cse', '--mem2reg', '--early-cse-memssa', '--jump-threading', '--globalopt', '--elim-avail-extern', '--instcombine', '--lower-expect', '--sroa', '--mem2reg', '--gvn-hoist', '--sccp', '--lowerinvoke', '--early-cse', '--lower-constant-intrinsics', '--adce', '--gvn-hoist', '--adce', '--lower-constant-intrinsics', '--newgvn', '--simplifycfg', '--simplifycfg', '--simplifycfg', '--gvn-hoist', '--instcombine', '--globalopt', '--elim-avail-extern', '--gvn', '--gvn', '--ipsccp', '--gvn', '--nary-reassociate', '--lower-constant-intrinsics', '--loop-instsimplify', '--early-cse', '--mem2reg', '--jump-threading', '--globalopt', '--elim-avail-extern', '--instcombine', '--simplifycfg', '--sroa', '--lower-constant-intrinsics', '--early-cse', '--lower-expect', '--sroa', '--sccp', '--sroa', '--lower-expect', '--globalopt', '--elim-avail-extern', '--lower-expect']",79,-6.156845754109087,0.0,-2.689911134818309,0.0,1,-6.156845754109087,-2.689911134818309,0.0,-86.29441624365482,14.92353579465943,17.647058823529413,34
303,"['--ipsccp', '--lower-constant-intrinsics', '--sccp', '--early-cse', '--mem2reg', '--jump-threading', '--globalopt', '--elim-avail-extern', '--instcombine', '--adce', '--jump-threading', '--gvn', '--simplifycfg', '--instsimplify', '--gvn-hoist', '--mergefunc', '--gvn-hoist', '--instcombine', '--globalopt', '--elim-avail-extern', '--gvn', '--gvn', '--ipsccp', '--gvn', '--nary-reassociate', '--lower-constant-intrinsics', '--loop-instsimplify', '--early-cse', '--mem2reg', '--jump-threading', '--globalopt', '--elim-avail-extern', '--instcombine', '--simplifycfg', '--sroa', '--mem2reg', '--gvn-hoist', '--sccp', '--early-cse', '--lower-constant-intrinsics', '--adce', '--gvn-hoist', '--adce', '--lower-constant-intrinsics', '--newgvn', '--simplifycfg', '--lower-expect', '--gvn-hoist', '--instcombine', '--globalopt', '--elim-avail-extern', '--gvn', '--gvn', '--ipsccp', '--gvn', '--nary-reassociate', '--lower-constant-intrinsics', '--loop-instsimplify', '--early-cse', '--jump-threading', '--globalopt', '--loop-vectorize', '--elim-avail-extern', '--instcombine', '--simplifycfg', '--sroa', '--lower-constant-intrinsics', '--early-cse', '--lower-expect', '--sroa', '--sccp', '--sroa', '--lower-expect', '--globalopt', '--elim-avail-extern', '--lower-expect']",76,-6.156845754109087,0.0,-2.689911134818309,0.0,1,-6.156845754109087,-2.689911134818309,0.0,-86.29441624365482,14.92353579465943,17.647058823529413,34
293,"['--ipsccp', '--lower-constant-intrinsics', '--sccp', '--early-cse', '--mem2reg', '--jump-threading', '--globalopt', '--elim-avail-extern', '--instcombine', '--adce', '--jump-threading', '--gvn', '--simplifycfg', '--instsimplify', '--gvn-hoist', '--mergefunc', '--gvn-hoist', '--instcombine', '--globalopt', '--elim-avail-extern', '--adce', '--gvn', '--ipsccp', '--gvn', '--nary-reassociate', '--lower-constant-intrinsics', '--loop-instsimplify', '--early-cse', '--mem2reg', '--jump-threading', '--globalopt', '--elim-avail-extern', '--instcombine', '--simplifycfg', '--sroa', '--mem2reg', '--gvn-hoist', '--sccp', '--early-cse', '--adce', '--gvn-hoist', '--adce', '--lower-constant-intrinsics', '--newgvn', '--simplifycfg', '--lower-expect', '--simplifycfg', '--gvn-hoist', '--instcombine', '--globalopt', '--elim-avail-extern', '--gvn', '--gvn', '--memcpyopt', '--ipsccp', '--gvn', '--nary-reassociate', '--lower-constant-intrinsics', '--loop-instsimplify', '--early-cse', '--jump-threading', '--globalopt', '--elim-avail-extern', '--instcombine', '--simplifycfg', '--sroa', '--lower-constant-intrinsics', '--early-cse', '--lower-expect', '--sroa', '--sccp', '--sroa', '--lower-expect', '--globalopt', '--elim-avail-extern', '--lower-expect']",76,-6.156845754109087,0.0,-2.689911134818309,0.0,1,-6.156845754109087,-2.689911134818309,0.0,-86.29441624365482,14.92353579465943,17.647058823529413,34
384,"['--ipsccp', '--lower-constant-intrinsics', '--sccp', '--early-cse', '--mem2reg', '--jump-threading', '--globalopt', '--elim-avail-extern', '--instcombine', '--adce', '--jump-threading', '--gvn', '--simplifycfg', '--instsimplify', '--gvn-hoist', '--mergefunc', '--gvn-hoist', '--instcombine', '--globalopt', '--elim-avail-extern', '--early-cse', '--gvn', '--gvn', '--ipsccp', '--gvn', '--nary-reassociate', '--lower-constant-intrinsics', '--loop-instsimplify', '--mem2reg', '--jump-threading', '--globalopt', '--elim-avail-extern', '--instcombine', '--simplifycfg', '--sroa', '--mem2reg', '--gvn-hoist', '--sccp', '--early-cse', '--adce', '--gvn-hoist', '--adce', '--lower-constant-intrinsics', '--newgvn', '--simplifycfg', '--lower-expect', '--simplifycfg', '--gvn-hoist', '--instcombine', '--globalopt', '--elim-avail-extern', '--gvn', '--gvn', '--ipsccp', '--gvn', '--nary-reassociate', '--lower-constant-intrinsics', '--loop-instsimplify', '--early-cse', '--jump-threading', '--globalopt', '--elim-avail-extern', '--instcombine', '--simplifycfg', '--sroa', '--lower-constant-intrinsics', '--early-cse', '--lower-expect', '--sroa', '--sccp', '--sroa', '--lower-expect', '--globalopt', '--elim-avail-extern', '--lower-expect']",75,-6.156845754109087,0.0,-2.689911134818309,0.0,1,-6.156845754109087,-2.689911134818309,0.0,-86.29441624365482,14.92353579465943,17.647058823529413,34
301,"['--ipsccp', '--lower-constant-intrinsics', '--sccp', '--early-cse', '--mem2reg', '--jump-threading', '--globalopt', '--elim-avail-extern', '--instcombine', '--adce', '--jump-threading', '--gvn', '--simplifycfg', '--instsimplify', '--gvn-hoist', '--mergefunc', '--gvn-hoist', '--instcombine', '--globalopt', '--elim-avail-extern', '--gvn', '--gvn', '--ipsccp', '--gvn', '--nary-reassociate', '--lower-constant-intrinsics', '--loop-instsimplify', '--early-cse', '--mem2reg', '--jump-threading', '--globalopt', '--elim-avail-extern', '--instcombine', '--lower-expect', '--sroa', '--mem2reg', '--gvn-hoist', '--sccp', '--lowerinvoke', '--early-cse', '--lower-constant-intrinsics', '--adce', '--gvn-hoist', '--adce', '--lower-constant-intrinsics', '--newgvn', '--simplifycfg', '--simplifycfg', '--simplifycfg', '--gvn-hoist', '--instcombine', '--globalopt', '--elim-avail-extern', '--gvn', '--gvn', '--ipsccp', '--gvn', '--nary-reassociate', '--lower-constant-intrinsics', '--loop-instsimplify', '--early-cse', '--mem2reg', '--jump-threading', '--globalopt', '--elim-avail-extern', '--simplifycfg', '--sroa', '--lower-constant-intrinsics', '--early-cse', '--lower-expect', '--sroa', '--sccp', '--sroa', '--lower-expect', '--globalopt', '--elim-avail-extern', '--lower-expect']",77,-6.156845754109087,0.0,-2.689911134818309,0.0,1,-6.156845754109087,-2.689911134818309,0.0,-86.29441624365482,14.92353579465943,17.647058823529413,34
294,"['--ipsccp', '--lower-constant-intrinsics', '--sccp', '--early-cse', '--mem2reg', '--jump-threading', '--globalopt', '--elim-avail-extern', '--instcombine', '--adce', '--jump-threading', '--gvn', '--simplifycfg', '--instsimplify', '--gvn-hoist', '--mergefunc', '--gvn-hoist', '--instcombine', '--globalopt', '--elim-avail-extern', '--gvn', '--gvn', '--ipsccp', '--gvn', '--nary-reassociate', '--lower-constant-intrinsics', '--loop-instsimplify', '--early-cse', '--mem2reg', '--jump-threading', '--globalopt', '--elim-avail-extern', '--instcombine', '--lower-expect', '--sroa', '--mem2reg', '--gvn-hoist', '--sccp', '--lowerinvoke', '--early-cse', '--lower-constant-intrinsics', '--adce', '--adce', '--lower-constant-intrinsics', '--newgvn', '--simplifycfg', '--simplifycfg', '--simplifycfg', '--gvn-hoist', '--instcombine', '--globalopt', '--elim-avail-extern', '--gvn', '--gvn', '--ipsccp', '--gvn', '--nary-reassociate', '--lower-constant-intrinsics', '--loop-instsimplify', '--early-cse', '--mem2reg', '--jump-threading', '--globalopt', '--elim-avail-extern', '--instcombine', '--simplifycfg', '--sroa', '--lower-constant-intrinsics', '--early-cse', '--lower-expect', '--sroa', '--sccp', '--sroa', '--lower-expect', '--globalopt', '--elim-avail-extern', '--lower-expect']",77,-6.156845754109087,0.0,-2.689911134818309,0.0,1,-6.156845754109087,-2.689911134818309,0.0,-86.29441624365482,14.92353579465943,17.647058823529413,34
299,"['--ipsccp', '--lower-constant-intrinsics', '--sccp', '--early-cse', '--mem2reg', '--jump-threading', '--globalopt', '--elim-avail-extern', '--instcombine', '--adce', '--jump-threading', '--gvn', '--simplifycfg', '--instsimplify', '--gvn-hoist', '--mergefunc', '--gvn-hoist', '--instcombine', '--globalopt', '--elim-avail-extern', '--gvn', '--gvn', '--ipsccp', '--gvn', '--nary-reassociate', '--lower-constant-intrinsics', '--loop-instsimplify', '--early-cse', '--mem2reg', '--jump-threading', '--globalopt', '--elim-avail-extern', '--instcombine', '--simplifycfg', '--sroa', '--mem2reg', '--gvn-hoist', '--sccp', '--early-cse', '--lower-constant-intrinsics', '--adce', '--gvn-hoist', '--adce', '--lower-constant-intrinsics', '--newgvn', '--simplifycfg', '--lower-expect', '--simplifycfg', '--gvn-hoist', '--instcombine', '--tailcallelim', '--elim-avail-extern', '--gvn', '--gvn', '--ipsccp', '--gvn', '--nary-reassociate', '--lower-constant-intrinsics', '--loop-instsimplify', '--early-cse', '--mem2reg', '--jump-threading', '--globalopt', '--elim-avail-extern', '--elim-avail-extern', '--instcombine', '--simplifycfg', '--sroa', '--lower-constant-intrinsics', '--early-cse', '--lower-expect', '--sroa', '--sccp', '--sroa', '--lower-expect', '--globalopt', '--elim-avail-extern', '--lower-expect']",78,-6.156845754109087,0.0,-2.689911134818309,0.0,1,-6.156845754109087,-2.689911134818309,0.0,-86.29441624365482,14.92353579465943,17.647058823529413,34
297,"['--ipsccp', '--lower-constant-intrinsics', '--sccp', '--early-cse', '--mem2reg', '--jump-threading', '--globalopt', '--elim-avail-extern', '--instcombine', '--adce', '--jump-threading', '--gvn', '--simplifycfg', '--instsimplify', '--gvn-hoist', '--mergefunc', '--gvn-hoist', '--instcombine', '--globalopt', '--elim-avail-extern', '--mldst-motion', '--gvn', '--gvn', '--ipsccp', '--gvn', '--nary-reassociate', '--lower-constant-intrinsics', '--loop-instsimplify', '--early-cse', '--mem2reg', '--jump-threading', '--globalopt', '--elim-avail-extern', '--instcombine', '--lower-expect', '--sroa', '--mem2reg', '--gvn-hoist', '--sccp', '--lowerinvoke', '--early-cse', '--lower-constant-intrinsics', '--adce', '--gvn-hoist', '--adce', '--lower-constant-intrinsics', '--newgvn', '--simplifycfg', '--simplifycfg', '--simplifycfg', '--gvn-hoist', '--instcombine', '--globalopt', '--elim-avail-extern', '--gvn', '--gvn', '--ipsccp', '--gvn', '--nary-reassociate', '--lower-constant-intrinsics', '--loop-instsimplify', '--early-cse', '--mem2reg', '--jump-threading', '--globalopt', '--elim-avail-extern', '--instcombine', '--simplifycfg', '--sroa', '--lower-constant-intrinsics', '--early-cse', '--lower-expect', '--sroa', '--sccp', '--sroa', '--lower-expect', '--globalopt', '--elim-avail-extern', '--lower-expect']",79,-6.156845754109087,0.0,-2.689911134818309,0.0,1,-6.156845754109087,-2.689911134818309,0.0,-86.29441624365482,14.92353579465943,17.647058823529413,34
296,"['--ipsccp', '--lower-constant-intrinsics', '--sccp', '--early-cse', '--mem2reg', '--jump-threading', '--globalopt', '--elim-avail-extern', '--instcombine', '--adce', '--jump-threading', '--gvn', '--simplifycfg', '--instsimplify', '--gvn-hoist', '--mergefunc', '--gvn-hoist', '--instcombine', '--globalopt', '--elim-avail-extern', '--gvn', '--gvn', '--ipsccp', '--gvn', '--nary-reassociate', '--lower-constant-intrinsics', '--loop-instsimplify', '--early-cse', '--mem2reg', '--jump-threading', '--globalopt', '--instcombine', '--simplifycfg', '--sroa', '--mem2reg', '--gvn-hoist', '--sccp', '--early-cse', '--lower-constant-intrinsics', '--adce', '--gvn-hoist', '--loop-unroll', '--adce', '--lower-constant-intrinsics', '--newgvn', '--simplifycfg', '--lower-expect', '--simplifycfg', '--gvn-hoist', '--instcombine', '--globalopt', '--elim-avail-extern', '--gvn', '--gvn', '--ipsccp', '--nary-reassociate', '--lower-constant-intrinsics', '--loop-instsimplify', '--early-cse', '--jump-threading', '--globalopt', '--elim-avail-extern', '--instcombine', '--simplifycfg', '--sroa', '--lower-constant-intrinsics', '--early-cse', '--lower-expect', '--sroa', '--sccp', '--sroa', '--lower-expect', '--globalopt', '--elim-avail-extern', '--lower-expect']",75,-6.156845754109087,0.0,-2.689911134818309,0.0,1,-6.156845754109087,-2.689911134818309,0.0,-86.29441624365482,14.92353579465943,17.647058823529413,34
368,"['--ipsccp', '--lower-constant-intrinsics', '--sccp', '--early-cse', '--mem2reg', '--jump-threading', '--globalopt', '--elim-avail-extern', '--instcombine', '--adce', '--jump-threading', '--loop-instsimplify', '--simplifycfg', '--instsimplify', '--gvn-hoist', '--mergefunc', '--gvn-hoist', '--instcombine', '--globalopt', '--elim-avail-extern', '--gvn', '--gvn', '--ipsccp', '--gvn', '--nary-reassociate', '--lower-constant-intrinsics', '--loop-instsimplify', '--early-cse', '--mem2reg', '--jump-threading', '--globalopt', '--elim-avail-extern', '--instcombine', '--simplifycfg', '--sroa', '--mem2reg', '--gvn-hoist', '--sccp', '--loop-versioning-licm', '--early-cse', '--lower-constant-intrinsics', '--adce', '--gvn-hoist', '--adce', '--lower-constant-intrinsics', '--newgvn', '--simplifycfg', '--lower-expect', '--simplifycfg', '--gvn-hoist', '--instcombine', '--globalopt', '--elim-avail-extern', '--gvn', '--gvn', '--ipsccp', '--gvn', '--nary-reassociate', '--lower-constant-intrinsics', '--gvn', '--early-cse', '--mem2reg', '--jump-threading', '--globalopt', '--elim-avail-extern', '--instcombine', '--simplifycfg', '--sroa', '--lower-constant-intrinsics', '--early-cse', '--lower-expect', '--sroa', '--sccp', '--sroa', '--lower-expect', '--globalopt', '--elim-avail-extern', '--lower-expect']",78,-6.159467536698436,0.0,-2.6815598843761257,0.0,1,-6.159467536698436,-2.6815598843761257,0.0,-86.80203045685279,15.01238799886931,17.647058823529413,34
241,"['--ipsccp', '--lower-constant-intrinsics', '--sccp', '--early-cse', '--mem2reg', '--jump-threading', '--globalopt', '--elim-avail-extern', '--instcombine', '--adce', '--jump-threading', '--ipsccp', '--simplifycfg', '--instsimplify', '--gvn-hoist', '--mergefunc', '--gvn-hoist', '--instcombine', '--globalopt', '--elim-avail-extern', '--gvn', '--gvn', '--ipsccp', '--gvn', '--nary-reassociate', '--lower-constant-intrinsics', '--loop-instsimplify', '--early-cse', '--mem2reg', '--jump-threading', '--globalopt', '--elim-avail-extern', '--instcombine', '--lower-expect', '--sroa', '--mem2reg', '--gvn-hoist', '--sccp', '--early-cse', '--lower-constant-intrinsics', '--adce', '--gvn-hoist', '--adce', '--lower-constant-intrinsics', '--newgvn', '--simplifycfg', '--simplifycfg', '--simplifycfg', '--gvn-hoist', '--instcombine', '--globalopt', '--elim-avail-extern', '--gvn', '--gvn', '--ipsccp', '--gvn', '--nary-reassociate', '--lower-constant-intrinsics', '--loop-instsimplify', '--early-cse', '--mem2reg', '--jump-threading', '--globalopt', '--elim-avail-extern', '--instcombine', '--simplifycfg', '--sroa', '--lower-constant-intrinsics', '--early-cse', '--lower-expect', '--sroa', '--sccp', '--sroa', '--lower-expect', '--globalopt', '--elim-avail-extern', '--lower-expect']",77,-6.159467536698436,0.0,-2.6815598843761257,0.0,1,-6.159467536698436,-2.6815598843761257,0.0,-86.80203045685279,15.01238799886931,17.647058823529413,34
201,"['--ipsccp', '--lower-constant-intrinsics', '--sccp', '--early-cse', '--mem2reg', '--jump-threading', '--globalopt', '--elim-avail-extern', '--instcombine', '--adce', '--jump-threading', '--gvn', '--simplifycfg', '--instsimplify', '--gvn-hoist', '--mergefunc', '--gvn-hoist', '--instcombine', '--globalopt', '--elim-avail-extern', '--gvn', '--gvn', '--ipsccp', '--gvn', '--nary-reassociate', '--lower-constant-intrinsics', '--loop-instsimplify', '--early-cse', '--mem2reg', '--jump-threading', '--globalopt', '--elim-avail-extern', '--instcombine', '--simplifycfg', '--sroa', '--mem2reg', '--gvn-hoist', '--sccp', '--early-cse', '--lower-constant-intrinsics', '--adce', '--gvn-hoist', '--adce', '--lower-constant-intrinsics', '--newgvn', '--simplifycfg', '--lower-expect', '--simplifycfg', '--gvn-hoist', '--instcombine', '--globalopt', '--elim-avail-extern', '--gvn', '--gvn', '--ipsccp', '--gvn', '--nary-reassociate', '--lower-constant-intrinsics', '--loop-instsimplify', '--early-cse', '--mem2reg', '--jump-threading', '--globalopt', '--elim-avail-extern', '--instcombine', '--simplifycfg', '--correlated-propagation', '--lower-constant-intrinsics', '--early-cse', '--lower-expect', '--sroa', '--sccp', '--sroa', '--lower-expect', '--globalopt', '--elim-avail-extern', '--lower-expect']",77,-6.162209641482173,0.0,-2.698081069458832,0.0,1,-6.162209641482173,-2.698081069458832,0.0,-86.29441624365482,14.915900158586368,17.647058823529413,34
263,"['--ipsccp', '--lower-constant-intrinsics', '--sccp', '--early-cse', '--mem2reg', '--jump-threading', '--globalopt', '--elim-avail-extern', '--instcombine', '--adce', '--jump-threading', '--gvn', '--simplifycfg', '--instsimplify', '--gvn-hoist', '--mergefunc', '--gvn-hoist', '--instcombine', '--globalopt', '--elim-avail-extern', '--gvn', '--gvn', '--ipsccp', '--gvn', '--nary-reassociate', '--lower-constant-intrinsics', '--loop-instsimplify', '--early-cse', '--mem2reg', '--jump-threading', '--globalopt', '--elim-avail-extern', '--instcombine', '--simplifycfg', '--sroa', '--mem2reg', '--gvn-hoist', '--sccp', '--early-cse', '--lower-constant-intrinsics', '--adce', '--gvn-hoist', '--adce', '--lower-constant-intrinsics', '--newgvn', '--simplifycfg', '--lower-expect', '--simplifycfg', '--gvn-hoist', '--instcombine', '--globalopt', '--elim-avail-extern', '--gvn', '--gvn', '--ipsccp', '--gvn', '--nary-reassociate', '--lower-constant-intrinsics', '--loop-instsimplify', '--early-cse', '--mem2reg', '--jump-threading', '--elim-avail-extern', '--instcombine', '--simplifycfg', '--correlated-propagation', '--lower-constant-intrinsics', '--early-cse', '--lower-expect', '--sroa', '--sccp', '--sroa', '--lower-expect', '--globalopt', '--elim-avail-extern', '--lower-expect']",76,-6.162209641482173,0.0,-2.698081069458832,0.0,1,-6.162209641482173,-2.698081069458832,0.0,-86.29441624365482,14.915900158586368,17.647058823529413,34
435,"['--ipsccp', '--lower-constant-intrinsics', '--sccp', '--early-cse', '--mem2reg', '--jump-threading', '--globalopt', '--elim-avail-extern', '--instcombine', '--adce', '--jump-threading', '--gvn', '--simplifycfg', '--instsimplify', '--gvn-hoist', '--mergefunc', '--gvn-hoist', '--instcombine', '--globalopt', '--elim-avail-extern', '--gvn', '--sroa', '--ipsccp', '--gvn', '--nary-reassociate', '--lower-constant-intrinsics', '--loop-instsimplify', '--early-cse', '--mem2reg', '--jump-threading', '--globalopt', '--instcombine', '--simplifycfg', '--sroa', '--mem2reg', '--gvn-hoist', '--sccp', '--early-cse', '--lower-constant-intrinsics', '--adce', '--gvn-hoist', '--loop-unroll', '--adce', '--lower-constant-intrinsics', '--newgvn', '--simplifycfg', '--simplifycfg', '--gvn-hoist', '--instcombine', '--globalopt', '--elim-avail-extern', '--gvn', '--gvn', '--ipsccp', '--nary-reassociate', '--lower-constant-intrinsics', '--loop-instsimplify', '--early-cse', '--jump-threading', '--globalopt', '--elim-avail-extern', '--instcombine', '--simplifycfg', '--sroa', '--lower-constant-intrinsics', '--early-cse', '--lower-expect', '--gvn', '--sccp', '--sccp', '--sroa', '--lower-expect', '--globalopt', '--elim-avail-extern', '--lower-expect']",75,-6.1644281591499555,0.0,-2.699522822630689,0.0,1,-6.1644281591499555,-2.699522822630689,0.0,-86.29441624365482,14.927272186475271,17.647058823529413,34
239,"['--ipsccp', '--lower-constant-intrinsics', '--sccp', '--early-cse', '--mem2reg', '--jump-threading', '--globalopt', '--elim-avail-extern', '--instcombine', '--adce', '--jump-threading', '--gvn', '--simplifycfg', '--instsimplify', '--gvn-hoist', '--mergefunc', '--gvn-hoist', '--instcombine', '--globalopt', '--elim-avail-extern', '--gvn', '--gvn', '--ipsccp', '--gvn', '--nary-reassociate', '--lower-constant-intrinsics', '--loop-instsimplify', '--early-cse', '--mem2reg', '--jump-threading', '--globalopt', '--elim-avail-extern', '--instcombine', '--simplifycfg', '--sroa', '--mem2reg', '--gvn-hoist', '--sccp', '--early-cse', '--adce', '--gvn-hoist', '--adce', '--lower-constant-intrinsics', '--newgvn', '--simplifycfg', '--lower-expect', '--simplifycfg', '--gvn-hoist', '--instcombine', '--globalopt', '--elim-avail-extern', '--gvn', '--gvn', '--ipsccp', '--gvn', '--nary-reassociate', '--lower-constant-intrinsics', '--loop-instsimplify', '--simplifycfg', '--instcombine', '--gvn-hoist', '--mem2reg']",62,-6.176408302696634,0.0,-2.704840964618249,0.0,1,-6.176408302696634,-2.704840964618249,0.0,-86.80203045685279,15.007187557035353,17.647058823529413,34
2163,"['--ipsccp', '--speculative-execution', '--sccp', '--early-cse', '--mem2reg', '--jump-threading', '--simplifycfg', '--elim-avail-extern', '--instcombine', '--adce', '--jump-threading', '--gvn', '--simplifycfg', '--instsimplify', '--inline', '--mergefunc', '--gvn-hoist', '--instcombine', '--globalopt', '--elim-avail-extern', '--indvars', '--indvars', '--gvn', '--gvn', '--ipsccp', '--gvn', '--nary-reassociate', '--loop-instsimplify', '--early-cse', '--mem2reg', '--jump-threading', '--globalopt', '--jump-threading', '--elim-avail-extern', '--instcombine', '--instcombine', '--simplifycfg', '--sroa', '--mem2reg', '--globaldce', '--gvn-hoist', '--sccp', '--early-cse', '--lower-constant-intrinsics', '--adce', '--slsr', '--gvn-hoist', '--adce', '--loop-simplify', '--dse', '--scalarizer', '--simplifycfg', '--lower-expect', '--simplifycfg', '--elim-avail-extern', '--elim-avail-extern', '--lower-constant-intrinsics', '--ipsccp', '--ipsccp', '--loop-reroll', '--gvn', '--early-cse', '--lowerinvoke', '--mem2reg', '--jump-threading', '--globalopt', '--slp-vectorizer', '--instcombine', '--globalopt', '--sroa', '--early-cse', '--lower-expect', '--sroa', '--sroa', '--lower-expect', '--aggressive-instcombine']",76,-6.186825426262467,0.0,-1.7745573275813655,0.0,1,-6.186825426262467,-1.7745573275813655,0.5008908414855473,-68.52791878172589,13.264956658705609,23.52941176470588,34
423,"['--ipsccp', '--speculative-execution', '--sccp', '--early-cse', '--mem2reg', '--jump-threading', '--globalopt', '--elim-avail-extern', '--instcombine', '--instsimplify', '--jump-threading', '--gvn', '--simplifycfg', '--adce', '--gvn-hoist', '--ipconstprop', '--mergefunc', '--gvn-hoist', '--instcombine', '--globalopt', '--elim-avail-extern', '--gvn', '--gvn', '--ipsccp', '--gvn', '--nary-reassociate', '--lower-constant-intrinsics', '--loop-instsimplify', '--early-cse', '--mem2reg', '--jump-threading', '--globalopt', '--elim-avail-extern', '--instcombine', '--simplifycfg', '--sroa', '--mem2reg', '--gvn-hoist', '--sccp', '--early-cse', '--lower-constant-intrinsics', '--adce', '--gvn-hoist', '--adce', '--lower-constant-intrinsics', '--simplifycfg', '--lower-expect', '--simplifycfg', '--gvn-hoist', '--instsimplify', '--globalopt', '--elim-avail-extern', '--gvn', '--gvn', '--ipsccp', '--gvn', '--nary-reassociate', '--lower-constant-intrinsics', '--loop-instsimplify', '--early-cse', '--jump-threading', '--globalopt', '--elim-avail-extern', '--instcombine', '--simplifycfg', '--sroa', '--lower-constant-intrinsics', '--die', '--lower-expect', '--sroa', '--sccp', '--sroa', '--lower-expect', '--globalopt', '--elim-avail-extern', '--lower-expect']",76,-6.197078756016513,0.0,-2.6985246503171108,0.0,1,-6.197078756016513,-2.6985246503171108,0.0,-88.3248730964467,15.261264447492676,17.647058823529413,34
320,"['--ipsccp', '--lower-constant-intrinsics', '--sccp', '--early-cse', '--mem2reg', '--jump-threading', '--globalopt', '--elim-avail-extern', '--instcombine', '--adce', '--jump-threading', '--gvn', '--simplifycfg', '--instsimplify', '--gvn-hoist', '--mergefunc', '--gvn-hoist', '--instcombine', '--globalopt', '--elim-avail-extern', '--gvn', '--gvn', '--ipsccp', '--gvn', '--nary-reassociate', '--lower-constant-intrinsics', '--loop-instsimplify', '--early-cse', '--mem2reg', '--jump-threading', '--globalopt', '--elim-avail-extern', '--instcombine', '--simplifycfg', '--sroa', '--mem2reg', '--gvn-hoist', '--sccp', '--early-cse', '--lower-constant-intrinsics', '--adce', '--gvn-hoist', '--loop-unroll', '--adce', '--lower-constant-intrinsics', '--newgvn', '--simplifycfg', '--lower-expect', '--simplifycfg', '--gvn-hoist', '--instcombine', '--globalopt', '--elim-avail-extern', '--gvn', '--gvn', '--ipsccp', '--nary-reassociate', '--lower-constant-intrinsics', '--gvn-hoist', '--mem2reg']",60,-6.223728210589805,0.0,-2.774457255002364,0.0,1,-6.223728210589805,-2.774457255002364,0.0,-86.29441624365482,14.9582644580862,17.647058823529413,34
379,"['--ipsccp', '--speculative-execution', '--sccp', '--early-cse', '--mem2reg', '--jump-threading', '--globalopt', '--elim-avail-extern', '--instcombine', '--adce', '--jump-threading', '--gvn', '--simplifycfg', '--instsimplify', '--gvn-hoist', '--mergefunc', '--gvn-hoist', '--instcombine', '--globalopt', '--elim-avail-extern', '--gvn', '--gvn', '--ipsccp', '--gvn', '--nary-reassociate', '--lower-constant-intrinsics', '--loop-instsimplify', '--strip', '--mem2reg', '--jump-threading', '--elim-avail-extern', '--instcombine', '--simplifycfg', '--sroa', '--mem2reg', '--gvn-hoist', '--sccp', '--early-cse', '--lower-constant-intrinsics', '--adce', '--gvn-hoist', '--adce', '--lower-constant-intrinsics', '--newgvn', '--simplifycfg', '--lower-expect', '--simplifycfg', '--gvn-hoist', '--instsimplify', '--globalopt', '--elim-avail-extern', '--gvn', '--gvn', '--ipsccp', '--gvn', '--nary-reassociate', '--lower-constant-intrinsics', '--loop-instsimplify', '--early-cse', '--jump-threading', '--globalopt', '--elim-avail-extern', '--instcombine', '--simplifycfg', '--sroa', '--lower-constant-intrinsics', '--die', '--inline', '--lower-expect', '--sroa', '--sccp', '--sroa', '--lower-expect', '--globalopt', '--elim-avail-extern', '--lower-expect']",76,-6.234596363162904,0.0,-2.843625433828627,0.0,1,-6.234596363162904,-2.843625433828627,0.0,-85.27918781725889,14.548184642620214,17.647058823529413,34
429,"['--ipsccp', '--speculative-execution', '--sccp', '--early-cse', '--mem2reg', '--jump-threading', '--globalopt', '--elim-avail-extern', '--instcombine', '--adce', '--jump-threading', '--gvn', '--simplifycfg', '--instsimplify', '--gvn-hoist', '--mergefunc', '--gvn-hoist', '--instcombine', '--globalopt', '--elim-avail-extern', '--gvn', '--gvn', '--ipsccp', '--gvn', '--nary-reassociate', '--lower-constant-intrinsics', '--loop-instsimplify', '--early-cse', '--mem2reg', '--jump-threading', '--globalopt', '--elim-avail-extern', '--instcombine', '--simplifycfg', '--sroa', '--inline', '--gvn-hoist', '--sccp', '--early-cse', '--lower-constant-intrinsics', '--adce', '--gvn-hoist', '--adce', '--lower-constant-intrinsics', '--newgvn', '--simplifycfg', '--lower-expect', '--simplifycfg', '--gvn-hoist', '--instcombine', '--globalopt', '--elim-avail-extern', '--gvn', '--gvn', '--ipsccp', '--gvn', '--nary-reassociate', '--lower-constant-intrinsics', '--loop-instsimplify', '--early-cse', '--mem2reg', '--jump-threading', '--globalopt', '--elim-avail-extern', '--instcombine', '--simplifycfg', '--sroa', '--lower-constant-intrinsics', '--early-cse', '--lower-expect', '--sroa', '--sroa', '--lower-expect', '--globalopt', '--elim-avail-extern', '--lower-expect']",76,-6.234596363162904,0.0,-2.843625433828627,0.0,1,-6.234596363162904,-2.843625433828627,0.0,-85.27918781725889,14.548184642620214,17.647058823529413,34
373,"['--ipsccp', '--lower-constant-intrinsics', '--sccp', '--early-cse', '--mem2reg', '--jump-threading', '--globalopt', '--elim-avail-extern', '--instcombine', '--adce', '--jump-threading', '--gvn', '--simplifycfg', '--instsimplify', '--gvn-hoist', '--mergefunc', '--gvn-hoist', '--instcombine', '--globalopt', '--elim-avail-extern', '--early-cse', '--gvn', '--gvn', '--ipsccp', '--gvn', '--nary-reassociate', '--lower-constant-intrinsics', '--loop-instsimplify', '--strip', '--mem2reg', '--jump-threading', '--globalopt', '--elim-avail-extern', '--instcombine', '--simplifycfg', '--sroa', '--mem2reg', '--gvn-hoist', '--sccp', '--early-cse', '--adce', '--gvn-hoist', '--adce', '--lower-constant-intrinsics', '--simplifycfg', '--lower-expect', '--simplifycfg', '--gvn-hoist', '--instcombine', '--globalopt', '--elim-avail-extern', '--gvn', '--gvn', '--memcpyopt', '--ipsccp', '--gvn', '--nary-reassociate', '--lower-constant-intrinsics', '--loop-instsimplify', '--early-cse', '--jump-threading', '--globalopt', '--elim-avail-extern', '--instcombine', '--simplifycfg', '--sroa', '--lower-constant-intrinsics', '--early-cse', '--lower-expect', '--sroa', '--sccp', '--sroa', '--lower-expect', '--globalopt', '--elim-avail-extern', '--lower-expect']",76,-6.235110029137066,0.0,-2.74963045401807,0.0,1,-6.235110029137066,-2.74963045401807,0.0,-88.3248730964467,15.258283650941017,17.647058823529413,34
372,"['--ipsccp', '--lower-constant-intrinsics', '--sccp', '--early-cse', '--mem2reg', '--jump-threading', '--globalopt', '--elim-avail-extern', '--instcombine', '--adce', '--jump-threading', '--gvn', '--simplifycfg', '--instsimplify', '--gvn-hoist', '--mergefunc', '--gvn-hoist', '--instcombine', '--globalopt', '--elim-avail-extern', '--gvn', '--gvn', '--ipsccp', '--gvn', '--nary-reassociate', '--lower-constant-intrinsics', '--loop-instsimplify', '--early-cse', '--mem2reg', '--jump-threading', '--globalopt', '--elim-avail-extern', '--instcombine', '--simplifycfg', '--sroa', '--mem2reg', '--gvn-hoist', '--sccp', '--early-cse', '--lower-constant-intrinsics', '--adce', '--gvn-hoist', '--adce', '--lower-constant-intrinsics', '--simplifycfg', '--lower-expect', '--simplifycfg', '--gvn-hoist', '--instcombine', '--globalopt', '--elim-avail-extern', '--gvn', '--gvn', '--ipsccp', '--gvn', '--nary-reassociate', '--lower-constant-intrinsics', '--loop-instsimplify', '--early-cse', '--jump-threading', '--globalopt', '--elim-avail-extern', '--instcombine', '--simplifycfg', '--sroa', '--lower-constant-intrinsics', '--early-cse', '--lower-expect', '--sroa', '--sccp', '--sroa', '--lower-expect', '--globalopt', '--elim-avail-extern', '--lower-expect']",75,-6.235110029137066,0.0,-2.74963045401807,0.0,1,-6.235110029137066,-2.74963045401807,0.0,-88.3248730964467,15.258283650941017,17.647058823529413,34
486,"['--ipsccp', '--lower-constant-intrinsics', '--sccp', '--early-cse', '--mem2reg', '--jump-threading', '--globalopt', '--elim-avail-extern', '--instcombine', '--instsimplify', '--jump-threading', '--gvn', '--simplifycfg', '--adce', '--gvn-hoist', '--mergefunc', '--gvn-hoist', '--instcombine', '--globalopt', '--elim-avail-extern', '--gvn', '--gvn', '--ipsccp', '--gvn', '--nary-reassociate', '--lower-constant-intrinsics', '--loop-instsimplify', '--early-cse', '--mem2reg', '--jump-threading', '--globalopt', '--elim-avail-extern', '--instcombine', '--simplifycfg', '--sroa', '--mem2reg', '--gvn-hoist', '--sccp', '--early-cse', '--lower-constant-intrinsics', '--adce', '--gvn-hoist', '--adce', '--lower-constant-intrinsics', '--lower-expect', '--simplifycfg', '--gvn-hoist', '--instcombine', '--globalopt', '--elim-avail-extern', '--gvn', '--gvn', '--ipsccp', '--gvn', '--nary-reassociate', '--lower-constant-intrinsics', '--loop-instsimplify', '--early-cse', '--jump-threading', '--globalopt', '--elim-avail-extern', '--instcombine', '--simplifycfg', '--sroa', '--lower-constant-intrinsics', '--early-cse', '--lower-expect', '--sroa', '--sccp', '--sroa', '--lower-expect', '--globalopt', '--elim-avail-extern', '--lower-expect']",74,-6.235110029137066,0.0,-2.74963045401807,0.0,1,-6.235110029137066,-2.74963045401807,0.0,-88.3248730964467,15.258283650941017,17.647058823529413,34
396,"['--ipsccp', '--lower-constant-intrinsics', '--sccp', '--early-cse', '--mem2reg', '--jump-threading', '--globalopt', '--elim-avail-extern', '--instcombine', '--adce', '--jump-threading', '--gvn', '--simplifycfg', '--instsimplify', '--gvn-hoist', '--mergefunc', '--gvn-hoist', '--instcombine', '--globalopt', '--elim-avail-extern', '--gvn', '--gvn', '--ipsccp', '--gvn', '--nary-reassociate', '--lower-constant-intrinsics', '--loop-instsimplify', '--early-cse', '--mem2reg', '--jump-threading', '--globalopt', '--instcombine', '--simplifycfg', '--sroa', '--mem2reg', '--gvn-hoist', '--sccp', '--early-cse', '--lower-constant-intrinsics', '--adce', '--gvn-hoist', '--loop-unroll', '--adce', '--lower-constant-intrinsics', '--newgvn', '--simplifycfg', '--lower-expect', '--simplifycfg', '--gvn-hoist', '--instcombine', '--globalopt', '--elim-avail-extern', '--gvn', '--gvn', '--ipsccp', '--nary-reassociate', '--lower-constant-intrinsics', '--loop-instsimplify', '--early-cse', '--jump-threading', '--globalopt', '--elim-avail-extern', '--instcombine', '--simplifycfg', '--sroa', '--lower-constant-intrinsics', '--early-cse', '--lower-expect', '--sroa', '--sccp', '--sroa', '--lower-expect', '--globalopt', '--inline', '--lower-expect']",75,-6.272562039037565,0.0,-2.8947312375295864,0.0,1,-6.272562039037565,-2.8947312375295864,0.0,-85.27918781725889,14.544547873609641,17.647058823529413,34
307,"['--ipsccp', '--lower-constant-intrinsics', '--sccp', '--early-cse', '--mem2reg', '--jump-threading', '--globalopt', '--elim-avail-extern', '--instcombine', '--adce', '--jump-threading', '--gvn', '--simplifycfg', '--instsimplify', '--gvn-hoist', '--mergefunc', '--gvn-hoist', '--instcombine', '--globalopt', '--elim-avail-extern', '--gvn', '--gvn', '--ipsccp', '--gvn', '--nary-reassociate', '--lower-constant-intrinsics', '--loop-instsimplify', '--early-cse', '--mem2reg', '--jump-threading', '--globalopt', '--elim-avail-extern', '--instcombine', '--lower-expect', '--early-cse', '--mem2reg', '--gvn-hoist', '--sccp', '--lowerinvoke', '--early-cse', '--lower-constant-intrinsics', '--adce', '--gvn-hoist', '--adce', '--lower-constant-intrinsics', '--newgvn', '--simplifycfg', '--simplifycfg', '--simplifycfg', '--gvn-hoist', '--instcombine', '--globalopt', '--elim-avail-extern', '--gvn', '--gvn', '--ipsccp', '--gvn', '--nary-reassociate', '--lower-constant-intrinsics', '--loop-instsimplify', '--early-cse', '--mem2reg', '--jump-threading', '--globalopt', '--elim-avail-extern', '--instcombine', '--simplifycfg', '--sroa', '--lower-constant-intrinsics', '--sroa', '--lower-expect', '--sroa', '--sccp', '--sroa', '--lower-expect', '--globalopt', '--elim-avail-extern', '--lower-expect']",78,-6.280592753114098,0.0,-2.8436981398163867,0.0,1,-6.280592753114098,-2.8436981398163867,0.0,-86.29441624365482,15.007603247223953,17.647058823529413,34
419,"['--ipsccp', '--lower-constant-intrinsics', '--sccp', '--early-cse', '--mem2reg', '--jump-threading', '--globalopt', '--elim-avail-extern', '--instcombine', '--adce', '--jump-threading', '--gvn', '--simplifycfg', '--instsimplify', '--gvn-hoist', '--mergefunc', '--gvn-hoist', '--instcombine', '--globalopt', '--elim-avail-extern', '--sccp', '--gvn-hoist', '--simplifycfg', '--gvn', '--nary-reassociate', '--correlated-propagation', '--loop-instsimplify', '--early-cse', '--mem2reg', '--jump-threading', '--globalopt', '--instcombine', '--elim-avail-extern', '--simplifycfg', '--mem2reg', '--gvn-hoist', '--sccp', '--early-cse', '--lower-constant-intrinsics', '--adce', '--gvn-hoist', '--adce', '--lower-constant-intrinsics', '--newgvn', '--simplifycfg', '--lower-expect', '--simplifycfg', '--gvn-hoist', '--instsimplify', '--globalopt', '--elim-avail-extern', '--gvn', '--gvn', '--ipsccp', '--gvn', '--nary-reassociate', '--lower-constant-intrinsics', '--loop-instsimplify', '--early-cse', '--jump-threading', '--globalopt', '--elim-avail-extern', '--instcombine', '--simplifycfg', '--sroa', '--lower-constant-intrinsics', '--die', '--lower-expect', '--sroa', '--sccp', '--sroa', '--lower-expect', '--globalopt', '--elim-avail-extern', '--lower-expect']",75,-6.280592753114098,0.0,-2.8436981398163867,0.0,1,-6.280592753114098,-2.8436981398163867,0.0,-86.29441624365482,15.007603247223953,17.647058823529413,34
613,"['--ipsccp', '--speculative-execution', '--mem2reg', '--sccp', '--early-cse', '--mem2reg', '--jump-threading', '--loop-simplifycfg', '--elim-avail-extern', '--instcombine', '--instsimplify', '--jump-threading', '--gvn', '--elim-avail-extern', '--adce', '--gvn-hoist', '--mergefunc', '--gvn-hoist', '--instcombine', '--globalopt', '--gvn', '--gvn', '--ipsccp', '--gvn', '--nary-reassociate', '--lower-constant-intrinsics', '--loop-instsimplify', '--early-cse', '--mem2reg', '--jump-threading', '--globalopt', '--elim-avail-extern', '--instcombine', '--sroa', '--mem2reg', '--gvn-hoist', '--sccp', '--early-cse', '--lower-constant-intrinsics', '--adce', '--gvn-hoist', '--adce', '--lower-constant-intrinsics', '--newgvn', '--simplifycfg', '--simplifycfg', '--gvn-hoist', '--slp-vectorizer', '--globalopt', '--elim-avail-extern', '--gvn', '--gvn', '--ipsccp', '--gvn', '--nary-reassociate', '--lower-constant-intrinsics', '--loop-instsimplify', '--early-cse', '--mem2reg', '--jump-threading', '--globalopt', '--simplifycfg', '--instcombine', '--simplifycfg', '--sroa', '--lower-constant-intrinsics', '--early-cse', '--lower-expect', '--sroa', '--sccp', '--sroa', '--sroa', '--sroa', '--lower-expect', '--globalopt', '--elim-avail-extern', '--lower-expect']",77,-6.2867210950039025,0.0,-3.2854493864149594,0.0,1,-6.2867210950039025,-3.2854493864149594,0.0,-86.29441624365482,16.167517022515064,14.705882352941178,34
566,"['--ipsccp', '--speculative-execution', '--sccp', '--early-cse', '--mem2reg', '--jump-threading', '--globalopt', '--elim-avail-extern', '--instcombine', '--early-cse-memssa', '--jump-threading', '--gvn', '--simplifycfg', '--adce', '--gvn-hoist', '--mergefunc', '--gvn-hoist', '--instcombine', '--globalopt', '--elim-avail-extern', '--gvn', '--gvn', '--ipsccp', '--gvn', '--nary-reassociate', '--lower-constant-intrinsics', '--loop-instsimplify', '--early-cse', '--mem2reg', '--jump-threading', '--globalopt', '--elim-avail-extern', '--instcombine', '--simplifycfg', '--sroa', '--mem2reg', '--gvn-hoist', '--sccp', '--early-cse', '--lower-constant-intrinsics', '--adce', '--gvn-hoist', '--adce', '--lower-constant-intrinsics', '--dse', '--newgvn', '--simplifycfg', '--lower-expect', '--simplifycfg', '--gvn-hoist', '--instcombine', '--globalopt', '--elim-avail-extern', '--gvn', '--gvn', '--ipsccp', '--gvn', '--nary-reassociate', '--lower-constant-intrinsics', '--loop-instsimplify', '--early-cse', '--mem2reg', '--jump-threading', '--globalopt', '--instcombine', '--simplifycfg', '--sroa', '--lower-constant-intrinsics', '--early-cse', '--lower-expect', '--early-cse', '--lower-expect', '--tailcallelim', '--sccp', '--sroa', '--lower-expect', '--globalopt', '--elim-avail-extern', '--lower-expect']",79,-6.326573411021096,0.0,-3.340444581301407,0.0,1,-6.326573411021096,-3.340444581301407,0.0,-86.29441624365482,16.15357622103864,14.705882352941178,34
638,"['--ipsccp', '--speculative-execution', '--sccp', '--early-cse', '--dse', '--jump-threading', '--globalopt', '--elim-avail-extern', '--instcombine', '--instsimplify', '--jump-threading', '--gvn', '--simplifycfg', '--adce', '--gvn-hoist', '--mergefunc', '--gvn-hoist', '--instcombine', '--globalopt', '--elim-avail-extern', '--gvn', '--gvn', '--ipsccp', '--gvn', '--nary-reassociate', '--lower-constant-intrinsics', '--loop-instsimplify', '--early-cse', '--mem2reg', '--jump-threading', '--globalopt', '--elim-avail-extern', '--instcombine', '--simplifycfg', '--sroa', '--mem2reg', '--gvn-hoist', '--sccp', '--early-cse', '--lower-constant-intrinsics', '--adce', '--gvn-hoist', '--adce', '--lower-constant-intrinsics', '--mem2reg', '--newgvn', '--simplifycfg', '--lower-expect', '--simplifycfg', '--gvn-hoist', '--instcombine', '--globalopt', '--elim-avail-extern', '--gvn', '--gvn', '--ipsccp', '--gvn', '--nary-reassociate', '--lower-constant-intrinsics', '--loop-instsimplify', '--early-cse', '--mem2reg', '--jump-threading', '--globalopt', '--slp-vectorizer', '--instcombine', '--simplifycfg', '--sroa', '--lower-constant-intrinsics', '--early-cse', '--lower-expect', '--sroa', '--sroa', '--lower-expect', '--globalopt', '--elim-avail-extern', '--lower-expect']",77,-6.369536268577636,0.0,-3.3872915624869595,0.0,1,-6.369536268577636,-3.3872915624869595,0.0,-86.80203045685279,16.231852437712394,14.705882352941178,34
475,"['--ipsccp', '--speculative-execution', '--sccp', '--early-cse', '--mem2reg', '--jump-threading', '--lower-constant-intrinsics', '--globalopt', '--elim-avail-extern', '--instcombine', '--instsimplify', '--jump-threading', '--gvn', '--simplifycfg', '--adce', '--gvn-hoist', '--gvn-hoist', '--instcombine', '--globalopt', '--elim-avail-extern', '--gvn', '--gvn', '--ipsccp', '--gvn', '--nary-reassociate', '--lower-constant-intrinsics', '--loop-instsimplify', '--early-cse', '--mem2reg', '--jump-threading', '--globalopt', '--elim-avail-extern', '--instcombine', '--simplifycfg', '--sroa', '--mem2reg', '--gvn-hoist', '--sccp', '--early-cse', '--lower-constant-intrinsics', '--adce', '--gvn-hoist', '--adce', '--lower-constant-intrinsics', '--newgvn', '--simplifycfg', '--lower-expect', '--simplifycfg', '--gvn-hoist', '--instcombine', '--globalopt', '--elim-avail-extern', '--gvn', '--gvn', '--ipsccp', '--gvn', '--nary-reassociate', '--nary-reassociate', '--lower-constant-intrinsics', '--mem2reg', '--jump-threading', '--globalopt', '--elim-avail-extern', '--instcombine', '--simplifycfg', '--sroa', '--lower-constant-intrinsics', '--early-cse', '--lower-expect', '--sroa', '--sroa', '--lower-expect', '--elim-avail-extern', '--lower-expect']",74,-6.378396023288811,0.0,-3.0116531760172447,0.0,1,-6.378396023288811,-3.0116531760172447,0.0,-86.29441624365482,14.725973177464658,17.647058823529413,34
347,"['--ipsccp', '--lower-constant-intrinsics', '--sccp', '--early-cse', '--mem2reg', '--jump-threading', '--globalopt', '--elim-avail-extern', '--instcombine', '--adce', '--jump-threading', '--gvn', '--simplifycfg', '--instsimplify', '--gvn-hoist', '--gvn-hoist', '--instcombine', '--globalopt', '--elim-avail-extern', '--gvn', '--gvn', '--ipsccp', '--gvn', '--nary-reassociate', '--lower-constant-intrinsics', '--loop-instsimplify', '--strip', '--early-cse', '--mem2reg', '--jump-threading', '--globalopt', '--elim-avail-extern', '--instcombine', '--lower-expect', '--sroa', '--mem2reg', '--gvn-hoist', '--sccp', '--early-cse', '--lower-constant-intrinsics', '--adce', '--gvn-hoist', '--adce', '--lower-constant-intrinsics', '--newgvn', '--simplifycfg', '--simplifycfg', '--lowerinvoke', '--simplifycfg', '--gvn-hoist', '--instcombine', '--globalopt', '--elim-avail-extern', '--gvn', '--gvn', '--ipsccp', '--gvn', '--nary-reassociate', '--lower-constant-intrinsics', '--loop-instsimplify', '--early-cse', '--mem2reg', '--jump-threading', '--globalopt', '--instcombine', '--simplifycfg', '--sroa', '--lower-constant-intrinsics', '--early-cse', '--lower-expect', '--sroa', '--sccp', '--sroa', '--lower-expect', '--globalopt', '--elim-avail-extern', '--lower-expect']",77,-6.416307762327543,0.0,-3.062758979718204,0.0,1,-6.416307762327543,-3.062758979718204,0.0,-86.29441624365482,14.721797040094778,17.647058823529413,34
266,"['--ipsccp', '--lower-constant-intrinsics', '--sccp', '--early-cse', '--mem2reg', '--jump-threading', '--globalopt', '--elim-avail-extern', '--instcombine', '--instcombine', '--elim-avail-extern', '--lower-expect', '--early-cse-memssa', '--mem2reg', '--instcombine', '--adce', '--early-cse-memssa', '--instcombine', '--globalopt', '--sroa', '--sccp', '--gvn-hoist', '--simplifycfg', '--gvn', '--nary-reassociate', '--correlated-propagation', '--loop-instsimplify', '--early-cse', '--mem2reg', '--jump-threading', '--simplifycfg', '--elim-avail-extern', '--instcombine', '--simplifycfg', '--sroa', '--mem2reg', '--gvn-hoist', '--sccp', '--early-cse', '--lower-constant-intrinsics', '--adce', '--gvn-hoist', '--adce', '--lower-constant-intrinsics', '--newgvn', '--simplifycfg', '--lower-expect', '--simplifycfg', '--gvn-hoist', '--instcombine', '--globalopt', '--elim-avail-extern', '--gvn', '--gvn', '--ipsccp', '--gvn', '--nary-reassociate', '--lower-constant-intrinsics', '--loop-instsimplify', '--early-cse', '--mem2reg', '--jump-threading', '--globalopt', '--elim-avail-extern', '--instcombine', '--simplifycfg', '--sroa', '--lower-constant-intrinsics', '--early-cse', '--lower-expect', '--sroa', '--sccp', '--sroa', '--lower-expect', '--globalopt', '--elim-avail-extern', '--lower-expect']",77,-6.435946694656781,0.0,-3.0776888095181443,0.0,1,-6.435946694656781,-3.0776888095181443,0.0,-86.80203045685279,14.80621263988761,17.647058823529413,34
323,"['--ipsccp', '--lower-constant-intrinsics', '--sccp', '--mem2reg', '--jump-threading', '--globalopt', '--elim-avail-extern', '--instcombine', '--instcombine', '--elim-avail-extern', '--lower-expect', '--early-cse-memssa', '--mem2reg', '--instcombine', '--adce', '--early-cse-memssa', '--instcombine', '--globalopt', '--sroa', '--sccp', '--gvn-hoist', '--simplifycfg', '--gvn', '--nary-reassociate', '--correlated-propagation', '--loop-instsimplify', '--early-cse', '--mem2reg', '--jump-threading', '--simplifycfg', '--elim-avail-extern', '--instcombine', '--simplifycfg', '--sroa', '--mem2reg', '--gvn-hoist', '--sccp', '--early-cse', '--lower-constant-intrinsics', '--adce', '--gvn-hoist', '--adce', '--lower-constant-intrinsics', '--newgvn', '--simplifycfg', '--lower-expect', '--simplifycfg', '--gvn-hoist', '--instcombine', '--globalopt', '--elim-avail-extern', '--gvn', '--gvn', '--gvn', '--ipsccp', '--nary-reassociate', '--lower-constant-intrinsics', '--loop-instsimplify', '--early-cse', '--jump-threading', '--globalopt', '--elim-avail-extern', '--instcombine', '--simplifycfg', '--sroa', '--lower-constant-intrinsics', '--early-cse', '--lower-expect', '--sroa', '--sccp', '--sroa', '--lower-expect', '--globalopt', '--elim-avail-extern', '--lower-expect']",75,-6.435946694656781,0.0,-3.0776888095181443,0.0,1,-6.435946694656781,-3.0776888095181443,0.0,-86.80203045685279,14.80621263988761,17.647058823529413,34
321,"['--mem2reg', '--mergefunc', '--instcombine', '--mem2reg', '--adce', '--early-cse-memssa', '--flattencfg', '--instcombine', '--ipsccp', '--instcombine', '--elim-avail-extern', '--lower-expect', '--early-cse-memssa', '--mem2reg', '--instcombine', '--adce', '--early-cse-memssa', '--instcombine', '--simplifycfg', '--sroa', '--sccp', '--gvn-hoist', '--simplifycfg', '--gvn', '--nary-reassociate', '--correlated-propagation', '--loop-instsimplify', '--nary-reassociate', '--mem2reg', '--jump-threading', '--globalopt', '--elim-avail-extern', '--instcombine', '--simplifycfg', '--sroa', '--mem2reg', '--gvn-hoist', '--sccp', '--early-cse', '--lower-constant-intrinsics', '--adce', '--gvn-hoist', '--lower-constant-intrinsics', '--newgvn', '--simplifycfg', '--lower-expect', '--simplifycfg', '--gvn-hoist', '--instcombine', '--globalopt', '--elim-avail-extern', '--gvn', '--gvn', '--ipsccp', '--gvn', '--early-cse', '--lower-constant-intrinsics', '--loop-instsimplify', '--early-cse', '--jump-threading', '--globalopt', '--elim-avail-extern', '--instcombine', '--simplifycfg', '--sroa', '--lower-constant-intrinsics', '--early-cse', '--lower-expect', '--sroa', '--sccp', '--sroa', '--lower-expect', '--globalopt', '--elim-avail-extern', '--lower-expect']",75,-6.4527276628629,0.0,-3.0420459102907853,0.0,1,-6.4527276628629,-3.0420459102907853,0.0,-86.80203045685279,15.241344066153994,17.647058823529413,34
328,"['--mem2reg', '--mergefunc', '--instcombine', '--mem2reg', '--adce', '--early-cse-memssa', '--flattencfg', '--nary-reassociate', '--ipsccp', '--instcombine', '--elim-avail-extern', '--lower-expect', '--early-cse-memssa', '--mem2reg', '--instcombine', '--adce', '--early-cse-memssa', '--instcombine', '--simplifycfg', '--sroa', '--gvn', '--gvn', '--ipsccp', '--gvn', '--nary-reassociate', '--lower-constant-intrinsics', '--loop-instsimplify', '--early-cse', '--mem2reg', '--jump-threading', '--globalopt', '--elim-avail-extern', '--instcombine', '--simplifycfg', '--sroa', '--mem2reg', '--gvn-hoist', '--sccp', '--early-cse', '--adce', '--gvn-hoist', '--adce', '--lower-constant-intrinsics', '--newgvn', '--simplifycfg', '--lower-expect', '--simplifycfg', '--gvn-hoist', '--instcombine', '--globalopt', '--elim-avail-extern', '--gvn', '--gvn', '--ipsccp', '--gvn', '--nary-reassociate', '--lower-constant-intrinsics', '--loop-instsimplify', '--early-cse', '--jump-threading', '--globalopt', '--elim-avail-extern', '--instcombine', '--simplifycfg', '--sroa', '--lower-constant-intrinsics', '--sccp', '--lower-expect', '--sroa', '--early-cse', '--sroa', '--lower-expect', '--globalopt', '--elim-avail-extern', '--lower-expect']",75,-6.4527276628629,0.0,-3.0420459102907853,0.0,1,-6.4527276628629,-3.0420459102907853,0.0,-86.80203045685279,15.241344066153994,17.647058823529413,34
243,"['--mem2reg', '--mergefunc', '--instcombine', '--mem2reg', '--adce', '--early-cse-memssa', '--flattencfg', '--instcombine', '--ipsccp', '--instcombine', '--elim-avail-extern', '--lower-expect', '--early-cse-memssa', '--mem2reg', '--instcombine', '--adce', '--early-cse-memssa', '--instcombine', '--simplifycfg', '--sroa', '--sccp', '--gvn-hoist', '--simplifycfg', '--gvn', '--nary-reassociate', '--correlated-propagation', '--loop-instsimplify', '--early-cse', '--mem2reg', '--jump-threading', '--globalopt', '--elim-avail-extern', '--instcombine', '--simplifycfg', '--sroa', '--mem2reg', '--gvn-hoist', '--sccp', '--early-cse', '--lower-constant-intrinsics', '--adce', '--gvn-hoist', '--adce', '--lower-constant-intrinsics', '--newgvn', '--simplifycfg', '--lower-expect', '--simplifycfg', '--gvn-hoist', '--instcombine', '--elim-avail-extern', '--gvn', '--gvn', '--ipsccp', '--gvn', '--nary-reassociate', '--lower-constant-intrinsics', '--loop-instsimplify', '--early-cse', '--mem2reg', '--jump-threading', '--globalopt', '--elim-avail-extern', '--instcombine', '--simplifycfg', '--sroa', '--lower-constant-intrinsics', '--early-cse', '--lower-expect', '--sroa', '--sccp', '--sroa', '--lower-expect', '--globalopt', '--elim-avail-extern', '--lower-expect']",76,-6.4527276628629,0.0,-3.0420459102907853,0.0,1,-6.4527276628629,-3.0420459102907853,0.0,-86.80203045685279,15.241344066153994,17.647058823529413,34
224,"['--mem2reg', '--mergefunc', '--instcombine', '--mem2reg', '--adce', '--early-cse-memssa', '--flattencfg', '--instcombine', '--ipsccp', '--instcombine', '--elim-avail-extern', '--lower-expect', '--early-cse-memssa', '--mem2reg', '--instcombine', '--adce', '--early-cse-memssa', '--instcombine', '--simplifycfg', '--sroa', '--sccp', '--gvn-hoist', '--simplifycfg', '--gvn', '--nary-reassociate', '--correlated-propagation', '--loop-instsimplify', '--early-cse', '--mem2reg', '--jump-threading', '--globalopt', '--elim-avail-extern', '--instcombine', '--simplifycfg', '--sroa', '--mem2reg', '--gvn-hoist', '--sccp', '--early-cse', '--lower-constant-intrinsics', '--adce', '--gvn-hoist', '--adce', '--lower-constant-intrinsics', '--newgvn', '--simplifycfg', '--lower-expect', '--simplifycfg', '--gvn-hoist', '--instcombine', '--globalopt', '--elim-avail-extern', '--gvn', '--gvn', '--ipsccp', '--gvn', '--nary-reassociate', '--lower-constant-intrinsics', '--loop-instsimplify', '--early-cse', '--mem2reg', '--jump-threading', '--globalopt', '--elim-avail-extern', '--instcombine', '--simplifycfg', '--sroa', '--lower-constant-intrinsics', '--early-cse', '--lower-expect', '--sroa', '--sccp', '--sroa', '--lower-expect', '--globalopt', '--elim-avail-extern', '--lower-expect']",77,-6.4527276628629,0.0,-3.0420459102907853,0.0,1,-6.4527276628629,-3.0420459102907853,0.0,-86.80203045685279,15.241344066153994,17.647058823529413,34
334,"['--mem2reg', '--mergefunc', '--instcombine', '--mem2reg', '--adce', '--early-cse-memssa', '--flattencfg', '--instcombine', '--ipsccp', '--instcombine', '--elim-avail-extern', '--lower-expect', '--early-cse-memssa', '--mem2reg', '--instcombine', '--adce', '--early-cse-memssa', '--instcombine', '--simplifycfg', '--elim-avail-extern', '--gvn', '--gvn', '--ipsccp', '--gvn', '--nary-reassociate', '--lower-constant-intrinsics', '--loop-instsimplify', '--early-cse', '--mem2reg', '--jump-threading', '--globalopt', '--elim-avail-extern', '--instcombine', '--simplifycfg', '--sroa', '--mem2reg', '--gvn-hoist', '--sccp', '--early-cse', '--lower-constant-intrinsics', '--adce', '--gvn-hoist', '--adce', '--lower-constant-intrinsics', '--newgvn', '--simplifycfg', '--lower-expect', '--simplifycfg', '--gvn-hoist', '--instcombine', '--globalopt', '--elim-avail-extern', '--gvn', '--gvn', '--ipsccp', '--gvn', '--nary-reassociate', '--lower-constant-intrinsics', '--loop-instsimplify', '--early-cse', '--mem2reg', '--jump-threading', '--globalopt', '--elim-avail-extern', '--instcombine', '--simplifycfg', '--sroa', '--lower-constant-intrinsics', '--early-cse', '--lower-expect', '--sroa', '--sccp', '--sroa', '--lower-expect', '--globalopt', '--elim-avail-extern', '--lower-expect']",77,-6.4527276628629,0.0,-3.0420459102907853,0.0,1,-6.4527276628629,-3.0420459102907853,0.0,-86.80203045685279,15.241344066153994,17.647058823529413,34
271,"['--mem2reg', '--mergefunc', '--instcombine', '--mem2reg', '--adce', '--early-cse-memssa', '--flattencfg', '--nary-reassociate', '--ipsccp', '--instcombine', '--elim-avail-extern', '--lower-expect', '--early-cse-memssa', '--mem2reg', '--instcombine', '--adce', '--early-cse-memssa', '--instcombine', '--simplifycfg', '--sroa', '--sccp', '--gvn-hoist', '--simplifycfg', '--gvn', '--instcombine', '--correlated-propagation', '--loop-instsimplify', '--early-cse', '--mem2reg', '--jump-threading', '--globalopt', '--elim-avail-extern', '--instcombine', '--simplifycfg', '--sroa', '--mem2reg', '--gvn-hoist', '--sccp', '--early-cse', '--lower-constant-intrinsics', '--adce', '--gvn-hoist', '--adce', '--lower-constant-intrinsics', '--newgvn', '--simplifycfg', '--lower-expect', '--simplifycfg', '--gvn-hoist', '--instcombine', '--globalopt', '--elim-avail-extern', '--gvn', '--gvn', '--ipsccp', '--gvn', '--nary-reassociate', '--lower-constant-intrinsics', '--loop-instsimplify', '--early-cse', '--mem2reg', '--jump-threading', '--globalopt', '--elim-avail-extern', '--instcombine', '--simplifycfg', '--sroa', '--lower-constant-intrinsics', '--early-cse', '--lower-expect', '--sroa', '--sccp', '--sroa', '--lower-expect', '--globalopt', '--elim-avail-extern', '--lower-expect']",77,-6.4527276628629,0.0,-3.0420459102907853,0.0,1,-6.4527276628629,-3.0420459102907853,0.0,-86.80203045685279,15.241344066153994,17.647058823529413,34
277,"['--mem2reg', '--mergefunc', '--instcombine', '--mem2reg', '--adce', '--early-cse-memssa', '--flattencfg', '--instcombine', '--ipsccp', '--instcombine', '--elim-avail-extern', '--lower-expect', '--early-cse-memssa', '--mem2reg', '--instcombine', '--adce', '--early-cse-memssa', '--instcombine', '--simplifycfg', '--sroa', '--sccp', '--gvn-hoist', '--simplifycfg', '--gvn', '--nary-reassociate', '--correlated-propagation', '--loop-instsimplify', '--early-cse', '--mem2reg', '--jump-threading', '--globalopt', '--elim-avail-extern', '--instcombine', '--simplifycfg', '--sroa', '--mem2reg', '--gvn-hoist', '--sccp', '--early-cse', '--lower-constant-intrinsics', '--adce', '--gvn-hoist', '--lower-constant-intrinsics', '--newgvn', '--simplifycfg', '--lower-expect', '--simplifycfg', '--gvn-hoist', '--instcombine', '--globalopt', '--elim-avail-extern', '--gvn', '--gvn', '--ipsccp', '--gvn', '--nary-reassociate', '--lower-constant-intrinsics', '--loop-instsimplify', '--early-cse', '--jump-threading', '--globalopt', '--elim-avail-extern', '--instcombine', '--simplifycfg', '--sroa', '--lower-constant-intrinsics', '--early-cse', '--lower-expect', '--sroa', '--sccp', '--sroa', '--lower-expect', '--globalopt', '--elim-avail-extern', '--lower-expect']",75,-6.4527276628629,0.0,-3.0420459102907853,0.0,1,-6.4527276628629,-3.0420459102907853,0.0,-86.80203045685279,15.241344066153994,17.647058823529413,34
333,"['--ipsccp', '--lower-constant-intrinsics', '--sccp', '--early-cse', '--mem2reg', '--jump-threading', '--globalopt', '--irce', '--instcombine', '--adce', '--jump-threading', '--gvn', '--simplifycfg', '--gvn', '--instsimplify', '--gvn-hoist', '--mergefunc', '--gvn-hoist', '--instcombine', '--globalopt', '--elim-avail-extern', '--gvn', '--gvn', '--ipsccp', '--gvn', '--nary-reassociate', '--lower-constant-intrinsics', '--loop-instsimplify', '--early-cse', '--mem2reg', '--jump-threading', '--globalopt', '--elim-avail-extern', '--instcombine', '--simplifycfg', '--sroa', '--mem2reg', '--gvn-hoist', '--sccp', '--early-cse', '--lower-constant-intrinsics', '--adce', '--gvn-hoist', '--adce', '--lower-constant-intrinsics', '--newgvn', '--simplifycfg', '--lower-expect', '--simplifycfg', '--gvn-hoist', '--instcombine', '--globalopt', '--elim-avail-extern', '--gvn', '--gvn', '--ipsccp', '--gvn', '--nary-reassociate', '--lower-constant-intrinsics', '--loop-instsimplify', '--early-cse', '--mem2reg', '--jump-threading', '--globalopt', '--elim-avail-extern', '--instcombine', '--simplifycfg', '--correlated-propagation', '--lower-constant-intrinsics', '--early-cse', '--lower-expect', '--sroa', '--sccp', '--sroa', '--lower-expect', '--globalopt', '--elim-avail-extern', '--lower-expect']",78,-6.470907370628511,0.0,-3.072753231317206,0.0,1,-6.470907370628511,-3.072753231317206,0.0,-86.29441624365482,15.19283623611195,17.647058823529413,34
623,"['--ipsccp', '--speculative-execution', '--mem2reg', '--sccp', '--early-cse', '--mem2reg', '--jump-threading', '--loop-simplifycfg', '--instcombine', '--instsimplify', '--jump-threading', '--gvn', '--simplifycfg', '--adce', '--gvn-hoist', '--load-store-vectorizer', '--gvn-hoist', '--instcombine', '--globalopt', '--gvn', '--gvn', '--ipsccp', '--gvn', '--nary-reassociate', '--lower-constant-intrinsics', '--loop-instsimplify', '--early-cse', '--mem2reg', '--jump-threading', '--globalopt', '--elim-avail-extern', '--instcombine', '--simplifycfg', '--sroa', '--mem2reg', '--gvn-hoist', '--sccp', '--early-cse', '--lower-constant-intrinsics', '--adce', '--gvn-hoist', '--adce', '--lower-constant-intrinsics', '--dse', '--newgvn', '--simplifycfg', '--lower-expect', '--simplifycfg', '--gvn-hoist', '--instcombine', '--globalopt', '--instcombine', '--globalopt', '--elim-avail-extern', '--gvn', '--gvn', '--ipsccp', '--gvn', '--nary-reassociate', '--lower-constant-intrinsics', '--early-cse', '--mem2reg', '--jump-threading', '--globalopt', '--slp-vectorizer', '--instcombine', '--simplifycfg', '--sroa', '--lower-constant-intrinsics', '--early-cse', '--lower-expect', '--sroa', '--sroa', '--lower-expect', '--globalopt', '--elim-avail-extern', '--lower-expect']",77,-6.488532763511936,0.0,-1.8013129868168498,0.0,1,-6.488532763511936,-1.8013129868168498,0.0,-86.29441624365482,16.08136258693416,23.52941176470588,34
1232,"['--ipsccp', '--speculative-execution', '--sccp', '--early-cse', '--mem2reg', '--globalopt', '--elim-avail-extern', '--instcombine', '--adce', '--jump-threading', '--gvn', '--simplifycfg', '--instsimplify', '--inline', '--gvn-hoist', '--mergefunc', '--gvn-hoist', '--instcombine', '--globalopt', '--elim-avail-extern', '--indvars', '--indvars', '--gvn', '--gvn', '--ipsccp', '--gvn', '--nary-reassociate', '--loop-instsimplify', '--early-cse', '--mem2reg', '--jump-threading', '--globalopt', '--instcombine', '--simplifycfg', '--sroa', '--gvn-hoist', '--sccp', '--sccp', '--sccp', '--early-cse', '--lower-constant-intrinsics', '--adce', '--gvn-hoist', '--adce', '--loop-simplify', '--dse', '--lower-constant-intrinsics', '--simplifycfg', '--lower-expect', '--simplifycfg', '--gvn-hoist', '--instcombine', '--globalopt', '--aggressive-instcombine', '--gvn', '--gvn', '--ipsccp', '--gvn', '--lower-constant-intrinsics', '--loop-instsimplify', '--early-cse', '--mem2reg', '--early-cse-memssa', '--jump-threading', '--globalopt', '--slp-vectorizer', '--instcombine', '--simplifycfg', '--sroa', '--loop-sink', '--early-cse', '--lower-expect', '--lower-expect', '--loweratomic', '--elim-avail-extern', '--elim-avail-extern', '--lower-expect', '--slsr']",78,-6.546216204908303,0.0,-1.8133457997678444,0.0,1,-6.546216204908303,-1.8133457997678444,0.2507999247129682,-68.52791878172589,12.156186197883024,26.47058823529412,34
477,"['--ipsccp', '--speculative-execution', '--sccp', '--early-cse', '--mem2reg', '--jump-threading', '--globalopt', '--elim-avail-extern', '--instcombine', '--adce', '--jump-threading', '--gvn', '--simplifycfg', '--instsimplify', '--gvn-hoist', '--mergefunc', '--gvn-hoist', '--instcombine', '--globalopt', '--elim-avail-extern', '--gvn', '--gvn', '--ipsccp', '--functionattrs', '--nary-reassociate', '--lower-constant-intrinsics', '--loop-instsimplify', '--strip', '--early-cse', '--mem2reg', '--lower-constant-intrinsics', '--globalopt', '--elim-avail-extern', '--instcombine', '--lower-expect', '--sroa', '--mem2reg', '--sccp', '--early-cse', '--adce', '--gvn-hoist', '--adce', '--lower-constant-intrinsics', '--newgvn', '--simplifycfg', '--lower-expect', '--simplifycfg', '--gvn-hoist', '--instcombine', '--globalopt', '--elim-avail-extern', '--gvn', '--gvn', '--ipsccp', '--gvn', '--nary-reassociate', '--lower-constant-intrinsics', '--loop-instsimplify', '--early-cse', '--jump-threading', '--globalopt', '--elim-avail-extern', '--instcombine', '--simplifycfg', '--sroa', '--jump-threading', '--early-cse', '--lower-expect', '--sroa', '--sccp', '--sroa', '--lower-expect', '--globalopt', '--elim-avail-extern', '--lower-expect']",75,-6.559460328053424,0.0,-3.1633463577190732,0.0,1,-6.559460328053424,-3.1633463577190732,0.0,-86.29441624365482,15.398917362347074,17.647058823529413,34
281,"['--sroa', '--gvn-hoist', '--reassociate', '--elim-avail-extern', '--early-cse-memssa', '--mem2reg', '--aggressive-instcombine', '--instcombine', '--ipsccp', '--instcombine', '--elim-avail-extern', '--lower-expect', '--early-cse-memssa', '--mem2reg', '--instcombine', '--adce', '--early-cse-memssa', '--instcombine', '--simplifycfg', '--ipsccp', '--sccp', '--gvn-hoist', '--simplifycfg', '--gvn', '--nary-reassociate', '--correlated-propagation', '--loop-instsimplify', '--early-cse', '--mem2reg', '--jump-threading', '--globalopt', '--elim-avail-extern', '--instcombine', '--simplifycfg', '--sroa', '--mem2reg', '--gvn-hoist', '--sccp', '--early-cse', '--lower-constant-intrinsics', '--adce', '--gvn-hoist', '--adce', '--lower-constant-intrinsics', '--newgvn', '--simplifycfg', '--lower-expect', '--simplifycfg', '--gvn-hoist', '--instcombine', '--globalopt', '--elim-avail-extern', '--gvn', '--gvn', '--ipsccp', '--gvn', '--nary-reassociate', '--lower-constant-intrinsics', '--loop-instsimplify', '--early-cse', '--mem2reg', '--jump-threading', '--globalopt', '--elim-avail-extern', '--instcombine', '--simplifycfg', '--sroa', '--lower-constant-intrinsics', '--early-cse', '--lower-expect', '--sroa', '--sccp', '--sroa', '--lower-expect', '--globalopt', '--elim-avail-extern', '--lower-expect']",77,-6.587433351645308,0.0,-3.243351987031142,0.0,1,-6.587433351645308,-3.243351987031142,0.0,-86.80203045685279,15.0786053784254,17.647058823529413,34
374,"['--ipsccp', '--lower-constant-intrinsics', '--sccp', '--early-cse', '--mem2reg', '--jump-threading', '--globalopt', '--elim-avail-extern', '--instcombine', '--adce', '--jump-threading', '--gvn', '--simplifycfg', '--instsimplify', '--gvn-hoist', '--mergefunc', '--jump-threading', '--instcombine', '--globalopt', '--elim-avail-extern', '--gvn', '--gvn', '--ipsccp', '--gvn', '--nary-reassociate', '--loop-instsimplify', '--early-cse', '--mem2reg', '--jump-threading', '--globalopt', '--globalopt', '--elim-avail-extern', '--instcombine', '--simplifycfg', '--sroa', '--mem2reg', '--gvn-hoist', '--sccp', '--early-cse', '--lower-constant-intrinsics', '--adce', '--gvn-hoist', '--adce', '--lower-constant-intrinsics', '--newgvn', '--simplifycfg', '--lower-expect', '--simplifycfg', '--gvn-hoist', '--instcombine', '--globalopt', '--elim-avail-extern', '--gvn', '--gvn', '--ipsccp', '--gvn', '--nary-reassociate', '--lower-constant-intrinsics', '--loop-instsimplify', '--early-cse', '--mem2reg', '--gvn-hoist', '--globalopt', '--elim-avail-extern', '--instcombine', '--simplifycfg', '--sroa', '--lower-constant-intrinsics', '--early-cse', '--lower-expect', '--sroa', '--sccp', '--sroa', '--lower-expect', '--globalopt', '--elim-avail-extern', '--lower-expect']",77,-6.597339964271681,0.0,-3.214452161420032,0.0,1,-6.597339964271681,-3.214452161420032,0.0,-86.29441624365482,15.394420196772447,17.647058823529413,34
317,"['--ipsccp', '--lower-constant-intrinsics', '--sccp', '--early-cse', '--mem2reg', '--jump-threading', '--globalopt', '--elim-avail-extern', '--instcombine', '--adce', '--jump-threading', '--gvn', '--simplifycfg', '--instsimplify', '--gvn-hoist', '--mergefunc', '--gvn-hoist', '--instcombine', '--globalopt', '--elim-avail-extern', '--gvn', '--gvn', '--ipsccp', '--gvn', '--nary-reassociate', '--lower-constant-intrinsics', '--loop-instsimplify', '--early-cse', '--mem2reg', '--jump-threading', '--globalopt', '--elim-avail-extern', '--instcombine', '--lower-expect', '--sroa', '--load-store-vectorizer', '--mem2reg', '--gvn-hoist', '--sccp', '--early-cse', '--lower-constant-intrinsics', '--adce', '--gvn-hoist', '--adce', '--lower-constant-intrinsics', '--newgvn', '--simplifycfg', '--lower-expect', '--ipsccp', '--simplifycfg', '--gvn-hoist', '--instcombine', '--globalopt', '--elim-avail-extern', '--gvn', '--gvn', '--ipsccp', '--gvn', '--nary-reassociate', '--lower-constant-intrinsics', '--loop-reroll', '--loop-instsimplify', '--early-cse', '--mem2reg', '--jump-threading', '--globalopt', '--elim-avail-extern', '--instcombine', '--simplifycfg', '--sroa', '--lower-constant-intrinsics', '--early-cse', '--lower-expect', '--sroa', '--sccp', '--sroa', '--lower-expect', '--globalopt', '--elim-avail-extern', '--lower-expect']",80,-6.665001167989072,0.0,-2.1584354544261934,0.0,1,-6.665001167989072,-2.1584354544261934,0.0,-86.29441624365482,15.167628124635444,23.52941176470588,34
1268,"['--ipsccp', '--speculative-execution', '--sccp', '--early-cse', '--mem2reg', '--jump-threading', '--globalopt', '--elim-avail-extern', '--instcombine', '--adce', '--jump-threading', '--gvn', '--simplifycfg', '--instsimplify', '--inline', '--mergefunc', '--gvn-hoist', '--instcombine', '--globalopt', '--elim-avail-extern', '--elim-avail-extern', '--indvars', '--gvn', '--gvn', '--ipsccp', '--gvn', '--nary-reassociate', '--loop-instsimplify', '--early-cse', '--mem2reg', '--jump-threading', '--globalopt', '--instcombine', '--instcombine', '--simplifycfg', '--sroa', '--mem2reg', '--gvn-hoist', '--sccp', '--early-cse', '--lower-constant-intrinsics', '--adce', '--gvn-hoist', '--adce', '--loop-simplify', '--dse', '--loop-sink', '--simplifycfg', '--lower-expect', '--simplifycfg', '--indvars', '--instcombine', '--globalopt', '--aggressive-instcombine', '--gvn', '--gvn', '--ipsccp', '--gvn', '--lower-constant-intrinsics', '--loop-instsimplify', '--early-cse', '--mem2reg', '--early-cse-memssa', '--jump-threading', '--globalopt', '--slp-vectorizer', '--sroa', '--early-cse', '--lower-expect', '--sroa', '--sroa', '--lower-expect', '--aggressive-instcombine']",73,-6.67067760544552,0.0,-2.001972935732896,0.0,1,-6.67067760544552,-2.001972935732896,0.33965251356555703,-68.52791878172589,11.9860966835173,26.47058823529412,34
1275,"['--ipsccp', '--speculative-execution', '--sccp', '--early-cse', '--mem2reg', '--jump-threading', '--globalopt', '--elim-avail-extern', '--instcombine', '--adce', '--jump-threading', '--gvn', '--simplifycfg', '--instsimplify', '--inline', '--gvn-hoist', '--mergefunc', '--gvn-hoist', '--instcombine', '--globalopt', '--elim-avail-extern', '--indvars', '--gvn', '--gvn', '--ipsccp', '--gvn', '--nary-reassociate', '--loop-instsimplify', '--early-cse', '--mem2reg', '--jump-threading', '--globalopt', '--instcombine', '--instcombine', '--simplifycfg', '--sroa', '--mem2reg', '--gvn-hoist', '--sccp', '--early-cse', '--lower-constant-intrinsics', '--adce', '--gvn-hoist', '--adce', '--loop-simplify', '--dse', '--loop-sink', '--simplifycfg', '--lower-expect', '--simplifycfg', '--indvars', '--instcombine', '--globalopt', '--aggressive-instcombine', '--gvn', '--gvn', '--ipsccp', '--gvn', '--lower-constant-intrinsics', '--loop-instsimplify', '--early-cse', '--mem2reg', '--early-cse-memssa', '--separate-const-offset-from-gep', '--jump-threading', '--globalopt', '--slp-vectorizer', '--early-cse', '--lower-expect', '--sroa', '--sroa', '--lower-expect', '--globaldce']",73,-6.67067760544552,0.0,-2.001972935732896,0.0,1,-6.67067760544552,-2.001972935732896,0.33965251356555703,-68.52791878172589,11.9860966835173,26.47058823529412,34
341,"['--ipsccp', '--speculative-execution', '--sccp', '--early-cse', '--mem2reg', '--mem2reg', '--globalopt', '--instcombine', '--instcombine', '--elim-avail-extern', '--lower-expect', '--early-cse-memssa', '--mem2reg', '--instcombine', '--adce', '--early-cse-memssa', '--instcombine', '--globalopt', '--sroa', '--sccp', '--gvn-hoist', '--simplifycfg', '--gvn', '--nary-reassociate', '--correlated-propagation', '--loop-instsimplify', '--early-cse', '--mem2reg', '--jump-threading', '--simplifycfg', '--elim-avail-extern', '--instcombine', '--simplifycfg', '--sroa', '--jump-threading', '--gvn-hoist', '--sccp', '--early-cse', '--lower-constant-intrinsics', '--adce', '--gvn-hoist', '--adce', '--lower-constant-intrinsics', '--newgvn', '--simplifycfg', '--lower-expect', '--simplifycfg', '--gvn-hoist', '--instcombine', '--globalopt', '--elim-avail-extern', '--gvn', '--gvn', '--gvn', '--ipsccp', '--nary-reassociate', '--lower-constant-intrinsics', '--loop-instsimplify', '--early-cse', '--jump-threading', '--globalopt', '--elim-avail-extern', '--instcombine', '--simplifycfg', '--sroa', '--lower-constant-intrinsics', '--early-cse', '--lower-expect', '--sroa', '--sccp', '--sroa', '--lower-expect', '--globalopt', '--elim-avail-extern', '--lower-expect']",75,-6.6739421443592235,0.0,-3.363787951489722,0.0,1,-6.6739421443592235,-3.363787951489722,0.0,-86.80203045685279,15.04042357212521,17.647058823529413,34
673,"['--ipsccp', '--speculative-execution', '--sccp', '--early-cse', '--mem2reg', '--jump-threading', '--globalopt', '--elim-avail-extern', '--instcombine', '--adce', '--jump-threading', '--gvn', '--simplifycfg', '--instsimplify', '--gvn-hoist', '--mergefunc', '--gvn-hoist', '--instcombine', '--elim-avail-extern', '--indvars', '--gvn', '--gvn', '--ipsccp', '--gvn', '--nary-reassociate', '--lower-constant-intrinsics', '--loop-instsimplify', '--strip', '--mem2reg', '--elim-avail-extern', '--instcombine', '--simplifycfg', '--sroa', '--mem2reg', '--gvn-hoist', '--sccp', '--early-cse', '--lower-constant-intrinsics', '--adce', '--gvn-hoist', '--adce', '--sroa', '--aggressive-instcombine', '--lower-constant-intrinsics', '--dse', '--newgvn', '--simplifycfg', '--lower-expect', '--simplifycfg', '--gvn-hoist', '--instcombine', '--globalopt', '--elim-avail-extern', '--gvn', '--gvn', '--ipsccp', '--gvn', '--nary-reassociate', '--lower-constant-intrinsics', '--loop-instsimplify', '--early-cse', '--mem2reg', '--jump-threading', '--globalopt', '--slp-vectorizer', '--instcombine', '--early-cse', '--lower-expect', '--sroa', '--sroa', '--lower-expect', '--globalopt', '--elim-avail-extern', '--lower-expect']",74,-6.699499446612915,0.0,-2.3781471442421562,0.0,1,-6.699499446612915,-2.3781471442421562,0.43655874448557375,-71.06598984771574,13.86477323725416,23.52941176470588,34
292,"['--ipsccp', '--lower-constant-intrinsics', '--sccp', '--early-cse', '--mem2reg', '--inferattrs', '--globalopt', '--elim-avail-extern', '--instcombine', '--instcombine', '--elim-avail-extern', '--lower-expect', '--early-cse-memssa', '--mem2reg', '--instcombine', '--adce', '--early-cse-memssa', '--instcombine', '--globalopt', '--sroa', '--sccp', '--gvn-hoist', '--simplifycfg', '--gvn', '--nary-reassociate', '--correlated-propagation', '--loop-instsimplify', '--early-cse', '--mem2reg', '--jump-threading', '--simplifycfg', '--elim-avail-extern', '--instcombine', '--simplifycfg', '--sroa', '--mem2reg', '--gvn-hoist', '--sccp', '--early-cse', '--lower-constant-intrinsics', '--adce', '--gvn-hoist', '--adce', '--lower-constant-intrinsics', '--newgvn', '--simplifycfg', '--lower-expect', '--simplifycfg', '--gvn-hoist', '--instcombine', '--globalopt', '--elim-avail-extern', '--gvn', '--gvn', '--ipsccp', '--gvn', '--nary-reassociate', '--lower-constant-intrinsics', '--loop-instsimplify', '--early-cse', '--mem2reg', '--jump-threading', '--globalopt', '--elim-avail-extern', '--instcombine', '--simplifycfg', '--sroa', '--lower-constant-intrinsics', '--early-cse', '--lower-expect', '--sroa', '--sccp', '--sroa', '--lower-expect', '--globalopt', '--elim-avail-extern', '--lower-expect']",77,-6.711742927800177,0.0,-3.414893755190681,0.0,1,-6.711742927800177,-3.414893755190681,0.0,-86.80203045685279,15.035137878777546,17.647058823529413,34
2654,"['--ipsccp', '--speculative-execution', '--sccp', '--early-cse', '--early-cse', '--mem2reg', '--jump-threading', '--loop-unroll-and-jam', '--globalopt', '--elim-avail-extern', '--bdce', '--instcombine', '--loop-instsimplify', '--jump-threading', '--gvn', '--simplifycfg', '--instsimplify', '--inline', '--mergefunc', '--gvn-hoist', '--instcombine', '--globalopt', '--elim-avail-extern', '--loweratomic', '--indvars', '--indvars', '--gvn', '--ipsccp', '--gvn', '--nary-reassociate', '--adce', '--mem2reg', '--memcpyopt', '--globalopt', '--jump-threading', '--bdce', '--elim-avail-extern', '--instcombine', '--simplifycfg', '--sroa', '--lower-constant-intrinsics', '--adce', '--slsr', '--gvn-hoist', '--adce', '--loop-simplify', '--adce', '--loop-simplify', '--dse', '--scalarizer', '--scalarizer', '--simplifycfg', '--lower-expect', '--simplifycfg', '--elim-avail-extern', '--lower-constant-intrinsics', '--lower-constant-intrinsics', '--ipsccp', '--nary-reassociate', '--adce', '--gvn', '--jump-threading', '--globalopt', '--slp-vectorizer', '--instcombine', '--slp-vectorizer', '--instcombine', '--simplifycfg', '--sroa', '--early-cse', '--lower-expect', '--loop-fusion', '--sroa', '--aggressive-instcombine']",74,-6.758701365227882,0.0,-1.4960608271124378,0.0,1,-6.758701365227882,-1.4960608271124378,0.18927233814874267,-68.52791878172589,12.248910390112,29.411764705882355,34
2241,"['--ipsccp', '--speculative-execution', '--sccp', '--lower-constant-intrinsics', '--early-cse', '--mem2reg', '--jump-threading', '--globalopt', '--elim-avail-extern', '--instcombine', '--loop-instsimplify', '--jump-threading', '--gvn', '--simplifycfg', '--instsimplify', '--inline', '--mergefunc', '--gvn-hoist', '--instcombine', '--globalopt', '--elim-avail-extern', '--loweratomic', '--indvars', '--indvars', '--gvn', '--gvn', '--ipsccp', '--gvn', '--nary-reassociate', '--adce', '--early-cse', '--mem2reg', '--jump-threading', '--globalopt', '--elim-avail-extern', '--instcombine', '--simplifycfg', '--sroa', '--mem2reg', '--globaldce', '--gvn-hoist', '--sccp', '--early-cse', '--lower-constant-intrinsics', '--adce', '--slsr', '--gvn-hoist', '--adce', '--sroa', '--dse', '--scalarizer', '--adce', '--loop-simplify', '--dse', '--scalarizer', '--simplifycfg', '--mergereturn', '--lower-expect', '--elim-avail-extern', '--lower-constant-intrinsics', '--ipsccp', '--nary-reassociate', '--gvn', '--jump-threading', '--globalopt', '--slp-vectorizer', '--instcombine', '--slp-vectorizer', '--instcombine', '--simplifycfg', '--sroa', '--early-cse', '--lower-expect', '--sroa', '--loop-simplify', '--aggressive-instcombine']",76,-6.758701365227882,0.0,-1.4960608271124378,0.0,1,-6.758701365227882,-1.4960608271124378,0.18927233814874267,-68.52791878172589,12.248910390112,29.411764705882355,34
1449,"['--ipsccp', '--speculative-execution', '--sccp', '--early-cse', '--mem2reg', '--jump-threading', '--globalopt', '--elim-avail-extern', '--instcombine', '--adce', '--jump-threading', '--gvn', '--simplifycfg', '--instsimplify', '--inline', '--mergefunc', '--gvn-hoist', '--instcombine', '--globalopt', '--elim-avail-extern', '--indvars', '--indvars', '--gvn', '--gvn', '--ipsccp', '--gvn', '--nary-reassociate', '--loop-instsimplify', '--early-cse', '--mem2reg', '--jump-threading', '--globalopt', '--elim-avail-extern', '--instcombine', '--simplifycfg', '--sroa', '--mem2reg', '--gvn', '--gvn-hoist', '--sccp', '--early-cse', '--lower-constant-intrinsics', '--adce', '--adce', '--loop-simplify', '--dse', '--scalarizer', '--ipconstprop', '--simplifycfg', '--lower-expect', '--gvn-hoist', '--elim-avail-extern', '--lower-constant-intrinsics', '--gvn', '--ipsccp', '--gvn', '--nary-reassociate', '--gvn', '--early-cse', '--mem2reg', '--jump-threading', '--globalopt', '--slp-vectorizer', '--instcombine', '--simplifycfg', '--sroa', '--loop-instsimplify', '--early-cse', '--lower-expect', '--sroa', '--sroa', '--lower-expect', '--aggressive-instcombine']",73,-6.782415830928892,0.0,-1.528193056520908,0.0,1,-6.782415830928892,-1.528193056520908,0.18927233814874267,-68.52791878172589,12.24506332655858,29.411764705882355,34
255,"['--mem2reg', '--mergefunc', '--instcombine', '--mem2reg', '--early-cse-memssa', '--mem2reg', '--aggressive-instcombine', '--gvn-hoist', '--globalopt', '--mem2reg', '--early-cse-memssa', '--load-store-vectorizer', '--lower-constant-intrinsics', '--newgvn', '--simplifycfg', '--lower-expect', '--mem2reg', '--globalopt', '--newgvn', '--simplifycfg', '--gvn-hoist', '--ipsccp', '--instcombine', '--adce', '--early-cse', '--aggressive-instcombine', '--loop-instsimplify', '--early-cse', '--mem2reg', '--jump-threading', '--globalopt', '--elim-avail-extern', '--instcombine', '--simplifycfg', '--sroa', '--loop-reroll', '--gvn-hoist', '--sccp', '--early-cse', '--lower-constant-intrinsics', '--adce', '--gvn-hoist', '--adce', '--lower-constant-intrinsics', '--newgvn', '--simplifycfg', '--lower-expect', '--gvn-hoist', '--instcombine', '--globalopt', '--elim-avail-extern', '--gvn', '--gvn', '--ipsccp', '--gvn', '--nary-reassociate', '--lower-constant-intrinsics', '--loop-instsimplify', '--early-cse', '--jump-threading', '--globalopt', '--loop-vectorize', '--elim-avail-extern', '--instcombine', '--simplifycfg', '--sroa', '--lower-constant-intrinsics', '--early-cse', '--lower-expect', '--sroa', '--sccp', '--sroa', '--lower-expect', '--globalopt', '--elim-avail-extern', '--lower-expect']",76,-6.7914521611785545,0.0,-2.2710330732979336,0.0,1,-6.7914521611785545,-2.2710330732979336,0.43655874448557375,-86.80203045685279,15.587655914992231,23.52941176470588,34
316,"['--mem2reg', '--mergefunc', '--instcombine', '--mem2reg', '--early-cse-memssa', '--mem2reg', '--aggressive-instcombine', '--gvn-hoist', '--globalopt', '--mem2reg', '--early-cse-memssa', '--load-store-vectorizer', '--lower-constant-intrinsics', '--newgvn', '--simplifycfg', '--lower-expect', '--mem2reg', '--globalopt', '--newgvn', '--simplifycfg', '--gvn-hoist', '--ipsccp', '--instcombine', '--adce', '--early-cse', '--aggressive-instcombine', '--loop-instsimplify', '--early-cse', '--mem2reg', '--jump-threading', '--globalopt', '--elim-avail-extern', '--instcombine', '--simplifycfg', '--sroa', '--loop-reroll', '--gvn-hoist', '--sccp', '--early-cse', '--lower-constant-intrinsics', '--adce', '--gvn-hoist', '--adce', '--lower-constant-intrinsics', '--newgvn', '--simplifycfg', '--lower-expect', '--simplifycfg', '--gvn-hoist', '--instcombine', '--globalopt', '--elim-avail-extern', '--gvn', '--loop-versioning-licm', '--gvn', '--ipsccp', '--gvn', '--nary-reassociate', '--lower-constant-intrinsics', '--loop-instsimplify', '--early-cse', '--mem2reg', '--jump-threading', '--globalopt', '--elim-avail-extern', '--instcombine', '--simplifycfg', '--correlated-propagation', '--lower-constant-intrinsics', '--early-cse', '--lower-expect', '--sroa', '--sccp', '--sroa', '--lower-expect', '--globalopt', '--elim-avail-extern', '--lower-expect']",78,-6.796870560915558,0.0,-2.279203007938457,0.0,1,-6.796870560915558,-2.279203007938457,0.43655874448557375,-86.80203045685279,15.580565402558333,23.52941176470588,34
204,"['--mem2reg', '--mergefunc', '--instcombine', '--mem2reg', '--early-cse-memssa', '--mem2reg', '--aggressive-instcombine', '--gvn-hoist', '--globalopt', '--mem2reg', '--early-cse-memssa', '--load-store-vectorizer', '--lower-constant-intrinsics', '--newgvn', '--simplifycfg', '--lower-expect', '--simplifycfg', '--gvn-hoist', '--instcombine', '--globalopt', '--elim-avail-extern', '--gvn', '--gvn', '--ipsccp', '--gvn', '--nary-reassociate', '--lower-constant-intrinsics', '--loop-instsimplify', '--early-cse', '--mem2reg', '--jump-threading', '--globalopt', '--elim-avail-extern', '--instcombine', '--simplifycfg', '--sroa', '--mem2reg', '--gvn-hoist', '--sccp', '--early-cse', '--lower-constant-intrinsics', '--adce', '--gvn-hoist', '--adce', '--lower-constant-intrinsics', '--newgvn', '--simplifycfg', '--lower-expect', '--simplifycfg', '--gvn-hoist', '--instcombine', '--globalopt', '--elim-avail-extern', '--gvn', '--gvn', '--ipsccp', '--gvn', '--nary-reassociate', '--lower-constant-intrinsics', '--loop-instsimplify', '--early-cse', '--mem2reg', '--jump-threading', '--globalopt', '--elim-avail-extern', '--instcombine', '--simplifycfg', '--sroa', '--lower-constant-intrinsics', '--early-cse', '--lower-expect', '--sroa', '--sccp', '--sroa', '--lower-expect', '--globalopt', '--elim-avail-extern', '--lower-expect']",78,-6.816426665150866,0.0,-2.3064907428386485,0.0,1,-6.816426665150866,-2.3064907428386485,0.4158004158004158,-86.80203045685279,15.571468433159977,23.52941176470588,34
503,"['--ipsccp', '--speculative-execution', '--sccp', '--early-cse', '--jump-threading', '--globalopt', '--elim-avail-extern', '--instcombine', '--instsimplify', '--jump-threading', '--gvn', '--simplifycfg', '--adce', '--gvn-hoist', '--mergefunc', '--loop-instsimplify', '--instcombine', '--globalopt', '--elim-avail-extern', '--gvn', '--gvn', '--ipsccp', '--gvn', '--nary-reassociate', '--lower-constant-intrinsics', '--loop-instsimplify', '--early-cse', '--mem2reg', '--jump-threading', '--globalopt', '--elim-avail-extern', '--instcombine', '--simplifycfg', '--sroa', '--mem2reg', '--gvn-hoist', '--sccp', '--early-cse', '--lower-constant-intrinsics', '--adce', '--gvn-hoist', '--adce', '--lower-constant-intrinsics', '--newgvn', '--simplifycfg', '--lower-expect', '--simplifycfg', '--gvn-hoist', '--instcombine', '--elim-avail-extern', '--gvn', '--gvn', '--ipsccp', '--gvn', '--nary-reassociate', '--lower-constant-intrinsics', '--loop-instsimplify', '--early-cse', '--mem2reg', '--jump-threading', '--globalopt', '--slp-vectorizer', '--instcombine', '--simplifycfg', '--sroa', '--lower-constant-intrinsics', '--early-cse', '--lower-expect', '--sroa', '--sroa', '--lower-expect', '--globalopt', '--elim-avail-extern', '--lower-expect']",74,-6.820920235480715,0.0,-3.401263897264101,0.0,1,-6.820920235480715,-3.401263897264101,0.0,-86.80203045685279,16.229134890032284,17.647058823529413,34
232,"['--mem2reg', '--mergefunc', '--instcombine', '--mem2reg', '--early-cse-memssa', '--mem2reg', '--aggressive-instcombine', '--gvn-hoist', '--globalopt', '--mem2reg', '--early-cse-memssa', '--load-store-vectorizer', '--lower-constant-intrinsics', '--newgvn', '--simplifycfg', '--lower-expect', '--simplifycfg', '--gvn-hoist', '--instcombine', '--globalopt', '--elim-avail-extern', '--gvn', '--gvn', '--ipsccp', '--gvn', '--nary-reassociate', '--lower-constant-intrinsics', '--loop-instsimplify', '--early-cse', '--mem2reg', '--jump-threading', '--globalopt', '--elim-avail-extern', '--instcombine', '--simplifycfg', '--sroa', '--mem2reg', '--gvn-hoist', '--sccp', '--early-cse', '--lower-constant-intrinsics', '--gvn-hoist', '--adce', '--lower-constant-intrinsics', '--newgvn', '--simplifycfg', '--early-cse', '--early-cse-memssa', '--instsimplify', '--gvn-hoist', '--simplifycfg', '--mem2reg']",52,-6.8288019661015475,0.0,-2.325714118463408,0.0,1,-6.8288019661015475,-2.325714118463408,0.4158004158004158,-86.80203045685279,15.551046125481099,23.52941176470588,34
2037,"['--ipsccp', '--speculative-execution', '--sccp', '--early-cse', '--mem2reg', '--jump-threading', '--globalopt', '--elim-avail-extern', '--instcombine', '--loop-instsimplify', '--jump-threading', '--gvn', '--simplifycfg', '--instsimplify', '--inline', '--mergefunc', '--gvn-hoist', '--instcombine', '--globalopt', '--elim-avail-extern', '--indvars', '--indvars', '--gvn', '--gvn', '--gvn', '--ipsccp', '--gvn', '--nary-reassociate', '--adce', '--early-cse', '--mem2reg', '--jump-threading', '--globalopt', '--elim-avail-extern', '--instcombine', '--simplifycfg', '--simplifycfg', '--sroa', '--mem2reg', '--globaldce', '--gvn-hoist', '--sccp', '--early-cse', '--lower-constant-intrinsics', '--adce', '--slsr', '--gvn-hoist', '--adce', '--loop-simplify', '--gvn-hoist', '--adce', '--loop-simplify', '--dse', '--scalarizer', '--simplifycfg', '--lower-expect', '--simplifycfg', '--elim-avail-extern', '--lower-constant-intrinsics', '--ipsccp', '--nary-reassociate', '--gvn', '--jump-threading', '--loop-reroll', '--globalopt', '--slp-vectorizer', '--instcombine', '--early-cse', '--sroa', '--sroa', '--lower-expect', '--aggressive-instcombine']",72,-6.833509031297763,0.0,-1.591048735419941,0.0,1,-6.833509031297763,-1.591048735419941,0.18927233814874267,-68.52791878172589,12.284577738504536,29.411764705882355,34
146,"['--ipsccp', '--lower-constant-intrinsics', '--sccp', '--early-cse-memssa', '--gvn', '--prune-eh', '--mem2reg', '--loop-simplifycfg', '--load-store-vectorizer', '--simplifycfg', '--elim-avail-extern', '--loop-instsimplify', '--early-cse', '--mem2reg', '--jump-threading', '--globalopt', '--elim-avail-extern', '--instcombine', '--simplifycfg', '--sroa', '--sccp', '--gvn-hoist', '--newgvn', '--simplifycfg', '--nary-reassociate', '--jump-threading', '--gvn-hoist', '--simplifycfg', '--sroa', '--elim-avail-extern', '--mem2reg', '--gvn', '--lower-constant-intrinsics', '--load-store-vectorizer', '--early-cse-memssa', '--load-store-vectorizer', '--mem2reg', '--instcombine', '--adce', '--simplifycfg', '--gvn-hoist', '--simplifycfg', '--mem2reg', '--ipsccp', '--newgvn', '--sroa', '--instcombine', '--prune-eh', '--gvn', '--instsimplify', '--gvn-hoist', '--simplifycfg', '--mem2reg', '--ipsccp', '--newgvn', '--sroa', '--instsimplify', '--mergefunc', '--simplifycfg', '--instcombine', '--gvn-hoist', '--mem2reg']",62,-6.837238886106473,0.0,-2.33744064132927,0.0,1,-6.837238886106473,-2.33744064132927,0.0,-86.29441624365482,15.547466404036388,23.52941176470588,34
275,"['--ipsccp', '--lower-constant-intrinsics', '--sccp', '--early-cse-memssa', '--gvn', '--prune-eh', '--mem2reg', '--loop-simplifycfg', '--load-store-vectorizer', '--simplifycfg', '--elim-avail-extern', '--loop-instsimplify', '--early-cse', '--mem2reg', '--jump-threading', '--globalopt', '--elim-avail-extern', '--instcombine', '--simplifycfg', '--sroa', '--sccp', '--gvn-hoist', '--newgvn', '--simplifycfg', '--nary-reassociate', '--jump-threading', '--gvn-hoist', '--simplifycfg', '--sroa', '--partially-inline-libcalls', '--mem2reg', '--gvn', '--lower-constant-intrinsics', '--load-store-vectorizer', '--early-cse-memssa', '--load-store-vectorizer', '--mem2reg', '--instcombine', '--adce', '--loop-guard-widening', '--gvn-hoist', '--simplifycfg', '--mem2reg', '--ipsccp', '--newgvn', '--sroa', '--instcombine', '--prune-eh', '--gvn', '--instsimplify', '--gvn-hoist', '--simplifycfg', '--mem2reg', '--ipsccp', '--newgvn', '--sroa', '--instsimplify', '--mergefunc', '--simplifycfg', '--instcombine', '--gvn-hoist', '--mem2reg']",62,-6.837238886106473,0.0,-2.33744064132927,0.0,1,-6.837238886106473,-2.33744064132927,0.0,-86.29441624365482,15.547466404036388,23.52941176470588,34
242,"['--ipsccp', '--lower-constant-intrinsics', '--sccp', '--early-cse-memssa', '--gvn', '--prune-eh', '--mem2reg', '--loop-simplifycfg', '--load-store-vectorizer', '--simplifycfg', '--elim-avail-extern', '--loop-instsimplify', '--early-cse', '--mem2reg', '--jump-threading', '--globalopt', '--elim-avail-extern', '--instcombine', '--simplifycfg', '--sroa', '--sccp', '--gvn-hoist', '--newgvn', '--simplifycfg', '--nary-reassociate', '--jump-threading', '--gvn-hoist', '--simplifycfg', '--sroa', '--elim-avail-extern', '--mem2reg', '--mergefunc', '--lower-constant-intrinsics', '--load-store-vectorizer', '--early-cse-memssa', '--load-store-vectorizer', '--mem2reg', '--instcombine', '--adce', '--simplifycfg', '--gvn-hoist', '--simplifycfg', '--mem2reg', '--ipsccp', '--newgvn', '--sroa', '--instcombine', '--prune-eh', '--gvn-hoist', '--instcombine', '--globalopt', '--elim-avail-extern', '--gvn', '--gvn', '--ipsccp', '--gvn', '--nary-reassociate', '--lower-constant-intrinsics', '--loop-instsimplify', '--early-cse', '--mem2reg', '--jump-threading', '--globalopt', '--elim-avail-extern', '--instcombine', '--simplifycfg', '--sroa', '--lower-constant-intrinsics', '--early-cse', '--lower-expect', '--sroa', '--sccp', '--sroa', '--lower-expect', '--globalopt', '--elim-avail-extern', '--lower-expect']",77,-6.837238886106473,0.0,-2.33744064132927,0.0,1,-6.837238886106473,-2.33744064132927,0.0,-86.29441624365482,15.547466404036388,23.52941176470588,34
190,"['--ipsccp', '--lower-constant-intrinsics', '--sccp', '--early-cse-memssa', '--gvn', '--prune-eh', '--mem2reg', '--loop-simplifycfg', '--load-store-vectorizer', '--simplifycfg', '--elim-avail-extern', '--loop-instsimplify', '--early-cse', '--mem2reg', '--jump-threading', '--globalopt', '--elim-avail-extern', '--instcombine', '--simplifycfg', '--sroa', '--sccp', '--gvn-hoist', '--newgvn', '--simplifycfg', '--nary-reassociate', '--jump-threading', '--gvn-hoist', '--simplifycfg', '--sroa', '--elim-avail-extern', '--mem2reg', '--gvn', '--lower-constant-intrinsics', '--load-store-vectorizer', '--early-cse-memssa', '--load-store-vectorizer', '--mem2reg', '--instcombine', '--adce', '--loop-guard-widening', '--gvn-hoist', '--simplifycfg', '--mem2reg', '--ipsccp', '--newgvn', '--sroa', '--instcombine', '--prune-eh', '--gvn', '--instsimplify', '--gvn-hoist', '--simplifycfg', '--mem2reg', '--ipsccp', '--newgvn', '--sroa', '--instsimplify', '--mergefunc', '--simplifycfg', '--instcombine', '--gvn-hoist', '--mem2reg']",62,-6.837238886106473,0.0,-2.33744064132927,0.0,1,-6.837238886106473,-2.33744064132927,0.0,-86.29441624365482,15.547466404036388,23.52941176470588,34
288,"['--ipsccp', '--lower-constant-intrinsics', '--sccp', '--early-cse-memssa', '--gvn', '--prune-eh', '--mem2reg', '--loop-simplifycfg', '--load-store-vectorizer', '--simplifycfg', '--elim-avail-extern', '--loop-instsimplify', '--early-cse', '--mem2reg', '--jump-threading', '--globalopt', '--elim-avail-extern', '--instcombine', '--simplifycfg', '--sroa', '--sccp', '--gvn-hoist', '--newgvn', '--simplifycfg', '--nary-reassociate', '--jump-threading', '--gvn-hoist', '--simplifycfg', '--sroa', '--elim-avail-extern', '--mem2reg', '--mergefunc', '--lower-constant-intrinsics', '--load-store-vectorizer', '--early-cse-memssa', '--load-store-vectorizer', '--mem2reg', '--instcombine', '--adce', '--simplifycfg', '--gvn-hoist', '--simplifycfg', '--mem2reg', '--ipsccp', '--newgvn', '--sroa', '--instcombine', '--prune-eh', '--gvn', '--instsimplify', '--gvn-hoist', '--simplifycfg', '--mem2reg', '--ipsccp', '--newgvn', '--mergefunc', '--simplifycfg', '--instcombine', '--gvn-hoist', '--mem2reg']",60,-6.837238886106473,0.0,-2.33744064132927,0.0,1,-6.837238886106473,-2.33744064132927,0.0,-86.29441624365482,15.547466404036388,23.52941176470588,34
235,"['--ipsccp', '--lower-constant-intrinsics', '--sccp', '--early-cse-memssa', '--gvn', '--prune-eh', '--mem2reg', '--loop-simplifycfg', '--load-store-vectorizer', '--simplifycfg', '--elim-avail-extern', '--loop-instsimplify', '--early-cse', '--mem2reg', '--jump-threading', '--globalopt', '--elim-avail-extern', '--instcombine', '--simplifycfg', '--sroa', '--sccp', '--gvn-hoist', '--newgvn', '--simplifycfg', '--nary-reassociate', '--jump-threading', '--gvn-hoist', '--simplifycfg', '--sroa', '--elim-avail-extern', '--mem2reg', '--mergefunc', '--lower-constant-intrinsics', '--load-store-vectorizer', '--early-cse-memssa', '--load-store-vectorizer', '--mem2reg', '--instcombine', '--adce', '--simplifycfg', '--gvn-hoist', '--lower-expect', '--mem2reg', '--ipsccp', '--newgvn', '--sroa', '--instcombine', '--prune-eh', '--gvn', '--instsimplify', '--gvn-hoist', '--simplifycfg', '--mem2reg', '--ipsccp', '--newgvn', '--sroa', '--instsimplify', '--gvn', '--early-cse', '--jump-threading', '--globalopt', '--elim-avail-extern', '--instcombine', '--simplifycfg', '--sroa', '--lower-constant-intrinsics', '--early-cse', '--lower-expect', '--sroa', '--sccp', '--sroa', '--lower-expect', '--globalopt', '--elim-avail-extern', '--simplifycfg']",75,-6.837238886106473,0.0,-2.33744064132927,0.0,1,-6.837238886106473,-2.33744064132927,0.0,-86.29441624365482,15.547466404036388,23.52941176470588,34
212,"['--ipsccp', '--lower-constant-intrinsics', '--sccp', '--early-cse-memssa', '--gvn', '--prune-eh', '--mem2reg', '--loop-simplifycfg', '--load-store-vectorizer', '--simplifycfg', '--elim-avail-extern', '--loop-instsimplify', '--early-cse', '--mem2reg', '--jump-threading', '--globalopt', '--elim-avail-extern', '--instcombine', '--simplifycfg', '--sroa', '--sccp', '--gvn-hoist', '--newgvn', '--simplifycfg', '--nary-reassociate', '--jump-threading', '--gvn-hoist', '--simplifycfg', '--sroa', '--elim-avail-extern', '--mem2reg', '--mergefunc', '--lower-constant-intrinsics', '--load-store-vectorizer', '--early-cse-memssa', '--load-store-vectorizer', '--mem2reg', '--instcombine', '--adce', '--simplifycfg', '--gvn-hoist', '--simplifycfg', '--mem2reg', '--ipsccp', '--newgvn', '--sroa', '--instcombine', '--prune-eh', '--gvn', '--instsimplify', '--gvn-hoist', '--simplifycfg', '--mem2reg', '--ipsccp', '--newgvn', '--sroa', '--instsimplify', '--gvn', '--simplifycfg', '--instcombine', '--gvn-hoist', '--mem2reg']",62,-6.837238886106473,0.0,-2.33744064132927,0.0,1,-6.837238886106473,-2.33744064132927,0.0,-86.29441624365482,15.547466404036388,23.52941176470588,34
298,"['--mem2reg', '--mergefunc', '--instcombine', '--mem2reg', '--adce', '--early-cse-memssa', '--flattencfg', '--instcombine', '--lower-expect', '--instcombine', '--elim-avail-extern', '--simplifycfg', '--aggressive-instcombine', '--early-cse-memssa', '--mem2reg', '--instcombine', '--adce', '--early-cse-memssa', '--instcombine', '--simplifycfg', '--sroa', '--sccp', '--gvn-hoist', '--ipsccp', '--nary-reassociate', '--jump-threading', '--load-store-vectorizer', '--early-cse-memssa', '--ipsccp', '--loop-instsimplify', '--early-cse', '--mem2reg', '--jump-threading', '--globalopt', '--elim-avail-extern', '--instcombine', '--mem2reg', '--sccp', '--early-cse', '--adce', '--gvn-hoist', '--adce', '--lower-constant-intrinsics', '--newgvn', '--simplifycfg', '--lower-expect', '--simplifycfg', '--gvn-hoist', '--instcombine', '--globalopt', '--elim-avail-extern', '--gvn', '--gvn', '--ipsccp', '--gvn', '--nary-reassociate', '--lower-constant-intrinsics', '--loop-instsimplify', '--early-cse', '--jump-threading', '--globalopt', '--elim-avail-extern', '--instcombine', '--simplifycfg', '--sroa', '--lower-constant-intrinsics', '--early-cse', '--lower-expect', '--sroa', '--sccp', '--sroa', '--lower-expect', '--globalopt', '--elim-avail-extern', '--lower-expect']",75,-6.847507195668934,0.0,-2.3545491819005475,0.0,1,-6.847507195668934,-2.3545491819005475,0.4158004158004158,-86.80203045685279,15.521835445376412,23.52941176470588,34
282,"['--ipsccp', '--lower-constant-intrinsics', '--sccp', '--early-cse-memssa', '--gvn', '--prune-eh', '--mem2reg', '--loop-simplifycfg', '--load-store-vectorizer', '--simplifycfg', '--elim-avail-extern', '--loop-instsimplify', '--early-cse', '--mem2reg', '--jump-threading', '--mergefunc', '--gvn-hoist', '--instcombine', '--globalopt', '--elim-avail-extern', '--gvn', '--gvn', '--ipsccp', '--gvn', '--nary-reassociate', '--lower-constant-intrinsics', '--loop-instsimplify', '--early-cse', '--mem2reg', '--jump-threading', '--globalopt', '--elim-avail-extern', '--instcombine', '--simplifycfg', '--sroa', '--mem2reg', '--gvn-hoist', '--sccp', '--early-cse', '--lower-constant-intrinsics', '--adce', '--gvn-hoist', '--adce', '--lower-constant-intrinsics', '--newgvn', '--lower-expect', '--simplifycfg', '--gvn-hoist', '--instcombine', '--globalopt', '--elim-avail-extern', '--gvn', '--gvn', '--ipsccp', '--gvn', '--nary-reassociate', '--lower-constant-intrinsics', '--loop-instsimplify', '--early-cse', '--mem2reg', '--jump-threading', '--globalopt', '--elim-avail-extern', '--instcombine', '--simplifycfg', '--sroa', '--lower-constant-intrinsics', '--early-cse', '--lower-expect', '--sroa', '--sccp', '--sroa', '--lower-expect', '--globalopt', '--elim-avail-extern', '--lower-expect']",76,-6.849404887251271,0.0,-2.35666401695403,0.0,1,-6.849404887251271,-2.35666401695403,0.0,-86.29441624365482,15.524951098298665,23.52941176470588,34
259,"['--aggressive-instcombine', '--gvn-hoist', '--elim-avail-extern', '--early-cse-memssa', '--loop-instsimplify', '--mem2reg', '--mergefunc', '--instcombine', '--mem2reg', '--adce', '--jump-threading', '--newgvn', '--instcombine', '--gvn', '--jump-threading', '--newgvn', '--ipsccp', '--loop-simplifycfg', '--newgvn', '--sroa', '--sroa', '--mem2reg', '--gvn', '--lower-constant-intrinsics', '--nary-reassociate', '--lower-constant-intrinsics', '--loop-instsimplify', '--early-cse', '--mem2reg', '--jump-threading', '--globalopt', '--elim-avail-extern', '--instcombine', '--sroa', '--mem2reg', '--gvn-hoist', '--sccp', '--mem2reg', '--lower-constant-intrinsics', '--adce', '--gvn-hoist', '--adce', '--lower-constant-intrinsics', '--newgvn', '--simplifycfg', '--lower-expect', '--simplifycfg', '--gvn-hoist', '--instcombine', '--globalopt', '--elim-avail-extern', '--gvn', '--gvn', '--ipsccp', '--gvn', '--nary-reassociate', '--lower-constant-intrinsics', '--loop-instsimplify', '--early-cse', '--mem2reg', '--jump-threading', '--globalopt', '--elim-avail-extern', '--instcombine', '--simplifycfg', '--sroa', '--lower-constant-intrinsics', '--early-cse', '--lower-expect', '--sroa', '--sccp', '--sroa', '--lower-expect', '--globalopt', '--elim-avail-extern', '--lower-expect']",76,-6.857995011985317,0.0,-3.4550497713047053,0.0,1,-6.857995011985317,-3.4550497713047053,0.33965251356555703,-86.29441624365482,16.19648859977376,17.647058823529413,34
313,"['--aggressive-instcombine', '--gvn-hoist', '--elim-avail-extern', '--inferattrs', '--early-cse-memssa', '--loop-instsimplify', '--mem2reg', '--mergefunc', '--instcombine', '--mem2reg', '--adce', '--jump-threading', '--newgvn', '--instcombine', '--gvn', '--jump-threading', '--newgvn', '--ipsccp', '--loop-simplifycfg', '--newgvn', '--sroa', '--sroa', '--mem2reg', '--gvn', '--lower-constant-intrinsics', '--nary-reassociate', '--lower-constant-intrinsics', '--loop-instsimplify', '--early-cse', '--mem2reg', '--jump-threading', '--globalopt', '--elim-avail-extern', '--instcombine', '--sroa', '--mem2reg', '--gvn-hoist', '--sccp', '--mem2reg', '--lower-constant-intrinsics', '--adce', '--gvn-hoist', '--adce', '--lower-constant-intrinsics', '--newgvn', '--simplifycfg', '--lower-expect', '--simplifycfg', '--gvn-hoist', '--instcombine', '--globalopt', '--elim-avail-extern', '--gvn', '--gvn', '--ipsccp', '--gvn', '--nary-reassociate', '--lower-constant-intrinsics', '--loop-instsimplify', '--early-cse', '--mem2reg', '--jump-threading', '--globalopt', '--elim-avail-extern', '--instcombine', '--simplifycfg', '--sroa', '--lower-constant-intrinsics', '--early-cse', '--lower-expect', '--sroa', '--sccp', '--sroa', '--lower-expect', '--globalopt', '--globalopt', '--elim-avail-extern', '--lower-expect']",78,-6.857995011985317,0.0,-3.4550497713047053,0.0,1,-6.857995011985317,-3.4550497713047053,0.33965251356555703,-86.29441624365482,16.19648859977376,17.647058823529413,34
226,"['--aggressive-instcombine', '--gvn-hoist', '--elim-avail-extern', '--early-cse-memssa', '--loop-instsimplify', '--mem2reg', '--mergefunc', '--instcombine', '--mem2reg', '--adce', '--jump-threading', '--newgvn', '--instcombine', '--gvn', '--jump-threading', '--newgvn', '--ipsccp', '--loop-simplifycfg', '--newgvn', '--sroa', '--sroa', '--mem2reg', '--gvn', '--lower-constant-intrinsics', '--nary-reassociate', '--lower-constant-intrinsics', '--loop-instsimplify', '--early-cse', '--mem2reg', '--jump-threading', '--globalopt', '--elim-avail-extern', '--instcombine', '--sroa', '--mem2reg', '--gvn-hoist', '--sccp', '--early-cse', '--lower-constant-intrinsics', '--adce', '--gvn-hoist', '--adce', '--lower-constant-intrinsics', '--newgvn', '--simplifycfg', '--lower-expect', '--simplifycfg', '--gvn-hoist', '--instcombine', '--globalopt', '--elim-avail-extern', '--gvn', '--gvn', '--ipsccp', '--gvn', '--nary-reassociate', '--lower-constant-intrinsics', '--loop-instsimplify', '--early-cse', '--mem2reg', '--jump-threading', '--globalopt', '--elim-avail-extern', '--instcombine', '--simplifycfg', '--sroa', '--lower-constant-intrinsics', '--early-cse', '--lower-expect', '--sroa', '--sccp', '--sroa', '--lower-expect', '--globalopt', '--elim-avail-extern', '--lower-expect']",76,-6.857995011985317,0.0,-3.4550497713047053,0.0,1,-6.857995011985317,-3.4550497713047053,0.33965251356555703,-86.29441624365482,16.19648859977376,17.647058823529413,34
295,"['--mem2reg', '--mergefunc', '--instcombine', '--mem2reg', '--adce', '--early-cse-memssa', '--flattencfg', '--instcombine', '--ipsccp', '--instcombine', '--elim-avail-extern', '--simplifycfg', '--aggressive-instcombine', '--early-cse-memssa', '--mem2reg', '--instcombine', '--adce', '--early-cse-memssa', '--instcombine', '--simplifycfg', '--sroa', '--sccp', '--gvn-hoist', '--simplifycfg', '--nary-reassociate', '--jump-threading', '--load-store-vectorizer', '--early-cse-memssa', '--lower-expect', '--loop-instsimplify', '--early-cse', '--instcombine', '--simplifycfg', '--sroa', '--mem2reg', '--gvn-hoist', '--sccp', '--early-cse', '--lower-constant-intrinsics', '--adce', '--gvn-hoist', '--adce', '--lower-constant-intrinsics', '--newgvn', '--simplifycfg', '--lower-expect', '--simplifycfg', '--gvn-hoist', '--instsimplify', '--globalopt', '--elim-avail-extern', '--gvn', '--gvn', '--ipsccp', '--gvn', '--loop-predication', '--lower-constant-intrinsics', '--loop-instsimplify', '--early-cse', '--jump-threading', '--globalopt', '--elim-avail-extern', '--instcombine', '--simplifycfg', '--sroa', '--lower-constant-intrinsics', '--die', '--lower-expect', '--sroa', '--sccp', '--sroa', '--lower-expect', '--globalopt', '--elim-avail-extern', '--lower-expect']",75,-6.858515643180276,0.0,-2.370069902061963,0.0,1,-6.858515643180276,-2.370069902061963,0.4158004158004158,-86.80203045685279,15.515514519279224,23.52941176470588,34
314,"['--mem2reg', '--mergefunc', '--instcombine', '--mem2reg', '--early-cse-memssa', '--mem2reg', '--aggressive-instcombine', '--gvn-hoist', '--globalopt', '--mem2reg', '--jump-threading', '--gvn', '--simplifycfg', '--instsimplify', '--gvn-hoist', '--mergefunc', '--gvn-hoist', '--instcombine', '--globalopt', '--elim-avail-extern', '--gvn', '--gvn', '--ipsccp', '--gvn', '--nary-reassociate', '--lower-constant-intrinsics', '--loop-instsimplify', '--early-cse', '--mem2reg', '--jump-threading', '--globalopt', '--elim-avail-extern', '--instcombine', '--lower-expect', '--sroa', '--mem2reg', '--gvn-hoist', '--sccp', '--early-cse', '--lower-constant-intrinsics', '--adce', '--gvn-hoist', '--adce', '--lower-constant-intrinsics', '--newgvn', '--simplifycfg', '--lower-expect', '--mldst-motion', '--ipsccp', '--simplifycfg', '--gvn-hoist', '--instcombine', '--globalopt', '--elim-avail-extern', '--gvn', '--gvn', '--ipsccp', '--gvn', '--nary-reassociate', '--lower-constant-intrinsics', '--loop-reroll', '--loop-instsimplify', '--early-cse', '--mem2reg', '--jump-threading', '--globalopt', '--elim-avail-extern', '--instcombine', '--simplifycfg', '--sroa', '--lower-constant-intrinsics', '--early-cse', '--lower-expect', '--sroa', '--sccp', '--sroa', '--lower-expect', '--globalopt', '--elim-avail-extern', '--lower-expect']",80,-6.869253105173083,0.0,-3.4705704914661206,0.0,1,-6.869253105173083,-3.4705704914661206,0.2636784270373808,-86.29441624365482,16.192664130440807,17.647058823529413,34
357,"['--ipsccp', '--lower-constant-intrinsics', '--sccp', '--early-cse', '--mem2reg', '--jump-threading', '--globalopt', '--elim-avail-extern', '--instcombine', '--adce', '--jump-threading', '--gvn', '--simplifycfg', '--instsimplify', '--gvn-hoist', '--mergefunc', '--gvn-hoist', '--instcombine', '--globalopt', '--elim-avail-extern', '--gvn', '--gvn', '--ipsccp', '--gvn', '--nary-reassociate', '--lower-constant-intrinsics', '--loop-instsimplify', '--early-cse', '--mem2reg', '--jump-threading', '--globalopt', '--elim-avail-extern', '--instcombine', '--simplifycfg', '--sroa', '--mem2reg', '--gvn-hoist', '--sccp', '--early-cse', '--lower-constant-intrinsics', '--adce', '--gvn-hoist', '--loop-unroll', '--adce', '--lower-constant-intrinsics', '--newgvn', '--simplifycfg', '--lower-expect', '--simplifycfg', '--gvn-hoist', '--instcombine', '--globalopt', '--elim-avail-extern', '--gvn', '--ipsccp', '--gvn', '--nary-reassociate', '--lower-constant-intrinsics', '--loop-instsimplify', '--loop-rotate', '--early-cse', '--mem2reg', '--jump-threading', '--globalopt', '--elim-avail-extern', '--instcombine', '--simplifycfg', '--sroa', '--lower-constant-intrinsics', '--early-cse', '--early-cse', '--sroa', '--sccp', '--sroa', '--lower-expect', '--globalopt', '--elim-avail-extern', '--lower-expect']",78,-6.897604614693716,0.0,-2.9659563476786386,0.0,1,-6.897604614693716,-2.9659563476786386,0.0,-91.87817258883248,15.849020598170897,20.588235294117645,34
305,"['--ipsccp', '--lower-constant-intrinsics', '--sccp', '--early-cse', '--mem2reg', '--jump-threading', '--globalopt', '--elim-avail-extern', '--instcombine', '--adce', '--jump-threading', '--gvn', '--simplifycfg', '--instsimplify', '--gvn-hoist', '--mergefunc', '--gvn-hoist', '--instcombine', '--globalopt', '--elim-avail-extern', '--gvn', '--gvn', '--ipsccp', '--gvn', '--nary-reassociate', '--lower-constant-intrinsics', '--loop-instsimplify', '--early-cse', '--mem2reg', '--jump-threading', '--globalopt', '--elim-avail-extern', '--instcombine', '--simplifycfg', '--sroa', '--mem2reg', '--gvn-hoist', '--sccp', '--early-cse', '--lower-constant-intrinsics', '--adce', '--gvn-hoist', '--adce', '--lower-constant-intrinsics', '--newgvn', '--simplifycfg', '--lower-expect', '--simplifycfg', '--gvn-hoist', '--instcombine', '--globalopt', '--elim-avail-extern', '--gvn', '--gvn', '--ipsccp', '--gvn', '--nary-reassociate', '--lower-constant-intrinsics', '--loop-instsimplify', '--loop-rotate', '--mem2reg', '--jump-threading', '--globalopt', '--elim-avail-extern', '--instcombine', '--simplifycfg', '--correlated-propagation', '--lower-constant-intrinsics', '--early-cse', '--lower-expect', '--sroa', '--sccp', '--sroa', '--lower-expect', '--elim-avail-extern', '--lower-expect']",76,-6.902998874080943,0.0,-2.974126282319162,0.0,1,-6.902998874080943,-2.974126282319162,0.0,-91.87817258883248,15.841688682239251,20.588235294117645,34
264,"['--mem2reg', '--mergefunc', '--instcombine', '--mem2reg', '--adce', '--early-cse-memssa', '--flattencfg', '--instcombine', '--lower-expect', '--instcombine', '--elim-avail-extern', '--simplifycfg', '--aggressive-instcombine', '--early-cse-memssa', '--mem2reg', '--instcombine', '--adce', '--early-cse-memssa', '--instcombine', '--simplifycfg', '--sroa', '--sccp', '--gvn-hoist', '--simplifycfg', '--nary-reassociate', '--jump-threading', '--load-store-vectorizer', '--early-cse-memssa', '--ipsccp', '--loop-instsimplify', '--early-cse', '--mem2reg', '--jump-threading', '--globalopt', '--elim-avail-extern', '--instcombine', '--mem2reg', '--simplifycfg', '--early-cse-memssa', '--mem2reg', '--instcombine', '--globalopt']",42,-6.925421415422635,0.0,-2.4150332902097116,0.0,1,-6.925421415422635,-2.4150332902097116,0.4158004158004158,-88.83248730964468,15.847346830594697,23.52941176470588,34
179,"['--mem2reg', '--mergefunc', '--instcombine', '--mem2reg', '--adce', '--early-cse-memssa', '--flattencfg', '--instcombine', '--ipsccp', '--instcombine', '--elim-avail-extern', '--simplifycfg', '--aggressive-instcombine', '--early-cse-memssa', '--mem2reg', '--instcombine', '--adce', '--early-cse-memssa', '--instcombine', '--simplifycfg', '--sroa', '--sccp', '--gvn-hoist', '--simplifycfg', '--nary-reassociate', '--jump-threading', '--load-store-vectorizer', '--early-cse-memssa', '--lower-expect', '--loop-instsimplify', '--early-cse', '--mem2reg', '--jump-threading', '--globalopt', '--elim-avail-extern', '--instcombine', '--mem2reg', '--simplifycfg', '--early-cse-memssa', '--mem2reg', '--instcombine', '--globalopt']",42,-6.925421415422635,0.0,-2.4150332902097116,0.0,1,-6.925421415422635,-2.4150332902097116,0.4158004158004158,-88.83248730964468,15.847346830594697,23.52941176470588,34
319,"['--mem2reg', '--mergefunc', '--instcombine', '--mem2reg', '--adce', '--early-cse-memssa', '--flattencfg', '--instcombine', '--lower-expect', '--instcombine', '--elim-avail-extern', '--simplifycfg', '--aggressive-instcombine', '--early-cse-memssa', '--mem2reg', '--instcombine', '--adce', '--early-cse-memssa', '--instcombine', '--simplifycfg', '--sroa', '--sccp', '--gvn-hoist', '--simplifycfg', '--nary-reassociate', '--jump-threading', '--load-store-vectorizer', '--early-cse-memssa', '--ipsccp', '--loop-instsimplify', '--early-cse', '--mem2reg', '--jump-threading', '--globalopt', '--elim-avail-extern', '--instcombine', '--simplifycfg', '--mem2reg', '--simplifycfg', '--early-cse-memssa', '--mem2reg', '--instcombine', '--globalopt']",43,-6.925421415422635,0.0,-2.4150332902097116,0.0,1,-6.925421415422635,-2.4150332902097116,0.4158004158004158,-88.83248730964468,15.847346830594697,23.52941176470588,34
284,"['--mem2reg', '--mergefunc', '--instcombine', '--mem2reg', '--adce', '--early-cse-memssa', '--flattencfg', '--gvn-hoist', '--globalopt', '--mem2reg', '--early-cse-memssa', '--load-store-vectorizer', '--newgvn', '--simplifycfg', '--lower-expect', '--simplifycfg', '--gvn-hoist', '--instcombine', '--globalopt', '--elim-avail-extern', '--gvn', '--gvn', '--ipsccp', '--gvn', '--nary-reassociate', '--lower-constant-intrinsics', '--loop-instsimplify', '--early-cse', '--mem2reg', '--jump-threading', '--globalopt', '--elim-avail-extern', '--instcombine', '--simplifycfg', '--sroa', '--mem2reg', '--gvn-hoist', '--sccp', '--early-cse', '--lower-constant-intrinsics', '--adce', '--gvn-hoist', '--adce', '--lower-constant-intrinsics', '--newgvn', '--simplifycfg', '--lower-expect', '--simplifycfg', '--gvn-hoist', '--instcombine', '--globalopt', '--elim-avail-extern', '--gvn', '--gvn', '--ipsccp', '--gvn', '--nary-reassociate', '--lower-constant-intrinsics', '--loop-instsimplify', '--early-cse', '--mem2reg', '--jump-threading', '--globalopt', '--elim-avail-extern', '--instcombine', '--simplifycfg', '--sroa', '--lower-constant-intrinsics', '--early-cse', '--lower-expect', '--sroa', '--sccp', '--sroa', '--lower-expect', '--globalopt', '--elim-avail-extern', '--lower-expect']",77,-6.930567602118938,0.0,-2.4625117908367713,0.0,1,-6.930567602118938,-2.4625117908367713,0.0,-86.80203045685279,15.542719942854779,23.52941176470588,34
395,"['--ipsccp', '--speculative-execution', '--sccp', '--early-cse', '--mem2reg', '--jump-threading', '--globalopt', '--elim-avail-extern', '--instcombine', '--early-cse', '--jump-threading', '--gvn', '--simplifycfg', '--adce', '--gvn-hoist', '--mergefunc', '--gvn-hoist', '--instcombine', '--globalopt', '--elim-avail-extern', '--gvn', '--gvn', '--ipsccp', '--gvn', '--nary-reassociate', '--lower-constant-intrinsics', '--loop-instsimplify', '--early-cse', '--mem2reg', '--jump-threading', '--globalopt', '--elim-avail-extern', '--instcombine', '--simplifycfg', '--sroa', '--mem2reg', '--gvn-hoist', '--sccp', '--early-cse', '--lower-constant-intrinsics', '--adce', '--loop-unroll-and-jam', '--gvn-hoist', '--adce', '--lower-constant-intrinsics', '--newgvn', '--simplifycfg', '--lower-expect', '--simplifycfg', '--gvn-hoist', '--instcombine', '--tailcallelim', '--elim-avail-extern', '--gvn', '--gvn', '--ipsccp', '--gvn', '--nary-reassociate', '--lower-constant-intrinsics', '--loop-instsimplify', '--early-cse', '--mem2reg', '--jump-threading', '--globalopt', '--elim-avail-extern', '--elim-avail-extern', '--instcombine', '--simplifycfg', '--sroa', '--lower-constant-intrinsics', '--early-cse', '--lower-expect', '--sroa', '--sccp', '--sroa', '--lower-expect', '--globalopt', '--elim-avail-extern', '--lower-expect']",79,-6.9446101661415724,0.0,-3.575485735763284,0.0,1,-6.9446101661415724,-3.575485735763284,0.0,-86.29441624365482,16.159370407896972,17.647058823529413,34
488,"['--ipsccp', '--speculative-execution', '--sccp', '--early-cse', '--mem2reg', '--jump-threading', '--lower-constant-intrinsics', '--globalopt', '--elim-avail-extern', '--instcombine', '--instsimplify', '--jump-threading', '--gvn', '--adce', '--gvn-hoist', '--mergefunc', '--gvn-hoist', '--globalopt', '--elim-avail-extern', '--gvn', '--gvn', '--ipsccp', '--gvn', '--nary-reassociate', '--lower-constant-intrinsics', '--loop-instsimplify', '--early-cse', '--mem2reg', '--jump-threading', '--globalopt', '--elim-avail-extern', '--instcombine', '--simplifycfg', '--sroa', '--mem2reg', '--gvn-hoist', '--sccp', '--early-cse', '--lower-constant-intrinsics', '--adce', '--gvn-hoist', '--adce', '--lower-constant-intrinsics', '--newgvn', '--simplifycfg', '--lower-expect', '--simplifycfg', '--gvn-hoist', '--instcombine', '--globalopt', '--elim-avail-extern', '--gvn', '--gvn', '--ipsccp', '--gvn', '--nary-reassociate', '--lower-constant-intrinsics', '--loop-instsimplify', '--early-cse', '--mem2reg', '--jump-threading', '--globalopt', '--elim-avail-extern', '--instcombine', '--simplifycfg', '--sroa', '--lower-expect', '--sroa', '--sccp', '--sroa', '--lower-expect', '--globalopt', '--elim-avail-extern', '--lower-expect']",74,-6.9446101661415724,0.0,-3.575485735763284,0.0,1,-6.9446101661415724,-3.575485735763284,0.0,-86.29441624365482,16.159370407896972,17.647058823529413,34
268,"['--mem2reg', '--mergefunc', '--instcombine', '--mem2reg', '--adce', '--early-cse-memssa', '--flattencfg', '--instcombine', '--ipsccp', '--instcombine', '--elim-avail-extern', '--simplifycfg', '--early-cse-memssa', '--mem2reg', '--instcombine', '--adce', '--early-cse-memssa', '--instcombine', '--simplifycfg', '--sroa', '--sccp', '--gvn-hoist', '--simplifycfg', '--nary-reassociate', '--jump-threading', '--load-store-vectorizer', '--early-cse-memssa', '--lower-expect', '--loop-instsimplify', '--early-cse', '--mem2reg', '--jump-threading', '--globalopt', '--elim-avail-extern', '--instcombine', '--simplifycfg', '--sroa', '--sccp', '--gvn-hoist', '--gvn-hoist', '--adce', '--lower-constant-intrinsics', '--newgvn', '--simplifycfg', '--lower-expect', '--lower-expect', '--simplifycfg', '--gvn-hoist', '--instcombine', '--globalopt', '--elim-avail-extern', '--gvn', '--gvn', '--ipsccp', '--gvn', '--nary-reassociate', '--lower-constant-intrinsics', '--loop-instsimplify', '--early-cse', '--jump-threading', '--globalopt', '--elim-avail-extern', '--instcombine', '--simplifycfg', '--sroa', '--lower-constant-intrinsics', '--early-cse', '--lower-expect', '--sroa', '--sccp', '--sroa', '--lower-expect', '--globalopt', '--elim-avail-extern', '--lower-expect']",75,-6.961590525218599,0.0,-2.5105702298986707,0.0,1,-6.961590525218599,-2.5105702298986707,0.0,-86.80203045685279,15.49251088088714,23.52941176470588,34
267,"['--mem2reg', '--mergefunc', '--lower-constant-intrinsics', '--mem2reg', '--adce', '--early-cse-memssa', '--flattencfg', '--instcombine', '--ipsccp', '--instcombine', '--elim-avail-extern', '--simplifycfg', '--early-cse-memssa', '--mem2reg', '--instcombine', '--adce', '--early-cse-memssa', '--instcombine', '--simplifycfg', '--sroa', '--sccp', '--gvn-hoist', '--simplifycfg', '--nary-reassociate', '--jump-threading', '--load-store-vectorizer', '--early-cse-memssa', '--lower-expect', '--loop-instsimplify', '--early-cse', '--mem2reg', '--jump-threading', '--globalopt', '--elim-avail-extern', '--instcombine', '--simplifycfg', '--sroa', '--sccp', '--gvn-hoist', '--gvn-hoist', '--adce', '--instcombine', '--newgvn', '--simplifycfg', '--lower-expect', '--simplifycfg', '--gvn-hoist', '--instcombine', '--globalopt', '--elim-avail-extern', '--gvn', '--gvn', '--ipsccp', '--gvn', '--nary-reassociate', '--lower-constant-intrinsics', '--loop-instsimplify', '--early-cse', '--mem2reg', '--jump-threading', '--globalopt', '--elim-avail-extern', '--instcombine', '--simplifycfg', '--sroa', '--lower-constant-intrinsics', '--early-cse', '--lower-expect', '--sroa', '--sccp', '--sroa', '--lower-expect', '--globalopt', '--elim-avail-extern', '--lower-expect']",75,-6.961590525218599,0.0,-2.5105702298986707,0.0,1,-6.961590525218599,-2.5105702298986707,0.0,-86.80203045685279,15.49251088088714,23.52941176470588,34
188,"['--mem2reg', '--mergefunc', '--instcombine', '--mem2reg', '--adce', '--early-cse-memssa', '--flattencfg', '--instcombine', '--ipsccp', '--instcombine', '--elim-avail-extern', '--simplifycfg', '--early-cse-memssa', '--mem2reg', '--instcombine', '--adce', '--early-cse-memssa', '--instcombine', '--simplifycfg', '--sroa', '--sccp', '--gvn-hoist', '--simplifycfg', '--nary-reassociate', '--jump-threading', '--load-store-vectorizer', '--early-cse-memssa', '--lower-expect', '--loop-instsimplify', '--early-cse', '--mem2reg', '--jump-threading', '--globalopt', '--elim-avail-extern', '--instcombine', '--simplifycfg', '--sroa', '--sccp', '--gvn-hoist', '--gvn-hoist', '--adce', '--lower-constant-intrinsics', '--newgvn', '--simplifycfg', '--lower-expect', '--simplifycfg', '--gvn-hoist', '--instcombine', '--globalopt', '--elim-avail-extern', '--gvn', '--gvn', '--ipsccp', '--gvn', '--nary-reassociate', '--lower-constant-intrinsics', '--loop-instsimplify', '--early-cse', '--mem2reg', '--jump-threading', '--globalopt', '--elim-avail-extern', '--instcombine', '--simplifycfg', '--sroa', '--lower-constant-intrinsics', '--early-cse', '--lower-expect', '--sroa', '--sccp', '--sroa', '--lower-expect', '--globalopt', '--elim-avail-extern', '--lower-expect']",75,-6.961590525218599,0.0,-2.5105702298986707,0.0,1,-6.961590525218599,-2.5105702298986707,0.0,-86.80203045685279,15.49251088088714,23.52941176470588,34
1350,"['--ipsccp', '--speculative-execution', '--sccp', '--early-cse', '--mem2reg', '--jump-threading', '--globalopt', '--elim-avail-extern', '--instcombine', '--adce', '--loop-guard-widening', '--gvn', '--simplifycfg', '--instsimplify', '--inline', '--gvn-hoist', '--mergefunc', '--gvn-hoist', '--instcombine', '--globalopt', '--elim-avail-extern', '--indvars', '--gvn', '--gvn', '--ipsccp', '--gvn', '--nary-reassociate', '--loop-instsimplify', '--early-cse', '--mem2reg', '--jump-threading', '--globalopt', '--instcombine', '--instcombine', '--simplifycfg', '--sroa', '--mem2reg', '--gvn-hoist', '--sccp', '--early-cse', '--lower-constant-intrinsics', '--adce', '--gvn-hoist', '--adce', '--loop-simplify', '--loop-instsimplify', '--dse', '--scalarizer', '--simplifycfg', '--lower-expect', '--simplifycfg', '--gvn-hoist', '--elim-avail-extern', '--lower-constant-intrinsics', '--gvn', '--ipsccp', '--gvn', '--nary-reassociate', '--gvn', '--early-cse', '--mem2reg', '--jump-threading', '--globalopt', '--slp-vectorizer', '--instcombine', '--simplifycfg', '--instcombine', '--simplifycfg', '--mem2reg', '--loop-unroll-and-jam', '--lower-constant-intrinsics', '--early-cse', '--lower-expect', '--lower-expect', '--loweratomic', '--elim-avail-extern', '--elim-avail-extern', '--memcpyopt', '--slsr']",79,-6.9648629109219815,0.0,-1.7427708221745453,0.0,1,-6.9648629109219815,-1.7427708221745453,0.0,-70.05076142131979,12.460200884087195,29.411764705882355,34
1354,"['--ipsccp', '--speculative-execution', '--sccp', '--early-cse', '--mem2reg', '--jump-threading', '--globalopt', '--elim-avail-extern', '--instcombine', '--adce', '--jump-threading', '--gvn', '--simplifycfg', '--instsimplify', '--inline', '--mergefunc', '--gvn-hoist', '--gvn-hoist', '--instcombine', '--globalopt', '--elim-avail-extern', '--indvars', '--globaldce', '--gvn', '--ipsccp', '--gvn', '--nary-reassociate', '--loop-instsimplify', '--early-cse', '--mem2reg', '--jump-threading', '--globalopt', '--elim-avail-extern', '--instcombine', '--simplifycfg', '--sroa', '--mem2reg', '--gvn', '--gvn-hoist', '--sccp', '--early-cse', '--lower-constant-intrinsics', '--adce', '--gvn-hoist', '--adce', '--lower-expect', '--dse', '--scalarizer', '--simplifycfg', '--lower-expect', '--simplifycfg', '--gvn-hoist', '--elim-avail-extern', '--lower-constant-intrinsics', '--gvn', '--ipsccp', '--gvn', '--nary-reassociate', '--gvn', '--early-cse', '--mem2reg', '--jump-threading', '--globalopt', '--slp-vectorizer', '--instcombine', '--simplifycfg', '--sroa', '--early-cse', '--loop-simplify', '--sroa', '--sroa', '--lower-expect', '--globaldce']",73,-6.973672802683831,0.0,-1.754849575647187,0.0,1,-6.973672802683831,-1.754849575647187,0.0,-70.05076142131979,12.457709150660872,29.411764705882355,34
304,"['--ipsccp', '--lower-constant-intrinsics', '--sccp', '--early-cse', '--mem2reg', '--jump-threading', '--globalopt', '--elim-avail-extern', '--gvn-hoist', '--instcombine', '--adce', '--jump-threading', '--gvn', '--simplifycfg', '--instsimplify', '--gvn-hoist', '--mergefunc', '--gvn-hoist', '--instcombine', '--globalopt', '--elim-avail-extern', '--gvn', '--gvn', '--ipsccp', '--gvn', '--nary-reassociate', '--lower-constant-intrinsics', '--loop-instsimplify', '--early-cse', '--mem2reg', '--jump-threading', '--globalopt', '--elim-avail-extern', '--instcombine', '--lower-expect', '--sroa', '--mem2reg', '--gvn-hoist', '--sccp', '--early-cse', '--lower-constant-intrinsics', '--adce', '--gvn-hoist', '--adce', '--lower-constant-intrinsics', '--newgvn', '--simplifycfg', '--simplifycfg', '--simplifycfg', '--gvn-hoist', '--instcombine', '--globalopt', '--elim-avail-extern', '--gvn', '--gvn', '--ipsccp', '--gvn', '--nary-reassociate', '--lower-constant-intrinsics', '--loop-instsimplify', '--early-cse', '--mem2reg', '--jump-threading', '--globalopt', '--elim-avail-extern', '--instcombine', '--simplifycfg', '--sroa', '--lower-constant-intrinsics', '--early-cse', '--lower-expect', '--sroa', '--sccp', '--sroa', '--lower-expect', '--globalopt', '--elim-avail-extern', '--lower-expect']",78,-6.982380588087345,0.0,-3.6265915394642434,0.0,1,-6.982380588087345,-3.6265915394642434,0.0,-86.29441624365482,16.153781099597513,17.647058823529413,34
309,"['--ipsccp', '--lower-constant-intrinsics', '--sccp', '--early-cse', '--mem2reg', '--jump-threading', '--globalopt', '--elim-avail-extern', '--instcombine', '--adce', '--jump-threading', '--gvn', '--dce', '--instsimplify', '--gvn-hoist', '--mergefunc', '--gvn-hoist', '--instcombine', '--globalopt', '--elim-avail-extern', '--gvn', '--gvn', '--ipsccp', '--gvn', '--nary-reassociate', '--lower-constant-intrinsics', '--loop-instsimplify', '--early-cse', '--mem2reg', '--jump-threading', '--globalopt', '--elim-avail-extern', '--instcombine', '--simplifycfg', '--sroa', '--mem2reg', '--gvn-hoist', '--sccp', '--early-cse', '--lower-constant-intrinsics', '--adce', '--gvn-hoist', '--adce', '--lower-constant-intrinsics', '--newgvn', '--simplifycfg', '--lower-expect', '--simplifycfg', '--gvn-hoist', '--instcombine', '--globalopt', '--elim-avail-extern', '--gvn', '--gvn', '--ipsccp', '--gvn', '--nary-reassociate', '--lower-constant-intrinsics', '--loop-instsimplify', '--early-cse', '--mem2reg', '--jump-threading', '--globalopt', '--elim-avail-extern', '--instcombine', '--simplifycfg', '--sroa', '--lower-constant-intrinsics', '--early-cse', '--lower-expect', '--sroa', '--sccp', '--sroa', '--lower-expect', '--globalopt', '--elim-avail-extern', '--lower-expect']",77,-6.982380588087345,0.0,-3.6265915394642434,0.0,1,-6.982380588087345,-3.6265915394642434,0.0,-86.29441624365482,16.153781099597513,17.647058823529413,34
234,"['--ipsccp', '--lower-constant-intrinsics', '--sccp', '--early-cse', '--mem2reg', '--jump-threading', '--globalopt', '--elim-avail-extern', '--instcombine', '--adce', '--jump-threading', '--gvn', '--globaldce', '--instsimplify', '--gvn-hoist', '--mergefunc', '--gvn-hoist', '--instcombine', '--globalopt', '--elim-avail-extern', '--gvn', '--gvn', '--ipsccp', '--gvn', '--nary-reassociate', '--lower-constant-intrinsics', '--loop-instsimplify', '--early-cse', '--mem2reg', '--jump-threading', '--globalopt', '--elim-avail-extern', '--instcombine', '--simplifycfg', '--sroa', '--mem2reg', '--gvn-hoist', '--sccp', '--early-cse', '--adce', '--gvn-hoist', '--adce', '--lower-constant-intrinsics', '--newgvn', '--simplifycfg', '--lower-expect', '--simplifycfg', '--gvn-hoist', '--instcombine', '--gvn-hoist', '--simplifycfg', '--mem2reg', '--ipsccp', '--newgvn', '--sroa', '--instsimplify', '--mergefunc', '--simplifycfg', '--instcombine', '--gvn-hoist', '--mem2reg']",61,-6.982380588087345,0.0,-3.6265915394642434,0.0,1,-6.982380588087345,-3.6265915394642434,0.0,-86.29441624365482,16.153781099597513,17.647058823529413,34
280,"['--mem2reg', '--mergefunc', '--instcombine', '--mem2reg', '--adce', '--early-cse-memssa', '--flattencfg', '--instcombine', '--ipsccp', '--adce', '--jump-threading', '--gvn', '--simplifycfg', '--instsimplify', '--gvn-hoist', '--mergefunc', '--gvn-hoist', '--instcombine', '--globalopt', '--elim-avail-extern', '--gvn', '--gvn', '--ipsccp', '--gvn', '--nary-reassociate', '--lower-constant-intrinsics', '--loop-instsimplify', '--early-cse', '--mem2reg', '--jump-threading', '--globalopt', '--elim-avail-extern', '--instcombine', '--simplifycfg', '--sroa', '--mem2reg', '--gvn-hoist', '--sccp', '--early-cse', '--lower-constant-intrinsics', '--adce', '--gvn-hoist', '--adce', '--lower-constant-intrinsics', '--newgvn', '--simplifycfg', '--lower-expect', '--simplifycfg', '--gvn-hoist', '--instcombine', '--globalopt', '--elim-avail-extern', '--gvn', '--gvn', '--ipsccp', '--gvn', '--nary-reassociate', '--lower-constant-intrinsics', '--loop-instsimplify', '--early-cse', '--mem2reg', '--jump-threading', '--globalopt', '--elim-avail-extern', '--instcombine', '--simplifycfg', '--correlated-propagation', '--lower-constant-intrinsics', '--early-cse', '--lower-expect', '--sroa', '--sccp', '--sroa', '--lower-expect', '--globalopt', '--elim-avail-extern', '--lower-expect']",77,-6.987755258727152,0.0,-3.6347614741047667,0.0,1,-6.987755258727152,-3.6347614741047667,0.0,-86.29441624365482,16.146253296191645,17.647058823529413,34
330,"['--ipsccp', '--lower-constant-intrinsics', '--sccp', '--early-cse', '--mem2reg', '--jump-threading', '--globalopt', '--elim-avail-extern', '--instcombine', '--adce', '--jump-threading', '--gvn', '--instsimplify', '--gvn-hoist', '--mergefunc', '--gvn-hoist', '--instcombine', '--globalopt', '--elim-avail-extern', '--gvn', '--gvn', '--ipsccp', '--gvn', '--nary-reassociate', '--lower-constant-intrinsics', '--loop-instsimplify', '--early-cse', '--mem2reg', '--jump-threading', '--globalopt', '--elim-avail-extern', '--instcombine', '--lower-expect', '--sroa', '--mem2reg', '--gvn-hoist', '--sccp', '--lowerinvoke', '--early-cse', '--lower-constant-intrinsics', '--adce', '--gvn-hoist', '--adce', '--lower-constant-intrinsics', '--newgvn', '--simplifycfg', '--simplifycfg', '--simplifycfg', '--gvn-hoist', '--instcombine', '--globalopt', '--elim-avail-extern', '--gvn', '--gvn', '--ipsccp', '--gvn', '--nary-reassociate', '--lower-constant-intrinsics', '--loop-instsimplify', '--early-cse', '--mem2reg', '--jump-threading', '--globalopt', '--instcombine', '--simplifycfg', '--correlated-propagation', '--lower-constant-intrinsics', '--early-cse', '--lower-expect', '--sroa', '--sccp', '--sroa', '--lower-expect', '--globalopt', '--elim-avail-extern', '--lower-expect']",76,-6.987755258727152,0.0,-3.6347614741047667,0.0,1,-6.987755258727152,-3.6347614741047667,0.0,-86.29441624365482,16.146253296191645,17.647058823529413,34
205,"['--ipsccp', '--lower-constant-intrinsics', '--sccp', '--early-cse-memssa', '--gvn', '--prune-eh', '--aggressive-instcombine', '--gvn-hoist', '--globalopt', '--mem2reg', '--early-cse-memssa', '--load-store-vectorizer', '--newgvn', '--simplifycfg', '--lower-expect', '--simplifycfg', '--gvn-hoist', '--instcombine', '--globalopt', '--elim-avail-extern', '--gvn', '--gvn', '--ipsccp', '--gvn', '--nary-reassociate', '--correlated-propagation', '--loop-instsimplify', '--early-cse', '--mem2reg', '--jump-threading', '--globalopt', '--elim-avail-extern', '--instcombine', '--simplifycfg', '--sroa', '--mem2reg', '--gvn-hoist', '--sccp', '--early-cse', '--lower-constant-intrinsics', '--adce', '--gvn-hoist', '--adce', '--lower-constant-intrinsics', '--newgvn', '--simplifycfg', '--lower-expect', '--simplifycfg', '--gvn-hoist', '--instcombine', '--globalopt', '--elim-avail-extern', '--gvn', '--gvn', '--ipsccp', '--gvn', '--nary-reassociate', '--lower-constant-intrinsics', '--loop-reroll', '--loop-instsimplify', '--early-cse', '--mem2reg', '--jump-threading', '--globalopt', '--elim-avail-extern', '--instcombine', '--simplifycfg', '--sroa', '--lower-constant-intrinsics', '--early-cse', '--lower-expect', '--sroa', '--sccp', '--sroa', '--lower-expect', '--globalopt', '--elim-avail-extern', '--lower-expect']",78,-6.996636885763972,0.0,-2.5734908138558015,0.0,1,-6.996636885763972,-2.5734908138558015,0.13175230566534915,-86.29441624365482,15.37107010666239,23.52941176470588,34
251,"['--ipsccp', '--lower-constant-intrinsics', '--sccp', '--early-cse-memssa', '--gvn', '--prune-eh', '--aggressive-instcombine', '--gvn-hoist', '--globalopt', '--mem2reg', '--early-cse-memssa', '--load-store-vectorizer', '--newgvn', '--simplifycfg', '--lower-expect', '--simplifycfg', '--gvn-hoist', '--instcombine', '--globalopt', '--elim-avail-extern', '--gvn', '--gvn', '--ipsccp', '--gvn', '--nary-reassociate', '--correlated-propagation', '--loop-instsimplify', '--early-cse', '--mem2reg', '--jump-threading', '--globalopt', '--elim-avail-extern', '--instcombine', '--simplifycfg', '--sroa', '--mem2reg', '--gvn-hoist', '--sccp', '--early-cse', '--lower-constant-intrinsics', '--adce', '--gvn-hoist', '--adce', '--lower-constant-intrinsics', '--newgvn', '--simplifycfg', '--simplifycfg', '--simplifycfg', '--gvn-hoist', '--instcombine', '--globalopt', '--elim-avail-extern', '--gvn', '--gvn', '--ipsccp', '--gvn', '--nary-reassociate', '--lower-constant-intrinsics', '--loop-instsimplify', '--early-cse', '--mem2reg', '--jump-threading', '--globalopt', '--elim-avail-extern', '--instcombine', '--simplifycfg', '--sroa', '--lower-constant-intrinsics', '--early-cse', '--lower-expect', '--sroa', '--sccp', '--sroa', '--lower-expect', '--globalopt', '--elim-avail-extern', '--lower-expect']",77,-6.996636885763972,0.0,-2.5734908138558015,0.0,1,-6.996636885763972,-2.5734908138558015,0.13175230566534915,-86.29441624365482,15.37107010666239,23.52941176470588,34
261,"['--ipsccp', '--lower-constant-intrinsics', '--sccp', '--early-cse-memssa', '--gvn', '--prune-eh', '--aggressive-instcombine', '--gvn-hoist', '--globalopt', '--mem2reg', '--early-cse-memssa', '--load-store-vectorizer', '--newgvn', '--simplifycfg', '--lower-expect', '--simplifycfg', '--gvn-hoist', '--instcombine', '--globalopt', '--elim-avail-extern', '--gvn', '--gvn', '--ipsccp', '--gvn', '--nary-reassociate', '--correlated-propagation', '--loop-instsimplify', '--early-cse', '--mem2reg', '--jump-threading', '--globalopt', '--elim-avail-extern', '--instcombine', '--simplifycfg', '--sroa', '--mem2reg', '--gvn-hoist', '--sccp', '--early-cse', '--lower-constant-intrinsics', '--adce', '--gvn-hoist', '--adce', '--lower-constant-intrinsics', '--newgvn', '--simplifycfg', '--lower-expect', '--simplifycfg', '--gvn-hoist', '--instcombine', '--globalopt', '--elim-avail-extern', '--gvn', '--instcombine', '--ipsccp', '--gvn', '--nary-reassociate', '--lower-constant-intrinsics', '--loop-reroll', '--loop-instsimplify', '--early-cse', '--mem2reg', '--jump-threading', '--globalopt', '--elim-avail-extern', '--gvn', '--simplifycfg', '--sroa', '--lower-constant-intrinsics', '--early-cse', '--lower-expect', '--sroa', '--sccp', '--sroa', '--lower-expect', '--globalopt', '--elim-avail-extern', '--lower-expect']",78,-6.996636885763972,0.0,-2.5734908138558015,0.0,1,-6.996636885763972,-2.5734908138558015,0.13175230566534915,-86.29441624365482,15.37107010666239,23.52941176470588,34
260,"['--ipsccp', '--gvn-hoist', '--reassociate', '--elim-avail-extern', '--early-cse-memssa', '--mem2reg', '--aggressive-instcombine', '--gvn-hoist', '--globalopt', '--mem2reg', '--early-cse-memssa', '--load-store-vectorizer', '--newgvn', '--simplifycfg', '--load-store-vectorizer', '--simplifycfg', '--gvn-hoist', '--instcombine', '--globalopt', '--elim-avail-extern', '--gvn', '--gvn', '--ipsccp', '--gvn', '--nary-reassociate', '--lowerinvoke', '--lower-constant-intrinsics', '--loop-instsimplify', '--early-cse', '--mem2reg', '--jump-threading', '--globalopt', '--elim-avail-extern', '--instcombine', '--simplifycfg', '--sroa', '--mem2reg', '--gvn-hoist', '--sccp', '--early-cse', '--adce', '--nary-reassociate', '--jump-threading', '--load-store-vectorizer', '--early-cse-memssa', '--lower-expect', '--loop-instsimplify', '--lower-expect', '--simplifycfg', '--gvn-hoist', '--instcombine', '--globalopt', '--elim-avail-extern', '--gvn', '--gvn', '--ipsccp', '--gvn', '--nary-reassociate', '--lower-constant-intrinsics', '--loop-instsimplify', '--early-cse', '--mem2reg', '--jump-threading', '--globalopt', '--elim-avail-extern', '--instcombine', '--simplifycfg', '--sroa', '--lower-constant-intrinsics', '--early-cse', '--lower-expect', '--sroa', '--sccp', '--sroa', '--lower-expect', '--globalopt', '--elim-avail-extern', '--lower-expect']",78,-7.022060097335299,0.0,-2.5980323314681213,0.0,1,-7.022060097335299,-2.5980323314681213,0.13175230566534915,-86.80203045685279,15.441240840283255,23.52941176470588,34
252,"['--ipsccp', '--gvn-hoist', '--reassociate', '--elim-avail-extern', '--early-cse-memssa', '--mem2reg', '--aggressive-instcombine', '--gvn-hoist', '--globalopt', '--mem2reg', '--early-cse-memssa', '--load-store-vectorizer', '--newgvn', '--simplifycfg', '--lower-expect', '--simplifycfg', '--gvn-hoist', '--instcombine', '--globalopt', '--elim-avail-extern', '--gvn', '--gvn', '--ipsccp', '--gvn', '--nary-reassociate', '--correlated-propagation', '--loop-instsimplify', '--early-cse', '--mem2reg', '--jump-threading', '--globalopt', '--elim-avail-extern', '--instcombine', '--simplifycfg', '--sroa', '--mem2reg', '--gvn-hoist', '--sccp', '--early-cse', '--adce', '--simplifycfg', '--adce', '--lower-constant-intrinsics', '--newgvn', '--gvn-hoist', '--lower-expect', '--simplifycfg', '--gvn-hoist', '--instcombine', '--globalopt', '--elim-avail-extern', '--gvn', '--gvn', '--ipsccp', '--gvn', '--nary-reassociate', '--lower-constant-intrinsics', '--loop-instsimplify', '--early-cse', '--mem2reg', '--jump-threading', '--globalopt', '--elim-avail-extern', '--instcombine', '--simplifycfg', '--sroa', '--sroa', '--lower-constant-intrinsics', '--early-cse', '--lower-expect', '--lower-expect', '--sccp', '--sroa', '--slsr', '--globalopt', '--elim-avail-extern', '--lower-expect']",77,-7.025622698506345,0.0,-2.6051769536202394,0.0,1,-7.025622698506345,-2.6051769536202394,0.13175230566534915,-86.80203045685279,15.423282185852832,23.52941176470588,34
256,"['--ipsccp', '--gvn-hoist', '--reassociate', '--elim-avail-extern', '--early-cse-memssa', '--aggressive-instcombine', '--gvn-hoist', '--globalopt', '--mem2reg', '--early-cse-memssa', '--load-store-vectorizer', '--newgvn', '--simplifycfg', '--sroa', '--simplifycfg', '--gvn-hoist', '--instcombine', '--globalopt', '--elim-avail-extern', '--gvn', '--gvn', '--ipsccp', '--gvn', '--nary-reassociate', '--lower-constant-intrinsics', '--loop-instsimplify', '--early-cse', '--mem2reg', '--jump-threading', '--globalopt', '--elim-avail-extern', '--instcombine', '--simplifycfg', '--sroa', '--mem2reg', '--gvn-hoist', '--sccp', '--early-cse', '--lower-constant-intrinsics', '--adce', '--gvn-hoist', '--adce', '--lower-constant-intrinsics', '--newgvn', '--simplifycfg', '--lower-expect', '--simplifycfg', '--gvn-hoist', '--instcombine', '--globalopt', '--elim-avail-extern', '--gvn', '--gvn', '--ipsccp', '--gvn', '--nary-reassociate', '--lower-constant-intrinsics', '--loop-instsimplify', '--early-cse', '--mem2reg', '--jump-threading', '--globalopt', '--elim-avail-extern', '--instcombine', '--simplifycfg', '--lower-constant-intrinsics', '--early-cse', '--lower-expect', '--sroa', '--sccp', '--sroa', '--lower-expect', '--globalopt', '--elim-avail-extern', '--lower-expect']",75,-7.0281707170637215,0.0,-2.6076440192805013,0.0,1,-7.0281707170637215,-2.6076440192805013,0.13175230566534915,-86.80203045685279,15.430259378974636,23.52941176470588,34
200,"['--ipsccp', '--gvn-hoist', '--reassociate', '--elim-avail-extern', '--early-cse-memssa', '--mem2reg', '--aggressive-instcombine', '--gvn-hoist', '--globalopt', '--mem2reg', '--early-cse-memssa', '--load-store-vectorizer', '--newgvn', '--simplifycfg', '--sroa', '--simplifycfg', '--gvn-hoist', '--instcombine', '--globalopt', '--elim-avail-extern', '--gvn', '--gvn', '--ipsccp', '--gvn', '--nary-reassociate', '--lower-constant-intrinsics', '--loop-instsimplify', '--early-cse', '--mem2reg', '--jump-threading', '--globalopt', '--elim-avail-extern', '--instcombine', '--simplifycfg', '--sroa', '--mem2reg', '--gvn-hoist', '--sccp', '--early-cse', '--lower-constant-intrinsics', '--adce', '--gvn-hoist', '--adce', '--lower-constant-intrinsics', '--newgvn', '--simplifycfg', '--lower-expect', '--simplifycfg', '--gvn-hoist', '--instcombine', '--globalopt', '--elim-avail-extern', '--gvn', '--gvn', '--ipsccp', '--gvn', '--nary-reassociate', '--lower-constant-intrinsics', '--loop-instsimplify', '--early-cse', '--mem2reg', '--jump-threading', '--globalopt', '--elim-avail-extern', '--instcombine', '--simplifycfg', '--sroa', '--lower-constant-intrinsics', '--early-cse', '--lower-expect', '--lower-expect', '--sccp', '--sroa', '--lower-expect', '--globalopt', '--elim-avail-extern', '--lower-expect']",77,-7.0281707170637215,0.0,-2.6076440192805013,0.0,1,-7.0281707170637215,-2.6076440192805013,0.13175230566534915,-86.80203045685279,15.430259378974636,23.52941176470588,34
197,"['--ipsccp', '--lower-constant-intrinsics', '--sccp', '--early-cse-memssa', '--gvn', '--prune-eh', '--mem2reg', '--loop-simplifycfg', '--load-store-vectorizer', '--simplifycfg', '--elim-avail-extern', '--licm', '--simplifycfg', '--elim-avail-extern', '--early-cse-memssa', '--reassociate', '--mem2reg', '--globalopt', '--newgvn', '--simplifycfg', '--gvn-hoist', '--ipsccp', '--instcombine', '--adce', '--early-cse', '--aggressive-instcombine', '--loop-instsimplify', '--early-cse', '--mem2reg', '--jump-threading', '--globalopt', '--elim-avail-extern', '--instcombine', '--simplifycfg', '--sroa', '--loop-reroll', '--gvn-hoist', '--sccp', '--early-cse', '--lower-constant-intrinsics', '--adce', '--gvn-hoist', '--adce', '--lower-constant-intrinsics', '--newgvn', '--simplifycfg', '--lower-expect', '--gvn-hoist', '--instcombine', '--globalopt', '--elim-avail-extern', '--gvn', '--gvn', '--ipsccp', '--gvn', '--nary-reassociate', '--lower-constant-intrinsics', '--loop-instsimplify', '--early-cse', '--jump-threading', '--globalopt', '--elim-avail-extern', '--instcombine', '--simplifycfg', '--sroa', '--lower-constant-intrinsics', '--early-cse', '--lower-expect', '--sroa', '--sccp', '--sroa', '--lower-expect', '--globalopt', '--elim-avail-extern', '--lower-expect']",75,-7.029678607104918,0.0,-2.609136822411654,0.0,1,-7.029678607104918,-2.609136822411654,0.13175230566534915,-86.80203045685279,15.434142255902962,23.52941176470588,34
192,"['--ipsccp', '--lower-constant-intrinsics', '--sccp', '--early-cse-memssa', '--gvn', '--prune-eh', '--mem2reg', '--loop-simplifycfg', '--load-store-vectorizer', '--simplifycfg', '--elim-avail-extern', '--licm', '--simplifycfg', '--elim-avail-extern', '--early-cse-memssa', '--reassociate', '--mem2reg', '--globalopt', '--newgvn', '--simplifycfg', '--gvn-hoist', '--ipsccp', '--instcombine', '--adce', '--early-cse', '--aggressive-instcombine', '--loop-instsimplify', '--early-cse', '--mem2reg', '--jump-threading', '--globalopt', '--elim-avail-extern', '--instcombine', '--simplifycfg', '--sroa', '--loop-reroll', '--gvn-hoist', '--sccp', '--early-cse', '--reassociate', '--adce', '--gvn-hoist', '--adce', '--lower-constant-intrinsics', '--newgvn', '--simplifycfg', '--lower-expect', '--simplifycfg', '--gvn-hoist', '--instcombine', '--globalopt', '--elim-avail-extern', '--gvn', '--gvn', '--ipsccp', '--gvn', '--nary-reassociate', '--lower-constant-intrinsics', '--loop-instsimplify', '--early-cse', '--jump-threading', '--globalopt', '--elim-avail-extern', '--instcombine', '--simplifycfg', '--sroa', '--lower-constant-intrinsics', '--early-cse', '--lower-expect', '--sroa', '--sccp', '--sccp', '--sroa', '--lower-expect', '--globalopt', '--elim-avail-extern', '--lower-expect']",77,-7.029678607104918,0.0,-2.609136822411654,0.0,1,-7.029678607104918,-2.609136822411654,0.13175230566534915,-86.80203045685279,15.434142255902962,23.52941176470588,34
148,"['--ipsccp', '--lower-constant-intrinsics', '--sccp', '--early-cse-memssa', '--gvn', '--prune-eh', '--mem2reg', '--loop-simplifycfg', '--load-store-vectorizer', '--simplifycfg', '--elim-avail-extern', '--licm', '--simplifycfg', '--elim-avail-extern', '--early-cse-memssa', '--reassociate', '--mem2reg', '--globalopt', '--newgvn', '--simplifycfg', '--gvn-hoist', '--ipsccp', '--instcombine', '--adce', '--early-cse', '--aggressive-instcombine', '--loop-instsimplify', '--early-cse', '--mem2reg', '--jump-threading', '--globalopt', '--elim-avail-extern', '--instcombine', '--simplifycfg', '--sroa', '--loop-reroll', '--gvn-hoist', '--sccp', '--early-cse', '--lower-constant-intrinsics', '--adce', '--gvn-hoist', '--adce', '--lower-constant-intrinsics', '--newgvn', '--simplifycfg', '--lower-expect', '--simplifycfg', '--gvn-hoist', '--instcombine', '--globalopt', '--elim-avail-extern', '--gvn', '--gvn', '--ipsccp', '--gvn', '--nary-reassociate', '--lower-constant-intrinsics', '--loop-instsimplify', '--early-cse', '--jump-threading', '--globalopt', '--elim-avail-extern', '--instcombine', '--simplifycfg', '--sroa', '--lower-constant-intrinsics', '--early-cse', '--lower-expect', '--sroa', '--sccp', '--sroa', '--lower-expect', '--globalopt', '--elim-avail-extern', '--lower-expect']",76,-7.029678607104918,0.0,-2.609136822411654,0.0,1,-7.029678607104918,-2.609136822411654,0.13175230566534915,-86.80203045685279,15.434142255902962,23.52941176470588,34
250,"['--ipsccp', '--gvn-hoist', '--reassociate', '--elim-avail-extern', '--early-cse-memssa', '--mem2reg', '--aggressive-instcombine', '--gvn-hoist', '--globalopt', '--mem2reg', '--early-cse-memssa', '--load-store-vectorizer', '--newgvn', '--simplifycfg', '--lower-expect', '--simplifycfg', '--gvn-hoist', '--instcombine', '--globalopt', '--elim-avail-extern', '--gvn', '--gvn', '--ipsccp', '--gvn', '--nary-reassociate', '--lower-constant-intrinsics', '--loop-instsimplify', '--early-cse', '--mem2reg', '--jump-threading', '--globalopt', '--elim-avail-extern', '--instcombine', '--simplifycfg', '--sroa', '--mem2reg', '--gvn-hoist', '--sccp', '--early-cse', '--lower-constant-intrinsics', '--adce', '--gvn-hoist', '--adce', '--dce', '--newgvn', '--simplifycfg', '--lower-expect', '--simplifycfg', '--gvn-hoist', '--instcombine', '--globalopt', '--elim-avail-extern', '--gvn', '--gvn', '--ipsccp', '--gvn', '--nary-reassociate', '--lower-constant-intrinsics', '--loop-instsimplify', '--early-cse', '--mem2reg', '--jump-threading', '--globalopt', '--elim-avail-extern', '--instcombine', '--simplifycfg', '--sroa', '--lower-constant-intrinsics', '--early-cse', '--lower-expect', '--sroa', '--sccp', '--sroa', '--lower-expect', '--globalopt', '--elim-avail-extern', '--lower-expect']",77,-7.034300326523042,0.0,-2.6172557070928812,0.0,1,-7.034300326523042,-2.6172557070928812,0.13175230566534915,-86.80203045685279,15.419467814974995,23.52941176470588,34
191,"['--ipsccp', '--gvn-hoist', '--reassociate', '--elim-avail-extern', '--early-cse-memssa', '--mem2reg', '--aggressive-instcombine', '--gvn-hoist', '--globalopt', '--mem2reg', '--early-cse-memssa', '--load-store-vectorizer', '--simplifycfg', '--lower-expect', '--simplifycfg', '--gvn-hoist', '--instcombine', '--globalopt', '--elim-avail-extern', '--gvn', '--gvn', '--ipsccp', '--gvn', '--nary-reassociate', '--lower-constant-intrinsics', '--loop-instsimplify', '--early-cse', '--mem2reg', '--jump-threading', '--globalopt', '--elim-avail-extern', '--instcombine', '--simplifycfg', '--sroa', '--mem2reg', '--gvn-hoist', '--sccp', '--early-cse', '--lower-constant-intrinsics', '--adce', '--gvn-hoist', '--adce', '--lower-constant-intrinsics', '--newgvn', '--simplifycfg', '--lower-expect', '--simplifycfg', '--gvn-hoist', '--instcombine', '--globalopt', '--elim-avail-extern', '--gvn', '--gvn', '--ipsccp', '--gvn', '--nary-reassociate', '--lower-constant-intrinsics', '--loop-instsimplify', '--early-cse', '--mem2reg', '--jump-threading', '--globalopt', '--elim-avail-extern', '--instcombine', '--simplifycfg', '--sroa', '--lower-constant-intrinsics', '--early-cse', '--lower-expect', '--sroa', '--sccp', '--sroa', '--lower-expect', '--globalopt', '--elim-avail-extern', '--lower-expect']",76,-7.034300326523042,0.0,-2.6172557070928812,0.0,1,-7.034300326523042,-2.6172557070928812,0.13175230566534915,-86.80203045685279,15.419467814974995,23.52941176470588,34
223,"['--ipsccp', '--gvn-hoist', '--reassociate', '--elim-avail-extern', '--early-cse-memssa', '--mem2reg', '--aggressive-instcombine', '--gvn-hoist', '--globalopt', '--mem2reg', '--early-cse-memssa', '--load-store-vectorizer', '--newgvn', '--simplifycfg', '--lower-expect', '--simplifycfg', '--gvn-hoist', '--instcombine', '--globalopt', '--elim-avail-extern', '--gvn', '--loop-simplify', '--ipsccp', '--gvn', '--nary-reassociate', '--correlated-propagation', '--loop-instsimplify', '--early-cse', '--mem2reg', '--jump-threading', '--globalopt', '--elim-avail-extern', '--instcombine', '--simplifycfg', '--sroa', '--mem2reg', '--gvn-hoist', '--sccp', '--early-cse', '--lower-constant-intrinsics', '--adce', '--gvn-hoist', '--adce', '--lower-constant-intrinsics', '--newgvn', '--simplifycfg', '--lower-expect', '--simplifycfg', '--gvn-hoist', '--instcombine', '--globalopt', '--elim-avail-extern', '--gvn', '--gvn', '--ipsccp', '--gvn', '--nary-reassociate', '--lower-constant-intrinsics', '--loop-instsimplify', '--early-cse', '--mem2reg', '--jump-threading', '--globalopt', '--elim-avail-extern', '--instcombine', '--simplifycfg', '--sroa', '--lower-constant-intrinsics', '--early-cse', '--lower-expect', '--sroa', '--sccp', '--sroa', '--lower-expect', '--globalopt', '--elim-avail-extern', '--lower-expect']",77,-7.034300326523042,0.0,-2.6172557070928812,0.0,1,-7.034300326523042,-2.6172557070928812,0.13175230566534915,-86.80203045685279,15.419467814974995,23.52941176470588,34
229,"['--ipsccp', '--gvn-hoist', '--reassociate', '--elim-avail-extern', '--early-cse-memssa', '--mem2reg', '--aggressive-instcombine', '--gvn-hoist', '--globalopt', '--mem2reg', '--early-cse-memssa', '--load-store-vectorizer', '--newgvn', '--simplifycfg', '--lower-expect', '--simplifycfg', '--gvn-hoist', '--instcombine', '--globalopt', '--elim-avail-extern', '--gvn', '--ipsccp', '--gvn', '--nary-reassociate', '--lower-constant-intrinsics', '--loop-instsimplify', '--early-cse', '--mem2reg', '--jump-threading', '--globalopt', '--elim-avail-extern', '--instcombine', '--simplifycfg', '--sroa', '--mem2reg', '--gvn-hoist', '--sccp', '--early-cse', '--adce', '--gvn-hoist', '--adce', '--lower-constant-intrinsics', '--newgvn', '--simplifycfg', '--lower-expect', '--lower-expect', '--simplifycfg', '--gvn-hoist', '--instcombine', '--globalopt', '--elim-avail-extern', '--gvn', '--gvn', '--ipsccp', '--gvn', '--nary-reassociate', '--lower-constant-intrinsics', '--loop-instsimplify', '--early-cse', '--mem2reg', '--jump-threading', '--globalopt', '--elim-avail-extern', '--instcombine', '--simplifycfg', '--sroa', '--lower-constant-intrinsics', '--early-cse', '--lower-expect', '--sroa', '--sccp', '--sroa', '--lower-expect', '--globalopt', '--elim-avail-extern', '--lower-expect']",76,-7.034300326523042,0.0,-2.6172557070928812,0.0,1,-7.034300326523042,-2.6172557070928812,0.13175230566534915,-86.80203045685279,15.419467814974995,23.52941176470588,34
152,"['--ipsccp', '--gvn-hoist', '--reassociate', '--elim-avail-extern', '--early-cse-memssa', '--mem2reg', '--aggressive-instcombine', '--gvn-hoist', '--globalopt', '--mem2reg', '--early-cse-memssa', '--load-store-vectorizer', '--newgvn', '--simplifycfg', '--lower-expect', '--simplifycfg', '--gvn-hoist', '--instcombine', '--globalopt', '--elim-avail-extern', '--gvn', '--gvn', '--ipsccp', '--gvn', '--nary-reassociate', '--lower-constant-intrinsics', '--loop-instsimplify', '--early-cse', '--mem2reg', '--jump-threading', '--globalopt', '--elim-avail-extern', '--instcombine', '--simplifycfg', '--sroa', '--mem2reg', '--gvn-hoist', '--sccp', '--early-cse', '--adce', '--gvn-hoist', '--adce', '--lower-constant-intrinsics', '--newgvn', '--simplifycfg', '--lower-expect', '--simplifycfg', '--gvn-hoist', '--instcombine', '--globalopt', '--elim-avail-extern', '--gvn', '--gvn', '--ipsccp', '--gvn', '--nary-reassociate', '--lower-constant-intrinsics', '--loop-instsimplify', '--early-cse', '--mem2reg', '--jump-threading', '--globalopt', '--elim-avail-extern', '--instcombine', '--simplifycfg', '--sroa', '--lower-constant-intrinsics', '--early-cse', '--lower-expect', '--sroa', '--sccp', '--sroa', '--lower-expect', '--globalopt', '--elim-avail-extern', '--lower-expect']",76,-7.034300326523042,0.0,-2.6172557070928812,0.0,1,-7.034300326523042,-2.6172557070928812,0.13175230566534915,-86.80203045685279,15.419467814974995,23.52941176470588,34
237,"['--ipsccp', '--gvn-hoist', '--reassociate', '--elim-avail-extern', '--early-cse-memssa', '--mem2reg', '--aggressive-instcombine', '--gvn-hoist', '--globalopt', '--mem2reg', '--early-cse-memssa', '--load-store-vectorizer', '--simplifycfg', '--lower-expect', '--simplifycfg', '--gvn-hoist', '--instcombine', '--globalopt', '--elim-avail-extern', '--gvn', '--gvn', '--ipsccp', '--gvn', '--nary-reassociate', '--lower-constant-intrinsics', '--loop-instsimplify', '--early-cse', '--mem2reg', '--jump-threading', '--reassociate', '--globalopt', '--elim-avail-extern', '--instcombine', '--simplifycfg', '--sroa', '--mem2reg', '--gvn-hoist', '--sccp', '--early-cse', '--lower-constant-intrinsics', '--adce', '--gvn-hoist', '--adce', '--lower-constant-intrinsics', '--newgvn', '--simplifycfg', '--lower-expect', '--simplifycfg', '--gvn-hoist', '--instcombine', '--globalopt', '--elim-avail-extern', '--gvn', '--gvn', '--ipsccp', '--gvn', '--nary-reassociate', '--lower-constant-intrinsics', '--loop-instsimplify', '--early-cse', '--mem2reg', '--jump-threading', '--globalopt', '--elim-avail-extern', '--instcombine', '--simplifycfg', '--sroa', '--lower-constant-intrinsics', '--early-cse', '--lower-expect', '--sroa', '--sccp', '--sroa', '--lower-expect', '--globalopt', '--elim-avail-extern', '--lower-expect']",77,-7.034300326523042,0.0,-2.6172557070928812,0.0,1,-7.034300326523042,-2.6172557070928812,0.13175230566534915,-86.80203045685279,15.419467814974995,23.52941176470588,34
154,"['--ipsccp', '--gvn-hoist', '--reassociate', '--elim-avail-extern', '--early-cse-memssa', '--mem2reg', '--aggressive-instcombine', '--gvn-hoist', '--globalopt', '--mem2reg', '--early-cse-memssa', '--load-store-vectorizer', '--newgvn', '--simplifycfg', '--lower-expect', '--simplifycfg', '--gvn-hoist', '--instcombine', '--globalopt', '--elim-avail-extern', '--gvn', '--gvn', '--ipsccp', '--gvn', '--nary-reassociate', '--correlated-propagation', '--loop-instsimplify', '--early-cse', '--mem2reg', '--jump-threading', '--globalopt', '--elim-avail-extern', '--instcombine', '--simplifycfg', '--sroa', '--mem2reg', '--gvn-hoist', '--sccp', '--early-cse', '--lower-constant-intrinsics', '--adce', '--gvn-hoist', '--adce', '--lower-constant-intrinsics', '--newgvn', '--simplifycfg', '--lower-expect', '--simplifycfg', '--gvn-hoist', '--instcombine', '--globalopt', '--elim-avail-extern', '--gvn', '--gvn', '--ipsccp', '--gvn', '--nary-reassociate', '--lower-constant-intrinsics', '--loop-instsimplify', '--early-cse', '--mem2reg', '--jump-threading', '--globalopt', '--elim-avail-extern', '--instcombine', '--simplifycfg', '--sroa', '--lower-constant-intrinsics', '--early-cse', '--lower-expect', '--sroa', '--sccp', '--sroa', '--lower-expect', '--globalopt', '--elim-avail-extern', '--lower-expect']",77,-7.034300326523042,0.0,-2.6172557070928812,0.0,1,-7.034300326523042,-2.6172557070928812,0.13175230566534915,-86.80203045685279,15.419467814974995,23.52941176470588,34
208,"['--ipsccp', '--gvn-hoist', '--reassociate', '--elim-avail-extern', '--early-cse-memssa', '--mem2reg', '--aggressive-instcombine', '--gvn-hoist', '--globalopt', '--mem2reg', '--early-cse-memssa', '--load-store-vectorizer', '--newgvn', '--simplifycfg', '--lower-expect', '--simplifycfg', '--gvn-hoist', '--instcombine', '--globalopt', '--elim-avail-extern', '--gvn', '--gvn', '--ipsccp', '--gvn', '--nary-reassociate', '--lower-constant-intrinsics', '--loop-instsimplify', '--early-cse', '--mem2reg', '--jump-threading', '--globalopt', '--elim-avail-extern', '--instcombine', '--simple-loop-unswitch', '--simplifycfg', '--sroa', '--mem2reg', '--gvn-hoist', '--sccp', '--early-cse', '--lower-constant-intrinsics', '--adce', '--gvn-hoist', '--adce', '--newgvn', '--simplifycfg', '--lower-expect', '--simplifycfg', '--gvn-hoist', '--instcombine', '--globalopt', '--elim-avail-extern', '--gvn', '--gvn', '--ipsccp', '--gvn', '--nary-reassociate', '--lower-constant-intrinsics', '--loop-instsimplify', '--early-cse', '--mem2reg', '--jump-threading', '--globalopt', '--elim-avail-extern', '--instcombine', '--simplifycfg', '--sroa', '--lower-constant-intrinsics', '--early-cse', '--lower-expect', '--sroa', '--sccp', '--sroa', '--lower-expect', '--globalopt', '--elim-avail-extern', '--lower-expect']",77,-7.034300326523042,0.0,-2.6172557070928812,0.0,1,-7.034300326523042,-2.6172557070928812,0.13175230566534915,-86.80203045685279,15.419467814974995,23.52941176470588,34
285,"['--ipsccp', '--gvn-hoist', '--reassociate', '--elim-avail-extern', '--early-cse-memssa', '--mem2reg', '--aggressive-instcombine', '--gvn-hoist', '--globalopt', '--mem2reg', '--early-cse-memssa', '--load-store-vectorizer', '--newgvn', '--simplifycfg', '--lower-expect', '--simplifycfg', '--gvn-hoist', '--instcombine', '--globalopt', '--elim-avail-extern', '--gvn', '--gvn', '--ipsccp', '--gvn', '--nary-reassociate', '--lower-constant-intrinsics', '--loop-instsimplify', '--early-cse', '--mem2reg', '--jump-threading', '--globalopt', '--elim-avail-extern', '--instcombine', '--simple-loop-unswitch', '--simplifycfg', '--sroa', '--mem2reg', '--gvn-hoist', '--sccp', '--early-cse', '--lower-constant-intrinsics', '--adce', '--gvn-hoist', '--adce', '--newgvn', '--simplifycfg', '--lower-expect', '--simplifycfg', '--gvn-hoist', '--sroa', '--globalopt', '--elim-avail-extern', '--gvn', '--gvn', '--ipsccp', '--gvn', '--nary-reassociate', '--lower-constant-intrinsics', '--loop-instsimplify', '--early-cse', '--mem2reg', '--jump-threading', '--globalopt', '--elim-avail-extern', '--instcombine', '--simplifycfg', '--sroa', '--lower-constant-intrinsics', '--early-cse', '--lower-expect', '--instcombine', '--sccp', '--sroa', '--lower-expect', '--globalopt', '--elim-avail-extern', '--lower-expect']",77,-7.034300326523042,0.0,-2.6172557070928812,0.0,1,-7.034300326523042,-2.6172557070928812,0.13175230566534915,-86.80203045685279,15.419467814974995,23.52941176470588,34
206,"['--ipsccp', '--gvn-hoist', '--reassociate', '--elim-avail-extern', '--early-cse-memssa', '--mem2reg', '--aggressive-instcombine', '--gvn-hoist', '--globalopt', '--mem2reg', '--early-cse-memssa', '--load-store-vectorizer', '--newgvn', '--simplifycfg', '--lower-expect', '--simplifycfg', '--gvn-hoist', '--instcombine', '--globalopt', '--elim-avail-extern', '--gvn', '--gvn', '--ipsccp', '--gvn', '--nary-reassociate', '--lower-constant-intrinsics', '--loop-instsimplify', '--early-cse', '--mem2reg', '--jump-threading', '--globalopt', '--elim-avail-extern', '--instcombine', '--simplifycfg', '--sroa', '--mem2reg', '--gvn-hoist', '--sccp', '--early-cse', '--adce', '--gvn-hoist', '--adce', '--lower-constant-intrinsics', '--newgvn', '--simplifycfg', '--lower-expect', '--simplifycfg', '--gvn-hoist', '--instcombine', '--globalopt', '--elim-avail-extern', '--gvn', '--gvn', '--ipsccp', '--gvn', '--nary-reassociate', '--lower-constant-intrinsics', '--loop-instsimplify', '--die', '--mem2reg', '--jump-threading', '--globalopt', '--elim-avail-extern', '--instcombine', '--simplifycfg', '--sroa', '--lower-constant-intrinsics', '--early-cse', '--lower-expect', '--sroa', '--sccp', '--sroa', '--lower-expect', '--globalopt', '--elim-avail-extern', '--lower-expect']",76,-7.034300326523042,0.0,-2.6172557070928812,0.0,1,-7.034300326523042,-2.6172557070928812,0.13175230566534915,-86.80203045685279,15.419467814974995,23.52941176470588,34
172,"['--ipsccp', '--gvn-hoist', '--reassociate', '--elim-avail-extern', '--early-cse-memssa', '--mem2reg', '--aggressive-instcombine', '--gvn-hoist', '--globalopt', '--mem2reg', '--early-cse-memssa', '--load-store-vectorizer', '--newgvn', '--simplifycfg', '--lower-expect', '--simplifycfg', '--gvn-hoist', '--instcombine', '--globalopt', '--elim-avail-extern', '--gvn', '--gvn', '--ipsccp', '--gvn', '--nary-reassociate', '--lower-constant-intrinsics', '--loop-instsimplify', '--early-cse', '--mem2reg', '--jump-threading', '--globalopt', '--elim-avail-extern', '--instcombine', '--simplifycfg', '--sroa', '--mem2reg', '--gvn-hoist', '--sccp', '--early-cse', '--lower-constant-intrinsics', '--adce', '--gvn-hoist', '--adce', '--newgvn', '--simplifycfg', '--lower-expect', '--simplifycfg', '--gvn-hoist', '--instcombine', '--globalopt', '--elim-avail-extern', '--gvn', '--gvn', '--ipsccp', '--gvn', '--nary-reassociate', '--lower-constant-intrinsics', '--loop-instsimplify', '--early-cse', '--mem2reg', '--jump-threading', '--globalopt', '--elim-avail-extern', '--instcombine', '--simplifycfg', '--sroa', '--lower-constant-intrinsics', '--early-cse', '--lower-expect', '--sroa', '--sccp', '--sroa', '--lower-expect', '--globalopt', '--elim-avail-extern', '--lower-expect']",76,-7.034300326523042,0.0,-2.6172557070928812,0.0,1,-7.034300326523042,-2.6172557070928812,0.13175230566534915,-86.80203045685279,15.419467814974995,23.52941176470588,34
254,"['--ipsccp', '--gvn-hoist', '--reassociate', '--elim-avail-extern', '--early-cse-memssa', '--mem2reg', '--aggressive-instcombine', '--gvn-hoist', '--globalopt', '--mem2reg', '--early-cse-memssa', '--load-store-vectorizer', '--simplifycfg', '--lower-expect', '--simplifycfg', '--gvn-hoist', '--instcombine', '--globalopt', '--elim-avail-extern', '--gvn', '--gvn', '--ipsccp', '--gvn', '--nary-reassociate', '--lower-constant-intrinsics', '--prune-eh', '--loop-instsimplify', '--early-cse', '--mem2reg', '--jump-threading', '--globalopt', '--elim-avail-extern', '--instcombine', '--simplifycfg', '--sroa', '--sroa', '--mem2reg', '--gvn-hoist', '--sccp', '--early-cse', '--adce', '--gvn-hoist', '--adce', '--lower-constant-intrinsics', '--newgvn', '--simplifycfg', '--lower-expect', '--simplifycfg', '--gvn-hoist', '--instcombine', '--globalopt', '--elim-avail-extern', '--gvn', '--gvn', '--ipsccp', '--gvn', '--nary-reassociate', '--lower-constant-intrinsics', '--loop-instsimplify', '--die', '--mem2reg', '--jump-threading', '--globalopt', '--elim-avail-extern', '--instcombine', '--simplifycfg', '--sroa', '--lower-constant-intrinsics', '--early-cse', '--lower-expect', '--sroa', '--sccp', '--sroa', '--lower-expect', '--globalopt', '--elim-avail-extern', '--lower-expect']",77,-7.034300326523042,0.0,-2.6172557070928812,0.0,1,-7.034300326523042,-2.6172557070928812,0.13175230566534915,-86.80203045685279,15.419467814974995,23.52941176470588,34
93,"['--ipsccp', '--gvn-hoist', '--reassociate', '--elim-avail-extern', '--early-cse-memssa', '--mem2reg', '--aggressive-instcombine', '--gvn-hoist', '--globalopt', '--mem2reg', '--early-cse-memssa', '--load-store-vectorizer', '--newgvn', '--simplifycfg', '--lower-expect', '--simplifycfg', '--gvn-hoist', '--instcombine', '--globalopt', '--elim-avail-extern', '--gvn', '--gvn', '--ipsccp', '--gvn', '--nary-reassociate', '--lower-constant-intrinsics', '--loop-instsimplify', '--early-cse', '--mem2reg', '--jump-threading', '--globalopt', '--elim-avail-extern', '--instcombine', '--simplifycfg', '--sroa', '--mem2reg', '--gvn-hoist', '--sccp', '--early-cse', '--lower-constant-intrinsics', '--adce', '--gvn-hoist', '--adce', '--lower-constant-intrinsics', '--newgvn', '--simplifycfg', '--lower-expect', '--simplifycfg', '--gvn-hoist', '--instcombine', '--globalopt', '--elim-avail-extern', '--gvn', '--gvn', '--ipsccp', '--gvn', '--nary-reassociate', '--lower-constant-intrinsics', '--loop-instsimplify', '--early-cse', '--mem2reg', '--jump-threading', '--globalopt', '--elim-avail-extern', '--instcombine', '--simplifycfg', '--sroa', '--lower-constant-intrinsics', '--early-cse', '--lower-expect', '--sroa', '--sccp', '--sroa', '--lower-expect', '--globalopt', '--elim-avail-extern', '--lower-expect']",77,-7.034300326523042,0.0,-2.6172557070928812,0.0,1,-7.034300326523042,-2.6172557070928812,0.13175230566534915,-86.80203045685279,15.419467814974995,23.52941176470588,34
196,"['--ipsccp', '--gvn-hoist', '--reassociate', '--elim-avail-extern', '--early-cse-memssa', '--mem2reg', '--aggressive-instcombine', '--gvn-hoist', '--globalopt', '--mem2reg', '--early-cse-memssa', '--load-store-vectorizer', '--newgvn', '--simplifycfg', '--lower-expect', '--simplifycfg', '--gvn-hoist', '--instcombine', '--globalopt', '--elim-avail-extern', '--gvn', '--gvn', '--ipsccp', '--gvn', '--nary-reassociate', '--correlated-propagation', '--loop-instsimplify', '--early-cse', '--mem2reg', '--jump-threading', '--globalopt', '--elim-avail-extern', '--instcombine', '--simplifycfg', '--sroa', '--mem2reg', '--gvn-hoist', '--sccp', '--early-cse', '--adce', '--simplifycfg', '--adce', '--lower-constant-intrinsics', '--newgvn', '--gvn-hoist', '--lower-expect', '--simplifycfg', '--gvn-hoist', '--instcombine', '--globalopt', '--elim-avail-extern', '--gvn', '--gvn', '--ipsccp', '--gvn', '--nary-reassociate', '--lower-constant-intrinsics', '--loop-instsimplify', '--early-cse', '--mem2reg', '--jump-threading', '--globalopt', '--elim-avail-extern', '--instcombine', '--simplifycfg', '--sroa', '--lower-constant-intrinsics', '--early-cse', '--lower-expect', '--sroa', '--sccp', '--sroa', '--lower-expect', '--globalopt', '--elim-avail-extern', '--lower-expect']",76,-7.034300326523042,0.0,-2.6172557070928812,0.0,1,-7.034300326523042,-2.6172557070928812,0.13175230566534915,-86.80203045685279,15.419467814974995,23.52941176470588,34
231,"['--mem2reg', '--mergefunc', '--instcombine', '--mem2reg', '--adce', '--early-cse-memssa', '--flattencfg', '--instcombine', '--ipsccp', '--instcombine', '--elim-avail-extern', '--simplifycfg', '--early-cse-memssa', '--mem2reg', '--instcombine', '--adce', '--early-cse-memssa', '--instcombine', '--simplifycfg', '--sroa', '--sccp', '--gvn-hoist', '--simplifycfg', '--nary-reassociate', '--jump-threading', '--load-store-vectorizer', '--early-cse-memssa', '--lower-expect', '--loop-instsimplify', '--early-cse', '--mem2reg', '--jump-threading', '--globalopt', '--elim-avail-extern', '--instcombine', '--mem2reg', '--simplifycfg', '--early-cse-memssa', '--mem2reg', '--instcombine', '--globalopt']",41,-7.039505432072222,0.0,-2.571054338207835,0.0,1,-7.039505432072222,-2.571054338207835,0.0,-88.83248730964468,15.818029137104643,23.52941176470588,34
183,"['--ipsccp', '--gvn-hoist', '--reassociate', '--elim-avail-extern', '--early-cse-memssa', '--mem2reg', '--aggressive-instcombine', '--gvn-hoist', '--globalopt', '--mem2reg', '--early-cse-memssa', '--load-store-vectorizer', '--newgvn', '--simplifycfg', '--lower-expect', '--simplifycfg', '--gvn-hoist', '--instcombine', '--globalopt', '--elim-avail-extern', '--gvn', '--gvn', '--ipsccp', '--gvn', '--nary-reassociate', '--lowerinvoke', '--lower-constant-intrinsics', '--loop-instsimplify', '--early-cse', '--mem2reg', '--jump-threading', '--globalopt', '--elim-avail-extern', '--instcombine', '--simplifycfg', '--sroa', '--mem2reg', '--gvn-hoist', '--sccp', '--early-cse', '--adce', '--nary-reassociate', '--jump-threading', '--load-store-vectorizer', '--early-cse-memssa', '--lower-expect', '--loop-instsimplify', '--early-cse', '--early-cse-memssa', '--instsimplify', '--gvn-hoist', '--simplifycfg', '--mem2reg']",53,-7.040448965611503,0.0,-2.6268673949052608,0.0,1,-7.040448965611503,-2.6268673949052608,0.13175230566534915,-86.80203045685279,15.408866547266756,23.52941176470588,34
287,"['--ipsccp', '--speculative-execution', '--sccp', '--early-cse', '--mem2reg', '--jump-threading', '--globalopt', '--elim-avail-extern', '--instcombine', '--adce', '--jump-threading', '--gvn', '--simplifycfg', '--instsimplify', '--gvn-hoist', '--mergefunc', '--gvn-hoist', '--instcombine', '--globalopt', '--elim-avail-extern', '--gvn', '--licm', '--gvn', '--ipsccp', '--gvn', '--nary-reassociate', '--lower-constant-intrinsics', '--loop-instsimplify', '--early-cse', '--mem2reg', '--jump-threading', '--globalopt', '--elim-avail-extern', '--instcombine', '--simplifycfg', '--sroa', '--mem2reg', '--gvn-hoist', '--simplifycfg', '--early-cse-memssa', '--mem2reg', '--instcombine', '--globalopt']",43,-7.05350380903173,0.0,-3.194102514669931,0.0,1,-7.05350380903173,-3.194102514669931,0.0,-88.83248730964468,15.696916289116347,20.588235294117645,34
269,"['--mem2reg', '--mergefunc', '--instcombine', '--mem2reg', '--lower-expect', '--mem2reg', '--lower-expect', '--gvn', '--instsimplify', '--licm', '--early-cse', '--ipsccp', '--ipsccp', '--sccp', '--lower-expect', '--globalopt', '--elim-avail-extern', '--instcombine', '--simplifycfg', '--sroa', '--sccp', '--gvn-hoist', '--simplifycfg', '--nary-reassociate', '--jump-threading', '--load-store-vectorizer', '--early-cse-memssa', '--lower-expect', '--loop-deletion', '--loop-instsimplify', '--early-cse', '--mem2reg', '--jump-threading', '--globalopt', '--mem2reg', '--gvn-hoist', '--sccp', '--loop-instsimplify', '--lower-constant-intrinsics', '--adce', '--gvn-hoist', '--adce', '--lower-constant-intrinsics', '--newgvn', '--simplifycfg', '--lower-expect', '--simplifycfg', '--gvn-hoist', '--instsimplify', '--gvn-hoist', '--simplifycfg', '--mem2reg', '--ipsccp', '--newgvn', '--sroa', '--instsimplify', '--mergefunc', '--simplifycfg', '--instcombine', '--gvn-hoist', '--mem2reg']",61,-7.053531878571114,0.0,-2.64734023615768,0.0,1,-7.053531878571114,-2.64734023615768,0.0,-86.80203045685279,15.386149367469717,23.52941176470588,34
262,"['--ipsccp', '--gvn-hoist', '--reassociate', '--elim-avail-extern', '--early-cse-memssa', '--mem2reg', '--aggressive-instcombine', '--gvn-hoist', '--globalopt', '--mem2reg', '--early-cse-memssa', '--load-store-vectorizer', '--newgvn', '--simplifycfg', '--lower-expect', '--simplifycfg', '--gvn-hoist', '--instcombine', '--elim-avail-extern', '--gvn', '--gvn', '--ipsccp', '--gvn', '--load-store-vectorizer', '--early-cse-memssa', '--instsimplify', '--licm', '--simplifycfg', '--early-cse-memssa', '--mem2reg', '--gvn-hoist', '--loop-simplifycfg', '--nary-reassociate', '--mem2reg', '--globalopt', '--licm', '--globalopt', '--instcombine', '--adce', '--mldst-motion', '--simplifycfg', '--nary-reassociate', '--sroa', '--early-cse', '--instsimplify', '--ipsccp', '--loop-simplifycfg', '--elim-avail-extern', '--early-cse', '--ipsccp', '--licm', '--instcombine', '--gvn', '--jump-threading', '--instcombine', '--sroa', '--simplifycfg', '--early-cse-memssa', '--ipsccp', '--gvn', '--newgvn', '--gvn']",62,-7.066686696384819,0.0,-2.662731328954859,0.0,1,-7.066686696384819,-2.662731328954859,0.13175230566534915,-86.80203045685279,15.402264349627934,23.52941176470588,34
230,"['--ipsccp', '--gvn-hoist', '--reassociate', '--elim-avail-extern', '--early-cse-memssa', '--mem2reg', '--aggressive-instcombine', '--gvn-hoist', '--globalopt', '--mem2reg', '--early-cse-memssa', '--load-store-vectorizer', '--newgvn', '--simplifycfg', '--lower-expect', '--simplifycfg', '--gvn-hoist', '--instcombine', '--globalopt', '--elim-avail-extern', '--gvn', '--gvn', '--ipsccp', '--gvn', '--load-store-vectorizer', '--early-cse-memssa', '--instsimplify', '--licm', '--simplifycfg', '--early-cse-memssa', '--mem2reg', '--gvn-hoist', '--loop-simplifycfg', '--nary-reassociate', '--mem2reg', '--globalopt', '--licm', '--globalopt', '--instcombine', '--adce', '--mldst-motion', '--simplifycfg', '--nary-reassociate', '--sroa', '--early-cse', '--instsimplify', '--ipsccp', '--loop-simplifycfg', '--elim-avail-extern', '--early-cse', '--ipsccp', '--licm', '--instcombine', '--gvn', '--jump-threading', '--instcombine', '--sroa', '--simplifycfg', '--early-cse-memssa', '--ipsccp', '--gvn', '--newgvn', '--gvn']",63,-7.066686696384819,0.0,-2.662731328954859,0.0,1,-7.066686696384819,-2.662731328954859,0.13175230566534915,-86.80203045685279,15.402264349627934,23.52941176470588,34
199,"['--ipsccp', '--lower-constant-intrinsics', '--sccp', '--early-cse', '--mem2reg', '--jump-threading', '--globalopt', '--elim-avail-extern', '--instcombine', '--adce', '--jump-threading', '--gvn', '--simplifycfg', '--instsimplify', '--gvn-hoist', '--mergefunc', '--instcombine', '--mem2reg', '--adce', '--newgvn', '--simplifycfg', '--early-cse-memssa', '--newgvn', '--instsimplify', '--gvn-hoist', '--globalopt', '--licm', '--early-cse-memssa', '--instcombine', '--adce', '--jump-threading', '--gvn', '--elim-avail-extern', '--instcombine', '--simplifycfg', '--sroa', '--mem2reg', '--gvn-hoist', '--sccp', '--early-cse', '--lower-constant-intrinsics', '--adce', '--gvn-hoist', '--adce', '--lower-constant-intrinsics', '--newgvn', '--simplifycfg', '--lower-expect', '--simplifycfg', '--gvn-hoist', '--instcombine', '--globalopt', '--elim-avail-extern', '--gvn', '--gvn', '--ipsccp', '--gvn', '--nary-reassociate', '--lower-constant-intrinsics', '--loop-instsimplify', '--early-cse', '--mem2reg', '--jump-threading', '--globalopt', '--elim-avail-extern', '--instcombine', '--simplifycfg', '--sroa', '--lower-constant-intrinsics', '--early-cse', '--lower-expect', '--sroa', '--sccp', '--sroa', '--lower-expect', '--globalopt', '--elim-avail-extern', '--lower-expect']",78,-7.080456860061948,0.0,-3.2604234315428036,0.0,1,-7.080456860061948,-3.2604234315428036,0.0,-86.80203045685279,15.469039922871984,20.588235294117645,34
245,"['--ipsccp', '--lower-constant-intrinsics', '--sccp', '--early-cse', '--mem2reg', '--jump-threading', '--globalopt', '--elim-avail-extern', '--instcombine', '--adce', '--jump-threading', '--gvn', '--simplifycfg', '--instsimplify', '--gvn-hoist', '--mergefunc', '--instcombine', '--mem2reg', '--adce', '--newgvn', '--simplifycfg', '--early-cse-memssa', '--newgvn', '--instsimplify', '--gvn-hoist', '--globalopt', '--licm', '--early-cse-memssa', '--instcombine', '--adce', '--gvn', '--elim-avail-extern', '--instcombine', '--simplifycfg', '--sroa', '--mem2reg', '--gvn-hoist', '--sccp', '--early-cse', '--lower-constant-intrinsics', '--adce', '--gvn-hoist', '--adce', '--lower-constant-intrinsics', '--newgvn', '--simplifycfg', '--lower-expect', '--simplifycfg', '--gvn-hoist', '--instcombine', '--globalopt', '--elim-avail-extern', '--gvn', '--gvn', '--ipsccp', '--gvn', '--nary-reassociate', '--lower-constant-intrinsics', '--loop-instsimplify', '--early-cse', '--mem2reg', '--jump-threading', '--globalopt', '--elim-avail-extern', '--instcombine', '--simplifycfg', '--sroa', '--lower-constant-intrinsics', '--early-cse', '--lower-expect', '--sroa', '--sccp', '--sroa', '--lower-expect', '--globalopt', '--elim-avail-extern', '--lower-expect']",77,-7.080456860061948,0.0,-3.2604234315428036,0.0,1,-7.080456860061948,-3.2604234315428036,0.0,-86.80203045685279,15.469039922871984,20.588235294117645,34
220,"['--ipsccp', '--lower-constant-intrinsics', '--sccp', '--early-cse', '--mem2reg', '--jump-threading', '--globalopt', '--elim-avail-extern', '--instcombine', '--adce', '--jump-threading', '--gvn', '--simplifycfg', '--instsimplify', '--gvn-hoist', '--mergefunc', '--instcombine', '--mem2reg', '--adce', '--newgvn', '--simplifycfg', '--early-cse-memssa', '--newgvn', '--instsimplify', '--gvn-hoist', '--globalopt', '--licm', '--early-cse-memssa', '--instcombine', '--adce', '--jump-threading', '--gvn', '--simplifycfg', '--instsimplify', '--gvn-hoist', '--inferattrs', '--mergefunc', '--sroa', '--early-cse', '--instsimplify', '--ipsccp', '--loop-simplifycfg', '--sroa', '--lower-constant-intrinsics', '--newgvn', '--simplifycfg', '--lower-expect', '--simplifycfg', '--gvn-hoist', '--instcombine', '--globalopt', '--elim-avail-extern', '--bdce', '--gvn', '--gvn', '--ipsccp', '--gvn', '--nary-reassociate', '--lower-constant-intrinsics', '--loop-instsimplify', '--early-cse', '--mem2reg', '--jump-threading', '--globalopt', '--elim-avail-extern', '--instcombine', '--simplifycfg', '--sroa', '--lower-constant-intrinsics', '--early-cse', '--lower-expect', '--sroa', '--sccp', '--sroa', '--lower-expect', '--globalopt', '--elim-avail-extern', '--lower-expect']",78,-7.080456860061948,0.0,-3.2604234315428036,0.0,1,-7.080456860061948,-3.2604234315428036,0.0,-86.80203045685279,15.469039922871984,20.588235294117645,34
112,"['--mem2reg', '--mergefunc', '--instcombine', '--mem2reg', '--adce', '--early-cse-memssa', '--flattencfg', '--instcombine', '--ipsccp', '--instcombine', '--elim-avail-extern', '--simplifycfg', '--early-cse-memssa', '--mem2reg', '--instcombine', '--adce', '--early-cse-memssa', '--instcombine', '--simplifycfg', '--sroa', '--sccp', '--gvn-hoist', '--simplifycfg', '--nary-reassociate', '--jump-threading', '--load-store-vectorizer', '--early-cse-memssa', '--lower-expect', '--loop-instsimplify', '--early-cse', '--mem2reg', '--jump-threading', '--globalopt', '--elim-avail-extern', '--instcombine', '--simplifycfg', '--sroa', '--sccp', '--gvn-hoist', '--simplifycfg', '--nary-reassociate', '--jump-threading', '--load-store-vectorizer', '--early-cse-memssa', '--lower-expect', '--loop-instsimplify', '--early-cse', '--early-cse-memssa', '--instsimplify', '--gvn-hoist', '--simplifycfg', '--mem2reg']",52,-7.087045270975201,0.0,-2.6431419968006837,0.0,1,-7.087045270975201,-2.6431419968006837,0.0,-88.83248730964468,15.752770086688066,23.52941176470588,34
139,"['--mem2reg', '--mergefunc', '--instcombine', '--mem2reg', '--adce', '--early-cse-memssa', '--flattencfg', '--instcombine', '--ipsccp', '--instcombine', '--elim-avail-extern', '--lower-expect', '--early-cse-memssa', '--mem2reg', '--instcombine', '--adce', '--early-cse-memssa', '--instcombine', '--simplifycfg', '--sroa', '--sccp', '--gvn-hoist', '--simplifycfg', '--nary-reassociate', '--jump-threading', '--load-store-vectorizer', '--early-cse-memssa', '--simplifycfg', '--loop-instsimplify', '--early-cse', '--mem2reg', '--jump-threading', '--globalopt', '--elim-avail-extern', '--instcombine', '--simplifycfg', '--sroa', '--sccp', '--gvn-hoist', '--simplifycfg', '--nary-reassociate', '--jump-threading', '--load-store-vectorizer', '--early-cse-memssa', '--lower-expect', '--loop-instsimplify', '--early-cse', '--early-cse-memssa', '--instsimplify', '--gvn-hoist', '--simplifycfg', '--mem2reg']",52,-7.087045270975201,0.0,-2.6431419968006837,0.0,1,-7.087045270975201,-2.6431419968006837,0.0,-88.83248730964468,15.752770086688066,23.52941176470588,34
138,"['--mem2reg', '--mergefunc', '--instcombine', '--mem2reg', '--lower-expect', '--mem2reg', '--lower-expect', '--gvn', '--instsimplify', '--licm', '--loop-instsimplify', '--ipsccp', '--ipsccp', '--sccp', '--lower-expect', '--globalopt', '--elim-avail-extern', '--instcombine', '--simplifycfg', '--sroa', '--sccp', '--gvn-hoist', '--simplifycfg', '--nary-reassociate', '--jump-threading', '--load-store-vectorizer', '--early-cse-memssa', '--lower-expect', '--loop-deletion', '--loop-instsimplify', '--early-cse', '--mem2reg', '--jump-threading', '--globalopt', '--elim-avail-extern', '--instcombine', '--simplifycfg', '--sroa', '--sccp', '--gvn-hoist', '--simplifycfg', '--nary-reassociate', '--jump-threading', '--load-store-vectorizer', '--early-cse-memssa', '--lower-expect', '--loop-instsimplify', '--early-cse', '--early-cse-memssa', '--instsimplify', '--gvn-hoist', '--simplifycfg', '--mem2reg']",53,-7.092241720826745,0.0,-2.648302889860893,0.0,1,-7.092241720826745,-2.648302889860893,0.0,-88.83248730964468,15.766027887251935,23.52941176470588,34
198,"['--ipsccp', '--lower-constant-intrinsics', '--sccp', '--early-cse-memssa', '--gvn', '--prune-eh', '--mem2reg', '--loop-simplifycfg', '--load-store-vectorizer', '--simplifycfg', '--elim-avail-extern', '--loop-instsimplify', '--early-cse', '--mem2reg', '--jump-threading', '--globalopt', '--elim-avail-extern', '--instcombine', '--simplifycfg', '--sroa', '--sccp', '--gvn-hoist', '--newgvn', '--simplifycfg', '--nary-reassociate', '--jump-threading', '--gvn-hoist', '--simplifycfg', '--sroa', '--elim-avail-extern', '--mem2reg', '--gvn', '--lower-constant-intrinsics', '--load-store-vectorizer', '--early-cse-memssa', '--load-store-vectorizer', '--mem2reg', '--instcombine', '--adce', '--simplifycfg', '--gvn-hoist', '--simplifycfg', '--mem2reg', '--ipsccp', '--newgvn', '--sroa', '--instcombine', '--prune-eh', '--gvn', '--instcombine', '--globalopt', '--ipsccp', '--gvn', '--gvn', '--elim-avail-extern', '--gvn', '--nary-reassociate', '--lower-constant-intrinsics', '--loop-instsimplify', '--early-cse', '--mem2reg', '--jump-threading', '--globalopt', '--elim-avail-extern', '--instcombine', '--simplifycfg', '--sroa', '--lower-constant-intrinsics', '--early-cse', '--lower-expect', '--sroa', '--sccp', '--sroa', '--lower-expect', '--globalopt', '--elim-avail-extern', '--lower-expect']",77,-7.098376594918662,0.0,-2.710288486229165,0.0,1,-7.098376594918662,-2.710288486229165,0.0,-86.29441624365482,15.362484655409059,23.52941176470588,34
283,"['--ipsccp', '--lower-constant-intrinsics', '--sccp', '--early-cse-memssa', '--gvn', '--prune-eh', '--mem2reg', '--loop-simplifycfg', '--load-store-vectorizer', '--simplifycfg', '--elim-avail-extern', '--loop-instsimplify', '--early-cse', '--mem2reg', '--jump-threading', '--globalopt', '--elim-avail-extern', '--instcombine', '--simplifycfg', '--sroa', '--sccp', '--gvn-hoist', '--newgvn', '--simplifycfg', '--nary-reassociate', '--jump-threading', '--gvn-hoist', '--simplifycfg', '--sroa', '--elim-avail-extern', '--mem2reg', '--gvn', '--lower-constant-intrinsics', '--load-store-vectorizer', '--early-cse-memssa', '--load-store-vectorizer', '--mem2reg', '--instcombine', '--adce', '--loop-guard-widening', '--gvn-hoist', '--adce', '--lower-constant-intrinsics', '--newgvn', '--simplifycfg', '--simplifycfg', '--simplifycfg', '--gvn-hoist', '--instcombine', '--globalopt', '--elim-avail-extern', '--gvn', '--gvn', '--ipsccp', '--gvn', '--nary-reassociate', '--lower-constant-intrinsics', '--loop-instsimplify', '--early-cse', '--mem2reg', '--jump-threading', '--globalopt', '--elim-avail-extern', '--instcombine', '--simplifycfg', '--sroa', '--lower-constant-intrinsics', '--early-cse', '--lower-expect', '--sroa', '--sccp', '--sroa', '--lower-expect', '--globalopt', '--elim-avail-extern', '--lower-expect']",76,-7.098376594918662,0.0,-2.710288486229165,0.0,1,-7.098376594918662,-2.710288486229165,0.0,-86.29441624365482,15.362484655409059,23.52941176470588,34
178,"['--ipsccp', '--lower-constant-intrinsics', '--sccp', '--early-cse-memssa', '--gvn', '--prune-eh', '--mem2reg', '--loop-simplifycfg', '--load-store-vectorizer', '--simplifycfg', '--elim-avail-extern', '--licm', '--simplifycfg', '--elim-avail-extern', '--early-cse-memssa', '--reassociate', '--mem2reg', '--globalopt', '--newgvn', '--simplifycfg', '--gvn-hoist', '--ipsccp', '--instcombine', '--adce', '--early-cse', '--aggressive-instcombine', '--loop-instsimplify', '--early-cse', '--mem2reg', '--jump-threading', '--globalopt', '--mem2reg', '--mldst-motion', '--instcombine', '--simplifycfg', '--sroa', '--elim-avail-extern', '--simplifycfg', '--early-cse-memssa', '--mem2reg', '--instcombine', '--globalopt']",42,-7.113837399977125,0.0,-2.7247684551314313,0.0,1,-7.113837399977125,-2.7247684551314313,0.0,-86.80203045685279,15.408492939226708,23.52941176470588,34
219,"['--ipsccp', '--lower-constant-intrinsics', '--sccp', '--early-cse-memssa', '--gvn', '--globalopt', '--mem2reg', '--loop-simplifycfg', '--load-store-vectorizer', '--simplifycfg', '--elim-avail-extern', '--licm', '--simplifycfg', '--elim-avail-extern', '--early-cse-memssa', '--reassociate', '--mem2reg', '--globalopt', '--newgvn', '--simplifycfg', '--gvn-hoist', '--ipsccp', '--instcombine', '--adce', '--early-cse', '--aggressive-instcombine', '--loop-instsimplify', '--early-cse', '--mem2reg', '--jump-threading', '--prune-eh', '--elim-avail-extern', '--instcombine', '--simplifycfg', '--sroa', '--loop-reroll', '--gvn-hoist', '--sccp', '--early-cse', '--lower-constant-intrinsics', '--adce', '--gvn-hoist', '--adce', '--lower-constant-intrinsics', '--ipsccp', '--licm', '--instcombine', '--gvn', '--jump-threading', '--instcombine', '--sroa', '--simplifycfg', '--early-cse-memssa', '--ipsccp', '--gvn', '--newgvn']",56,-7.115547318441406,0.0,-2.728340766207491,0.0,1,-7.115547318441406,-2.728340766207491,0.0,-86.80203045685279,15.398799790799064,23.52941176470588,34
286,"['--ipsccp', '--lower-constant-intrinsics', '--sccp', '--early-cse', '--mem2reg', '--jump-threading', '--globalopt', '--elim-avail-extern', '--instcombine', '--adce', '--jump-threading', '--gvn', '--simplifycfg', '--instsimplify', '--gvn-hoist', '--mergefunc', '--gvn-hoist', '--instcombine', '--globalopt', '--elim-avail-extern', '--gvn', '--gvn', '--ipsccp', '--gvn', '--nary-reassociate', '--loop-instsimplify', '--early-cse', '--mem2reg', '--jump-threading', '--globalopt', '--elim-avail-extern', '--mem2reg', '--jump-threading', '--globalopt', '--elim-avail-extern', '--instcombine', '--mem2reg', '--simplifycfg', '--mem2reg', '--instcombine', '--globalopt']",41,-7.123927762454517,0.0,-3.7959575648549113,0.0,1,-7.123927762454517,-3.7959575648549113,0.0,-88.3248730964467,16.299007652839222,17.647058823529413,34
370,"['--ipsccp', '--lower-constant-intrinsics', '--sccp', '--early-cse', '--mem2reg', '--jump-threading', '--globalopt', '--elim-avail-extern', '--instcombine', '--adce', '--jump-threading', '--gvn', '--simplifycfg', '--instsimplify', '--gvn-hoist', '--mergefunc', '--gvn-hoist', '--instcombine', '--globalopt', '--elim-avail-extern', '--gvn', '--gvn', '--ipsccp', '--gvn', '--nary-reassociate', '--lower-constant-intrinsics', '--loop-instsimplify', '--early-cse', '--mem2reg', '--jump-threading', '--globalopt', '--elim-avail-extern', '--instcombine', '--loop-unswitch', '--simplifycfg', '--sroa', '--mem2reg', '--gvn-hoist', '--sccp', '--early-cse', '--lower-constant-intrinsics', '--adce', '--gvn-hoist', '--adce', '--lower-constant-intrinsics', '--newgvn', '--simplifycfg', '--lower-expect', '--simplifycfg', '--gvn-hoist', '--instcombine', '--globalopt', '--elim-avail-extern', '--gvn', '--gvn', '--ipsccp', '--gvn', '--nary-reassociate', '--lower-constant-intrinsics', '--loop-instsimplify', '--early-cse', '--mem2reg', '--jump-threading', '--globalopt', '--elim-avail-extern', '--instcombine', '--simplifycfg', '--sroa', '--lower-constant-intrinsics', '--early-cse', '--lower-expect', '--sroa', '--sccp', '--sroa', '--lower-expect', '--globalopt', '--elim-avail-extern', '--lower-expect']",78,-7.147917418436481,0.0,-3.3716407803188932,0.0,1,-7.147917418436481,-3.3716407803188932,0.0,-86.29441624365482,15.30951539079664,20.588235294117645,34
176,"['--ipsccp', '--lower-constant-intrinsics', '--sccp', '--early-cse-memssa', '--gvn', '--prune-eh', '--mem2reg', '--loop-simplifycfg', '--load-store-vectorizer', '--simplifycfg', '--elim-avail-extern', '--licm', '--simplifycfg', '--early-cse-memssa', '--mem2reg', '--simplifycfg', '--gvn-hoist', '--instcombine', '--globalopt', '--elim-avail-extern', '--gvn', '--gvn', '--ipsccp', '--gvn', '--nary-reassociate', '--lower-constant-intrinsics', '--loop-instsimplify', '--early-cse', '--mem2reg', '--jump-threading', '--globalopt', '--elim-avail-extern', '--instcombine', '--simplifycfg', '--sroa', '--mem2reg', '--gvn-hoist', '--sccp', '--early-cse', '--lower-constant-intrinsics', '--adce', '--gvn-hoist', '--adce', '--lower-constant-intrinsics', '--newgvn', '--simplifycfg', '--lower-expect', '--simplifycfg', '--gvn-hoist', '--instcombine', '--globalopt', '--elim-avail-extern', '--gvn', '--gvn', '--ipsccp', '--gvn', '--nary-reassociate', '--lower-constant-intrinsics', '--loop-instsimplify', '--early-cse', '--mem2reg', '--jump-threading', '--globalopt', '--elim-avail-extern', '--instcombine', '--simplifycfg', '--sroa', '--lower-constant-intrinsics', '--early-cse', '--lower-expect', '--sroa', '--sccp', '--sroa', '--lower-expect', '--globalopt', '--elim-avail-extern', '--lower-expect']",77,-7.162212755458286,0.0,-2.791003852138112,0.0,1,-7.162212755458286,-2.791003852138112,0.0,-86.80203045685279,15.395481016488201,23.52941176470588,34
170,"['--ipsccp', '--lower-constant-intrinsics', '--sccp', '--early-cse-memssa', '--gvn', '--prune-eh', '--mem2reg', '--loop-simplifycfg', '--load-store-vectorizer', '--simplifycfg', '--elim-avail-extern', '--licm', '--simplifycfg', '--early-cse-memssa', '--mem2reg', '--instcombine', '--adce', '--simplifycfg', '--sccp', '--jump-threading', '--lower-constant-intrinsics', '--globalopt', '--licm', '--simplifycfg', '--elim-avail-extern', '--licm', '--simplifycfg', '--early-cse-memssa', '--mem2reg', '--instcombine', '--adce', '--jump-threading', '--gvn', '--simplifycfg', '--elim-avail-extern', '--mem2reg', '--gvn-hoist', '--sccp', '--early-cse', '--lower-constant-intrinsics', '--adce', '--gvn-hoist', '--adce', '--sroa', '--newgvn', '--simplifycfg', '--lower-expect', '--simplifycfg', '--gvn-hoist', '--instcombine', '--globalopt', '--elim-avail-extern', '--gvn', '--gvn', '--ipsccp', '--gvn', '--nary-reassociate', '--lower-constant-intrinsics', '--loop-instsimplify', '--early-cse', '--mem2reg', '--jump-threading', '--globalopt', '--elim-avail-extern', '--instcombine', '--simplifycfg', '--sroa', '--lower-constant-intrinsics', '--early-cse', '--lower-expect', '--lower-constant-intrinsics', '--sccp', '--sroa', '--lower-expect', '--globalopt', '--elim-avail-extern', '--lower-expect']",77,-7.162212755458286,0.0,-2.791003852138112,0.0,1,-7.162212755458286,-2.791003852138112,0.0,-86.80203045685279,15.395481016488201,23.52941176470588,34
258,"['--ipsccp', '--lower-constant-intrinsics', '--sccp', '--early-cse-memssa', '--gvn', '--prune-eh', '--mem2reg', '--loop-simplifycfg', '--load-store-vectorizer', '--simplifycfg', '--elim-avail-extern', '--licm', '--simplifycfg', '--elim-avail-extern', '--early-cse-memssa', '--reassociate', '--simplifycfg', '--gvn-hoist', '--instcombine', '--globalopt', '--elim-avail-extern', '--gvn', '--gvn', '--ipsccp', '--gvn', '--nary-reassociate', '--lower-constant-intrinsics', '--loop-instsimplify', '--early-cse', '--mem2reg', '--jump-threading', '--globalopt', '--elim-avail-extern', '--instcombine', '--simplifycfg', '--sroa', '--mem2reg', '--gvn-hoist', '--sccp', '--early-cse', '--lower-constant-intrinsics', '--adce', '--gvn-hoist', '--adce', '--lower-constant-intrinsics', '--newgvn', '--simplifycfg', '--lower-expect', '--simplifycfg', '--gvn-hoist', '--instcombine', '--globalopt', '--elim-avail-extern', '--gvn', '--gvn', '--ipsccp', '--gvn', '--nary-reassociate', '--lower-constant-intrinsics', '--loop-instsimplify', '--early-cse', '--mem2reg', '--jump-threading', '--globalopt', '--elim-avail-extern', '--instcombine', '--simplifycfg', '--sroa', '--lower-constant-intrinsics', '--early-cse', '--lower-expect', '--sroa', '--sccp', '--sroa', '--lower-expect', '--globalopt', '--elim-avail-extern', '--lower-expect']",78,-7.162212755458286,0.0,-2.791003852138112,0.0,1,-7.162212755458286,-2.791003852138112,0.0,-86.80203045685279,15.395481016488201,23.52941176470588,34
225,"['--ipsccp', '--lower-constant-intrinsics', '--sccp', '--early-cse-memssa', '--gvn', '--prune-eh', '--mem2reg', '--loop-simplifycfg', '--load-store-vectorizer', '--simplifycfg', '--elim-avail-extern', '--licm', '--simplifycfg', '--early-cse-memssa', '--mem2reg', '--simplifycfg', '--gvn-hoist', '--instcombine', '--globalopt', '--elim-avail-extern', '--gvn', '--ipsccp', '--gvn', '--nary-reassociate', '--lower-constant-intrinsics', '--loop-instsimplify', '--early-cse', '--mem2reg', '--jump-threading', '--globalopt', '--elim-avail-extern', '--instcombine', '--simplifycfg', '--sroa', '--mem2reg', '--gvn-hoist', '--sccp', '--early-cse', '--lower-constant-intrinsics', '--adce', '--gvn-hoist', '--adce', '--lower-constant-intrinsics', '--newgvn', '--simplifycfg', '--lower-expect', '--simplifycfg', '--gvn-hoist', '--instcombine', '--globalopt', '--elim-avail-extern', '--gvn', '--gvn', '--ipsccp', '--gvn', '--nary-reassociate', '--lower-constant-intrinsics', '--loop-instsimplify', '--early-cse', '--mem2reg', '--jump-threading', '--globalopt', '--elim-avail-extern', '--instcombine', '--simplifycfg', '--sroa', '--lower-constant-intrinsics', '--early-cse', '--lower-expect', '--sroa', '--sccp', '--sroa', '--lower-expect', '--globalopt', '--elim-avail-extern', '--lower-expect']",76,-7.162212755458286,0.0,-2.791003852138112,0.0,1,-7.162212755458286,-2.791003852138112,0.0,-86.80203045685279,15.395481016488201,23.52941176470588,34
137,"['--aggressive-instcombine', '--gvn-hoist', '--globalopt', '--mem2reg', '--early-cse-memssa', '--load-store-vectorizer', '--instcombine', '--elim-avail-extern', '--early-cse-memssa', '--reassociate', '--mem2reg', '--globalopt', '--newgvn', '--simplifycfg', '--gvn-hoist', '--ipsccp', '--instcombine', '--globalopt', '--loop-simplifycfg', '--globalopt', '--mem2reg', '--early-cse-memssa', '--reassociate', '--newgvn', '--instcombine', '--mem2reg', '--early-cse-memssa', '--gvn', '--jump-threading', '--gvn-hoist', '--globalopt', '--mem2reg', '--early-cse-memssa', '--load-store-vectorizer', '--sroa', '--mem2reg', '--simplifycfg', '--early-cse-memssa', '--mem2reg', '--sccp', '--globalopt']",41,-7.164031209272558,0.0,-2.8150638820126543,0.0,1,-7.164031209272558,-2.8150638820126543,0.0,-86.29441624365482,15.23321533057186,23.52941176470588,34
181,"['--aggressive-instcombine', '--gvn-hoist', '--globalopt', '--mem2reg', '--early-cse-memssa', '--load-store-vectorizer', '--instcombine', '--elim-avail-extern', '--early-cse-memssa', '--reassociate', '--mem2reg', '--globalopt', '--newgvn', '--simplifycfg', '--gvn-hoist', '--loop-vectorize', '--ipsccp', '--instcombine', '--globalopt', '--loop-simplifycfg', '--globalopt', '--mem2reg', '--early-cse-memssa', '--reassociate', '--newgvn', '--instcombine', '--mem2reg', '--early-cse-memssa', '--gvn', '--jump-threading', '--gvn-hoist', '--globalopt', '--mem2reg', '--early-cse-memssa', '--load-store-vectorizer', '--sroa', '--mem2reg', '--simplifycfg', '--early-cse-memssa', '--mem2reg', '--sccp', '--globalopt']",42,-7.164031209272558,0.0,-2.8150638820126543,0.0,1,-7.164031209272558,-2.8150638820126543,0.0,-86.29441624365482,15.23321533057186,23.52941176470588,34
718,"['--ipsccp', '--adce', '--sccp', '--early-cse', '--mem2reg', '--jump-threading', '--globalopt', '--elim-avail-extern', '--instcombine', '--adce', '--jump-threading', '--gvn', '--simplifycfg', '--instsimplify', '--gvn-hoist', '--mergefunc', '--gvn-hoist', '--instcombine', '--globalopt', '--elim-avail-extern', '--indvars', '--gvn', '--gvn', '--ipsccp', '--gvn', '--nary-reassociate', '--lower-constant-intrinsics', '--loop-instsimplify', '--strip', '--mem2reg', '--elim-avail-extern', '--instcombine', '--simplifycfg', '--sroa', '--mem2reg', '--gvn-hoist', '--sccp', '--early-cse', '--lower-constant-intrinsics', '--speculative-execution', '--gvn-hoist', '--adce', '--lower-constant-intrinsics', '--dse', '--newgvn', '--simplifycfg', '--lower-expect', '--simplifycfg', '--gvn-hoist', '--instcombine', '--globalopt', '--elim-avail-extern', '--gvn', '--gvn', '--ipsccp', '--gvn', '--nary-reassociate', '--lower-constant-intrinsics', '--loop-instsimplify', '--early-cse', '--mem2reg', '--jump-threading', '--globalopt', '--sroa', '--lower-constant-intrinsics', '--early-cse', '--lower-expect', '--sroa', '--lower-expect', '--sroa', '--sccp', '--sroa', '--lower-expect', '--globalopt', '--elim-avail-extern', '--lower-expect']",76,-7.167974000822344,0.0,-3.0151928014633764,0.0,1,-7.167974000822344,-3.0151928014633764,0.0,-71.06598984771574,13.771676350189301,23.52941176470588,34
216,"['--ipsccp', '--lower-constant-intrinsics', '--sccp', '--early-cse-memssa', '--gvn', '--prune-eh', '--mem2reg', '--loop-simplifycfg', '--load-store-vectorizer', '--simplifycfg', '--elim-avail-extern', '--licm', '--simplifycfg', '--early-cse-memssa', '--mem2reg', '--simplifycfg', '--gvn-hoist', '--instcombine', '--globalopt', '--elim-avail-extern', '--gvn', '--gvn', '--ipsccp', '--gvn', '--nary-reassociate', '--lower-constant-intrinsics', '--loop-instsimplify', '--early-cse', '--mem2reg', '--jump-threading', '--globalopt', '--elim-avail-extern', '--instcombine', '--simplifycfg', '--sroa', '--mem2reg', '--gvn-hoist', '--sccp', '--early-cse', '--lower-constant-intrinsics', '--adce', '--gvn-hoist', '--adce', '--early-cse', '--ipsccp', '--licm', '--instcombine', '--gvn', '--jump-threading', '--instcombine', '--sroa', '--simplifycfg', '--early-cse-memssa', '--ipsccp', '--gvn', '--newgvn']",56,-7.168287635122209,0.0,-2.8006155399504915,0.0,1,-7.168287635122209,-2.8006155399504915,0.0,-86.80203045685279,15.38414215453459,23.52941176470588,34
90,"['--ipsccp', '--lower-constant-intrinsics', '--sccp', '--early-cse-memssa', '--gvn', '--prune-eh', '--mem2reg', '--loop-simplifycfg', '--load-store-vectorizer', '--simplifycfg', '--elim-avail-extern', '--licm', '--simplifycfg', '--early-cse-memssa', '--mem2reg', '--instcombine', '--adce', '--simplifycfg', '--sccp', '--jump-threading', '--lower-constant-intrinsics', '--globalopt', '--licm', '--simplifycfg', '--elim-avail-extern', '--licm', '--simplifycfg', '--early-cse-memssa', '--mem2reg', '--instcombine', '--adce', '--jump-threading', '--gvn', '--simplifycfg', '--elim-avail-extern', '--licm', '--gvn-hoist', '--sccp', '--early-cse', '--lower-constant-intrinsics', '--adce', '--gvn-hoist', '--adce', '--lower-constant-intrinsics', '--newgvn', '--simplifycfg', '--lower-expect', '--simplifycfg', '--gvn-hoist', '--instcombine', '--globalopt', '--elim-avail-extern', '--gvn', '--gvn', '--ipsccp', '--gvn', '--nary-reassociate', '--lower-constant-intrinsics', '--loop-instsimplify', '--early-cse', '--mem2reg', '--jump-threading', '--globalopt', '--elim-avail-extern', '--instcombine', '--simplifycfg', '--sroa', '--lower-constant-intrinsics', '--early-cse', '--lower-expect', '--sroa', '--sccp', '--sroa', '--lower-expect', '--globalopt', '--elim-avail-extern', '--lower-expect']",77,-7.1743815100339035,0.0,-2.8102272277628715,0.0,1,-7.1743815100339035,-2.8102272277628715,0.0,-86.80203045685279,15.372993245058671,23.52941176470588,34
194,"['--ipsccp', '--lower-constant-intrinsics', '--sccp', '--early-cse', '--mem2reg', '--jump-threading', '--globalopt', '--elim-avail-extern', '--instcombine', '--adce', '--jump-threading', '--gvn', '--simplifycfg', '--instsimplify', '--gvn-hoist', '--mergefunc', '--adce', '--instcombine', '--mem2reg', '--adce', '--newgvn', '--simplifycfg', '--early-cse-memssa', '--newgvn', '--instsimplify', '--gvn-hoist', '--globalopt', '--licm', '--early-cse-memssa', '--instcombine', '--adce', '--jump-threading', '--gvn', '--simplifycfg', '--instsimplify', '--gvn-hoist', '--mergefunc', '--jump-threading', '--early-cse-memssa', '--instsimplify', '--ipsccp', '--loop-simplifycfg', '--sroa', '--early-cse', '--ipsccp', '--licm', '--instcombine', '--gvn', '--sroa', '--gvn-hoist', '--simplifycfg', '--mem2reg', '--ipsccp', '--newgvn', '--sroa', '--instsimplify', '--mergefunc', '--simplifycfg', '--instcombine', '--gvn-hoist', '--mem2reg']",61,-7.188247822388403,0.0,-3.408922128192894,0.0,1,-7.188247822388403,-3.408922128192894,0.0,-86.80203045685279,15.433209321260861,20.588235294117645,34
214,"['--ipsccp', '--gvn-hoist', '--reassociate', '--elim-avail-extern', '--early-cse-memssa', '--mem2reg', '--aggressive-instcombine', '--gvn-hoist', '--globalopt', '--mem2reg', '--loop-instsimplify', '--ipsccp', '--ipsccp', '--sccp', '--globalopt', '--elim-avail-extern', '--instcombine', '--simplifycfg', '--sroa', '--sccp', '--gvn-hoist', '--simplifycfg', '--nary-reassociate', '--jump-threading', '--load-store-vectorizer', '--early-cse-memssa', '--lower-expect', '--loop-deletion', '--loop-instsimplify', '--early-cse', '--mem2reg', '--jump-threading', '--globalopt', '--elim-avail-extern', '--instcombine', '--simplifycfg', '--sroa', '--sccp', '--gvn-hoist', '--simplifycfg', '--nary-reassociate', '--jump-threading', '--load-store-vectorizer', '--early-cse-memssa', '--lower-expect', '--loop-instsimplify', '--early-cse', '--early-cse-memssa', '--instsimplify', '--gvn-hoist', '--simplifycfg', '--mem2reg']",52,-7.190869604022955,0.0,-2.7978859130567932,0.0,1,-7.190869604022955,-2.7978859130567932,0.13175230566534915,-88.83248730964468,15.630434045244783,23.52941176470588,34
151,"['--ipsccp', '--lower-constant-intrinsics', '--sccp', '--early-cse', '--mem2reg', '--jump-threading', '--globalopt', '--elim-avail-extern', '--instcombine', '--adce', '--jump-threading', '--gvn', '--simplifycfg', '--instsimplify', '--gvn-hoist', '--mergefunc', '--adce', '--instcombine', '--mem2reg', '--adce', '--newgvn', '--simplifycfg', '--early-cse-memssa', '--newgvn', '--instsimplify', '--gvn-hoist', '--globalopt', '--licm', '--early-cse-memssa', '--instcombine', '--adce', '--jump-threading', '--gvn', '--simplifycfg', '--instsimplify', '--gvn-hoist', '--mergefunc', '--sroa', '--early-cse-memssa', '--instsimplify', '--ipsccp', '--loop-simplifycfg', '--sroa', '--early-cse', '--ipsccp', '--licm', '--instcombine', '--gvn', '--jump-threading', '--instcombine', '--sroa', '--simplifycfg', '--early-cse-memssa', '--ipsccp', '--gvn', '--newgvn']",56,-7.195783295722476,0.0,-3.418533816005274,0.0,1,-7.195783295722476,-3.418533816005274,0.0,-86.80203045685279,15.436476396008734,20.588235294117645,34
87,"['--ipsccp', '--lower-constant-intrinsics', '--sccp', '--early-cse', '--mem2reg', '--jump-threading', '--globalopt', '--elim-avail-extern', '--instcombine', '--adce', '--jump-threading', '--gvn', '--simplifycfg', '--instsimplify', '--gvn-hoist', '--mergefunc', '--instcombine', '--mem2reg', '--adce', '--newgvn', '--simplifycfg', '--early-cse-memssa', '--newgvn', '--instsimplify', '--gvn-hoist', '--globalopt', '--licm', '--early-cse-memssa', '--instcombine', '--adce', '--jump-threading', '--gvn', '--simplifycfg', '--instsimplify', '--gvn-hoist', '--inferattrs', '--mergefunc', '--sroa', '--early-cse', '--instsimplify', '--ipsccp', '--loop-simplifycfg', '--sroa', '--early-cse', '--ipsccp', '--licm', '--instcombine', '--gvn', '--jump-threading', '--instcombine', '--sroa', '--simplifycfg', '--early-cse-memssa', '--ipsccp', '--gvn', '--newgvn']",56,-7.195783295722476,0.0,-3.418533816005274,0.0,1,-7.195783295722476,-3.418533816005274,0.0,-86.80203045685279,15.436476396008734,20.588235294117645,34
149,"['--ipsccp', '--lower-constant-intrinsics', '--sccp', '--early-cse', '--mem2reg', '--jump-threading', '--globalopt', '--elim-avail-extern', '--instcombine', '--adce', '--jump-threading', '--gvn', '--simplifycfg', '--instsimplify', '--gvn-hoist', '--mergefunc', '--instcombine', '--mem2reg', '--adce', '--newgvn', '--simplifycfg', '--early-cse-memssa', '--newgvn', '--instsimplify', '--gvn-hoist', '--globalopt', '--licm', '--early-cse-memssa', '--instcombine', '--adce', '--jump-threading', '--gvn', '--simplifycfg', '--instsimplify', '--gvn-hoist', '--inferattrs', '--mergefunc', '--sroa', '--early-cse', '--instsimplify', '--ipsccp', '--loop-simplifycfg', '--sroa', '--early-cse-memssa', '--ipsccp', '--licm', '--instcombine', '--gvn', '--jump-threading', '--instcombine', '--sroa', '--simplifycfg', '--early-cse', '--ipsccp', '--gvn', '--newgvn']",56,-7.195783295722476,0.0,-3.418533816005274,0.0,1,-7.195783295722476,-3.418533816005274,0.0,-86.80203045685279,15.436476396008734,20.588235294117645,34
203,"['--ipsccp', '--gvn-hoist', '--reassociate', '--elim-avail-extern', '--early-cse-memssa', '--mem2reg', '--mem2reg', '--loop-simplifycfg', '--load-store-vectorizer', '--simplifycfg', '--elim-avail-extern', '--licm', '--simplifycfg', '--early-cse-memssa', '--mem2reg', '--simplifycfg', '--gvn-hoist', '--instcombine', '--globalopt', '--elim-avail-extern', '--gvn', '--gvn', '--ipsccp', '--gvn', '--nary-reassociate', '--lower-constant-intrinsics', '--loop-instsimplify', '--early-cse', '--mem2reg', '--jump-threading', '--globalopt', '--elim-avail-extern', '--instcombine', '--simplifycfg', '--sroa', '--mem2reg', '--gvn-hoist', '--sccp', '--early-cse', '--lower-constant-intrinsics', '--adce', '--loop-vectorize', '--adce', '--lower-constant-intrinsics', '--newgvn', '--simplifycfg', '--lower-expect', '--simplifycfg', '--gvn-hoist', '--instcombine', '--globalopt', '--elim-avail-extern', '--gvn', '--gvn', '--ipsccp', '--gvn', '--nary-reassociate', '--lower-constant-intrinsics', '--loop-instsimplify', '--early-cse', '--mem2reg', '--jump-threading', '--globalopt', '--elim-avail-extern', '--instcombine', '--simplifycfg', '--sroa', '--lower-constant-intrinsics', '--early-cse', '--lower-expect', '--sroa', '--sccp', '--sroa', '--lower-expect', '--globalopt', '--elim-avail-extern', '--lower-expect']",77,-7.1998559791871894,0.0,-2.8347687453751917,0.0,1,-7.1998559791871894,-2.8347687453751917,0.0,-87.30964467005076,15.443676554499136,23.52941176470588,34
841,"['--newgvn', '--speculative-execution', '--sccp', '--early-cse', '--mem2reg', '--jump-threading', '--globalopt', '--elim-avail-extern', '--instcombine', '--adce', '--jump-threading', '--gvn', '--simplifycfg', '--early-cse-memssa', '--gvn-hoist', '--mergefunc', '--gvn-hoist', '--lower-constant-intrinsics', '--globalopt', '--elim-avail-extern', '--indvars', '--gvn', '--gvn', '--ipsccp', '--gvn', '--nary-reassociate', '--lower-constant-intrinsics', '--loop-instsimplify', '--strip', '--mem2reg', '--jump-threading', '--globalopt', '--elim-avail-extern', '--simplifycfg', '--sroa', '--mem2reg', '--gvn-hoist', '--sccp', '--early-cse', '--instcombine', '--adce', '--gvn-hoist', '--adce', '--loop-simplify', '--dse', '--nary-reassociate', '--newgvn', '--simplifycfg', '--lower-expect', '--simplifycfg', '--gvn-hoist', '--instcombine', '--globalopt', '--elim-avail-extern', '--gvn', '--gvn', '--ipsccp', '--gvn', '--nary-reassociate', '--lower-constant-intrinsics', '--loop-instsimplify', '--early-cse', '--mem2reg', '--jump-threading', '--sroa', '--early-cse', '--lower-expect', '--sroa', '--sroa', '--lower-expect', '--globalopt', '--elim-avail-extern', '--lower-expect']",73,-7.21039421438993,0.0,-3.058905259809403,0.0,1,-7.21039421438993,-3.058905259809403,0.0,-71.06598984771574,13.868035048269956,23.52941176470588,34
145,"['--ipsccp', '--early-cse-memssa', '--jump-threading', '--lower-expect', '--instcombine', '--sccp', '--elim-avail-extern', '--gvn', '--nary-reassociate', '--lower-constant-intrinsics', '--loop-instsimplify', '--early-cse', '--mem2reg', '--jump-threading', '--globalopt', '--elim-avail-extern', '--instcombine', '--mergereturn', '--simplifycfg', '--sroa', '--instcombine', '--simplifycfg', '--sroa', '--lower-constant-intrinsics', '--early-cse', '--lower-expect', '--lower-constant-intrinsics', '--loop-instsimplify', '--early-cse', '--mem2reg', '--jump-threading', '--globalopt', '--elim-avail-extern', '--instcombine', '--simplifycfg', '--sroa', '--mem2reg', '--gvn-hoist', '--sccp', '--early-cse', '--lower-constant-intrinsics', '--adce', '--gvn-hoist', '--adce', '--lower-constant-intrinsics', '--newgvn', '--simplifycfg', '--lower-expect', '--simplifycfg', '--gvn-hoist', '--instcombine', '--globalopt', '--elim-avail-extern', '--gvn', '--gvn', '--ipsccp', '--gvn', '--nary-reassociate', '--lower-constant-intrinsics', '--loop-instsimplify', '--early-cse', '--mem2reg', '--jump-threading', '--globalopt', '--elim-avail-extern', '--instcombine', '--simplifycfg', '--sroa', '--lower-constant-intrinsics', '--early-cse', '--lower-expect', '--sroa', '--sccp', '--sroa', '--lower-expect', '--globalopt', '--elim-avail-extern', '--lower-expect']",78,-7.248914633157407,0.0,-3.9988484940026647,0.0,1,-7.248914633157407,-3.9988484940026647,0.0,-86.80203045685279,16.02719439125996,17.647058823529413,34
86,"['--ipsccp', '--early-cse-memssa', '--jump-threading', '--lower-expect', '--instcombine', '--sccp', '--elim-avail-extern', '--gvn', '--nary-reassociate', '--lower-constant-intrinsics', '--loop-instsimplify', '--early-cse', '--mem2reg', '--jump-threading', '--globalopt', '--elim-avail-extern', '--instcombine', '--simplifycfg', '--sroa', '--instcombine', '--simplifycfg', '--sroa', '--lower-constant-intrinsics', '--early-cse', '--lower-expect', '--lower-constant-intrinsics', '--loop-instsimplify', '--early-cse', '--mem2reg', '--jump-threading', '--globalopt', '--elim-avail-extern', '--instcombine', '--simplifycfg', '--sroa', '--mem2reg', '--gvn-hoist', '--sccp', '--early-cse', '--lower-constant-intrinsics', '--adce', '--gvn-hoist', '--adce', '--lower-constant-intrinsics', '--newgvn', '--simplifycfg', '--lower-expect', '--simplifycfg', '--gvn-hoist', '--instcombine', '--globalopt', '--elim-avail-extern', '--gvn', '--gvn', '--ipsccp', '--gvn', '--nary-reassociate', '--lower-constant-intrinsics', '--loop-instsimplify', '--early-cse', '--mem2reg', '--jump-threading', '--globalopt', '--elim-avail-extern', '--instcombine', '--simplifycfg', '--sroa', '--lower-constant-intrinsics', '--early-cse', '--lower-expect', '--sroa', '--sccp', '--sroa', '--lower-expect', '--globalopt', '--elim-avail-extern', '--lower-expect']",77,-7.248914633157407,0.0,-3.9988484940026647,0.0,1,-7.248914633157407,-3.9988484940026647,0.0,-86.80203045685279,16.02719439125996,17.647058823529413,34
600,"['--ipsccp', '--speculative-execution', '--sccp', '--early-cse', '--mem2reg', '--jump-threading', '--globalopt', '--elim-avail-extern', '--instcombine', '--adce', '--jump-threading', '--gvn', '--simplifycfg', '--instsimplify', '--gvn-hoist', '--mergefunc', '--gvn-hoist', '--instcombine', '--globalopt', '--elim-avail-extern', '--indvars', '--gvn', '--gvn', '--ipsccp', '--gvn', '--nary-reassociate', '--lower-constant-intrinsics', '--loop-instsimplify', '--strip', '--mem2reg', '--jump-threading', '--elim-avail-extern', '--instcombine', '--simplifycfg', '--sroa', '--mem2reg', '--gvn-hoist', '--sccp', '--early-cse', '--lower-constant-intrinsics', '--adce', '--gvn-hoist', '--adce', '--lower-constant-intrinsics', '--dse', '--newgvn', '--simplifycfg', '--lower-expect', '--simplifycfg', '--gvn-hoist', '--instcombine', '--globalopt', '--elim-avail-extern', '--gvn', '--gvn', '--ipsccp', '--gvn', '--nary-reassociate', '--lower-constant-intrinsics', '--loop-instsimplify', '--early-cse', '--mem2reg', '--jump-threading', '--globalopt', '--slp-vectorizer', '--instcombine', '--simplifycfg', '--sroa', '--loop-reroll', '--early-cse', '--lower-expect', '--sroa', '--lower-expect', '--globalopt', '--elim-avail-extern', '--lower-expect']",76,-7.291890973568299,0.0,-2.16588842063588,0.0,1,-7.291890973568299,-2.16588842063588,0.0,-71.06598984771574,12.55709952209036,29.411764705882355,34
185,"['--ipsccp', '--loop-unroll-and-jam', '--gvn-hoist', '--reassociate', '--elim-avail-extern', '--adce', '--early-cse-memssa', '--flattencfg', '--instcombine', '--ipsccp', '--instcombine', '--elim-avail-extern', '--lower-expect', '--early-cse-memssa', '--mem2reg', '--instcombine', '--adce', '--early-cse-memssa', '--instcombine', '--simplifycfg', '--sroa', '--sccp', '--gvn-hoist', '--simplifycfg', '--nary-reassociate', '--jump-threading', '--load-store-vectorizer', '--early-cse-memssa', '--simplifycfg', '--loop-instsimplify', '--early-cse', '--mem2reg', '--jump-threading', '--globalopt', '--elim-avail-extern', '--instcombine', '--simplifycfg', '--sroa', '--sccp', '--gvn-hoist', '--simplifycfg', '--nary-reassociate', '--jump-threading', '--load-store-vectorizer', '--early-cse-memssa', '--lower-expect', '--loop-instsimplify', '--early-cse', '--early-cse-memssa', '--instsimplify', '--gvn-hoist', '--simplifycfg', '--mem2reg']",53,-7.304529923903301,0.0,-2.953906961054917,0.0,1,-7.304529923903301,-2.953906961054917,0.0,-88.83248730964468,15.596879384062312,23.52941176470588,34
133,"['--load-store-vectorizer', '--instcombine', '--sroa', '--mem2reg', '--gvn-hoist', '--sccp', '--early-cse', '--lower-constant-intrinsics', '--adce', '--gvn-hoist', '--adce', '--lower-constant-intrinsics', '--newgvn', '--aggressive-instcombine', '--lower-expect', '--simplifycfg', '--gvn-hoist', '--instcombine', '--globalopt', '--elim-avail-extern', '--gvn', '--gvn', '--ipsccp', '--gvn', '--nary-reassociate', '--lower-constant-intrinsics', '--loop-instsimplify', '--early-cse', '--mem2reg', '--jump-threading', '--globalopt', '--elim-avail-extern', '--instcombine', '--simplifycfg', '--sroa', '--mem2reg', '--simplifycfg', '--early-cse-memssa', '--mem2reg', '--instcombine', '--globalopt']",41,-7.309063199976839,0.0,-3.0205154640972403,0.0,1,-7.309063199976839,-3.0205154640972403,0.13175230566534915,-86.80203045685279,15.142648371980268,23.52941176470588,34
274,"['--ipsccp', '--lower-constant-intrinsics', '--sccp', '--early-cse', '--mem2reg', '--jump-threading', '--globalopt', '--elim-avail-extern', '--instcombine', '--adce', '--jump-threading', '--gvn', '--simplifycfg', '--instsimplify', '--gvn-hoist', '--globalopt', '--elim-avail-extern', '--instcombine', '--simplifycfg', '--sroa', '--sccp', '--gvn-hoist', '--newgvn', '--simplifycfg', '--nary-reassociate', '--jump-threading', '--gvn-hoist', '--simplifycfg', '--sroa', '--elim-avail-extern', '--mem2reg', '--functionattrs', '--lower-constant-intrinsics', '--load-store-vectorizer', '--early-cse-memssa', '--load-store-vectorizer', '--mem2reg', '--instcombine', '--adce', '--simplifycfg', '--gvn-hoist', '--simplifycfg', '--mem2reg', '--ipsccp', '--newgvn', '--sroa', '--instcombine', '--prune-eh', '--gvn', '--instsimplify', '--gvn-hoist', '--simplifycfg', '--mem2reg', '--ipsccp', '--newgvn', '--sroa', '--instsimplify', '--gvn', '--simplifycfg', '--instcombine', '--gvn-hoist', '--mem2reg']",62,-7.31783946645164,0.0,-2.9862552357633363,0.0,1,-7.31783946645164,-2.9862552357633363,0.0702247191011236,-86.29441624365482,15.48736274923256,23.52941176470588,34
253,"['--ipsccp', '--gvn-hoist', '--reassociate', '--elim-avail-extern', '--early-cse-memssa', '--mem2reg', '--aggressive-instcombine', '--gvn-hoist', '--globalopt', '--mem2reg', '--early-cse-memssa', '--load-store-vectorizer', '--newgvn', '--simplifycfg', '--lower-expect', '--simplifycfg', '--gvn-hoist', '--instcombine', '--globalopt', '--elim-avail-extern', '--gvn', '--gvn', '--ipsccp', '--gvn', '--nary-reassociate', '--lower-constant-intrinsics', '--loop-instsimplify', '--simplifycfg', '--mem2reg', '--jump-threading', '--globalopt', '--elim-avail-extern', '--instcombine', '--simplifycfg', '--mem2reg', '--gvn-hoist', '--sccp', '--early-cse', '--lower-constant-intrinsics', '--adce', '--gvn-hoist', '--adce', '--lower-constant-intrinsics', '--newgvn', '--simplifycfg', '--lower-expect', '--simplifycfg', '--gvn-hoist', '--instcombine', '--globalopt', '--elim-avail-extern', '--gvn', '--gvn', '--ipsccp', '--gvn', '--nary-reassociate', '--lower-constant-intrinsics', '--loop-instsimplify', '--early-cse', '--mem2reg', '--jump-threading', '--globalopt', '--elim-avail-extern', '--instcombine', '--early-cse', '--sroa', '--lower-constant-intrinsics', '--early-cse', '--lower-expect', '--sroa', '--sccp', '--sroa', '--lower-expect', '--globalopt', '--elim-avail-extern', '--lower-expect']",76,-7.318765203253228,0.0,-2.9639263046170012,0.0,1,-7.318765203253228,-2.9639263046170012,0.0,-88.83248730964468,15.664087100845956,23.52941176470588,34
193,"['--load-store-vectorizer', '--instcombine', '--sroa', '--mem2reg', '--gvn-hoist', '--sccp', '--early-cse', '--lower-constant-intrinsics', '--adce', '--gvn-hoist', '--early-cse-memssa', '--load-store-vectorizer', '--newgvn', '--simplifycfg', '--lower-expect', '--simplifycfg', '--gvn-hoist', '--instcombine', '--globalopt', '--elim-avail-extern', '--gvn', '--gvn', '--ipsccp', '--gvn', '--nary-reassociate', '--lower-constant-intrinsics', '--loop-instsimplify', '--early-cse', '--mem2reg', '--jump-threading', '--globalopt', '--elim-avail-extern', '--instcombine', '--simplifycfg', '--sroa', '--mem2reg', '--gvn-hoist', '--sccp', '--early-cse', '--adce', '--gvn-hoist', '--adce', '--lower-constant-intrinsics', '--newgvn', '--simplifycfg', '--lower-expect', '--simplifycfg', '--gvn-hoist', '--instcombine', '--globalopt', '--elim-avail-extern', '--gvn', '--gvn', '--gvn', '--nary-reassociate', '--lower-constant-intrinsics', '--loop-instsimplify', '--early-cse', '--mem2reg', '--jump-threading', '--globalopt', '--elim-avail-extern', '--instcombine', '--simplifycfg', '--sroa', '--lower-constant-intrinsics', '--early-cse', '--lower-expect', '--sroa', '--sccp', '--sroa', '--lower-expect', '--globalopt', '--elim-avail-extern', '--lower-expect']",75,-7.329719150872954,0.0,-3.0457135791661782,0.0,1,-7.329719150872954,-3.0457135791661782,0.0,-86.80203045685279,15.160222017924387,23.52941176470588,34
1015,"['--ipsccp', '--speculative-execution', '--sccp', '--early-cse', '--mem2reg', '--jump-threading', '--globalopt', '--elim-avail-extern', '--instcombine', '--adce', '--jump-threading', '--gvn', '--simplifycfg', '--instsimplify', '--gvn-hoist', '--mergefunc', '--gvn-hoist', '--instcombine', '--globalopt', '--elim-avail-extern', '--lower-expect', '--gvn', '--gvn', '--ipsccp', '--gvn', '--nary-reassociate', '--loop-instsimplify', '--early-cse', '--mem2reg', '--jump-threading', '--globalopt', '--elim-avail-extern', '--instcombine', '--simplifycfg', '--sroa', '--mem2reg', '--gvn-hoist', '--sccp', '--early-cse', '--slsr', '--adce', '--gvn-hoist', '--adce', '--lower-constant-intrinsics', '--dse', '--newgvn', '--lower-expect', '--gvn-hoist', '--instcombine', '--globalopt', '--elim-avail-extern', '--gvn', '--gvn', '--ipsccp', '--gvn', '--nary-reassociate', '--lower-constant-intrinsics', '--early-cse', '--mem2reg', '--jump-threading', '--globalopt', '--slp-vectorizer', '--instcombine', '--simplifycfg', '--sroa', '--early-cse', '--lower-expect', '--sroa', '--sroa', '--lower-expect', '--globalopt', '--elim-avail-extern', '--aggressive-instcombine', '--load-store-vectorizer']",74,-7.329923923514111,0.0,-2.467710975411647,0.0,1,-7.329923923514111,-2.467710975411647,0.33965251356555703,-86.29441624365482,15.085524566612584,26.47058823529412,34
167,"['--load-store-vectorizer', '--instcombine', '--sroa', '--mem2reg', '--gvn-hoist', '--sccp', '--early-cse', '--lower-constant-intrinsics', '--adce', '--gvn-hoist', '--adce', '--lower-constant-intrinsics', '--newgvn', '--simplifycfg', '--lower-expect', '--simplifycfg', '--gvn-hoist', '--instcombine', '--globalopt', '--elim-avail-extern', '--gvn', '--gvn', '--ipsccp', '--gvn', '--nary-reassociate', '--lower-constant-intrinsics', '--loop-instsimplify', '--early-cse', '--mem2reg', '--jump-threading', '--globalopt', '--elim-avail-extern', '--instcombine', '--simplifycfg', '--sroa', '--mem2reg', '--gvn-hoist', '--sccp', '--early-cse', '--lower-constant-intrinsics', '--adce', '--jump-threading', '--load-store-vectorizer', '--early-cse-memssa', '--lower-expect', '--loop-instsimplify', '--early-cse', '--early-cse-memssa', '--instsimplify', '--gvn-hoist', '--simplifycfg', '--mem2reg']",52,-7.333011913861881,0.0,-3.0505194230723682,0.0,1,-7.333011913861881,-3.0505194230723682,0.0,-86.80203045685279,15.157105818517223,23.52941176470588,34
173,"['--aggressive-instcombine', '--gvn-hoist', '--elim-avail-extern', '--early-cse-memssa', '--loop-instsimplify', '--mem2reg', '--mergefunc', '--instcombine', '--mem2reg', '--adce', '--jump-threading', '--newgvn', '--instcombine', '--gvn', '--jump-threading', '--newgvn', '--ipsccp', '--loop-simplifycfg', '--newgvn', '--sroa', '--sroa', '--mem2reg', '--gvn', '--lower-constant-intrinsics', '--load-store-vectorizer', '--early-cse-memssa', '--instsimplify', '--licm', '--simplifycfg', '--early-cse-memssa', '--mem2reg', '--gvn-hoist', '--loop-simplifycfg', '--nary-reassociate', '--mem2reg', '--globalopt', '--licm', '--globalopt', '--instcombine', '--adce', '--simplifycfg', '--nary-reassociate', '--sroa', '--early-cse', '--instsimplify', '--ipsccp', '--loop-simplifycfg', '--elim-avail-extern', '--early-cse', '--ipsccp', '--licm', '--instcombine', '--gvn', '--jump-threading', '--instcombine', '--sroa', '--simplifycfg', '--early-cse-memssa', '--ipsccp', '--gvn', '--newgvn', '--gvn']",62,-7.392172235012886,0.0,-2.9481156085249105,0.0,1,-7.392172235012886,-2.9481156085249105,0.4158004158004158,-86.80203045685279,16.516737639133215,23.52941176470588,34
114,"['--loop-fusion', '--jump-threading', '--newgvn', '--ipsccp', '--loop-simplifycfg', '--newgvn', '--sroa', '--elim-avail-extern', '--mem2reg', '--gvn', '--lower-constant-intrinsics', '--loop-instsimplify', '--early-cse', '--mem2reg', '--jump-threading', '--globalopt', '--elim-avail-extern', '--instcombine', '--simplifycfg', '--sroa', '--sccp', '--gvn-hoist', '--simplifycfg', '--nary-reassociate', '--jump-threading', '--gvn-hoist', '--simplifycfg', '--sroa', '--elim-avail-extern', '--mem2reg', '--gvn', '--lower-constant-intrinsics', '--load-store-vectorizer', '--early-cse-memssa', '--load-store-vectorizer', '--mem2reg', '--instcombine', '--adce', '--simplifycfg', '--gvn-hoist', '--simplifycfg', '--mem2reg', '--ipsccp', '--newgvn', '--sroa', '--instcombine', '--prune-eh', '--gvn', '--instsimplify', '--gvn-hoist', '--simplifycfg', '--mem2reg', '--ipsccp', '--newgvn', '--sroa', '--instsimplify', '--mergefunc', '--simplifycfg', '--instcombine', '--gvn-hoist', '--mem2reg']",61,-7.39908926291616,0.0,-2.942234242290229,0.0,1,-7.39908926291616,-2.942234242290229,0.0,-86.80203045685279,16.630018164926064,23.52941176470588,34
171,"['--ipsccp', '--lower-constant-intrinsics', '--sccp', '--early-cse-memssa', '--gvn', '--prune-eh', '--mem2reg', '--loop-simplifycfg', '--load-store-vectorizer', '--simplifycfg', '--elim-avail-extern', '--simplifycfg', '--simplifycfg', '--early-cse-memssa', '--mem2reg', '--load-store-vectorizer', '--instcombine', '--elim-avail-extern', '--early-cse-memssa', '--reassociate', '--mem2reg', '--globalopt', '--newgvn', '--gvn-hoist', '--simplifycfg', '--ipsccp', '--simplifycfg', '--sroa', '--elim-avail-extern', '--mem2reg', '--gvn', '--lower-constant-intrinsics', '--load-store-vectorizer', '--early-cse-memssa', '--load-store-vectorizer', '--mem2reg', '--instcombine', '--adce', '--licm', '--gvn-hoist', '--simplifycfg', '--mem2reg', '--ipsccp', '--newgvn', '--sroa', '--instcombine', '--prune-eh', '--gvn', '--instsimplify', '--gvn-hoist', '--simplifycfg', '--mem2reg', '--ipsccp', '--newgvn', '--sroa', '--instsimplify', '--mergefunc', '--simplifycfg', '--instcombine', '--gvn-hoist', '--mem2reg']",61,-7.416014430734348,0.0,-2.517238636493384,0.0,1,-7.416014430734348,-2.517238636493384,0.0,-86.80203045685279,15.57497218070192,26.47058823529412,34
76,"['--load-store-vectorizer', '--instcombine', '--sroa', '--mem2reg', '--gvn-hoist', '--sccp', '--early-cse', '--lower-constant-intrinsics', '--adce', '--gvn-hoist', '--adce', '--lower-constant-intrinsics', '--newgvn', '--simplifycfg', '--lower-expect', '--simplifycfg', '--gvn-hoist', '--instcombine', '--globalopt', '--elim-avail-extern', '--gvn', '--gvn', '--ipsccp', '--gvn', '--nary-reassociate', '--lower-constant-intrinsics', '--loop-instsimplify', '--early-cse', '--mem2reg', '--jump-threading', '--globalopt', '--elim-avail-extern', '--instcombine', '--simplifycfg', '--sroa', '--mem2reg', '--simplifycfg', '--early-cse-memssa', '--mem2reg', '--instcombine', '--globalopt']",41,-7.422385259331092,0.0,-3.176536512095364,0.0,1,-7.422385259331092,-3.176536512095364,0.0,-86.80203045685279,15.105711105536876,23.52941176470588,34
134,"['--load-store-vectorizer', '--instcombine', '--sroa', '--mem2reg', '--gvn-hoist', '--sccp', '--early-cse', '--lower-constant-intrinsics', '--adce', '--gvn-hoist', '--adce', '--lower-constant-intrinsics', '--newgvn', '--simplifycfg', '--lower-expect', '--simplifycfg', '--gvn-hoist', '--instcombine', '--globalopt', '--elim-avail-extern', '--gvn', '--gvn', '--ipsccp', '--gvn', '--nary-reassociate', '--lower-constant-intrinsics', '--loop-instsimplify', '--early-cse', '--mem2reg', '--jump-threading', '--globalopt', '--elim-avail-extern', '--mldst-motion', '--instcombine', '--simplifycfg', '--sroa', '--mem2reg', '--simplifycfg', '--early-cse-memssa', '--mem2reg', '--instcombine', '--globalopt']",42,-7.422385259331092,0.0,-3.176536512095364,0.0,1,-7.422385259331092,-3.176536512095364,0.0,-86.80203045685279,15.105711105536876,23.52941176470588,34
45,"['--load-store-vectorizer', '--instcombine', '--sroa', '--mem2reg', '--gvn-hoist', '--sccp', '--early-cse', '--lower-constant-intrinsics', '--adce', '--gvn-hoist', '--adce', '--lower-constant-intrinsics', '--newgvn', '--simplifycfg', '--lower-expect', '--simplifycfg', '--gvn-hoist', '--instcombine', '--globalopt', '--elim-avail-extern', '--gvn', '--gvn', '--ipsccp', '--gvn', '--nary-reassociate', '--lower-constant-intrinsics', '--loop-instsimplify', '--early-cse', '--mem2reg', '--jump-threading', '--globalopt', '--elim-avail-extern', '--instcombine', '--simplifycfg', '--sroa', '--mem2reg', '--gvn-hoist', '--sccp', '--early-cse', '--lower-constant-intrinsics', '--adce', '--gvn-hoist', '--adce', '--lower-constant-intrinsics', '--newgvn', '--simplifycfg', '--lower-expect', '--simplifycfg', '--gvn-hoist', '--instcombine', '--globalopt', '--elim-avail-extern', '--gvn', '--gvn', '--ipsccp', '--gvn', '--nary-reassociate', '--lower-constant-intrinsics', '--loop-instsimplify', '--early-cse', '--mem2reg', '--jump-threading', '--globalopt', '--elim-avail-extern', '--instcombine', '--simplifycfg', '--sroa', '--lower-constant-intrinsics', '--early-cse', '--lower-expect', '--sroa', '--sccp', '--sroa', '--lower-expect', '--globalopt', '--elim-avail-extern', '--lower-expect']",77,-7.422385259331092,0.0,-3.176536512095364,0.0,1,-7.422385259331092,-3.176536512095364,0.0,-86.80203045685279,15.105711105536876,23.52941176470588,34
207,"['--load-store-vectorizer', '--instcombine', '--sroa', '--mem2reg', '--gvn-hoist', '--sccp', '--early-cse', '--lower-constant-intrinsics', '--adce', '--gvn-hoist', '--adce', '--lower-constant-intrinsics', '--newgvn', '--simplifycfg', '--lower-expect', '--simplifycfg', '--gvn-hoist', '--instcombine', '--globalopt', '--elim-avail-extern', '--gvn', '--gvn', '--ipsccp', '--gvn', '--nary-reassociate', '--lower-constant-intrinsics', '--loop-instsimplify', '--early-cse', '--mem2reg', '--jump-threading', '--globalopt', '--elim-avail-extern', '--instcombine', '--simplifycfg', '--sroa', '--loop-reroll', '--gvn-hoist', '--sccp', '--early-cse', '--lower-constant-intrinsics', '--adce', '--gvn-hoist', '--adce', '--lower-constant-intrinsics', '--newgvn', '--simplifycfg', '--lower-expect', '--simplifycfg', '--gvn-hoist', '--instcombine', '--globalopt', '--elim-avail-extern', '--gvn', '--gvn', '--ipsccp', '--gvn', '--nary-reassociate', '--lower-constant-intrinsics', '--loop-instsimplify', '--early-cse', '--jump-threading', '--globalopt', '--elim-avail-extern', '--instcombine', '--simplifycfg', '--sroa', '--lower-constant-intrinsics', '--early-cse', '--lower-expect', '--sroa', '--sccp', '--sroa', '--lower-expect', '--globalopt', '--elim-avail-extern', '--lower-expect']",76,-7.422385259331092,0.0,-3.176536512095364,0.0,1,-7.422385259331092,-3.176536512095364,0.0,-86.80203045685279,15.105711105536876,23.52941176470588,34
184,"['--load-store-vectorizer', '--instcombine', '--sroa', '--mem2reg', '--gvn-hoist', '--sccp', '--early-cse', '--lower-constant-intrinsics', '--adce', '--gvn-hoist', '--adce', '--lower-constant-intrinsics', '--newgvn', '--simplifycfg', '--lower-expect', '--simplifycfg', '--gvn-hoist', '--instcombine', '--globalopt', '--elim-avail-extern', '--gvn', '--gvn', '--ipsccp', '--gvn', '--nary-reassociate', '--lower-constant-intrinsics', '--loop-instsimplify', '--early-cse', '--mem2reg', '--jump-threading', '--globalopt', '--elim-avail-extern', '--instcombine', '--simplifycfg', '--sroa', '--simplifycfg', '--sroa', '--sccp', '--gvn-hoist', '--simplifycfg', '--nary-reassociate', '--jump-threading', '--early-cse-memssa', '--lower-expect', '--loop-instsimplify', '--early-cse', '--early-cse-memssa', '--instsimplify', '--gvn-hoist', '--simplifycfg', '--mem2reg']",51,-7.422385259331092,0.0,-3.176536512095364,0.0,1,-7.422385259331092,-3.176536512095364,0.0,-86.80203045685279,15.105711105536876,23.52941176470588,34
228,"['--ipsccp', '--lower-constant-intrinsics', '--sccp', '--early-cse-memssa', '--mem2reg', '--jump-threading', '--globalopt', '--elim-avail-extern', '--instcombine', '--adce', '--jump-threading', '--gvn', '--simplifycfg', '--mem2reg', '--gvn-hoist', '--mergefunc', '--adce', '--instcombine', '--mem2reg', '--adce', '--newgvn', '--simplifycfg', '--early-cse-memssa', '--newgvn', '--instsimplify', '--gvn-hoist', '--globalopt', '--licm', '--early-cse-memssa', '--instcombine', '--adce', '--jump-threading', '--gvn', '--simplifycfg', '--instsimplify', '--gvn-hoist', '--mergefunc', '--sroa', '--early-cse', '--instsimplify', '--ipsccp', '--loop-simplifycfg', '--sroa', '--early-cse', '--newgvn', '--simplifycfg', '--lower-expect', '--simplifycfg', '--gvn-hoist', '--instcombine', '--globalopt', '--elim-avail-extern', '--gvn', '--gvn', '--ipsccp', '--gvn', '--nary-reassociate', '--lower-constant-intrinsics', '--loop-instsimplify', '--early-cse', '--jump-threading', '--globalopt', '--elim-avail-extern', '--instcombine', '--simplifycfg', '--sroa', '--lower-constant-intrinsics', '--early-cse', '--lower-expect', '--sroa', '--sccp', '--sroa', '--lower-expect', '--globalopt', '--elim-avail-extern', '--lower-expect']",76,-7.465031506170819,0.0,-3.672562809587015,0.0,1,-7.465031506170819,-3.672562809587015,0.0,-86.80203045685279,16.223741048629112,20.588235294117645,34
174,"['--loop-guard-widening', '--early-cse', '--globalopt', '--mergereturn', '--early-cse-memssa', '--load-store-vectorizer', '--instcombine', '--elim-avail-extern', '--early-cse-memssa', '--reassociate', '--mem2reg', '--globalopt', '--loweratomic', '--simplifycfg', '--gvn-hoist', '--ipsccp', '--instcombine', '--globalopt', '--loop-simplifycfg', '--load-store-vectorizer', '--instcombine', '--globalopt', '--sccp', '--gvn', '--sccp', '--gvn', '--licm', '--simplifycfg', '--slp-vectorizer', '--gvn-hoist', '--aggressive-instcombine', '--early-cse-memssa', '--licm', '--instcombine', '--newgvn', '--ipsccp', '--jump-threading', '--gvn', '--early-cse-memssa', '--elim-avail-extern', '--prune-eh', '--early-cse-memssa', '--adce', '--sroa', '--early-cse', '--instsimplify', '--ipsccp', '--loop-simplifycfg', '--sroa', '--early-cse', '--ipsccp', '--licm', '--instcombine', '--gvn', '--jump-threading', '--instcombine', '--sroa', '--simplifycfg', '--early-cse-memssa', '--ipsccp', '--gvn', '--nary-reassociate']",62,-7.465096470838548,0.0,-2.579531602833282,0.0,1,-7.465096470838548,-2.579531602833282,0.0,-86.80203045685279,15.598595334194677,26.47058823529412,34
493,"['--ipsccp', '--speculative-execution', '--sccp', '--early-cse', '--lower-constant-intrinsics', '--jump-threading', '--globalopt', '--elim-avail-extern', '--instcombine', '--adce', '--jump-threading', '--gvn', '--simplifycfg', '--instsimplify', '--gvn-hoist', '--mergefunc', '--gvn-hoist', '--instcombine', '--globalopt', '--elim-avail-extern', '--gvn', '--gvn', '--ipsccp', '--gvn', '--nary-reassociate', '--lower-constant-intrinsics', '--loop-instsimplify', '--early-cse', '--mem2reg', '--jump-threading', '--globalopt', '--elim-avail-extern', '--instcombine', '--simplifycfg', '--sroa', '--mem2reg', '--gvn-hoist', '--sccp', '--early-cse', '--lower-constant-intrinsics', '--adce', '--adce', '--gvn-hoist', '--adce', '--lower-constant-intrinsics', '--newgvn', '--simplifycfg', '--simplifycfg', '--lowerinvoke', '--simplifycfg', '--gvn-hoist', '--instcombine', '--globalopt', '--elim-avail-extern', '--gvn', '--gvn', '--ipsccp', '--gvn', '--nary-reassociate', '--lower-constant-intrinsics', '--loop-instsimplify', '--early-cse', '--mem2reg', '--jump-threading', '--globalopt', '--instcombine', '--simplifycfg', '--sroa', '--lower-constant-intrinsics', '--early-cse', '--lower-expect', '--sroa', '--sccp', '--sroa', '--lower-expect', '--globalopt', '--elim-avail-extern', '--lower-expect']",78,-7.467367713225991,0.0,-3.6757795264510102,0.0,1,-7.467367713225991,-3.6757795264510102,0.0,-86.80203045685279,16.222977742700856,20.588235294117645,34
94,"['--aggressive-instcombine', '--gvn-hoist', '--globalopt', '--mem2reg', '--early-cse-memssa', '--load-store-vectorizer', '--instcombine', '--elim-avail-extern', '--early-cse-memssa', '--reassociate', '--mem2reg', '--globalopt', '--loweratomic', '--simplifycfg', '--gvn-hoist', '--ipsccp', '--instcombine', '--globalopt', '--loop-simplifycfg', '--load-store-vectorizer', '--instcombine', '--globalopt', '--sccp', '--gvn', '--sccp', '--gvn', '--licm', '--simplifycfg', '--slp-vectorizer', '--gvn-hoist', '--aggressive-instcombine', '--early-cse-memssa', '--licm', '--instcombine', '--newgvn', '--ipsccp', '--jump-threading', '--gvn', '--early-cse-memssa', '--elim-avail-extern', '--prune-eh', '--early-cse-memssa', '--adce', '--sroa', '--early-cse', '--instsimplify', '--ipsccp', '--loop-simplifycfg', '--sroa', '--early-cse', '--ipsccp', '--licm', '--instcombine', '--gvn', '--jump-threading', '--instcombine', '--sroa', '--simplifycfg', '--early-cse-memssa', '--ipsccp', '--gvn', '--nary-reassociate']",62,-7.498058507464903,0.0,-2.6260937633175288,0.0,1,-7.498058507464903,-2.6260937633175288,0.0,-86.80203045685279,15.578999496826393,26.47058823529412,34
168,"['--aggressive-instcombine', '--gvn-hoist', '--globalopt', '--mem2reg', '--early-cse-memssa', '--load-store-vectorizer', '--instcombine', '--elim-avail-extern', '--early-cse-memssa', '--reassociate', '--mem2reg', '--globalopt', '--loweratomic', '--simplifycfg', '--gvn-hoist', '--ipsccp', '--instcombine', '--globalopt', '--loop-simplifycfg', '--load-store-vectorizer', '--instcombine', '--globalopt', '--sccp', '--gvn', '--sccp', '--gvn', '--licm', '--simplifycfg', '--slp-vectorizer', '--gvn-hoist', '--aggressive-instcombine', '--licm', '--instcombine', '--newgvn', '--ipsccp', '--jump-threading', '--gvn', '--early-cse-memssa', '--elim-avail-extern', '--prune-eh', '--early-cse-memssa', '--adce', '--sroa', '--early-cse', '--instsimplify', '--ipsccp', '--loop-simplifycfg', '--sroa', '--early-cse', '--ipsccp', '--licm', '--instcombine', '--gvn', '--jump-threading', '--instcombine', '--sroa', '--simplifycfg', '--early-cse-memssa', '--ipsccp', '--gvn', '--nary-reassociate']",61,-7.498058507464903,0.0,-2.6260937633175288,0.0,1,-7.498058507464903,-2.6260937633175288,0.0,-86.80203045685279,15.578999496826393,26.47058823529412,34
177,"['--aggressive-instcombine', '--gvn-hoist', '--globalopt', '--mem2reg', '--early-cse-memssa', '--load-store-vectorizer', '--instcombine', '--elim-avail-extern', '--early-cse-memssa', '--reassociate', '--mem2reg', '--globalopt', '--loweratomic', '--simplifycfg', '--gvn-hoist', '--ipsccp', '--instcombine', '--globalopt', '--loop-simplifycfg', '--load-store-vectorizer', '--instcombine', '--globalopt', '--sccp', '--gvn', '--sccp', '--gvn', '--licm', '--simplifycfg', '--slp-vectorizer', '--gvn-hoist', '--aggressive-instcombine', '--early-cse-memssa', '--licm', '--instcombine', '--newgvn', '--ipsccp', '--jump-threading', '--gvn', '--early-cse-memssa', '--elim-avail-extern', '--prune-eh', '--early-cse-memssa', '--adce', '--sroa', '--early-cse', '--instsimplify', '--ipsccp', '--loop-simplifycfg', '--sroa', '--early-cse', '--memcpyopt', '--ipsccp', '--licm', '--instcombine', '--gvn', '--jump-threading', '--instcombine', '--sroa', '--simplifycfg', '--early-cse-memssa', '--ipsccp', '--gvn', '--nary-reassociate']",63,-7.498058507464903,0.0,-2.6260937633175288,0.0,1,-7.498058507464903,-2.6260937633175288,0.0,-86.80203045685279,15.578999496826393,26.47058823529412,34
182,"['--ipsccp', '--early-cse-memssa', '--jump-threading', '--lower-expect', '--instcombine', '--sccp', '--elim-avail-extern', '--gvn', '--nary-reassociate', '--lower-constant-intrinsics', '--loop-instsimplify', '--early-cse', '--mem2reg', '--jump-threading', '--globalopt', '--elim-avail-extern', '--instcombine', '--mergereturn', '--simplifycfg', '--sroa', '--instcombine', '--simplifycfg', '--sroa', '--lower-constant-intrinsics', '--early-cse', '--lower-expect', '--lower-constant-intrinsics', '--loop-instsimplify', '--early-cse', '--mem2reg', '--jump-threading', '--globalopt', '--simplifycfg', '--instsimplify', '--gvn-hoist', '--inferattrs', '--mergefunc', '--sroa', '--early-cse', '--instsimplify', '--ipsccp', '--loop-simplifycfg', '--sroa', '--early-cse-memssa', '--ipsccp', '--licm', '--instcombine', '--gvn', '--jump-threading', '--instcombine', '--sroa', '--simplifycfg', '--early-cse', '--ipsccp', '--gvn', '--newgvn']",56,-7.500023219264104,0.0,-3.7091830806719766,0.0,1,-7.500023219264104,-3.7091830806719766,0.0,-87.30964467005076,16.299006146424748,20.588235294117645,34
246,"['--ipsccp', '--lower-constant-intrinsics', '--sccp', '--early-cse', '--elim-avail-extern', '--jump-threading', '--globalopt', '--elim-avail-extern', '--instcombine', '--adce', '--jump-threading', '--gvn', '--simplifycfg', '--instsimplify', '--gvn-hoist', '--mergefunc', '--gvn-hoist', '--instcombine', '--globalopt', '--elim-avail-extern', '--gvn', '--gvn', '--ipsccp', '--gvn', '--nary-reassociate', '--lower-constant-intrinsics', '--loop-instsimplify', '--early-cse', '--mem2reg', '--jump-threading', '--globalopt', '--elim-avail-extern', '--instcombine', '--simplifycfg', '--sroa', '--mem2reg', '--gvn-hoist', '--sccp', '--early-cse', '--lower-constant-intrinsics', '--adce', '--gvn-hoist', '--adce', '--lower-constant-intrinsics', '--newgvn', '--simplifycfg', '--lower-expect', '--simplifycfg', '--gvn-hoist', '--instcombine', '--globalopt', '--mem2reg', '--gvn', '--gvn', '--ipsccp', '--gvn', '--nary-reassociate', '--lower-constant-intrinsics', '--loop-instsimplify', '--early-cse', '--mem2reg', '--jump-threading', '--globalopt', '--elim-avail-extern', '--instcombine', '--simplifycfg', '--sroa', '--lower-constant-intrinsics', '--early-cse', '--lower-expect', '--sroa', '--sccp', '--sroa', '--lower-expect', '--globalopt', '--elim-avail-extern', '--lower-expect']",77,-7.505108721576275,0.0,-3.726885330151969,0.0,1,-7.505108721576275,-3.726885330151969,0.0,-86.80203045685279,16.217094298446515,20.588235294117645,34
337,"['--ipsccp', '--lower-constant-intrinsics', '--sccp', '--early-cse', '--early-cse', '--jump-threading', '--globalopt', '--elim-avail-extern', '--instcombine', '--adce', '--jump-threading', '--gvn', '--simplifycfg', '--instsimplify', '--gvn-hoist', '--mergefunc', '--gvn-hoist', '--instcombine', '--globalopt', '--elim-avail-extern', '--gvn', '--gvn', '--ipsccp', '--gvn', '--nary-reassociate', '--lower-constant-intrinsics', '--loop-instsimplify', '--early-cse', '--mem2reg', '--jump-threading', '--globalopt', '--elim-avail-extern', '--instcombine', '--simplifycfg', '--sroa', '--mem2reg', '--gvn-hoist', '--sccp', '--early-cse', '--adce', '--gvn-hoist', '--adce', '--lower-constant-intrinsics', '--newgvn', '--simplifycfg', '--lower-expect', '--simplifycfg', '--gvn-hoist', '--instcombine', '--globalopt', '--elim-avail-extern', '--gvn', '--gvn', '--ipsccp', '--gvn', '--nary-reassociate', '--lower-constant-intrinsics', '--loop-instsimplify', '--mem2reg', '--jump-threading', '--globalopt', '--elim-avail-extern', '--instcombine', '--simplifycfg', '--sroa', '--lower-constant-intrinsics', '--early-cse', '--lower-expect', '--sroa', '--sccp', '--sroa', '--lower-expect', '--globalopt', '--elim-avail-extern', '--lower-expect']",75,-7.505108721576275,0.0,-3.726885330151969,0.0,1,-7.505108721576275,-3.726885330151969,0.0,-86.80203045685279,16.217094298446515,20.588235294117645,34
412,"['--ipsccp', '--lower-constant-intrinsics', '--sccp', '--early-cse', '--ipconstprop', '--jump-threading', '--globalopt', '--elim-avail-extern', '--instcombine', '--adce', '--jump-threading', '--gvn', '--simplifycfg', '--instsimplify', '--gvn-hoist', '--mergefunc', '--gvn-hoist', '--instcombine', '--globalopt', '--elim-avail-extern', '--gvn', '--gvn', '--ipsccp', '--gvn', '--nary-reassociate', '--lower-constant-intrinsics', '--loop-instsimplify', '--early-cse', '--mem2reg', '--jump-threading', '--globalopt', '--elim-avail-extern', '--instcombine', '--simplifycfg', '--sroa', '--mem2reg', '--gvn-hoist', '--sccp', '--early-cse', '--adce', '--gvn-hoist', '--adce', '--lower-constant-intrinsics', '--newgvn', '--simplifycfg', '--lower-expect', '--simplifycfg', '--gvn-hoist', '--instcombine', '--globalopt', '--elim-avail-extern', '--gvn', '--gvn', '--memcpyopt', '--ipsccp', '--gvn', '--nary-reassociate', '--lower-constant-intrinsics', '--loop-instsimplify', '--early-cse', '--jump-threading', '--globalopt', '--elim-avail-extern', '--instcombine', '--simplifycfg', '--sroa', '--lower-constant-intrinsics', '--early-cse', '--lower-expect', '--sroa', '--sccp', '--sroa', '--lower-expect', '--globalopt', '--elim-avail-extern', '--lower-expect']",76,-7.505108721576275,0.0,-3.726885330151969,0.0,1,-7.505108721576275,-3.726885330151969,0.0,-86.80203045685279,16.217094298446515,20.588235294117645,34
124,"['--loop-guard-widening', '--early-cse', '--elim-avail-extern', '--early-cse-memssa', '--loop-instsimplify', '--mem2reg', '--mergefunc', '--instcombine', '--mem2reg', '--adce', '--jump-threading', '--newgvn', '--instcombine', '--gvn', '--jump-threading', '--newgvn', '--ipsccp', '--loop-simplifycfg', '--newgvn', '--sroa', '--elim-avail-extern', '--mem2reg', '--gvn', '--lower-constant-intrinsics', '--load-store-vectorizer', '--early-cse-memssa', '--instsimplify', '--licm', '--simplifycfg', '--early-cse-memssa', '--mem2reg', '--gvn-hoist', '--loop-simplifycfg', '--nary-reassociate', '--mem2reg', '--globalopt', '--licm', '--globalopt', '--instcombine', '--adce', '--simplifycfg', '--nary-reassociate', '--sroa', '--early-cse', '--instsimplify', '--ipsccp', '--loop-simplifycfg', '--sroa', '--early-cse', '--ipsccp', '--licm', '--instcombine', '--gvn', '--jump-threading', '--instcombine', '--sroa', '--simplifycfg', '--early-cse-memssa', '--ipsccp', '--gvn', '--newgvn', '--gvn']",62,-7.505870778998519,0.0,-3.1041366565230337,0.0,1,-7.505870778998519,-3.1041366565230337,0.0,-86.80203045685279,16.48356521900362,23.52941176470588,34
156,"['--loop-guard-widening', '--early-cse', '--elim-avail-extern', '--early-cse-memssa', '--loop-instsimplify', '--mem2reg', '--mergefunc', '--instcombine', '--mem2reg', '--adce', '--jump-threading', '--newgvn', '--instcombine', '--gvn', '--jump-threading', '--newgvn', '--ipsccp', '--loop-simplifycfg', '--newgvn', '--sroa', '--elim-avail-extern', '--mem2reg', '--gvn', '--lower-constant-intrinsics', '--load-store-vectorizer', '--early-cse-memssa', '--instsimplify', '--licm', '--simplifycfg', '--early-cse-memssa', '--mem2reg', '--gvn-hoist', '--loop-simplifycfg', '--nary-reassociate', '--mem2reg', '--globalopt', '--licm', '--globalopt', '--instcombine', '--adce', '--simplifycfg', '--nary-reassociate', '--sroa', '--early-cse', '--instsimplify', '--ipsccp', '--loop-simplifycfg', '--sroa', '--early-cse', '--ipsccp', '--licm', '--lowerinvoke', '--instcombine', '--gvn', '--jump-threading', '--instcombine', '--sroa', '--simplifycfg', '--early-cse-memssa', '--ipsccp', '--gvn', '--newgvn', '--gvn']",63,-7.505870778998519,0.0,-3.1041366565230337,0.0,1,-7.505870778998519,-3.1041366565230337,0.0,-86.80203045685279,16.48356521900362,23.52941176470588,34
130,"['--ipsccp', '--early-cse-memssa', '--jump-threading', '--early-cse', '--loop-vectorize', '--instcombine', '--sccp', '--elim-avail-extern', '--gvn', '--nary-reassociate', '--lower-constant-intrinsics', '--early-cse-memssa', '--load-store-vectorizer', '--instcombine', '--elim-avail-extern', '--early-cse-memssa', '--reassociate', '--mem2reg', '--globalopt', '--newgvn', '--simplifycfg', '--gvn-hoist', '--ipsccp', '--instcombine', '--adce', '--early-cse', '--aggressive-instcombine', '--simplifycfg', '--gvn-hoist', '--gvn']",30,-7.558278045402421,0.0,-3.1862591306142,0.0,1,-7.558278045402421,-3.1862591306142,0.3629389675901304,-86.80203045685279,16.391719327358892,23.52941176470588,34
103,"['--ipsccp', '--early-cse-memssa', '--jump-threading', '--early-cse', '--instcombine', '--sccp', '--elim-avail-extern', '--gvn', '--nary-reassociate', '--lower-constant-intrinsics', '--early-cse-memssa', '--load-store-vectorizer', '--instcombine', '--elim-avail-extern', '--early-cse-memssa', '--reassociate', '--mem2reg', '--globalopt', '--newgvn', '--simplifycfg', '--gvn-hoist', '--ipsccp', '--instcombine', '--adce', '--lower-expect', '--aggressive-instcombine', '--simplifycfg', '--gvn-hoist', '--gvn']",29,-7.558278045402421,0.0,-3.1862591306142,0.0,1,-7.558278045402421,-3.1862591306142,0.3629389675901304,-86.80203045685279,16.391719327358892,23.52941176470588,34
711,"['--ipsccp', '--speculative-execution', '--sccp', '--early-cse', '--mem2reg', '--jump-threading', '--globalopt', '--elim-avail-extern', '--instcombine', '--adce', '--jump-threading', '--gvn', '--simplifycfg', '--loop-versioning-licm', '--instsimplify', '--gvn-hoist', '--mergefunc', '--gvn-hoist', '--instcombine', '--globalopt', '--elim-avail-extern', '--indvars', '--gvn', '--gvn', '--partially-inline-libcalls', '--ipsccp', '--gvn', '--nary-reassociate', '--lower-constant-intrinsics', '--loop-instsimplify', '--strip', '--mem2reg', '--jump-threading', '--globalopt', '--elim-avail-extern', '--instcombine', '--simplifycfg', '--sroa', '--mem2reg', '--gvn-hoist', '--sccp', '--early-cse', '--lower-constant-intrinsics', '--adce', '--gvn-hoist', '--adce', '--lower-constant-intrinsics', '--newgvn', '--simplifycfg', '--lower-expect', '--simplifycfg', '--globalopt', '--elim-avail-extern', '--gvn', '--gvn', '--ipsccp', '--gvn', '--nary-reassociate', '--lower-constant-intrinsics', '--loop-instsimplify', '--early-cse', '--mem2reg', '--jump-threading', '--slp-vectorizer', '--instcombine', '--simplifycfg', '--sroa', '--lower-constant-intrinsics', '--early-cse', '--lower-expect', '--sroa', '--sroa', '--lower-expect', '--load-store-vectorizer', '--elim-avail-extern', '--lower-expect']",76,-7.577215258018104,0.0,-2.5928525812557015,0.0,1,-7.577215258018104,-2.5928525812557015,0.0,-69.54314720812182,12.208111161939737,29.411764705882355,34
89,"['--ipsccp', '--lower-constant-intrinsics', '--sccp', '--early-cse-memssa', '--mem2reg', '--jump-threading', '--globalopt', '--elim-avail-extern', '--instcombine', '--adce', '--jump-threading', '--gvn', '--simplifycfg', '--instsimplify', '--gvn-hoist', '--mergefunc', '--adce', '--instcombine', '--mem2reg', '--adce', '--newgvn', '--simplifycfg', '--early-cse-memssa', '--newgvn', '--instsimplify', '--gvn-hoist', '--globalopt', '--licm', '--early-cse-memssa', '--instcombine', '--adce', '--jump-threading', '--gvn', '--simplifycfg', '--instsimplify', '--gvn-hoist', '--mergefunc', '--sroa', '--early-cse', '--instsimplify', '--ipsccp', '--loop-simplifycfg', '--sroa', '--early-cse', '--ipsccp', '--licm', '--instcombine', '--gvn', '--jump-threading', '--instcombine', '--sroa', '--simplifycfg', '--early-cse-memssa', '--ipsccp', '--gvn', '--newgvn']",56,-7.580107244020472,0.0,-3.8306731940494854,0.0,1,-7.580107244020472,-3.8306731940494854,0.0,-86.80203045685279,16.18867054365711,20.588235294117645,34
248,"['--ipsccp', '--lower-constant-intrinsics', '--sccp', '--elim-avail-extern', '--gvn', '--prune-eh', '--mem2reg', '--loop-simplifycfg', '--load-store-vectorizer', '--simplifycfg', '--elim-avail-extern', '--licm', '--simplifycfg', '--elim-avail-extern', '--early-cse-memssa', '--reassociate', '--mem2reg', '--globalopt', '--newgvn', '--simplifycfg', '--gvn-hoist', '--ipsccp', '--instcombine', '--adce', '--early-cse', '--aggressive-instcombine', '--loop-instsimplify', '--early-cse', '--mem2reg', '--jump-threading', '--globalopt', '--elim-avail-extern', '--instcombine', '--simplifycfg', '--sroa', '--loop-reroll', '--gvn-hoist', '--sccp', '--early-cse', '--lower-constant-intrinsics', '--adce', '--gvn-hoist', '--adce', '--lower-constant-intrinsics', '--newgvn', '--simplifycfg', '--lower-expect', '--gvn-hoist', '--instcombine', '--globalopt', '--elim-avail-extern', '--gvn', '--gvn', '--ipsccp', '--gvn', '--gvn', '--nary-reassociate', '--lower-constant-intrinsics', '--loop-instsimplify', '--early-cse', '--mem2reg', '--jump-threading', '--globalopt', '--elim-avail-extern', '--instcombine', '--simplifycfg', '--correlated-propagation', '--lower-constant-intrinsics', '--early-cse', '--lower-expect', '--sroa', '--sccp', '--sroa', '--lower-expect', '--globalopt', '--early-cse-memssa', '--lower-expect']",77,-7.582686177910714,0.0,-2.764753598585624,0.0,1,-7.582686177910714,-2.764753598585624,0.0,-86.80203045685279,15.385327436773789,26.47058823529412,34
153,"['--ipsccp', '--lower-constant-intrinsics', '--sccp', '--early-cse-memssa', '--mem2reg', '--jump-threading', '--globalopt', '--elim-avail-extern', '--instcombine', '--adce', '--jump-threading', '--gvn', '--simplifycfg', '--instsimplify', '--gvn-hoist', '--mergefunc', '--adce', '--instcombine', '--mem2reg', '--adce', '--newgvn', '--simplifycfg', '--early-cse-memssa', '--newgvn', '--instsimplify', '--gvn-hoist', '--globalopt', '--licm', '--early-cse-memssa', '--instcombine', '--adce', '--jump-threading', '--gvn', '--simplifycfg', '--instsimplify', '--gvn-hoist', '--gvn-hoist', '--sccp', '--early-cse', '--lower-constant-intrinsics', '--adce', '--gvn-hoist', '--adce', '--lower-constant-intrinsics', '--newgvn', '--simplifycfg', '--lower-expect', '--simplifycfg', '--gvn-hoist', '--instcombine', '--globalopt', '--elim-avail-extern', '--gvn', '--gvn', '--ipsccp', '--gvn', '--nary-reassociate', '--lower-constant-intrinsics', '--loop-instsimplify', '--early-cse', '--mem2reg', '--jump-threading', '--globalopt', '--elim-avail-extern', '--instcombine', '--simplifycfg', '--sroa', '--lower-constant-intrinsics', '--early-cse', '--lower-expect', '--sroa', '--sccp', '--sroa', '--lower-expect', '--globalopt', '--elim-avail-extern', '--lower-expect']",77,-7.587180794266239,0.0,-3.8263498145850927,0.0,1,-7.587180794266239,-3.8263498145850927,0.0,-86.80203045685279,16.291831392097727,20.588235294117645,34
227,"['--ipsccp', '--lower-constant-intrinsics', '--sccp', '--early-cse-memssa', '--mem2reg', '--jump-threading', '--globalopt', '--elim-avail-extern', '--instcombine', '--adce', '--jump-threading', '--gvn', '--simplifycfg', '--instsimplify', '--gvn-hoist', '--mergefunc', '--early-cse', '--adce', '--instcombine', '--mem2reg', '--adce', '--newgvn', '--simplifycfg', '--early-cse-memssa', '--newgvn', '--instsimplify', '--gvn-hoist', '--globalopt', '--licm', '--early-cse-memssa', '--instcombine', '--adce', '--jump-threading', '--gvn', '--simplifycfg', '--instsimplify', '--gvn-hoist', '--gvn-hoist', '--sccp', '--early-cse', '--lower-constant-intrinsics', '--adce', '--gvn-hoist', '--adce', '--lower-constant-intrinsics', '--newgvn', '--simplifycfg', '--simplifycfg', '--gvn-hoist', '--instcombine', '--globalopt', '--elim-avail-extern', '--gvn', '--gvn', '--ipsccp', '--gvn', '--nary-reassociate', '--lower-constant-intrinsics', '--loop-instsimplify', '--early-cse', '--mem2reg', '--jump-threading', '--globalopt', '--elim-avail-extern', '--instcombine', '--simplifycfg', '--sroa', '--lower-constant-intrinsics', '--early-cse', '--lower-expect', '--sroa', '--sccp', '--sroa', '--lower-expect', '--globalopt', '--elim-avail-extern', '--lower-expect']",77,-7.587180794266239,0.0,-3.8263498145850927,0.0,1,-7.587180794266239,-3.8263498145850927,0.0,-86.80203045685279,16.291831392097727,20.588235294117645,34
161,"['--ipsccp', '--lower-constant-intrinsics', '--sccp', '--early-cse-memssa', '--gvn', '--prune-eh', '--mem2reg', '--loop-simplifycfg', '--load-store-vectorizer', '--simplifycfg', '--elim-avail-extern', '--licm', '--simplifycfg', '--gvn-hoist', '--mem2reg', '--instcombine', '--mem2reg', '--globalopt', '--newgvn', '--simplifycfg', '--early-cse-memssa', '--ipsccp', '--instcombine', '--adce', '--early-cse', '--aggressive-instcombine', '--simplifycfg', '--gvn-hoist', '--gvn']",29,-7.599392476605107,0.0,-2.79472464197824,0.0,1,-7.599392476605107,-2.79472464197824,0.0,-86.80203045685279,15.32760759827309,26.47058823529412,34
131,"['--die', '--ipsccp', '--gvn-hoist', '--reassociate', '--elim-avail-extern', '--early-cse-memssa', '--mem2reg', '--aggressive-instcombine', '--gvn-hoist', '--globalopt', '--mem2reg', '--early-cse-memssa', '--load-store-vectorizer', '--instcombine', '--elim-avail-extern', '--early-cse-memssa', '--reassociate', '--mem2reg', '--globalopt', '--newgvn', '--simplifycfg', '--gvn-hoist', '--mldst-motion', '--ipsccp', '--instcombine', '--adce', '--early-cse', '--aggressive-instcombine', '--simplifycfg', '--gvn-hoist', '--gvn']",31,-7.632018282550599,0.0,-2.8351157211152334,0.0,1,-7.632018282550599,-2.8351157211152334,0.20958680838520624,-87.30964467005076,15.350932564200562,26.47058823529412,34
104,"['--ipsccp', '--gvn-hoist', '--reassociate', '--elim-avail-extern', '--early-cse-memssa', '--mem2reg', '--aggressive-instcombine', '--gvn-hoist', '--globalopt', '--mem2reg', '--early-cse-memssa', '--load-store-vectorizer', '--instcombine', '--elim-avail-extern', '--early-cse-memssa', '--reassociate', '--mem2reg', '--globalopt', '--newgvn', '--simplifycfg', '--gvn-hoist', '--mldst-motion', '--ipsccp', '--instcombine', '--adce', '--early-cse', '--aggressive-instcombine', '--simplifycfg', '--gvn-hoist', '--gvn']",30,-7.632018282550599,0.0,-2.8351157211152334,0.0,1,-7.632018282550599,-2.8351157211152334,0.20958680838520624,-87.30964467005076,15.350932564200562,26.47058823529412,34
8,"['--ipsccp', '--gvn-hoist', '--reassociate', '--elim-avail-extern', '--early-cse-memssa', '--mem2reg', '--aggressive-instcombine', '--gvn-hoist', '--globalopt', '--mem2reg', '--early-cse-memssa', '--load-store-vectorizer', '--instcombine', '--elim-avail-extern', '--early-cse-memssa', '--reassociate', '--mem2reg', '--globalopt', '--newgvn', '--simplifycfg', '--gvn-hoist', '--ipsccp', '--instcombine', '--adce', '--early-cse', '--aggressive-instcombine', '--simplifycfg', '--gvn-hoist', '--gvn']",29,-7.632018282550599,0.0,-2.8351157211152334,0.0,1,-7.632018282550599,-2.8351157211152334,0.20958680838520624,-87.30964467005076,15.350932564200562,26.47058823529412,34
159,"['--ipsccp', '--gvn-hoist', '--reassociate', '--elim-avail-extern', '--early-cse-memssa', '--mem2reg', '--aggressive-instcombine', '--gvn-hoist', '--globalopt', '--mem2reg', '--simplifycfg', '--load-store-vectorizer', '--instcombine', '--elim-avail-extern', '--globalopt', '--reassociate', '--mem2reg', '--early-cse-memssa', '--newgvn', '--simplifycfg', '--gvn-hoist', '--ipsccp', '--instcombine', '--adce', '--early-cse', '--aggressive-instcombine', '--simplifycfg', '--gvn-hoist', '--gvn']",29,-7.632018282550599,0.0,-2.8351157211152334,0.0,1,-7.632018282550599,-2.8351157211152334,0.20958680838520624,-87.30964467005076,15.350932564200562,26.47058823529412,34
70,"['--ipsccp', '--gvn-hoist', '--reassociate', '--elim-avail-extern', '--early-cse-memssa', '--mem2reg', '--aggressive-instcombine', '--gvn-hoist', '--globalopt', '--mem2reg', '--simplifycfg', '--load-store-vectorizer', '--instcombine', '--elim-avail-extern', '--early-cse-memssa', '--reassociate', '--mem2reg', '--globalopt', '--newgvn', '--simplifycfg', '--gvn-hoist', '--ipsccp', '--instcombine', '--adce', '--early-cse', '--aggressive-instcombine', '--simplifycfg', '--gvn-hoist', '--gvn']",29,-7.632018282550599,0.0,-2.8351157211152334,0.0,1,-7.632018282550599,-2.8351157211152334,0.20958680838520624,-87.30964467005076,15.350932564200562,26.47058823529412,34
158,"['--aggressive-instcombine', '--gvn-hoist', '--early-cse-memssa', '--mem2reg', '--globalopt', '--load-store-vectorizer', '--instcombine', '--elim-avail-extern', '--early-cse-memssa', '--reassociate', '--elim-avail-extern', '--simplifycfg', '--globalopt', '--instcombine', '--ipsccp', '--reassociate', '--mem2reg', '--globalopt', '--newgvn', '--simplifycfg', '--gvn-hoist', '--ipsccp', '--instcombine', '--adce', '--lower-expect', '--aggressive-instcombine', '--simplifycfg', '--gvn-hoist', '--gvn']",29,-7.632018282550599,0.0,-2.8351157211152334,0.0,1,-7.632018282550599,-2.8351157211152334,0.20958680838520624,-87.30964467005076,15.350932564200562,26.47058823529412,34
125,"['--ipsccp', '--gvn-hoist', '--reassociate', '--elim-avail-extern', '--early-cse-memssa', '--mem2reg', '--aggressive-instcombine', '--gvn-hoist', '--globalopt', '--mem2reg', '--early-cse-memssa', '--load-store-vectorizer', '--strip', '--instcombine', '--elim-avail-extern', '--early-cse-memssa', '--reassociate', '--mem2reg', '--globalopt', '--newgvn', '--simplifycfg', '--gvn-hoist', '--ipsccp', '--instcombine', '--adce', '--early-cse', '--aggressive-instcombine', '--simplifycfg', '--gvn-hoist', '--gvn']",30,-7.632018282550599,0.0,-2.8351157211152334,0.0,1,-7.632018282550599,-2.8351157211152334,0.20958680838520624,-87.30964467005076,15.350932564200562,26.47058823529412,34
1311,"['--ipsccp', '--speculative-execution', '--sccp', '--early-cse', '--mem2reg', '--globalopt', '--elim-avail-extern', '--instcombine', '--adce', '--jump-threading', '--gvn', '--simplifycfg', '--instsimplify', '--inline', '--gvn-hoist', '--mergefunc', '--gvn-hoist', '--instcombine', '--globalopt', '--elim-avail-extern', '--indvars', '--indvars', '--gvn', '--gvn', '--gvn', '--nary-reassociate', '--loop-instsimplify', '--early-cse', '--mem2reg', '--jump-threading', '--globalopt', '--instcombine', '--simplifycfg', '--sroa', '--gvn-hoist', '--early-cse', '--sccp', '--early-cse', '--lower-constant-intrinsics', '--globalopt', '--gvn-hoist', '--adce', '--gvn-hoist', '--adce', '--dse', '--loop-sink', '--simplifycfg', '--simplifycfg', '--gvn-hoist', '--instcombine', '--globalopt', '--aggressive-instcombine', '--gvn', '--gvn', '--ipsccp', '--gvn', '--lower-constant-intrinsics', '--loop-instsimplify', '--early-cse', '--mem2reg', '--jump-threading', '--globalopt', '--slp-vectorizer', '--instcombine', '--simplifycfg', '--sroa', '--lower-constant-intrinsics', '--early-cse', '--lower-expect', '--lower-expect', '--loop-sink', '--loweratomic', '--elim-avail-extern', '--elim-avail-extern', '--lower-expect', '--slsr']",76,-7.662256753217788,0.0,-2.0927505890340363,0.0,1,-7.662256753217788,-2.0927505890340363,0.20197702476647275,-70.05076142131979,12.397526349716731,32.35294117647059,34
187,"['--ipsccp', '--lower-constant-intrinsics', '--sccp', '--early-cse-memssa', '--gvn', '--prune-eh', '--mem2reg', '--loop-simplifycfg', '--load-store-vectorizer', '--simplifycfg', '--elim-avail-extern', '--simplifycfg', '--simplifycfg', '--early-cse-memssa', '--mem2reg', '--load-store-vectorizer', '--instcombine', '--elim-avail-extern', '--early-cse-memssa', '--reassociate', '--mem2reg', '--globalopt', '--newgvn', '--gvn-hoist', '--simplifycfg', '--ipsccp', '--simplifycfg', '--loop-simplify', '--sroa', '--elim-avail-extern', '--mem2reg', '--gvn', '--lower-constant-intrinsics', '--load-store-vectorizer', '--early-cse-memssa', '--load-store-vectorizer', '--mem2reg', '--instcombine', '--adce', '--licm', '--gvn-hoist', '--simplifycfg', '--mem2reg', '--ipsccp', '--newgvn', '--sroa', '--instcombine', '--prune-eh', '--gvn', '--instsimplify', '--instcombine', '--sroa', '--simplifycfg', '--early-cse-memssa', '--ipsccp', '--gvn', '--newgvn']",57,-7.6827766798196,0.0,-2.8996981692056596,0.0,1,-7.6827766798196,-2.8996981692056596,0.0,-86.80203045685279,15.374148176212373,26.47058823529412,34
66,"['--ipsccp', '--lower-constant-intrinsics', '--sccp', '--early-cse-memssa', '--gvn', '--prune-eh', '--mem2reg', '--loop-simplifycfg', '--load-store-vectorizer', '--simplifycfg', '--elim-avail-extern', '--licm', '--simplifycfg', '--early-cse-memssa', '--mem2reg', '--load-store-vectorizer', '--instcombine', '--elim-avail-extern', '--early-cse-memssa', '--reassociate', '--mem2reg', '--globalopt', '--newgvn', '--gvn-hoist', '--simplifycfg', '--ipsccp', '--instcombine', '--elim-avail-extern']",28,-7.7188631383014075,0.0,-2.9550295178340105,0.0,1,-7.7188631383014075,-2.9550295178340105,0.0,-86.80203045685279,15.320027646317818,26.47058823529412,34
1210,"['--ipsccp', '--speculative-execution', '--sccp', '--early-cse', '--mem2reg', '--jump-threading', '--globalopt', '--elim-avail-extern', '--instcombine', '--mem2reg', '--jump-threading', '--gvn', '--simplifycfg', '--instsimplify', '--inline', '--gvn-hoist', '--mergefunc', '--gvn-hoist', '--instcombine', '--globalopt', '--elim-avail-extern', '--indvars', '--gvn', '--gvn', '--ipsccp', '--lower-expect', '--nary-reassociate', '--loop-instsimplify', '--early-cse', '--mem2reg', '--jump-threading', '--globalopt', '--elim-avail-extern', '--instcombine', '--simplifycfg', '--sroa', '--mem2reg', '--gvn-hoist', '--sccp', '--early-cse', '--lower-constant-intrinsics', '--adce', '--gvn-hoist', '--adce', '--loop-simplify', '--dse', '--loop-sink', '--simplifycfg', '--lower-expect', '--simplifycfg', '--gvn-hoist', '--instcombine', '--globalopt', '--aggressive-instcombine', '--gvn', '--gvn', '--ipsccp', '--gvn', '--lower-constant-intrinsics', '--loop-instsimplify', '--early-cse', '--mem2reg', '--early-cse-memssa', '--jump-threading', '--globalopt', '--slp-vectorizer', '--instcombine', '--simplifycfg', '--sroa', '--lower-constant-intrinsics', '--early-cse', '--gvn', '--lower-expect', '--loweratomic', '--elim-avail-extern', '--elim-avail-extern', '--loop-deletion', '--lower-expect', '--slsr']",79,-7.726550216542456,0.0,-2.1471517662462363,0.0,1,-7.726550216542456,-2.1471517662462363,0.20197702476647275,-71.57360406091371,12.632452153871917,32.35294117647059,34
48,"['--ipsccp', '--lower-constant-intrinsics', '--sccp', '--early-cse-memssa', '--gvn', '--prune-eh', '--mem2reg', '--loop-simplifycfg', '--load-store-vectorizer', '--simplifycfg', '--elim-avail-extern', '--licm', '--simplifycfg', '--early-cse-memssa', '--mem2reg', '--instcombine', '--adce', '--simplifycfg', '--sccp', '--jump-threading', '--lower-constant-intrinsics', '--globalopt', '--licm', '--simplifycfg', '--elim-avail-extern', '--licm', '--simplifycfg', '--early-cse-memssa', '--mem2reg', '--instcombine', '--adce', '--jump-threading', '--gvn', '--simplifycfg', '--elim-avail-extern', '--licm', '--simplifycfg', '--early-cse-memssa', '--mem2reg', '--instcombine', '--globalopt']",41,-7.726731666011929,0.0,-3.442741438344274,0.0,1,-7.726731666011929,-3.442741438344274,0.0,-89.34010152284264,16.15263822547841,23.52941176470588,34
109,"['--ipsccp', '--lower-constant-intrinsics', '--sccp', '--early-cse-memssa', '--gvn', '--prune-eh', '--mem2reg', '--loop-simplifycfg', '--load-store-vectorizer', '--simplifycfg', '--elim-avail-extern', '--licm', '--simplifycfg', '--early-cse-memssa', '--mem2reg', '--instcombine', '--adce', '--simplifycfg', '--sccp', '--jump-threading', '--lower-constant-intrinsics', '--globalopt', '--licm', '--simplifycfg', '--elim-avail-extern', '--licm', '--simplifycfg', '--early-cse-memssa', '--mem2reg', '--instcombine', '--adce', '--jump-threading', '--gvn', '--loop-simplifycfg', '--elim-avail-extern', '--licm', '--simplifycfg', '--early-cse-memssa', '--mem2reg', '--instcombine', '--globalopt']",41,-7.726731666011929,0.0,-3.442741438344274,0.0,1,-7.726731666011929,-3.442741438344274,0.0,-89.34010152284264,16.15263822547841,23.52941176470588,34
209,"['--aggressive-instcombine', '--gvn-hoist', '--early-cse-memssa', '--loop-instsimplify', '--mem2reg', '--mergefunc', '--instcombine', '--mem2reg', '--adce', '--jump-threading', '--newgvn', '--instcombine', '--gvn', '--jump-threading', '--newgvn', '--ipsccp', '--loop-simplifycfg', '--newgvn', '--sroa', '--sroa', '--mem2reg', '--gvn', '--lower-constant-intrinsics', '--load-store-vectorizer', '--early-cse-memssa', '--instsimplify', '--licm', '--simplifycfg', '--early-cse-memssa', '--mem2reg', '--gvn-hoist', '--loop-simplifycfg', '--nary-reassociate', '--mem2reg', '--globalopt', '--licm', '--globalopt', '--instcombine', '--adce', '--simplifycfg', '--nary-reassociate', '--sroa', '--early-cse', '--instsimplify', '--ipsccp', '--loop-simplifycfg', '--elim-avail-extern', '--early-cse', '--ipsccp', '--licm', '--instcombine', '--gvn', '--jump-threading', '--instcombine', '--sroa', '--simplifycfg', '--early-cse-memssa', '--ipsccp', '--gvn', '--newgvn', '--gvn']",61,-7.727065678463536,0.0,-3.3505923887106692,0.0,1,-7.727065678463536,-3.3505923887106692,0.4158004158004158,-86.80203045685279,16.847096222246524,23.52941176470588,34
1070,"['--ipsccp', '--speculative-execution', '--sccp', '--early-cse', '--mem2reg', '--jump-threading', '--globalopt', '--elim-avail-extern', '--instcombine', '--adce', '--jump-threading', '--gvn', '--simplifycfg', '--instsimplify', '--inline', '--gvn-hoist', '--mergefunc', '--gvn-hoist', '--instcombine', '--globalopt', '--elim-avail-extern', '--indvars', '--gvn', '--gvn', '--ipsccp', '--gvn', '--nary-reassociate', '--loop-instsimplify', '--early-cse', '--mem2reg', '--jump-threading', '--globalopt', '--elim-avail-extern', '--instcombine', '--simplifycfg', '--sroa', '--mem2reg', '--globalopt', '--sccp', '--early-cse', '--lower-constant-intrinsics', '--adce', '--gvn-hoist', '--adce', '--lower-constant-intrinsics', '--dse', '--newgvn', '--lower-expect', '--simplifycfg', '--gvn-hoist', '--instcombine', '--globalopt', '--elim-avail-extern', '--lower-constant-intrinsics', '--gvn', '--ipsccp', '--gvn', '--nary-reassociate', '--gvn', '--early-cse', '--mem2reg', '--jump-threading', '--globalopt', '--slp-vectorizer', '--instcombine', '--simplifycfg', '--sroa', '--early-cse', '--lower-expect', '--sroa', '--loop-unroll-and-jam', '--lower-expect', '--aggressive-instcombine']",73,-7.7292390221786045,0.0,-2.1496188319064986,0.0,1,-7.7292390221786045,-2.1496188319064986,0.17289412361857742,-71.57360406091371,12.640837217781424,32.35294117647059,34
1215,"['--ipsccp', '--speculative-execution', '--sccp', '--early-cse', '--mem2reg', '--jump-threading', '--globalopt', '--elim-avail-extern', '--instcombine', '--adce', '--jump-threading', '--gvn', '--simplifycfg', '--instsimplify', '--inline', '--gvn-hoist', '--mergefunc', '--gvn-hoist', '--instcombine', '--elim-avail-extern', '--indvars', '--gvn', '--gvn', '--ipsccp', '--gvn', '--nary-reassociate', '--loop-instsimplify', '--early-cse', '--mem2reg', '--jump-threading', '--globalopt', '--lower-expect', '--instcombine', '--simplifycfg', '--globaldce', '--sroa', '--mem2reg', '--gvn-hoist', '--sccp', '--early-cse', '--lower-constant-intrinsics', '--adce', '--gvn-hoist', '--adce', '--lower-constant-intrinsics', '--dse', '--lower-expect', '--simplifycfg', '--inferattrs', '--instcombine', '--globalopt', '--globalopt', '--early-cse-memssa', '--elim-avail-extern', '--gvn', '--ipsccp', '--gvn', '--early-cse', '--mem2reg', '--jump-threading', '--globalopt', '--slp-vectorizer', '--instcombine', '--simplifycfg', '--sroa', '--early-cse', '--lower-expect', '--sroa', '--sroa', '--loop-vectorize', '--adce', '--elim-avail-extern', '--aggressive-instcombine']",73,-7.7292390221786045,0.0,-2.1496188319064986,0.0,1,-7.7292390221786045,-2.1496188319064986,0.17289412361857742,-71.57360406091371,12.640837217781424,32.35294117647059,34
160,"['--ipsccp', '--gvn-hoist', '--reassociate', '--elim-avail-extern', '--early-cse-memssa', '--mem2reg', '--aggressive-instcombine', '--gvn-hoist', '--globalopt', '--mem2reg', '--early-cse-memssa', '--load-store-vectorizer', '--instcombine', '--elim-avail-extern', '--early-cse-memssa', '--reassociate', '--mem2reg', '--globalopt', '--newgvn', '--gvn-hoist', '--ipsccp', '--instcombine', '--adce', '--early-cse', '--aggressive-instcombine', '--simplifycfg', '--gvn-hoist', '--gvn']",28,-7.729536044026675,0.0,-2.9475173696727457,0.0,1,-7.729536044026675,-2.9475173696727457,0.20958680838520624,-87.30964467005076,15.483097814779974,26.47058823529412,34
218,"['--ipsccp', '--lower-constant-intrinsics', '--sccp', '--early-cse-memssa', '--gvn', '--prune-eh', '--early-cse', '--loop-simplifycfg', '--load-store-vectorizer', '--simplifycfg', '--elim-avail-extern', '--loop-instsimplify', '--early-cse', '--mem2reg', '--jump-threading', '--globalopt', '--elim-avail-extern', '--instcombine', '--simplifycfg', '--sroa', '--sccp', '--gvn-hoist', '--newgvn', '--simplifycfg', '--nary-reassociate', '--jump-threading', '--gvn-hoist', '--simplifycfg', '--sroa', '--elim-avail-extern', '--mem2reg', '--gvn', '--lower-constant-intrinsics', '--load-store-vectorizer', '--early-cse-memssa', '--simplifycfg', '--sroa', '--sccp', '--gvn-hoist', '--simplifycfg', '--nary-reassociate', '--jump-threading', '--load-store-vectorizer', '--early-cse-memssa', '--lower-expect', '--loop-instsimplify', '--mem2reg', '--early-cse-memssa', '--instsimplify', '--gvn-hoist', '--simplifycfg', '--mem2reg']",52,-7.734100711412978,0.0,-3.430585328393638,0.0,1,-7.734100711412978,-3.430585328393638,0.0,-86.29441624365482,16.317499504118686,23.52941176470588,34
18,"['--loop-fusion', '--jump-threading', '--newgvn', '--ipsccp', '--loop-simplifycfg', '--newgvn', '--sroa', '--elim-avail-extern', '--mem2reg', '--gvn', '--lower-constant-intrinsics', '--loop-instsimplify', '--early-cse', '--mem2reg', '--jump-threading', '--globalopt', '--elim-avail-extern', '--instcombine', '--simplifycfg', '--sroa', '--sccp', '--gvn-hoist', '--simplifycfg', '--nary-reassociate', '--jump-threading', '--load-store-vectorizer', '--early-cse-memssa', '--lower-expect', '--loop-instsimplify', '--early-cse', '--mem2reg', '--jump-threading', '--globalopt', '--elim-avail-extern', '--instcombine', '--simplifycfg', '--sroa', '--sccp', '--gvn-hoist', '--simplifycfg', '--nary-reassociate', '--jump-threading', '--load-store-vectorizer', '--early-cse-memssa', '--lower-expect', '--loop-instsimplify', '--early-cse', '--early-cse-memssa', '--instsimplify', '--gvn-hoist', '--simplifycfg', '--mem2reg']",52,-7.741337189443836,0.0,-3.384413094202266,0.0,1,-7.741337189443836,-3.384413094202266,0.0,-88.83248730964468,16.73615604086255,23.52941176470588,34
169,"['--ipsccp', '--early-cse-memssa', '--jump-threading', '--lower-expect', '--instcombine', '--sccp', '--elim-avail-extern', '--gvn', '--nary-reassociate', '--lower-constant-intrinsics', '--loop-instsimplify', '--early-cse', '--mem2reg', '--jump-threading', '--globalopt', '--elim-avail-extern', '--instcombine', '--simplifycfg', '--sroa', '--instcombine', '--simplifycfg', '--sroa', '--lower-constant-intrinsics', '--early-cse', '--lower-expect', '--lower-constant-intrinsics', '--loop-instsimplify', '--early-cse', '--mem2reg', '--jump-threading', '--globalopt', '--elim-avail-extern', '--instcombine', '--simplifycfg', '--sroa', '--licm', '--gvn-hoist', '--sccp', '--early-cse', '--lower-constant-intrinsics', '--adce', '--gvn-hoist', '--adce', '--lower-constant-intrinsics', '--newgvn', '--simplifycfg', '--lower-expect', '--simplifycfg', '--gvn-hoist', '--instcombine', '--globalopt', '--elim-avail-extern', '--gvn', '--gvn', '--ipsccp', '--gvn', '--nary-reassociate', '--lower-constant-intrinsics', '--loop-instsimplify', '--early-cse', '--mem2reg', '--jump-threading', '--globalopt', '--elim-avail-extern', '--instcombine', '--simplifycfg', '--sroa', '--lower-constant-intrinsics', '--early-cse', '--lower-expect', '--sroa', '--sccp', '--sroa', '--lower-expect', '--globalopt', '--elim-avail-extern', '--lower-expect']",77,-7.742760187774191,0.0,-4.060340484286851,0.0,1,-7.742760187774191,-4.060340484286851,0.0,-87.30964467005076,16.092695304414065,20.588235294117645,34
118,"['--early-cse-memssa', '--instsimplify', '--licm', '--simplifycfg', '--early-cse-memssa', '--mem2reg', '--ipsccp', '--instcombine', '--prune-eh', '--simplifycfg', '--sroa', '--nary-reassociate', '--sroa', '--early-cse', '--instsimplify', '--ipsccp', '--loop-simplifycfg', '--sroa', '--early-cse', '--ipsccp', '--gvn', '--gvn', '--ipsccp', '--gvn', '--nary-reassociate', '--lower-constant-intrinsics', '--loop-instsimplify', '--early-cse', '--mem2reg', '--jump-threading', '--globalopt', '--elim-avail-extern', '--instcombine', '--simplifycfg', '--sroa', '--loop-reroll', '--gvn-hoist', '--sccp', '--early-cse', '--lower-constant-intrinsics', '--adce', '--gvn-hoist', '--adce', '--lower-constant-intrinsics', '--newgvn', '--simplifycfg', '--lower-expect', '--simplifycfg', '--gvn-hoist', '--instcombine', '--globalopt', '--elim-avail-extern', '--gvn', '--gvn', '--ipsccp', '--gvn', '--nary-reassociate', '--lower-constant-intrinsics', '--loop-instsimplify', '--early-cse', '--mem2reg', '--jump-threading', '--globalopt', '--elim-avail-extern', '--instcombine', '--simplifycfg', '--sroa', '--lower-constant-intrinsics', '--early-cse', '--lower-expect', '--sroa', '--sccp', '--sroa', '--lower-expect', '--globalopt', '--elim-avail-extern', '--lower-expect']",77,-7.742760187774191,0.0,-4.060340484286851,0.0,1,-7.742760187774191,-4.060340484286851,0.0,-87.30964467005076,16.092695304414065,20.588235294117645,34
1180,"['--ipsccp', '--speculative-execution', '--prune-eh', '--sccp', '--early-cse', '--mem2reg', '--jump-threading', '--globalopt', '--elim-avail-extern', '--instcombine', '--adce', '--jump-threading', '--gvn', '--simplifycfg', '--instsimplify', '--inline', '--gvn-hoist', '-loop-reduce', '--gvn-hoist', '--instcombine', '--globalopt', '--elim-avail-extern', '--indvars', '--gvn', '--gvn', '--gvn', '--nary-reassociate', '--loop-instsimplify', '--early-cse', '--mem2reg', '--jump-threading', '--globalopt', '--elim-avail-extern', '--instcombine', '--simplifycfg', '--sroa', '--mem2reg', '--gvn-hoist', '--sccp', '--early-cse', '--lower-constant-intrinsics', '--adce', '--gvn-hoist', '--adce', '--dse', '--loop-sink', '--simplifycfg', '--lower-expect', '--simplifycfg', '--gvn-hoist', '--instcombine', '--globalopt', '--aggressive-instcombine', '--gvn', '--gvn', '--ipsccp', '--gvn', '--lower-constant-intrinsics', '--loop-instsimplify', '--early-cse', '--mem2reg', '--jump-threading', '--globalopt', '--slp-vectorizer', '--instcombine', '--simplifycfg', '--sroa', '--lower-constant-intrinsics', '--early-cse', '--lower-expect', '--lower-expect', '--loweratomic', '--elim-avail-extern', '--elim-avail-extern', '--lower-expect', '--slsr']",76,-7.791874407595289,0.0,-2.379341880532134,0.0,1,-7.791874407595289,-2.379341880532134,0.0,-39.08629441624365,7.132503501373648,35.294117647058826,34
128,"['--ipsccp', '--gvn-hoist', '--load-store-vectorizer', '--reassociate', '--elim-avail-extern', '--early-cse-memssa', '--mem2reg', '--aggressive-instcombine', '--gvn-hoist', '--globalopt', '--mem2reg', '--early-cse-memssa', '--load-store-vectorizer', '--instcombine', '--elim-avail-extern', '--early-cse-memssa', '--reassociate', '--mem2reg', '--globalopt', '--newgvn', '--simplifycfg', '--gvn-hoist', '--ipsccp', '--instcombine', '--adce', '--lower-expect', '--aggressive-instcombine', '--simplifycfg', '--gvn-hoist', '--gvn']",30,-7.807071643271122,0.0,-3.0898254481432996,0.0,1,-7.807071643271122,-3.0898254481432996,0.20958680838520624,-87.30964467005076,15.191143218695291,26.47058823529412,34
937,"['--ipsccp', '--speculative-execution', '--sccp', '--early-cse', '--mem2reg', '--jump-threading', '--globalopt', '--elim-avail-extern', '--instcombine', '--adce', '--jump-threading', '--gvn', '--simplifycfg', '--instsimplify', '--inline', '--gvn-hoist', '--mergefunc', '--gvn-hoist', '--instcombine', '--globalopt', '--elim-avail-extern', '--indvars', '--gvn', '--gvn', '--ipsccp', '--gvn', '--nary-reassociate', '--loop-instsimplify', '--early-cse', '--mem2reg', '--jump-threading', '--globalopt', '--elim-avail-extern', '--instcombine', '--simplifycfg', '--sroa', '--mem2reg', '--gvn-hoist', '--sccp', '--early-cse', '--lower-constant-intrinsics', '--adce', '--gvn-hoist', '--adce', '--lower-constant-intrinsics', '--dse', '--newgvn', '--lower-expect', '--simplifycfg', '--gvn-hoist', '--instcombine', '--globalopt', '--elim-avail-extern', '--gvn', '--gvn', '--ipsccp', '--gvn', '--nary-reassociate', '--lower-constant-intrinsics', '--loop-instsimplify', '--early-cse', '--mem2reg', '--jump-threading', '--globalopt', '--jump-threading', '--globalopt', '--slp-vectorizer', '--instcombine', '--simplifycfg', '--sroa', '--lower-constant-intrinsics', '--early-cse', '--lower-expect', '--lower-expect', '--indvars', '--elim-avail-extern', '--lower-expect', '--slsr']",78,-7.813989634378365,0.0,-2.289547448560435,0.0,1,-7.813989634378365,-2.289547448560435,0.0,-70.55837563451777,12.43887871487451,32.35294117647059,34
165,"['--ipsccp', '--gvn-hoist', '--reassociate', '--elim-avail-extern', '--early-cse-memssa', '--mem2reg', '--aggressive-instcombine', '--gvn-hoist', '--globalopt', '--mem2reg', '--early-cse-memssa', '--load-store-vectorizer', '--newgvn', '--simplifycfg', '--lower-expect', '--simplifycfg', '--licm', '--mem2reg', '--adce', '--newgvn', '--simplifycfg', '--early-cse-memssa', '--newgvn', '--instsimplify', '--gvn-hoist', '--globalopt', '--licm', '--early-cse-memssa', '--instcombine', '--adce', '--jump-threading', '--gvn', '--simplifycfg', '--instsimplify', '--gvn-hoist', '--inferattrs', '--mergefunc', '--sroa', '--early-cse', '--instsimplify', '--ipsccp', '--loop-simplifycfg', '--sroa', '--early-cse', '--ipsccp', '--instcombine', '--instcombine', '--gvn', '--jump-threading', '--instcombine', '--sroa', '--simplifycfg', '--early-cse-memssa', '--ipsccp', '--gvn', '--newgvn']",56,-7.823920048541472,0.0,-2.4781168221397105,0.0,1,-7.823920048541472,-2.4781168221397105,0.20197702476647275,-86.80203045685279,15.535677260543366,29.411764705882355,34
136,"['--ipsccp', '--lower-constant-intrinsics', '--sccp', '--loop-guard-widening', '--gvn', '--prune-eh', '--mem2reg', '--loop-simplifycfg', '--load-store-vectorizer', '--simplifycfg', '--elim-avail-extern', '--licm', '--simplifycfg', '--early-cse-memssa', '--mem2reg', '--instcombine', '--adce', '--simplifycfg', '--sccp', '--jump-threading', '--lower-constant-intrinsics', '--globalopt', '--licm', '--simplifycfg', '--elim-avail-extern', '--licm', '--simplifycfg', '--early-cse-memssa', '--mem2reg', '--instcombine', '--mem2reg', '--jump-threading', '--elim-avail-extern', '--instcombine', '--simplifycfg', '--sroa', '--sccp', '--gvn-hoist', '--simplifycfg', '--nary-reassociate', '--jump-threading', '--load-store-vectorizer', '--early-cse-memssa', '--lower-expect', '--loop-instsimplify', '--early-cse', '--early-cse-memssa', '--instsimplify', '--gvn-hoist', '--simplifycfg', '--mem2reg']",51,-7.83271804781937,0.0,-3.0621042212486542,0.0,1,-7.83271804781937,-3.0621042212486542,0.0,-88.83248730964468,15.65551646588761,26.47058823529412,34
83,"['--ipsccp', '--lower-constant-intrinsics', '--sccp', '--loop-guard-widening', '--gvn', '--prune-eh', '--mem2reg', '--loop-simplifycfg', '--load-store-vectorizer', '--simplifycfg', '--elim-avail-extern', '--licm', '--simplifycfg', '--early-cse-memssa', '--mem2reg', '--instcombine', '--adce', '--simplifycfg', '--sccp', '--jump-threading', '--lower-constant-intrinsics', '--globalopt', '--licm', '--simplifycfg', '--elim-avail-extern', '--licm', '--simplifycfg', '--early-cse-memssa', '--mem2reg', '--instcombine', '--mem2reg', '--jump-threading', '--globalopt', '--elim-avail-extern', '--instcombine', '--simplifycfg', '--sroa', '--sccp', '--gvn-hoist', '--simplifycfg', '--nary-reassociate', '--jump-threading', '--load-store-vectorizer', '--early-cse-memssa', '--lower-expect', '--loop-instsimplify', '--early-cse', '--early-cse-memssa', '--instsimplify', '--gvn-hoist', '--simplifycfg', '--mem2reg']",52,-7.83271804781937,0.0,-3.0621042212486542,0.0,1,-7.83271804781937,-3.0621042212486542,0.0,-88.83248730964468,15.65551646588761,26.47058823529412,34
1706,"['--ipsccp', '--speculative-execution', '--sccp', '--early-cse', '--mem2reg', '--jump-threading', '--globalopt', '--elim-avail-extern', '--instcombine', '--lower-expect', '--jump-threading', '--gvn', '--simplifycfg', '--instsimplify', '--inline', '--mergefunc', '--gvn-hoist', '--instcombine', '--globalopt', '--elim-avail-extern', '--indvars', '--indvars', '--elim-avail-extern', '--indvars', '--gvn', '--gvn', '--nary-reassociate', '--loop-instsimplify', '--early-cse', '--mem2reg', '--jump-threading', '--globalopt', '--jump-threading', '--bdce', '--elim-avail-extern', '--instcombine', '--simplifycfg', '--sroa', '--mem2reg', '--globaldce', '--gvn-hoist', '--sccp', '--early-cse', '--lower-constant-intrinsics', '--adce', '--slsr', '--gvn-hoist', '--adce', '--loop-simplify', '--dse', '--scalarizer', '--elim-avail-extern', '--lower-expect', '--simplifycfg', '--elim-avail-extern', '--jump-threading', '--lower-constant-intrinsics', '--ipsccp', '--gvn', '--nary-reassociate', '--gvn', '--early-cse', '--mem2reg', '--jump-threading', '--globalopt', '--slp-vectorizer', '--instcombine', '--simplifycfg', '--sroa', '--early-cse', '--lower-expect', '--sroa', '--sroa', '--loop-instsimplify', '--aggressive-instcombine']",75,-7.8899772945372515,0.0,-1.7955190923144584,0.0,1,-7.8899772945372515,-1.7955190923144584,0.0702247191011236,-70.05076142131979,12.49220328242584,35.294117647058826,34
1770,"['--ipsccp', '--speculative-execution', '--sccp', '--early-cse', '--mem2reg', '--jump-threading', '--globalopt', '--elim-avail-extern', '--instcombine', '--adce', '--jump-threading', '--gvn', '--simplifycfg', '--hotcoldsplit', '--inline', '--mergefunc', '--gvn-hoist', '--instcombine', '--globalopt', '--elim-avail-extern', '--indvars', '--indvars', '--gvn-hoist', '--gvn', '--gvn', '--ipsccp', '--gvn', '--nary-reassociate', '--loop-instsimplify', '--early-cse', '--mem2reg', '--jump-threading', '--globalopt', '--jump-threading', '--bdce', '--elim-avail-extern', '--instcombine', '--simplifycfg', '--sroa', '--mem2reg', '--globaldce', '--gvn-hoist', '--sccp', '--early-cse', '--lower-constant-intrinsics', '--lower-constant-intrinsics', '--adce', '--slsr', '--gvn-hoist', '--adce', '--loop-simplify', '--dse', '--scalarizer', '--simplifycfg', '--lower-expect', '--simplifycfg', '--elim-avail-extern', '--lower-constant-intrinsics', '--ipsccp', '--nary-reassociate', '--gvn', '--jump-threading', '--globalopt', '--slp-vectorizer', '--instcombine', '--simplifycfg', '--sroa', '--early-cse', '--lower-expect', '--sroa', '--loop-idiom', '--sroa', '--lower-expect', '--aggressive-instcombine']",74,-7.8899772945372515,0.0,-1.7955190923144584,0.0,1,-7.8899772945372515,-1.7955190923144584,0.0702247191011236,-70.05076142131979,12.49220328242584,35.294117647058826,34
1046,"['--ipsccp', '--speculative-execution', '--sccp', '--early-cse', '--mem2reg', '--jump-threading', '--globalopt', '--elim-avail-extern', '--instcombine', '--adce', '--jump-threading', '--gvn', '--simplifycfg', '--instsimplify', '--gvn-hoist', '--mergefunc', '--gvn-hoist', '--instcombine', '--globalopt', '--elim-avail-extern', '--lower-expect', '--gvn', '--gvn', '--ipsccp', '--gvn', '--nary-reassociate', '--loop-instsimplify', '--early-cse', '--mem2reg', '--jump-threading', '--globalopt', '--elim-avail-extern', '--instcombine', '--simplifycfg', '--sroa', '--mem2reg', '--gvn-hoist', '--sccp', '--early-cse', '--lower-constant-intrinsics', '--adce', '--gvn-hoist', '--adce', '--sroa', '--dse', '--newgvn', '--lower-expect', '--gvn-hoist', '--instcombine', '--globalopt', '--elim-avail-extern', '--gvn', '--gvn', '--ipsccp', '--gvn', '--nary-reassociate', '--lower-constant-intrinsics', '--early-cse', '--mem2reg', '--jump-threading', '--globalopt', '--slp-vectorizer', '--instcombine', '--simplifycfg', '--sroa', '--early-cse', '--lower-expect', '--loop-simplify', '--sroa', '--lower-expect', '--globalopt', '--elim-avail-extern', '--aggressive-instcombine']",73,-7.901767896573844,0.0,-2.6012318113159894,0.0,1,-7.901767896573844,-2.6012318113159894,0.2766798418972332,-88.3248730964467,15.390793322044988,29.411764705882355,34
116,"['--functionattrs', '--gvn', '--sccp', '--instsimplify', '--lower-expect', '--mem2reg', '--lower-expect', '--gvn', '--instsimplify', '--licm', '--loop-instsimplify', '--ipsccp', '--ipsccp', '--sccp', '--lower-expect', '--globalopt', '--elim-avail-extern', '--instcombine', '--simplifycfg', '--sroa', '--sccp', '--gvn-hoist', '--simplifycfg', '--nary-reassociate', '--jump-threading', '--load-store-vectorizer', '--early-cse-memssa', '--lower-expect', '--loop-instsimplify', '--early-cse', '--mem2reg', '--jump-threading', '--globalopt', '--elim-avail-extern', '--instcombine', '--simplifycfg', '--sroa', '--sccp', '--gvn-hoist', '--simplifycfg', '--nary-reassociate', '--jump-threading', '--load-store-vectorizer', '--early-cse-memssa', '--lower-expect', '--loop-instsimplify', '--early-cse', '--early-cse-memssa', '--instsimplify', '--gvn-hoist', '--simplifycfg', '--mem2reg']",52,-7.90685908414691,0.0,-3.1763579363749437,0.0,1,-7.90685908414691,-3.1763579363749437,0.0,-88.83248730964468,15.54002396571584,26.47058823529412,34
150,"['--early-cse-memssa', '--instsimplify', '--licm', '--simplifycfg', '--die', '--early-cse-memssa', '--mem2reg', '--ipsccp', '--instcombine', '--prune-eh', '--simplifycfg', '--sroa', '--nary-reassociate', '--sroa', '--early-cse', '--instsimplify', '--ipsccp', '--loop-simplifycfg', '--sroa', '--early-cse', '--ipsccp', '--gvn', '--gvn', '--ipsccp', '--gvn', '--nary-reassociate', '--lower-constant-intrinsics', '--loop-instsimplify', '--early-cse', '--mem2reg', '--jump-threading', '--globalopt', '--elim-avail-extern', '--instcombine', '--simplifycfg', '--sroa', '--loop-reroll', '--mergefunc', '--sroa', '--early-cse', '--instsimplify', '--ipsccp', '--loop-simplifycfg', '--sroa', '--early-cse', '--ipsccp', '--licm', '--instcombine', '--gvn', '--jump-threading', '--instcombine', '--sroa', '--simplifycfg', '--early-cse-memssa', '--ipsccp', '--gvn', '--newgvn']",57,-7.913494013810894,0.0,-4.222673195377646,0.0,1,-7.913494013810894,-4.222673195377646,0.0,-87.30964467005076,16.582538231600118,20.588235294117645,34
742,"['--ipsccp', '--speculative-execution', '--sccp', '--early-cse', '--mem2reg', '--loop-versioning-licm', '--globalopt', '--elim-avail-extern', '--instcombine', '--adce', '--jump-threading', '--gvn', '--simplifycfg', '--instsimplify', '--gvn-hoist', '--mergefunc', '--gvn-hoist', '--instcombine', '--globalopt', '--elim-avail-extern', '--indvars', '--gvn', '--gvn', '--ipsccp', '--gvn', '--nary-reassociate', '--lower-constant-intrinsics', '--simplifycfg', '--strip', '--mem2reg', '--jump-threading', '--globalopt', '--elim-avail-extern', '--instcombine', '--simplifycfg', '--sroa', '--mem2reg', '--gvn-hoist', '--sccp', '--early-cse', '--lower-constant-intrinsics', '--adce', '--gvn-hoist', '--adce', '--lower-constant-intrinsics', '--newgvn', '--newgvn', '--simplifycfg', '--lower-expect', '--simplifycfg', '--gvn-hoist', '--instcombine', '--globalopt', '--elim-avail-extern', '--gvn', '--gvn', '--ipsccp', '--gvn', '--nary-reassociate', '--lower-constant-intrinsics', '--loop-instsimplify', '--early-cse', '--mem2reg', '--jump-threading', '--slp-vectorizer', '--instcombine', '--loop-instsimplify', '--sroa', '--lower-constant-intrinsics', '--early-cse', '--lower-expect', '--sroa', '--sroa', '--lower-expect', '--globalopt', '--elim-avail-extern', '--lower-expect']",77,-7.974497504145646,0.0,-3.0311991676356596,0.0,1,-7.974497504145646,-3.0311991676356596,0.0,-71.06598984771574,12.89333422536548,29.411764705882355,34
222,"['--ipsccp', '--gvn-hoist', '--reassociate', '--elim-avail-extern', '--early-cse-memssa', '--mem2reg', '--aggressive-instcombine', '--gvn-hoist', '--globalopt', '--mem2reg', '--early-cse-memssa', '--load-store-vectorizer', '--newgvn', '--simplifycfg', '--lower-expect', '--simplifycfg', '--gvn-hoist', '--instcombine', '--globalopt', '--elim-avail-extern', '--gvn', '--gvn', '--ipsccp', '-loop-reduce', '--nary-reassociate', '--jump-threading', '--load-store-vectorizer', '--early-cse-memssa', '--simplifycfg', '--loop-instsimplify', '--early-cse', '--mem2reg', '--jump-threading', '--globalopt', '--elim-avail-extern', '--instcombine', '--simplifycfg', '--sroa', '--sccp', '--gvn-hoist', '--simplifycfg', '--nary-reassociate', '--jump-threading', '--load-store-vectorizer', '--early-cse-memssa', '--lower-expect', '--loop-instsimplify', '--early-cse', '--early-cse-memssa', '--instsimplify', '--gvn-hoist', '--simplifycfg', '--mem2reg']",53,-7.989812610329658,0.0,-2.4888315268208765,0.0,1,-7.989812610329658,-2.4888315268208765,0.0,-39.59390862944163,8.290713181551771,35.294117647058826,34
2549,"['--ipsccp', '--speculative-execution', '--sccp', '--lower-constant-intrinsics', '--early-cse', '--mem2reg', '--jump-threading', '--globalopt', '--elim-avail-extern', '-loop-reduce', '--loop-instsimplify', '--jump-threading', '--loop-fusion', '--gvn', '--simplifycfg', '--instsimplify', '--inline', '--mergefunc', '--gvn-hoist', '--instcombine', '--globalopt', '--elim-avail-extern', '--loweratomic', '--indvars', '--indvars', '--gvn', '--gvn', '--ipsccp', '--gvn', '--nary-reassociate', '--adce', '--early-cse', '--mem2reg', '--elim-avail-extern', '--instcombine', '--simplifycfg', '--sroa', '--mem2reg', '--globaldce', '--gvn-hoist', '--sccp', '--early-cse', '--lower-constant-intrinsics', '--adce', '--slsr', '--gvn-hoist', '--adce', '--loop-simplify', '--dse', '--scalarizer', '--adce', '--loop-simplify', '--dse', '--scalarizer', '--simplifycfg', '--mergereturn', '--lower-expect', '--nary-reassociate', '--lower-constant-intrinsics', '--ipsccp', '--elim-avail-extern', '--gvn', '--jump-threading', '--globalopt', '--slp-vectorizer', '--instcombine', '--slp-vectorizer', '--instcombine', '--simplifycfg', '--sroa', '--early-cse', '--lower-expect', '--sroa', '--sroa', '--aggressive-instcombine']",75,-7.99422350417684,0.0,-2.4375803115848953,0.0,1,-7.99422350417684,-2.4375803115848953,0.0,-42.13197969543147,8.71920623429345,35.294117647058826,34
1531,"['--ipsccp', '--speculative-execution', '--sccp', '--ipconstprop', '--early-cse', '--mem2reg', '-loop-reduce', '--globalopt', '--elim-avail-extern', '--instcombine', '--adce', '--jump-threading', '--gvn', '--simplifycfg', '--instsimplify', '--inline', '--mergefunc', '--gvn-hoist', '--globalopt', '--elim-avail-extern', '--indvars', '--indvars', '--gvn', '--gvn', '--elim-avail-extern', '--ipsccp', '--gvn', '--nary-reassociate', '--loop-instsimplify', '--early-cse', '--mem2reg', '--jump-threading', '--globalopt', '--elim-avail-extern', '--instcombine', '--simplifycfg', '--sroa', '--mem2reg', '--gvn', '--gvn-hoist', '--sccp', '--early-cse', '--lower-constant-intrinsics', '--adce', '--gvn-hoist', '--adce', '--loop-simplify', '--dse', '--scalarizer', '--simplifycfg', '--lower-expect', '--simplifycfg', '--gvn-hoist', '--elim-avail-extern', '--lower-constant-intrinsics', '--gvn', '--ipsccp', '--gvn', '--nary-reassociate', '--gvn', '--early-cse', '--mem2reg', '--jump-threading', '--globalopt', '--slp-vectorizer', '--instcombine', '--simplifycfg', '--sroa', '--early-cse', '--lower-expect', '--sroa', '--sroa', '--gvn', '--lower-expect', '--aggressive-instcombine']",75,-7.995601477882967,0.0,-1.9638914206548008,0.0,1,-7.995601477882967,-1.9638914206548008,0.0,-42.13197969543147,7.873887947448074,38.23529411764706,34
1908,"['--ipsccp', '--speculative-execution', '--sccp', '--early-cse', '--mem2reg', '--jump-threading', '--elim-avail-extern', '--instcombine', '--adce', '--loop-interchange', '--aggressive-instcombine', '--gvn', '--simplifycfg', '-loop-reduce', '--instsimplify', '--inline', '--mem2reg', '--gvn-hoist', '--gvn-hoist', '--instcombine', '--globalopt', '--elim-avail-extern', '--indvars', '--elim-avail-extern', '--indvars', '--gvn', '--gvn', '--ipsccp', '--gvn', '--nary-reassociate', '--loop-instsimplify', '--early-cse', '--mem2reg', '--jump-threading', '--globalopt', '--elim-avail-extern', '--instcombine', '--simplifycfg', '--sroa', '--mem2reg', '--globaldce', '--gvn-hoist', '--sccp', '--early-cse', '--lower-constant-intrinsics', '--adce', '--slsr', '--gvn-hoist', '--loop-simplify', '--dse', '--scalarizer', '--simplifycfg', '--lower-expect', '--simplifycfg', '--sccp', '--elim-avail-extern', '--lower-constant-intrinsics', '--gvn', '--nary-reassociate', '--adce', '--early-cse', '--mem2reg', '--jump-threading', '--globalopt', '--slp-vectorizer', '--instcombine', '--simplifycfg', '--sroa', '--early-cse', '--lower-expect', '--sroa', '--sroa', '--lower-expect', '--aggressive-instcombine']",74,-8.003730666451794,0.0,-2.0921340011026093,0.0,1,-8.003730666451794,-2.0921340011026093,0.0,-39.08629441624365,6.9933604797777775,38.23529411764706,34
900,"['--ipsccp', '--speculative-execution', '--sccp', '--slsr', '--early-cse', '--mem2reg', '--jump-threading', '--globalopt', '--elim-avail-extern', '--instcombine', '--adce', '--jump-threading', '--gvn', '--simplifycfg', '--instsimplify', '--gvn-hoist', '--loop-fusion', '--mergefunc', '--gvn-hoist', '--instcombine', '--globalopt', '--elim-avail-extern', '--indvars', '--gvn', '--gvn', '--ipsccp', '--gvn', '--nary-reassociate', '--lower-constant-intrinsics', '--loop-instsimplify', '--strip', '--mem2reg', '--jump-threading', '--globalopt', '--memcpyopt', '--elim-avail-extern', '--simplifycfg', '--sroa', '--mem2reg', '--gvn-hoist', '--sccp', '--early-cse', '--lower-constant-intrinsics', '--adce', '--gvn-hoist', '--adce', '--loop-simplify', '--dse', '--newgvn', '--simplifycfg', '--lower-expect', '--simplifycfg', '--gvn-hoist', '--gvn', '--gvn', '--ipsccp', '--gvn', '--nary-reassociate', '--lower-constant-intrinsics', '--loop-instsimplify', '--early-cse', '--mem2reg', '--lower-expect', '--slp-vectorizer', '--instcombine', '--simplifycfg', '--sroa', '--jump-threading', '--sroa', '--sroa', '--loop-vectorize', '--lower-expect', '--globalopt', '--elim-avail-extern', '--elim-avail-extern', '--elim-avail-extern', '--lower-expect', '--slsr']",78,-8.023747890049385,0.0,-2.509469607914773,0.0,1,-8.023747890049385,-2.509469607914773,0.0,-73.09644670050761,12.887045076427187,32.35294117647059,34
88,"['--aggressive-instcombine', '--gvn-hoist', '--globalopt', '--mem2reg', '--early-cse-memssa', '--load-store-vectorizer', '--instcombine', '--elim-avail-extern', '--early-cse-memssa', '--reassociate', '--mem2reg', '--globalopt', '--newgvn', '--simplifycfg', '--gvn-hoist', '--ipsccp', '--instcombine', '--globalopt', '--loop-simplifycfg', '--load-store-vectorizer', '--instcombine', '--globalopt', '--sccp', '--gvn', '--sccp', '--gvn', '--licm', '--simplifycfg', '--slp-vectorizer', '--gvn-hoist', '--aggressive-instcombine', '--early-cse-memssa', '--licm', '--instcombine', '--newgvn', '--ipsccp', '--sccp', '--slp-vectorizer', '--mem2reg', '--reassociate', '--globalopt', '--newgvn', '--simplifycfg', '--gvn-hoist', '--aggressive-instcombine', '--jump-threading', '--ipsccp', '--early-cse', '--globalopt', '--mem2reg']",50,-8.042556127575576,0.0,-2.7708508827677716,0.0,1,-8.042556127575576,-2.7708508827677716,0.0,-86.80203045685279,15.526532596173935,29.411764705882355,34
72,"['--aggressive-instcombine', '--gvn-hoist', '--globalopt', '--mem2reg', '--early-cse-memssa', '--load-store-vectorizer', '--simplifycfg', '--aggressive-instcombine', '--mem2reg', '--adce', '--instcombine', '--simplifycfg', '--jump-threading', '--instcombine', '--load-store-vectorizer', '--mem2reg', '--newgvn', '--ipsccp', '--sccp', '--mem2reg', '--reassociate', '--jump-threading', '--globalopt', '--mem2reg', '--early-cse-memssa', '--load-store-vectorizer', '--instcombine', '--elim-avail-extern', '--early-cse-memssa', '--reassociate', '--mem2reg', '--globalopt', '--newgvn', '--simplifycfg', '--gvn-hoist', '--early-cse-memssa', '--adce', '--jump-threading', '--instsimplify', '--sroa']",40,-8.079361924251181,0.0,-2.8258703211828218,0.0,1,-8.079361924251181,-2.8258703211828218,0.20958680838520624,-87.30964467005076,15.481944774817105,29.411764705882355,34
1577,"['--ipsccp', '--speculative-execution', '--sccp', '--early-cse', '--mem2reg', '--jump-threading', '--loop-simplify', '--elim-avail-extern', '--instcombine', '--loop-instsimplify', '--jump-threading', '--gvn', '--simplifycfg', '--instsimplify', '--inline', '--mergefunc', '--gvn-hoist', '--instcombine', '--globalopt', '--elim-avail-extern', '--indvars', '--indvars', '--gvn', '--gvn', '--ipsccp', '--gvn', '--nary-reassociate', '--adce', '--early-cse', '--mem2reg', '--jump-threading', '--globalopt', '--elim-avail-extern', '--instcombine', '--simplifycfg', '--sroa', '--mem2reg', '--globaldce', '--gvn-hoist', '--sccp', '--sink', '--early-cse', '--lower-constant-intrinsics', '--adce', '--slsr', '--gvn-hoist', '--adce', '--loop-simplify', '--dse', '--scalarizer', '--simplifycfg', '--lower-expect', '--simplifycfg', '--gvn-hoist', '--elim-avail-extern', '--lower-constant-intrinsics', '--gvn', '--ipsccp', '--gvn', '--nary-reassociate', '--gvn', '--early-cse', '--mem2reg', '--jump-threading', '--globalopt', '--slp-vectorizer', '--instcombine', '--simplifycfg', '--sroa', '--loop-versioning-licm', '--lower-expect', '--sroa', '--lower-expect', '--aggressive-instcombine']",74,-8.081275542767747,0.0,-2.030151265237014,0.0,1,-8.081275542767747,-2.030151265237014,0.0702247191011236,-71.57360406091371,12.645444467811634,35.294117647058826,34
119,"['--aggressive-instcombine', '--gvn-hoist', '--globalopt', '--mem2reg', '--early-cse-memssa', '--load-store-vectorizer', '--instcombine', '--elim-avail-extern', '--early-cse-memssa', '--reassociate', '--mem2reg', '--globalopt', '--newgvn', '--simplifycfg', '--gvn-hoist', '--ipsccp', '--instcombine', '--globalopt', '--loop-simplifycfg', '--globalopt', '--mem2reg', '--early-cse-memssa', '--reassociate', '--newgvn', '--sccp', '--mem2reg', '--early-cse-memssa', '--gvn', '--jump-threading', '--gvn-hoist', '--globalopt', '--mem2reg', '--early-cse-memssa', '--load-store-vectorizer', '--instcombine', '--elim-avail-extern', '--early-cse-memssa', '--reassociate', '--mem2reg', '--globalopt', '--newgvn', '--simplifycfg', '--gvn-hoist', '--aggressive-instcombine', '--jump-threading', '--ipsccp', '--early-cse', '--globalopt', '--mem2reg']",49,-8.107430292168598,0.0,-2.8925634874528856,0.0,1,-8.107430292168598,-2.8925634874528856,0.0,-86.29441624365482,15.262429706965802,29.411764705882355,34
147,"['--mem2reg', '--mergefunc', '--instcombine', '--mem2reg', '--adce', '--early-cse-memssa', '--flattencfg', '--instcombine', '--ipsccp', '--instcombine', '--elim-avail-extern', '--strip', '--simplifycfg', '--early-cse-memssa', '--mem2reg', '--instcombine', '--adce', '--early-cse-memssa', '--instcombine', '--simplifycfg', '--sroa', '--sccp', '--gvn-hoist', '--simplifycfg', '--nary-reassociate', '--jump-threading', '--gvn-hoist', '--simplifycfg', '--sroa', '--elim-avail-extern', '--mem2reg', '--gvn', '--lower-constant-intrinsics', '--load-store-vectorizer', '--early-cse-memssa', '--load-store-vectorizer', '--mem2reg', '--instcombine', '--adce', '--simplifycfg', '--gvn-hoist', '--simplifycfg', '--mem2reg', '--ipsccp', '--newgvn', '--sroa', '--instcombine', '--prune-eh', '--gvn', '--instsimplify', '--gvn-hoist', '--simplifycfg', '--mem2reg', '--ipsccp', '--newgvn', '--sroa', '--instsimplify', '--mergefunc', '--simplifycfg', '--instcombine', '--gvn-hoist', '--mem2reg']",62,-8.110793220330898,0.0,-3.371545808939745,0.0,1,-8.110793220330898,-3.371545808939745,0.23256317064728277,-86.80203045685279,16.11545628331971,26.47058823529412,34
210,"['--aggressive-instcombine', '--gvn-hoist', '--globalopt', '--mem2reg', '--early-cse-memssa', '--load-store-vectorizer', '--instcombine', '--elim-avail-extern', '--early-cse-memssa', '--reassociate', '--mem2reg', '--globalopt', '--newgvn', '--simplifycfg', '--gvn-hoist', '--ipsccp', '--instcombine', '--globalopt', '--loop-simplifycfg', '--globalopt', '--mem2reg', '--early-cse-memssa', '--reassociate', '--newgvn', '--mem2reg', '--early-cse-memssa', '--gvn', '--jump-threading', '--gvn-hoist', '--globalopt', '--mem2reg', '--early-cse-memssa', '--load-store-vectorizer', '--sroa', '--mem2reg', '--simplifycfg', '--early-cse-memssa', '--mem2reg', '--sccp', '--globalopt']",40,-8.13542085639687,0.0,-2.9328270008997896,0.0,1,-8.13542085639687,-2.9328270008997896,0.0,-86.29441624365482,15.240358998396745,29.411764705882355,34
140,"['--load-store-vectorizer', '--instcombine', '--sroa', '--mem2reg', '--gvn-hoist', '--sccp', '--early-cse', '--lower-constant-intrinsics', '--adce', '--gvn-hoist', '--adce', '--lower-constant-intrinsics', '--newgvn', '--simplifycfg', '--lower-expect', '--simplifycfg', '--gvn-hoist', '--instcombine', '--globalopt', '--elim-avail-extern', '--gvn', '--gvn', '--ipsccp', '--gvn', '--nary-reassociate', '--lower-constant-intrinsics', '--loop-instsimplify', '--inline', '--mem2reg', '--jump-threading', '--globalopt', '--elim-avail-extern', '--instcombine', '--simplifycfg', '--instcombine', '--elim-avail-extern', '--early-cse-memssa', '--reassociate', '--mem2reg', '--globalopt', '--newgvn', '--simplifycfg', '--gvn-hoist', '--aggressive-instcombine', '--jump-threading', '--ipsccp', '--early-cse', '--globalopt', '--mem2reg']",49,-8.154207145221616,0.0,-2.998625252986926,0.0,1,-8.154207145221616,-2.998625252986926,0.0,-85.78680203045685,14.934734995990668,29.411764705882355,34
552,"['--ipsccp', '--speculative-execution', '--sccp', '--early-cse', '--mem2reg', '--jump-threading', '--globalopt', '--elim-avail-extern', '--instcombine', '--instsimplify', '--lower-constant-intrinsics', '--gvn', '--gvn-hoist', '--simplifycfg', '--adce', '--gvn-hoist', '--mergefunc', '--gvn-hoist', '--instcombine', '--globalopt', '--elim-avail-extern', '--gvn', '--gvn', '--ipsccp', '--gvn', '--nary-reassociate', '--lower-constant-intrinsics', '--loop-instsimplify', '--early-cse', '--mem2reg', '--jump-threading', '--globalopt', '--elim-avail-extern', '--instcombine', '--simplifycfg', '--sroa', '--mem2reg', '--gvn-hoist', '--sccp', '--early-cse', '--lower-constant-intrinsics', '--adce', '--gvn-hoist', '--adce', '--lower-constant-intrinsics', '--newgvn', '--simplifycfg', '--lower-expect', '--simplifycfg', '--simplifycfg', '--instcombine', '--globalopt', '--elim-avail-extern', '--gvn', '--gvn', '--ipsccp', '--simplifycfg', '--nary-reassociate', '--jump-threading', '--loop-instsimplify', '--mem2reg', '--jump-threading', '--globalopt', '--instcombine', '--instcombine', '--gvn', '--sroa', '--lower-constant-intrinsics', '--early-cse', '--lower-expect', '--sroa', '--sroa', '--lower-expect', '--globalopt', '--elim-avail-extern', '--lower-expect']",76,-8.160456585259432,0.0,-2.968103880748382,0.0,1,-8.160456585259432,-2.968103880748382,0.0,-88.3248730964467,15.22613968815793,29.411764705882355,34
69,"['--loop-simplify', '--gvn', '--loop-simplifycfg', '--globalopt', '--sccp', '--early-cse-memssa', '--nary-reassociate', '--sroa', '--ipsccp', '--globalopt', '--elim-avail-extern', '--simplifycfg', '--instcombine', '--instcombine', '--ipsccp', '--sccp', '--gvn', '--simplifycfg', '--instcombine', '--gvn-hoist', '--gvn', '--adce', '--newgvn', '--ipsccp', '--mem2reg', '--elim-avail-extern', '--globalopt', '--early-cse']",28,-8.181010981625926,0.0,-3.626004355567366,0.0,1,-8.181010981625926,-3.626004355567366,0.0,-86.29441624365482,14.909194796562833,26.47058823529412,34
132,"['--ipsccp', '--lower-constant-intrinsics', '--sccp', '--early-cse-memssa', '--gvn', '--prune-eh', '--mem2reg', '--loop-simplifycfg', '--load-store-vectorizer', '--simplifycfg', '--elim-avail-extern', '--licm', '--jump-threading', '--instcombine', '--load-store-vectorizer', '--mem2reg', '--newgvn', '--ipsccp', '--sccp', '--mem2reg', '--reassociate', '--jump-threading', '--globalopt', '--mem2reg', '--early-cse-memssa', '--load-store-vectorizer', '--instcombine', '--elim-avail-extern', '--early-cse-memssa', '--reassociate', '--mem2reg', '--globalopt', '--newgvn', '--simplifycfg', '--gvn-hoist', '--early-cse-memssa', '--adce', '--jump-threading', '--instsimplify', '--sroa']",40,-8.216210320228148,0.0,-3.0231650709148945,0.0,1,-8.216210320228148,-3.0231650709148945,0.0,-86.80203045685279,15.370718111596235,29.411764705882355,34
2718,"['--ipsccp', '--speculative-execution', '--sccp', '--lower-constant-intrinsics', '--early-cse', '--mem2reg', '--jump-threading', '--globalopt', '--elim-avail-extern', '--instcombine', '--loop-instsimplify', '--jump-threading', '--gvn', '--simplifycfg', '--instsimplify', '--inline', '--mergefunc', '--gvn-hoist', '--instcombine', '--globalopt', '--elim-avail-extern', '--loweratomic', '--indvars', '--indvars', '--gvn', '--gvn', '--ipsccp', '--gvn', '--nary-reassociate', '--mem2reg', '--jump-threading', '--correlated-propagation', '--mem2reg', '--memcpyopt', '--jump-threading', '--bdce', '--elim-avail-extern', '--instcombine', '--memcpyopt', '--simplifycfg', '--sroa', '--lower-constant-intrinsics', '--adce', '--slsr', '--gvn-hoist', '--adce', '-loop-reduce', '--adce', '--loop-simplify', '--dse', '--scalarizer', '--scalarizer', '--simplifycfg', '--lower-expect', '--simplifycfg', '--elim-avail-extern', '--lower-constant-intrinsics', '--lower-constant-intrinsics', '--ipsccp', '--nary-reassociate', '--adce', '--early-cse', '--loop-guard-widening', '--jump-threading', '--slp-vectorizer', '--instcombine', '--slp-vectorizer', '--instcombine', '--simplifycfg', '--sroa', '--early-cse', '--early-cse', '--lower-expect', '--aggressive-instcombine']",74,-8.319648852661519,0.0,-2.201336491536352,0.0,1,-8.319648852661519,-2.201336491536352,0.0,-51.776649746192895,9.333523663621971,38.23529411764706,34
2444,"['--ipsccp', '--speculative-execution', '--sccp', '--lower-constant-intrinsics', '--early-cse', '--mem2reg', '--jump-threading', '--globalopt', '--elim-avail-extern', '--instcombine', '--loop-instsimplify', '--jump-threading', '--gvn', '--simplifycfg', '--instsimplify', '--inline', '--mergefunc', '--gvn-hoist', '--instcombine', '--globalopt', '--elim-avail-extern', '--loweratomic', '--indvars', '--indvars', '--gvn', '--gvn', '--ipsccp', '--gvn', '--nary-reassociate', '--adce', '--early-cse', '--mem2reg', '--jump-threading', '--globalopt', '-loop-reduce', '--simplifycfg', '--sroa', '--mem2reg', '--globaldce', '--mem2reg', '--globaldce', '--gvn-hoist', '--sccp', '--early-cse', '--lower-constant-intrinsics', '--adce', '--slsr', '--gvn-hoist', '--adce', '--loop-simplify', '--dse', '--scalarizer', '--simplifycfg', '--lower-expect', '--ipsccp', '--elim-avail-extern', '--lower-constant-intrinsics', '--ipsccp', '--gvn', '--gvn', '--gvn', '--early-cse', '--mem2reg', '--jump-threading', '--correlated-propagation', '--slp-vectorizer', '--instcombine', '--simplifycfg', '--early-cse-memssa', '--simplifycfg', '--sroa', '--early-cse', '--early-cse', '--lower-expect', '--aggressive-instcombine']",75,-8.336145327127443,0.0,-2.223946842866427,0.0,1,-8.336145327127443,-2.223946842866427,0.0,-51.776649746192895,9.328910773305653,38.23529411764706,34
111,"['--globaldce', '--globalopt', '--loop-simplifycfg', '--aggressive-instcombine', '--newgvn', '--ipsccp', '--gvn-hoist', '--gvn', '--dse', '--jump-threading', '--load-store-vectorizer', '--mem2reg', '--newgvn', '--adce', '--sroa', '--dse', '--jump-threading', '--ipsccp', '--jump-threading', '--instcombine', '--simplifycfg', '--jump-threading', '--instcombine', '--load-store-vectorizer', '--mem2reg', '--newgvn', '--simplifycfg', '--gvn-hoist', '--globalopt', '--mem2reg', '--early-cse-memssa', '--simplifycfg', '--aggressive-instcombine', '--mem2reg', '--early-cse-memssa', '--load-store-vectorizer', '--instcombine', '--elim-avail-extern', '--early-cse-memssa', '--reassociate', '--mem2reg', '--globalopt', '--newgvn', '--sroa']",44,-8.337848408118909,0.0,-2.9701434361706625,0.0,1,-8.337848408118909,-2.9701434361706625,0.0,-86.29441624365482,16.984761251085594,29.411764705882355,34
57,"['--globalopt', '--loop-simplifycfg', '--aggressive-instcombine', '--newgvn', '--ipsccp', '--gvn-hoist', '--gvn', '--dse', '--jump-threading', '--load-store-vectorizer', '--mem2reg', '--newgvn', '--adce', '--sroa', '--dse', '--jump-threading', '--ipsccp', '--jump-threading', '--instcombine', '--simplifycfg', '--jump-threading', '--instcombine', '--load-store-vectorizer', '--mem2reg', '--newgvn', '--simplifycfg', '--gvn-hoist', '--globalopt', '--mem2reg', '--early-cse-memssa', '--simplifycfg', '--aggressive-instcombine', '--mem2reg', '--early-cse-memssa', '--load-store-vectorizer', '--instcombine', '--elim-avail-extern', '--early-cse-memssa', '--reassociate', '--mem2reg', '--globalopt', '--newgvn', '--sroa']",43,-8.337848408118909,0.0,-2.9701434361706625,0.0,1,-8.337848408118909,-2.9701434361706625,0.0,-86.29441624365482,16.984761251085594,29.411764705882355,34
211,"['--mem2reg', '--mergefunc', '--instcombine', '--mem2reg', '--lower-expect', '--mem2reg', '--lower-expect', '--gvn', '--instsimplify', '--licm', '--early-cse-memssa', '--load-store-vectorizer', '--instcombine', '--elim-avail-extern', '--loop-vectorize', '--early-cse-memssa', '--reassociate', '--mem2reg', '--globalopt', '--newgvn', '--simplifycfg', '--gvn-hoist', '--mldst-motion', '--ipsccp', '--instcombine', '--adce', '--early-cse', '--aggressive-instcombine', '--simplifycfg', '--gvn-hoist', '--gvn']",31,-8.360464559701793,0.0,-3.1486288510818063,0.0,1,-8.360464559701793,-3.1486288510818063,0.20197702476647275,-86.80203045685279,15.87228215508084,29.411764705882355,34
1964,"['--ipsccp', '--speculative-execution', '--sccp', '--early-cse', '--mem2reg', '--jump-threading', '--elim-avail-extern', '--instcombine', '--adce', '--loop-interchange', '--aggressive-instcombine', '--gvn', '--strip', '--simplifycfg', '--instsimplify', '--inline', '--mergefunc', '--gvn-hoist', '--gvn-hoist', '--instcombine', '--globalopt', '--elim-avail-extern', '--indvars', '--elim-avail-extern', '--indvars', '--gvn', '--gvn', '--ipsccp', '--gvn', '--nary-reassociate', '--loop-instsimplify', '--early-cse', '--mem2reg', '--jump-threading', '--globalopt', '--elim-avail-extern', '--instcombine', '--simplifycfg', '--sroa', '--mem2reg', '--globaldce', '--gvn-hoist', '--sccp', '--early-cse', '--lower-constant-intrinsics', '--adce', '-loop-reduce', '--slsr', '--gvn-hoist', '--adce', '--loop-simplify', '--dse', '--loop-simplify', '--dse', '--scalarizer', '--elim-avail-extern', '--lower-expect', '--simplifycfg', '--elim-avail-extern', '--jump-threading', '--lower-constant-intrinsics', '--ipsccp', '--gvn', '--nary-reassociate', '--gvn', '--early-cse', '--mem2reg', '--jump-threading', '--globalopt', '--slp-vectorizer', '--instcombine', '--simplifycfg', '--sroa', '--early-cse', '--lower-expect', '--sroa', '--sroa', '--lower-expect', '--aggressive-instcombine']",79,-8.362188625454232,0.0,-2.2580059210431522,0.0,1,-8.362188625454232,-2.2580059210431522,0.0,-51.776649746192895,9.333900670248088,38.23529411764706,34
135,"['--loop-fusion', '--jump-threading', '--newgvn', '--ipsccp', '--loop-simplifycfg', '--newgvn', '--sroa', '--elim-avail-extern', '--mem2reg', '--gvn', '--lower-constant-intrinsics', '--licm', '--simplifycfg', '--early-cse-memssa', '--mem2reg', '--instcombine', '--adce', '--simplifycfg', '--sccp', '--jump-threading', '--lower-constant-intrinsics', '--globalopt', '--licm', '--simplifycfg', '--elim-avail-extern', '--licm', '--simplifycfg', '--early-cse-memssa', '--mem2reg', '--instcombine', '--adce', '--jump-threading', '--gvn', '--loop-simplifycfg', '--elim-avail-extern', '--licm', '--simplifycfg', '--early-cse-memssa', '--mem2reg', '--instcombine', '--globalopt']",41,-8.369633376307497,0.0,-4.730781600471205,0.0,1,-8.369633376307497,-4.730781600471205,0.0,-89.84771573604061,17.33311881836447,20.588235294117645,34
1672,"['--ipsccp', '--speculative-execution', '--sccp', '--early-cse', '--ipsccp', '--mem2reg', '--jump-threading', '--globalopt', '--elim-avail-extern', '--instcombine', '--loop-instsimplify', '--jump-threading', '--gvn', '--simplifycfg', '--instsimplify', '--inline', '--mergefunc', '--gvn-hoist', '--instcombine', '--globalopt', '--elim-avail-extern', '--indvars', '--indvars', '--gvn', '--gvn', '--ipsccp', '--gvn', '--nary-reassociate', '--adce', '--early-cse', '--mem2reg', '--jump-threading', '--globalopt', '--elim-avail-extern', '--instcombine', '--simplifycfg', '--sroa', '--mem2reg', '--globaldce', '--gvn-hoist', '--sccp', '--early-cse', '--lower-constant-intrinsics', '--adce', '--slsr', '--gvn-hoist', '-loop-reduce', '--adce', '--loop-simplify', '--dse', '--scalarizer', '--simplifycfg', '--lower-expect', '--simplifycfg', '--gvn-hoist', '--elim-avail-extern', '--lower-constant-intrinsics', '--gvn', '--ipsccp', '--gvn', '--nary-reassociate', '--gvn', '--early-cse', '--mem2reg', '--jump-threading', '--globalopt', '--slp-vectorizer', '--instcombine', '--sroa', '--early-cse', '--lower-expect', '--sroa', '--lower-expect', '--aggressive-instcombine']",74,-8.37646202327102,0.0,-2.2774839109145977,0.0,1,-8.37646202327102,-2.2774839109145977,0.0,-51.776649746192895,9.330549724380132,38.23529411764706,34
2446,"['--ipsccp', '--speculative-execution', '--sccp', '--lower-constant-intrinsics', '--early-cse', '--mem2reg', '--jump-threading', '--globalopt', '--elim-avail-extern', '--instcombine', '--loop-instsimplify', '--jump-threading', '--gvn', '--simplifycfg', '--instsimplify', '--inline', '--mergefunc', '--instcombine', '--globalopt', '--dse', '--loweratomic', '--indvars', '--indvars', '--gvn', '--gvn', '--ipsccp', '--gvn', '--nary-reassociate', '--adce', '--early-cse', '--mem2reg', '--jump-threading', '--globalopt', '-loop-reduce', '--elim-avail-extern', '--instcombine', '--simplifycfg', '--sroa', '--mem2reg', '--globaldce', '--simplifycfg', '--sccp', '--early-cse', '--lower-constant-intrinsics', '--adce', '--slsr', '--gvn-hoist', '--adce', '--loop-simplify', '--elim-avail-extern', '--scalarizer', '--simplifycfg', '--lower-expect', '--gvn-hoist', '--simplifycfg', '--lower-expect', '--simplifycfg', '--elim-avail-extern', '--lower-constant-intrinsics', '--ipsccp', '--gvn', '--nary-reassociate', '--gvn', '--early-cse', '--loop-guard-widening', '--jump-threading', '--globalopt', '--slp-vectorizer', '--instcombine', '--slp-vectorizer', '--instcombine', '--simplifycfg', '--sroa', '--early-cse', '--lower-expect', '--aggressive-instcombine']",76,-8.386171561091066,0.0,-2.288466721964311,0.0,1,-8.386171561091066,-2.288466721964311,0.0,-51.776649746192895,9.345274019707738,38.23529411764706,34
143,"['--functionattrs', '--gvn', '--sccp', '--instsimplify', '--adce', '--early-cse-memssa', '--flattencfg', '--instcombine', '--ipsccp', '--instcombine', '--elim-avail-extern', '--simplifycfg', '--early-cse-memssa', '--mem2reg', '--instcombine', '--adce', '--early-cse-memssa', '--instcombine', '--simplifycfg', '--sroa', '--sccp', '--gvn-hoist', '--simplifycfg', '--nary-reassociate', '--jump-threading', '--load-store-vectorizer', '--early-cse-memssa', '--lower-expect', '--loop-instsimplify', '--early-cse', '--mem2reg', '--jump-threading', '--globalopt', '--elim-avail-extern', '--instcombine', '--simplifycfg', '--sroa', '--sccp', '--gvn-hoist', '--simplifycfg', '--nary-reassociate', '--jump-threading', '--load-store-vectorizer', '--early-cse-memssa', '--lower-expect', '--loop-instsimplify', '--early-cse', '--early-cse-memssa', '--instsimplify', '--gvn-hoist', '--simplifycfg', '--mem2reg']",52,-8.399956093050454,0.0,-3.7143414050641548,0.0,1,-8.399956093050454,-3.7143414050641548,0.0,-88.3248730964467,16.4361180395822,26.47058823529412,34
1962,"['--ipsccp', '--speculative-execution', '--sccp', '--early-cse', '--mem2reg', '--jump-threading', '--globalopt', '--elim-avail-extern', '--instcombine', '--adce', '--jump-threading', '--gvn', '--simplifycfg', '--instsimplify', '--inline', '--mergefunc', '--gvn-hoist', '--instcombine', '--globalopt', '--elim-avail-extern', '--indvars', '--indvars', '--gvn', '--gvn', '--ipsccp', '--gvn', '--nary-reassociate', '--adce', '--early-cse', '--mem2reg', '--jump-threading', '--globalopt', '-loop-reduce', '--instcombine', '--simplifycfg', '--sroa', '--mem2reg', '--globaldce', '--gvn-hoist', '--sccp', '--early-cse', '--lower-constant-intrinsics', '--adce', '--slsr', '--gvn-hoist', '--adce', '--loop-simplify', '--dse', '--scalarizer', '--simplifycfg', '--lower-expect', '--simplifycfg', '--gvn-hoist', '--elim-avail-extern', '--lower-constant-intrinsics', '--gvn', '--ipsccp', '--gvn', '--nary-reassociate', '--gvn', '--early-cse', '--mem2reg', '--jump-threading', '--globalopt', '--slp-vectorizer', '--instcombine', '--simplifycfg', '--sroa', '--early-cse', '--lower-expect', '--sroa', '--lower-expect', '--aggressive-instcombine']",73,-8.402059214347172,0.0,-2.3085201979001404,0.0,1,-8.402059214347172,-2.3085201979001404,0.0,-51.776649746192895,9.353749482750082,38.23529411764706,34
265,"['--ipsccp', '--lower-constant-intrinsics', '--sccp', '--early-cse', '--mem2reg', '--jump-threading', '--globalopt', '--elim-avail-extern', '--instcombine', '--adce', '--jump-threading', '--gvn', '--simplifycfg', '--instsimplify', '--gvn-hoist', '--mergefunc', '--gvn-hoist', '--instcombine', '--globalopt', '--elim-avail-extern', '--gvn', '--gvn', '--ipsccp', '--gvn', '--nary-reassociate', '--loop-instsimplify', '--early-cse', '--mem2reg', '--jump-threading', '--globalopt', '--elim-avail-extern', '--instcombine', '--simplifycfg', '--sroa', '--elim-avail-extern', '--instcombine', '--simplifycfg', '--sroa', '--sccp', '--gvn-hoist', '--simplifycfg', '--nary-reassociate', '--jump-threading', '--load-store-vectorizer', '--early-cse-memssa', '--lower-expect', '--loop-instsimplify', '--loop-idiom', '--early-cse-memssa', '--instsimplify', '--gvn-hoist', '--simplifycfg', '--mem2reg']",53,-8.408285229738688,0.0,-3.245111121379835,0.0,1,-8.408285229738688,-3.245111121379835,0.0,-88.3248730964467,15.62687182821459,29.411764705882355,34
163,"['--ipsccp', '--gvn-hoist', '--reassociate', '--elim-avail-extern', '--early-cse-memssa', '--mem2reg', '--aggressive-instcombine', '--gvn-hoist', '--globalopt', '--mem2reg', '--simplifycfg', '--load-store-vectorizer', '--instcombine', '--elim-avail-extern', '--early-cse-memssa', '--loop-rotate', '--reassociate', '--adce', '--simplifycfg', '--sccp', '--jump-threading', '--lower-constant-intrinsics', '--globalopt', '--licm', '--simplifycfg', '--elim-avail-extern', '--licm', '--simplifycfg', '--early-cse-memssa', '--mem2reg', '--instcombine', '--adce', '--jump-threading', '--gvn', '--simplifycfg', '--elim-avail-extern', '--licm', '--simplifycfg', '--early-cse-memssa', '--mem2reg', '--instcombine', '--globalopt']",42,-8.423192231552871,0.0,-3.6431970713659365,0.0,1,-8.423192231552871,-3.6431970713659365,0.0,-95.93908629441624,17.20206192734301,26.47058823529412,34
215,"['--load-store-vectorizer', '--instcombine', '--sroa', '--mem2reg', '--gvn-hoist', '--sccp', '--early-cse', '--lower-constant-intrinsics', '--early-cse-memssa', '--reassociate', '--mem2reg', '--globalopt', '--newgvn', '--simplifycfg', '--gvn-hoist', '--ipsccp', '--instcombine', '--globalopt', '--loop-simplifycfg', '--globalopt', '--mem2reg', '--early-cse-memssa', '--reassociate', '--newgvn', '--instcombine', '--prune-eh', '--mem2reg', '--early-cse-memssa', '--gvn', '--jump-threading', '--gvn-hoist', '--globalopt', '--mem2reg', '--early-cse-memssa', '--load-store-vectorizer', '--sroa', '--mem2reg', '--simplifycfg', '--early-cse-memssa', '--mem2reg', '--sccp', '--globalopt']",42,-8.445574374058003,0.0,-4.331154140152088,0.0,1,-8.445574374058003,-4.331154140152088,0.0,-86.29441624365482,16.67797004238055,23.52941176470588,34
127,"['--ipsccp', '--lower-constant-intrinsics', '--sccp', '--early-cse-memssa', '--mem2reg', '--jump-threading', '--elim-avail-extern', '--gvn', '--nary-reassociate', '--lower-constant-intrinsics', '--early-cse-memssa', '--load-store-vectorizer', '--instcombine', '--elim-avail-extern', '--early-cse-memssa', '--reassociate', '--mem2reg', '--globalopt', '--newgvn', '--simplifycfg', '--gvn-hoist', '--ipsccp', '--instcombine', '--adce', '--lower-expect', '--aggressive-instcombine', '--simplifycfg', '--gvn-hoist', '--gvn']",29,-8.498325944271793,0.0,-3.2654827392495727,0.0,1,-8.498325944271793,-3.2654827392495727,0.2485747355718912,-86.80203045685279,16.374491839522598,29.411764705882355,34
74,"['--ipsccp', '--gvn-hoist', '--reassociate', '--elim-avail-extern', '--early-cse-memssa', '--mem2reg', '--aggressive-instcombine', '--gvn-hoist', '--globalopt', '--mem2reg', '--early-cse-memssa', '--load-store-vectorizer', '--instcombine', '--early-cse-memssa', '--mem2reg', '--instcombine', '--adce', '--simplifycfg', '--sccp', '--jump-threading', '--lower-constant-intrinsics', '--globalopt', '--licm', '--simplifycfg', '--elim-avail-extern', '--licm', '--simplifycfg', '--early-cse-memssa', '--mem2reg', '--instcombine', '--adce', '--jump-threading', '--gvn', '--simplifycfg', '--elim-avail-extern', '--licm', '--simplifycfg', '--early-cse-memssa', '--mem2reg', '--instcombine', '--globalopt']",41,-8.506628027279412,0.0,-3.3035855844137627,0.0,1,-8.506628027279412,-3.3035855844137627,0.0,-89.34010152284264,16.17174133086737,29.411764705882355,34
81,"['--licm', '--simplifycfg', '--slp-vectorizer', '--aggressive-instcombine', '--gvn-hoist', '--early-cse-memssa', '--simplifycfg', '--aggressive-instcombine', '--mem2reg', '--adce', '--instcombine', '--simplifycfg', '--jump-threading', '--instcombine', '--load-store-vectorizer', '--mem2reg', '--newgvn', '--ipsccp', '--sccp', '--mem2reg', '--reassociate', '--jump-threading', '--globalopt', '--mem2reg', '--early-cse-memssa', '--load-store-vectorizer', '--instcombine', '--elim-avail-extern', '--early-cse-memssa', '--reassociate', '--mem2reg', '--globalopt', '--newgvn', '--simplifycfg', '--gvn-hoist', '--early-cse-memssa', '--adce', '--jump-threading', '--instsimplify', '--sroa']",40,-8.525604773194615,0.0,-3.230736668926438,0.0,1,-8.525604773194615,-3.230736668926438,0.0,-87.81725888324873,16.907875656174337,29.411764705882355,34
53,"['--licm', '--simplifycfg', '--slp-vectorizer', '--gvn-hoist', '--aggressive-instcombine', '--early-cse-memssa', '--simplifycfg', '--aggressive-instcombine', '--mem2reg', '--adce', '--instcombine', '--simplifycfg', '--jump-threading', '--instcombine', '--load-store-vectorizer', '--mem2reg', '--newgvn', '--ipsccp', '--sccp', '--mem2reg', '--reassociate', '--jump-threading', '--globalopt', '--mem2reg', '--early-cse-memssa', '--load-store-vectorizer', '--instcombine', '--elim-avail-extern', '--early-cse-memssa', '--reassociate', '--mem2reg', '--globalopt', '--newgvn', '--simplifycfg', '--gvn-hoist', '--early-cse-memssa', '--adce', '--jump-threading', '--instsimplify', '--sroa']",40,-8.525604773194615,0.0,-3.230736668926438,0.0,1,-8.525604773194615,-3.230736668926438,0.0,-87.81725888324873,16.907875656174337,29.411764705882355,34
67,"['--ipsccp', '--lower-constant-intrinsics', '--sccp', '--early-cse-memssa', '--gvn', '--prune-eh', '--mem2reg', '--loop-simplifycfg', '--load-store-vectorizer', '--simplifycfg', '--elim-avail-extern', '--licm', '--simplifycfg', '--elim-avail-extern', '--early-cse-memssa', '--reassociate', '--mem2reg', '--globalopt', '--newgvn', '--simplifycfg', '--gvn-hoist', '--ipsccp', '--instcombine', '--adce', '--early-cse', '--aggressive-instcombine', '--simplifycfg', '--gvn-hoist', '--gvn']",29,-8.529502442113206,0.0,-2.8631715097330668,0.0,1,-8.529502442113206,-2.8631715097330668,0.0,-86.80203045685279,15.291826333428185,32.35294117647059,34
79,"['--ipsccp', '--gvn-hoist', '--reassociate', '--elim-avail-extern', '--early-cse-memssa', '--load-store-vectorizer', '--aggressive-instcombine', '--gvn-hoist', '--globalopt', '--mem2reg', '--early-cse-memssa', '--load-store-vectorizer', '--instcombine', '--elim-avail-extern', '--early-cse-memssa', '--jump-threading', '--ipsccp', '--jump-threading', '--instcombine', '--simplifycfg', '--jump-threading', '--instcombine', '--load-store-vectorizer', '--mem2reg', '--newgvn', '--simplifycfg', '--gvn-hoist', '--globalopt', '--mem2reg', '--early-cse-memssa', '--simplifycfg', '--aggressive-instcombine', '--mem2reg', '--early-cse-memssa', '--mem2reg', '--instcombine', '--elim-avail-extern', '--early-cse-memssa', '--reassociate', '--mem2reg', '--globalopt', '--newgvn', '--sroa']",43,-8.597193399697524,0.0,-3.3787836196719736,0.0,1,-8.597193399697524,-3.3787836196719736,0.20958680838520624,-87.30964467005076,16.513409790611895,29.411764705882355,34
91,"['--licm', '--simplifycfg', '--slp-vectorizer', '--gvn-hoist', '--aggressive-instcombine', '--early-cse-memssa', '--instcombine', '--elim-avail-extern', '--early-cse-memssa', '--reassociate', '--mem2reg', '--globalopt', '--newgvn', '--simplifycfg', '--gvn-hoist', '--ipsccp', '--instcombine', '--globalopt', '--loop-simplifycfg', '--load-store-vectorizer', '--instcombine', '--globalopt', '--sccp', '--gvn', '--sccp', '--gvn', '--licm', '--simplifycfg', '--slp-vectorizer', '--gvn-hoist', '--aggressive-instcombine', '--early-cse-memssa', '--licm', '--instcombine', '--newgvn', '--ipsccp', '--sccp', '--mem2reg', '--reassociate', '--jump-threading', '--loop-simplifycfg', '--early-cse-memssa', '--early-cse', '--early-cse-memssa', '--jump-threading', '--sccp', '--early-cse', '--adce', '--sroa', '--newgvn', '--memcpyopt', '--gvn-hoist', '--elim-avail-extern', '--sroa', '--jump-threading']",55,-8.60542361157965,0.0,-2.8810402098792403,0.0,1,-8.60542361157965,-2.8810402098792403,0.0,-88.3248730964467,15.917022776996307,32.35294117647059,34
6,"['--aggressive-instcombine', '--gvn-hoist', '--globalopt', '--mem2reg', '--early-cse-memssa', '--load-store-vectorizer', '--instcombine', '--elim-avail-extern', '--early-cse-memssa', '--reassociate', '--mem2reg', '--globalopt', '--newgvn', '--mem2reg', '--early-cse-memssa', '--load-store-vectorizer', '--instcombine', '--elim-avail-extern', '--early-cse-memssa', '--reassociate', '--mem2reg', '--globalopt', '--newgvn', '--simplifycfg', '--gvn-hoist', '--ipsccp', '--instcombine', '--elim-avail-extern']",28,-8.613115602634695,0.0,-3.5013466949639613,0.0,1,-8.613115602634695,-3.5013466949639613,0.18350848011205803,-87.30964467005076,15.753408755293707,29.411764705882355,34
221,"['--mem2reg', '--mergefunc', '--instcombine', '--mem2reg', '--adce', '--early-cse-memssa', '--flattencfg', '--instcombine', '--ipsccp', '--instcombine', '--elim-avail-extern', '--simplifycfg', '--early-cse-memssa', '--mem2reg', '--instcombine', '--adce', '--early-cse-memssa', '--instcombine', '--simplifycfg', '--sroa', '--sccp', '--gvn-hoist', '--simplifycfg', '--nary-reassociate', '--jump-threading', '--load-store-vectorizer', '--early-cse-memssa', '--lower-expect', '--loop-instsimplify', '--early-cse', '--mem2reg', '--jump-threading', '--elim-avail-extern', '--instcombine', '--load-store-vectorizer', '--mem2reg', '--instcombine', '--adce', '--simplifycfg', '--gvn-hoist', '--simplifycfg', '--mem2reg', '--ipsccp', '--newgvn', '--sroa', '--instcombine', '--prune-eh', '--gvn', '--instsimplify', '--gvn-hoist', '--simplifycfg', '--mem2reg', '--ipsccp', '--newgvn', '--sroa', '--instsimplify', '--mergefunc', '--simplifycfg', '--instcombine', '--gvn-hoist', '--mem2reg']",61,-8.619584341246822,0.0,-3.459828437375455,0.0,1,-8.619584341246822,-3.459828437375455,0.0,-86.80203045685279,16.12948307332878,29.411764705882355,34
381,"['--ipsccp', '--lower-constant-intrinsics', '--sccp', '--early-cse', '--mem2reg', '--jump-threading', '--globalopt', '--elim-avail-extern', '--instcombine', '--adce', '--jump-threading', '--gvn', '--simplifycfg', '--instsimplify', '--gvn-hoist', '--mergefunc', '--gvn-hoist', '--instcombine', '--globalopt', '--elim-avail-extern', '--gvn', '--gvn', '--ipsccp', '--gvn', '--nary-reassociate', '--lower-constant-intrinsics', '--loop-instsimplify', '--early-cse', '--mem2reg', '--jump-threading', '--globalopt', '--elim-avail-extern', '--instcombine', '--simplifycfg', '--sroa', '--mem2reg', '--gvn-hoist', '--sccp', '--early-cse', '--simplifycfg', '--adce', '--gvn-hoist', '--adce', '--lower-constant-intrinsics', '--newgvn', '--simplifycfg', '--simplifycfg', '--gvn-hoist', '--instcombine', '--globalopt', '--elim-avail-extern', '--gvn', '--gvn', '--ipsccp', '--gvn', '--nary-reassociate', '--lower-constant-intrinsics', '--loop-instsimplify', '--early-cse', '--mem2reg', '--jump-threading', '--globalopt', '--elim-avail-extern', '--instcombine', '--lower-constant-intrinsics', '--sroa', '--lower-constant-intrinsics', '--early-cse', '--lower-expect', '--sroa', '--sroa', '--lower-expect', '--globalopt', '--lower-expect']",74,-8.632109560495454,0.0,-3.0095979966369613,0.0,1,-8.632109560495454,-3.0095979966369613,0.0,-88.3248730964467,15.219698865471445,32.35294117647059,34
360,"['--ipsccp', '--lower-constant-intrinsics', '--sccp', '--early-cse', '--mem2reg', '--jump-threading', '--globalopt', '--elim-avail-extern', '--instcombine', '--adce', '--jump-threading', '--gvn', '--simplifycfg', '--instsimplify', '--gvn-hoist', '--mergefunc', '--gvn-hoist', '--instcombine', '--globalopt', '--elim-avail-extern', '--gvn', '--gvn', '--ipsccp', '--gvn', '--nary-reassociate', '--lower-constant-intrinsics', '--loop-instsimplify', '--early-cse', '--mem2reg', '--jump-threading', '--globalopt', '--elim-avail-extern', '--instcombine', '--simplifycfg', '--sroa', '--mem2reg', '--gvn-hoist', '--sccp', '--early-cse', '--lower-constant-intrinsics', '--adce', '--gvn-hoist', '--adce', '--lower-constant-intrinsics', '--newgvn', '--simplifycfg', '--lower-expect', '--simplifycfg', '--gvn-hoist', '--instcombine', '--globalopt', '--elim-avail-extern', '--gvn', '--gvn', '--ipsccp', '--gvn', '--nary-reassociate', '--lower-constant-intrinsics', '--loop-instsimplify', '--early-cse', '--mem2reg', '--jump-threading', '--elim-avail-extern', '--instcombine', '--sroa', '--lower-constant-intrinsics', '--early-cse', '--lower-expect', '--sroa', '--sccp', '--sroa', '--lower-expect', '--globalopt', '--elim-avail-extern', '--lower-expect']",75,-8.632109560495454,0.0,-3.0095979966369613,0.0,1,-8.632109560495454,-3.0095979966369613,0.0,-88.3248730964467,15.219698865471445,32.35294117647059,34
353,"['--ipsccp', '--lower-constant-intrinsics', '--sccp', '--early-cse', '--mem2reg', '--jump-threading', '--globalopt', '--elim-avail-extern', '--instcombine', '--adce', '--jump-threading', '--gvn', '--simplifycfg', '--instsimplify', '--gvn-hoist', '--mergefunc', '--gvn-hoist', '--instcombine', '--globalopt', '--elim-avail-extern', '--gvn', '--gvn', '--ipsccp', '--gvn', '--nary-reassociate', '--lower-constant-intrinsics', '--loop-instsimplify', '--early-cse', '--mem2reg', '--jump-threading', '--globalopt', '--elim-avail-extern', '--instcombine', '--lower-expect', '--sroa', '--mem2reg', '--gvn-hoist', '--sccp', '--lowerinvoke', '--early-cse', '--lower-constant-intrinsics', '--adce', '--gvn-hoist', '--adce', '--lower-constant-intrinsics', '--newgvn', '--simplifycfg', '--simplifycfg', '--simplifycfg', '--gvn-hoist', '--instcombine', '--globalopt', '--elim-avail-extern', '--gvn', '--gvn', '--ipsccp', '--gvn', '--nary-reassociate', '--lower-constant-intrinsics', '--loop-instsimplify', '--early-cse', '--mem2reg', '--jump-threading', '--globalopt', '--elim-avail-extern', '--sroa', '--lower-constant-intrinsics', '--early-cse', '--lower-expect', '--sroa', '--sccp', '--sroa', '--lower-expect', '--globalopt', '--elim-avail-extern', '--lower-expect']",76,-8.632109560495454,0.0,-3.0095979966369613,0.0,1,-8.632109560495454,-3.0095979966369613,0.0,-88.3248730964467,15.219698865471445,32.35294117647059,34
58,"['--functionattrs', '--newgvn', '--jump-threading', '--gvn-hoist', '--adce', '--early-cse', '--aggressive-instcombine', '--simplifycfg', '--gvn-hoist', '--aggressive-instcombine', '--jump-threading', '--ipsccp', '--early-cse-memssa', '--reassociate', '--newgvn', '--sccp', '--mem2reg', '--ipsccp', '--early-cse', '--globalopt', '--mem2reg', '--early-cse-memssa', '--reassociate', '--newgvn', '--sccp', '--mem2reg', '--early-cse-memssa', '--gvn', '--jump-threading', '--gvn-hoist', '--globalopt', '--mem2reg', '--early-cse-memssa', '--load-store-vectorizer', '--instcombine', '--elim-avail-extern', '--early-cse-memssa', '--reassociate', '--mem2reg', '--globalopt', '--newgvn', '--simplifycfg', '--gvn-hoist', '--aggressive-instcombine', '--jump-threading', '--ipsccp', '--early-cse', '--globalopt', '--mem2reg']",49,-8.638297143809496,0.0,-3.457699801185032,0.0,1,-8.638297143809496,-3.457699801185032,0.20958680838520624,-86.29441624365482,16.332575870383685,29.411764705882355,34
1398,"['--ipsccp', '--speculative-execution', '--sccp', '--globalopt', '--early-cse', '--mem2reg', '--jump-threading', '--globalopt', '--elim-avail-extern', '--instcombine', '--adce', '--jump-threading', '--gvn', '--simplifycfg', '--inline', '--mergefunc', '--gvn-hoist', '--gvn-hoist', '--instcombine', '--globalopt', '--elim-avail-extern', '--indvars', '--gvn', '--gvn', '--ipsccp', '--gvn', '--nary-reassociate', '--loop-instsimplify', '--early-cse', '--mem2reg', '--jump-threading', '--speculative-execution', '--elim-avail-extern', '--instcombine', '--simplifycfg', '--sroa', '--mem2reg', '--globaldce', '--gvn-hoist', '--sccp', '--early-cse', '--lower-constant-intrinsics', '--adce', '-loop-reduce', '--adce', '--loop-simplify', '--dse', '--lower-expect', '--simplifycfg', '--gvn-hoist', '--elim-avail-extern', '--lower-constant-intrinsics', '--gvn', '--ipsccp', '--gvn', '--nary-reassociate', '--gvn', '--early-cse', '--mem2reg', '--jump-threading', '--globalopt', '--slp-vectorizer', '--instcombine', '--simplifycfg', '--sroa', '--early-cse', '--lower-expect', '--sroa', '--sroa', '--lower-expect', '--aggressive-instcombine']",71,-8.640067977860433,0.0,-2.5832705971980534,0.0,1,-8.640067977860433,-2.5832705971980534,0.0,-53.299492385786806,9.673209123148343,38.23529411764706,34
1298,"['--ipsccp', '--speculative-execution', '--sccp', '--early-cse', '--mem2reg', '--jump-threading', '--globalopt', '--elim-avail-extern', '--instcombine', '--adce', '--jump-threading', '--gvn', '--simplifycfg', '--instsimplify', '--inline', '--gvn-hoist', '--mergefunc', '--gvn-hoist', '--instcombine', '--globalopt', '--elim-avail-extern', '--indvars', '--gvn', '--gvn', '--ipsccp', '--gvn', '--nary-reassociate', '--loop-instsimplify', '--early-cse', '--mem2reg', '--jump-threading', '--globalopt', '--instcombine', '--instcombine', '--simplifycfg', '--sroa', '--mem2reg', '--gvn-hoist', '--sccp', '--early-cse', '--lower-constant-intrinsics', '--adce', '--gvn-hoist', '--adce', '--loop-simplify', '--dse', '-loop-reduce', '--simplifycfg', '--lower-expect', '--simplifycfg', '--indvars', '--instcombine', '--globalopt', '--aggressive-instcombine', '--gvn', '--gvn', '--ipsccp', '--gvn', '--lower-constant-intrinsics', '--loop-instsimplify', '--early-cse', '--mem2reg', '--early-cse-memssa', '--jump-threading', '--globalopt', '--loop-interchange', '--slp-vectorizer', '--instcombine', '--simplifycfg', '--mem2reg', '--sroa', '--lower-constant-intrinsics', '--early-cse', '--lower-expect', '--lower-expect', '--loweratomic', '--elim-avail-extern', '--elim-avail-extern', '--slsr']",79,-8.67633764878828,0.0,-2.628708921702848,0.0,1,-8.67633764878828,-2.628708921702848,0.0,-53.299492385786806,9.695118398640863,38.23529411764706,34
144,"['--reassociate', '--gvn', '--load-store-vectorizer', '--early-cse-memssa', '--gvn-hoist', '--loop-instsimplify', '--early-cse', '--early-cse-memssa', '--instsimplify', '--lower-expect', '--simplifycfg', '--gvn-hoist', '--ipsccp', '--instcombine', '--prune-eh', '--mem2reg', '--lower-expect', '--gvn', '--load-store-vectorizer', '--early-cse-memssa', '--lower-expect', '--loop-instsimplify', '--early-cse', '--early-cse-memssa', '--instsimplify', '--load-store-vectorizer', '--early-cse-memssa', '--lower-expect', '--loop-instsimplify', '--early-cse', '--mem2reg', '--jump-threading', '--globalopt', '--elim-avail-extern', '--instcombine', '--simplifycfg', '--sroa', '--sccp', '--gvn-hoist', '--simplifycfg', '--nary-reassociate', '--jump-threading', '--load-store-vectorizer', '--early-cse-memssa', '--lower-expect', '--loop-instsimplify', '--early-cse', '--early-cse-memssa', '--instsimplify', '--gvn-hoist', '--simplifycfg', '--mem2reg']",52,-8.676774268581177,0.0,-4.020211539594274,0.0,1,-8.676774268581177,-4.020211539594274,0.0,-88.3248730964467,16.91027378591353,26.47058823529412,34
113,"['--reassociate', '--gvn', '--load-store-vectorizer', '--early-cse-memssa', '--lower-expect', '--loop-instsimplify', '--early-cse', '--early-cse-memssa', '--instsimplify', '--gvn-hoist', '--simplifycfg', '--gvn-hoist', '--ipsccp', '--instcombine', '--prune-eh', '--mem2reg', '--lower-expect', '--gvn', '--load-store-vectorizer', '--early-cse-memssa', '--lower-expect', '--loop-instsimplify', '--early-cse', '--early-cse-memssa', '--instsimplify', '--load-store-vectorizer', '--early-cse-memssa', '--lower-expect', '--loop-instsimplify', '--early-cse', '--mem2reg', '--jump-threading', '--globalopt', '--elim-avail-extern', '--instcombine', '--simplifycfg', '--sroa', '--sccp', '--gvn-hoist', '--simplifycfg', '--nary-reassociate', '--jump-threading', '--load-store-vectorizer', '--early-cse-memssa', '--lower-expect', '--loop-instsimplify', '--early-cse', '--early-cse-memssa', '--instsimplify', '--gvn-hoist', '--simplifycfg', '--mem2reg']",52,-8.676774268581177,0.0,-4.020211539594274,0.0,1,-8.676774268581177,-4.020211539594274,0.0,-88.3248730964467,16.91027378591353,26.47058823529412,34
43,"['--aggressive-instcombine', '--gvn-hoist', '--globalopt', '--mem2reg', '--early-cse-memssa', '--load-store-vectorizer', '--instcombine', '--elim-avail-extern', '--early-cse-memssa', '--reassociate', '--mem2reg', '--globalopt', '--newgvn', '--simplifycfg', '--gvn-hoist', '--ipsccp', '--instcombine', '--globalopt', '--loop-simplifycfg', '--load-store-vectorizer', '--instcombine', '--globalopt', '--sccp', '--gvn', '--sccp', '--gvn', '--licm', '--simplifycfg', '--slp-vectorizer', '--gvn-hoist', '--aggressive-instcombine', '--early-cse-memssa', '--licm', '--instcombine', '--newgvn', '--ipsccp', '--sccp', '--mem2reg', '--reassociate', '--jump-threading', '--loop-simplifycfg', '--early-cse-memssa', '--early-cse', '--early-cse-memssa', '--jump-threading', '--sccp', '--early-cse', '--adce', '--sroa', '--newgvn', '--memcpyopt', '--gvn-hoist', '--elim-avail-extern', '--sroa', '--jump-threading']",55,-8.683441227356088,0.0,-3.0031652070396153,0.0,1,-8.683441227356088,-3.0031652070396153,0.0,-88.3248730964467,15.781261456057885,32.35294117647059,34
1082,"['--ipsccp', '--speculative-execution', '--sccp', '--early-cse', '--mem2reg', '--jump-threading', '--globalopt', '--elim-avail-extern', '--instcombine', '--adce', '--jump-threading', '--gvn', '--simplifycfg', '--instsimplify', '--inline', '--gvn-hoist', '--mergefunc', '--gvn-hoist', '--instcombine', '--globalopt', '--elim-avail-extern', '--indvars', '--gvn', '--gvn', '--ipsccp', '--gvn', '--nary-reassociate', '--loop-instsimplify', '--early-cse', '--mem2reg', '--jump-threading', '--globalopt', '--elim-avail-extern', '--instcombine', '--simplifycfg', '--sroa', '--mem2reg', '--globalopt', '--sccp', '--early-cse', '--lower-constant-intrinsics', '--adce', '--gvn-hoist', '-loop-reduce', '--lower-constant-intrinsics', '--dse', '--newgvn', '--lower-expect', '--simplifycfg', '--gvn-hoist', '--instcombine', '--globalopt', '--elim-avail-extern', '--lower-constant-intrinsics', '--gvn', '--ipsccp', '--gvn', '--nary-reassociate', '--gvn', '--early-cse', '--mem2reg', '--jump-threading', '--globalopt', '--slp-vectorizer', '--instcombine', '--simplifycfg', '--sroa', '--early-cse', '--lower-expect', '--sroa', '--sroa', '--lower-expect', '--aggressive-instcombine']",73,-8.689890856975207,0.0,-2.6477904762959374,0.0,1,-8.689890856975207,-2.6477904762959374,0.0,-53.299492385786806,9.687538821061954,38.23529411764706,34
36,"['--loop-simplify', '--gvn', '--loop-simplifycfg', '--globalopt', '--sccp', '--early-cse-memssa', '--nary-reassociate', '--sroa', '--ipsccp', '--instcombine', '--elim-avail-extern', '--simplifycfg', '--globalopt', '--instcombine', '--ipsccp', '--sccp', '--gvn', '--prune-eh']",18,-8.691962030557216,0.0,-4.205762333120168,0.0,1,-8.691962030557216,-4.205762333120168,0.0,-88.3248730964467,15.670520454229715,26.47058823529412,34
96,"['--early-cse-memssa', '--instsimplify', '--licm', '--gvn', '--mem2reg', '--gvn-hoist', '--loop-simplifycfg', '--nary-reassociate', '--mem2reg', '--globalopt', '--licm', '--globalopt', '--instcombine', '--gvn', '--jump-threading', '--newgvn', '--ipsccp', '--loop-simplifycfg', '--newgvn', '--sroa', '--elim-avail-extern', '--mem2reg', '--gvn', '--lower-constant-intrinsics', '--load-store-vectorizer', '--early-cse-memssa', '--instsimplify', '--licm', '--simplifycfg', '--early-cse-memssa', '--mem2reg', '--gvn-hoist', '--loop-simplifycfg', '--nary-reassociate', '--mem2reg', '--globalopt', '--licm', '--globalopt', '--instcombine', '--adce', '--simplifycfg', '--nary-reassociate', '--sroa', '--early-cse', '--instsimplify', '--ipsccp', '--loop-simplifycfg', '--sroa', '--early-cse', '--ipsccp', '--licm', '--instcombine', '--gvn', '--jump-threading', '--instcombine', '--sroa', '--simplifycfg', '--ipsccp', '--gvn', '--newgvn', '--gvn']",61,-8.725052187274752,0.0,-3.5711379398582426,0.0,1,-8.725052187274752,-3.5711379398582426,0.0,-87.30964467005076,16.349340264987177,29.411764705882355,34
27,"['--early-cse-memssa', '--instsimplify', '--licm', '--gvn', '--mem2reg', '--gvn-hoist', '--loop-simplifycfg', '--nary-reassociate', '--mem2reg', '--globalopt', '--licm', '--globalopt', '--instcombine', '--gvn', '--jump-threading', '--newgvn', '--ipsccp', '--loop-simplifycfg', '--newgvn', '--sroa', '--elim-avail-extern', '--mem2reg', '--gvn', '--lower-constant-intrinsics', '--load-store-vectorizer', '--early-cse-memssa', '--instsimplify', '--licm', '--simplifycfg', '--early-cse-memssa', '--mem2reg', '--gvn-hoist', '--loop-simplifycfg', '--nary-reassociate', '--mem2reg', '--globalopt', '--licm', '--globalopt', '--instcombine', '--adce', '--simplifycfg', '--nary-reassociate', '--sroa', '--early-cse', '--instsimplify', '--ipsccp', '--loop-simplifycfg', '--sroa', '--early-cse', '--ipsccp', '--licm', '--instcombine', '--gvn', '--jump-threading', '--instcombine', '--sroa', '--simplifycfg', '--early-cse-memssa', '--ipsccp', '--gvn', '--newgvn', '--gvn']",62,-8.725052187274752,0.0,-3.5711379398582426,0.0,1,-8.725052187274752,-3.5711379398582426,0.0,-87.30964467005076,16.349340264987177,29.411764705882355,34
312,"['--ipsccp', '--lower-constant-intrinsics', '--sccp', '--early-cse', '--mem2reg', '--jump-threading', '--globalopt', '--elim-avail-extern', '--instcombine', '--adce', '--early-cse-memssa', '--load-store-vectorizer', '--lower-constant-intrinsics', '--newgvn', '--simplifycfg', '--lower-expect', '--mem2reg', '--globalopt', '--newgvn', '--simplifycfg', '--gvn-hoist', '--ipsccp', '--instcombine', '--adce', '--early-cse', '--aggressive-instcombine', '--loop-instsimplify', '--early-cse', '--mem2reg', '--jump-threading', '--globalopt', '--elim-avail-extern', '--instcombine', '--simplifycfg', '--sroa', '--loop-reroll', '--gvn-hoist', '--sccp', '--early-cse', '--lower-constant-intrinsics', '--adce', '--gvn-hoist', '--adce', '--lower-constant-intrinsics', '--newgvn', '--simplifycfg', '--lower-expect', '--gvn-hoist', '--instcombine', '--globalopt', '--elim-avail-extern', '--gvn', '--gvn', '--ipsccp', '--gvn', '--nary-reassociate', '--lower-constant-intrinsics', '--loop-instsimplify', '--early-cse', '--jump-threading', '--globalopt', '--loop-vectorize', '--elim-avail-extern', '--instcombine', '--loweratomic', '--sroa', '--lower-constant-intrinsics', '--early-cse', '--lower-expect', '--sroa', '--sccp', '--sroa', '--lower-expect', '--globalopt', '--elim-avail-extern', '--lower-expect']",76,-8.727969048742256,0.0,-3.1128169925196016,0.0,1,-8.727969048742256,-3.1128169925196016,0.0,-88.83248730964468,15.404151278819674,32.35294117647059,34
141,"['--mem2reg', '--mergefunc', '--instcombine', '--mem2reg', '--adce', '--early-cse-memssa', '--flattencfg', '--instcombine', '--ipsccp', '--reassociate', '--mem2reg', '--globalopt', '--newgvn', '--simplifycfg', '--gvn-hoist', '--ipsccp', '--instcombine', '--globalopt', '--loop-simplifycfg', '--load-store-vectorizer', '--globalopt', '--sccp', '--gvn', '--sccp', '--gvn', '--licm', '--simplifycfg', '--slp-vectorizer', '--gvn-hoist', '--aggressive-instcombine', '--early-cse-memssa', '--licm', '--instcombine', '--newgvn', '--ipsccp', '--sccp', '--slp-vectorizer', '--mem2reg', '--reassociate', '--globalopt', '--newgvn', '--simplifycfg', '--gvn-hoist', '--aggressive-instcombine', '--jump-threading', '--ipsccp', '--early-cse', '--globalopt', '--mem2reg']",49,-8.772913360111374,0.0,-3.500817744761986,0.0,1,-8.772913360111374,-3.500817744761986,0.20197702476647275,-86.80203045685279,17.355353456575326,29.411764705882355,34
162,"['--loop-fusion', '--jump-threading', '--newgvn', '--ipsccp', '--loop-simplifycfg', '--newgvn', '--sroa', '--elim-avail-extern', '--mem2reg', '--gvn', '--lower-constant-intrinsics', '--loop-instsimplify', '--early-cse', '--mem2reg', '--jump-threading', '--globalopt', '--elim-avail-extern', '--instcombine', '--simplifycfg', '--sroa', '--sccp', '--gvn-hoist', '--simplifycfg', '--nary-reassociate', '--jump-threading', '--gvn-hoist', '--instcombine', '--elim-avail-extern']",28,-8.864314060248063,0.0,-4.344713403117202,0.0,1,-8.864314060248063,-4.344713403117202,0.0,-89.34010152284264,16.351907726160434,26.47058823529412,34
105,"['--sccp', '--newgvn', '--jump-threading', '--gvn-hoist', '--adce', '--early-cse', '--aggressive-instcombine', '--simplifycfg', '--gvn-hoist', '--aggressive-instcombine', '--jump-threading', '--ipsccp', '--early-cse-memssa', '--reassociate', '--newgvn', '--functionattrs', '--mem2reg', '--ipsccp', '--early-cse', '--globalopt', '--mem2reg', '--early-cse-memssa', '--reassociate', '--newgvn', '--sccp', '--mem2reg', '--early-cse-memssa', '--gvn', '--jump-threading', '--gvn-hoist', '--globalopt', '--mem2reg', '--early-cse-memssa', '--load-store-vectorizer', '--instcombine', '--elim-avail-extern', '--elim-avail-extern', '--early-cse-memssa', '--reassociate', '--mem2reg', '--globalopt', '--newgvn', '--sroa']",43,-8.86555112658197,0.0,-3.708596361063096,0.0,1,-8.86555112658197,-3.708596361063096,0.20958680838520624,-88.3248730964467,16.72339149902295,29.411764705882355,34
213,"['--ipsccp', '--lower-constant-intrinsics', '--sccp', '--early-cse-memssa', '--gvn', '--prune-eh', '--mem2reg', '--loop-simplifycfg', '--load-store-vectorizer', '--simplifycfg', '--elim-avail-extern', '--loop-instsimplify', '--early-cse', '--mem2reg', '--jump-threading', '--elim-avail-extern', '--instcombine', '--simplifycfg', '--sroa', '--sccp', '--gvn-hoist', '--newgvn', '--simplifycfg', '--nary-reassociate', '--jump-threading', '--gvn-hoist', '--simplifycfg', '--sroa', '--elim-avail-extern', '--mem2reg', '--gvn', '--lower-constant-intrinsics', '--load-store-vectorizer', '--early-cse-memssa', '--load-store-vectorizer', '--mem2reg', '--instcombine', '--adce', '--simplifycfg', '--gvn-hoist', '--simplifycfg', '--mem2reg', '--ipsccp', '--newgvn', '--sroa', '--instcombine', '--prune-eh', '--gvn', '--instsimplify', '--gvn-hoist', '--simplifycfg', '--mem2reg', '--ipsccp', '--newgvn', '--sroa', '--instsimplify', '--mergefunc', '--simplifycfg', '--instcombine', '--gvn-hoist', '--mem2reg']",61,-8.87412500693744,0.0,-3.2160336887646173,0.0,1,-8.87412500693744,-3.2160336887646173,0.0,-86.29441624365482,16.091585638933907,32.35294117647059,34
9,"['--loop-simplify', '--gvn', '--loop-simplifycfg', '--globalopt', '--sccp', '--early-cse-memssa', '--adce', '--early-cse-memssa', '--globalopt', '--instcombine', '--ipsccp', '--instcombine', '--elim-avail-extern', '--simplifycfg', '--globalopt', '--sroa', '--elim-avail-extern', '--prune-eh', '--lower-expect', '--lower-constant-intrinsics', '--load-store-vectorizer', '--early-cse', '--early-cse-memssa', '--instsimplify', '--gvn-hoist', '--simplifycfg', '--mem2reg', '--ipsccp', '--instcombine', '--prune-eh', '--simplifycfg', '--sroa', '--nary-reassociate', '--jump-threading', '--instcombine']",35,-8.979425057761308,0.0,-3.9110276746094037,0.0,1,-8.979425057761308,-3.9110276746094037,0.0,-88.3248730964467,16.343895959219015,29.411764705882355,34
2,"['--mem2reg', '--mergefunc', '--instcombine', '--mem2reg', '--adce', '--early-cse-memssa', '--globalopt', '--instcombine', '--ipsccp', '--instcombine', '--elim-avail-extern', '--simplifycfg', '--early-cse-memssa', '--mem2reg', '--instcombine', '--adce', '--early-cse-memssa', '--lower-constant-intrinsics', '--mem2reg', '--ipsccp']",20,-8.984224892647946,0.0,-5.026156820141312,0.0,1,-8.984224892647946,-5.026156820141312,0.0,-89.34010152284264,16.851955128360807,23.52941176470588,34
62,"['--nary-reassociate', '--lower-constant-intrinsics', '--loop-instsimplify', '--early-cse', '--mem2reg', '--jump-threading', '--globalopt', '--elim-avail-extern', '--instcombine', '--adce', '--jump-threading', '--gvn', '--simplifycfg', '--instsimplify', '--gvn-hoist', '--mergefunc', '--instcombine', '--mem2reg', '--adce', '--newgvn', '--simplifycfg', '--early-cse-memssa', '--newgvn', '--instsimplify', '--gvn-hoist', '--globalopt', '--licm', '--early-cse-memssa', '--instcombine', '--adce', '--jump-threading', '--gvn', '--simplifycfg', '--instsimplify', '--gvn-hoist', '--mergefunc', '--sroa', '--early-cse', '--instsimplify', '--ipsccp', '--loop-simplifycfg', '--sroa', '--early-cse', '--ipsccp', '--licm', '--instcombine', '--gvn', '--jump-threading', '--instcombine', '--sroa', '--simplifycfg', '--early-cse-memssa', '--ipsccp', '--gvn', '--newgvn']",55,-9.018860220469808,0.0,-4.037808069698492,0.0,1,-9.018860220469808,-4.037808069698492,0.0,-86.80203045685279,15.787394623135851,29.411764705882355,34
97,"['--aggressive-instcombine', '--gvn-hoist', '--globalopt', '--mem2reg', '--early-cse-memssa', '--load-store-vectorizer', '--instcombine', '--elim-avail-extern', '--early-cse-memssa', '--reassociate', '--elim-avail-extern', '--simplifycfg', '--globalopt', '--instcombine', '--ipsccp', '--sccp', '--gvn', '--prune-eh']",18,-9.041899269314836,0.0,-3.9876993163495293,0.0,1,-9.041899269314836,-3.9876993163495293,0.18350848011205803,-89.34010152284264,16.39360076170336,29.411764705882355,34
99,"['--loop-fusion', '--jump-threading', '--newgvn', '--ipsccp', '--loop-simplifycfg', '--newgvn', '--sroa', '--elim-avail-extern', '--newgvn', '--gvn', '--lower-constant-intrinsics', '--load-store-vectorizer', '--early-cse-memssa', '--load-store-vectorizer', '--mem2reg', '--instcombine', '--adce', '--simplifycfg', '--instcombine', '--gvn-hoist', '--gvn', '--adce', '--mem2reg', '--ipsccp', '--mem2reg', '--elim-avail-extern', '--globalopt', '--early-cse']",28,-9.130803400951157,0.0,-4.013653349105367,0.0,1,-9.130803400951157,-4.013653349105367,0.0,-86.29441624365482,17.087986832397785,29.411764705882355,34
10,"['--loop-fusion', '--jump-threading', '--newgvn', '--ipsccp', '--loop-simplifycfg', '--newgvn', '--sroa', '--elim-avail-extern', '--mem2reg', '--gvn', '--lower-constant-intrinsics', '--load-store-vectorizer', '--early-cse-memssa', '--load-store-vectorizer', '--mem2reg', '--instcombine', '--adce', '--simplifycfg', '--instcombine', '--gvn-hoist', '--gvn', '--adce', '--newgvn', '--ipsccp', '--mem2reg', '--elim-avail-extern', '--globalopt', '--early-cse']",28,-9.149196044741359,0.0,-4.028583178905307,0.0,1,-9.149196044741359,-4.028583178905307,0.0,-86.80203045685279,17.159939546800246,29.411764705882355,34
108,"['--load-store-vectorizer', '--instcombine', '--sroa', '--mem2reg', '--gvn-hoist', '--sccp', '--early-cse', '--lower-constant-intrinsics', '--adce', '--gvn-hoist', '--adce', '--lower-constant-intrinsics', '--newgvn', '--simplifycfg', '--lower-expect', '--simplifycfg', '--gvn-hoist', '--instcombine', '--globalopt', '--elim-avail-extern', '--licm', '--instcombine', '--gvn', '--jump-threading', '--gvn', '--simplifycfg', '--early-cse-memssa', '--mem2reg', '--instcombine', '--adce', '--simplifycfg', '--sccp', '--jump-threading', '--nary-reassociate', '--lower-expect', '--early-cse', '--simplifycfg', '--gvn', '--ipsccp', '--sroa', '--elim-avail-extern', '--simplifycfg', '--instsimplify', '--gvn-hoist', '--mergefunc', '--gvn']",46,-9.236053418497203,0.0,-3.7397994386135327,0.0,1,-9.236053418497203,-3.7397994386135327,0.0,-86.80203045685279,15.782626630664664,32.35294117647059,34
195,"['--ipsccp', '--lower-constant-intrinsics', '--sccp', '--early-cse-memssa', '--gvn', '--prune-eh', '--mem2reg', '--loop-simplifycfg', '--load-store-vectorizer', '--simplifycfg', '--elim-avail-extern', '--licm', '--simplifycfg', '--early-cse-memssa', '--mem2reg', '--instcombine', '--adce', '--simplifycfg', '--sccp', '--jump-threading', '--lower-constant-intrinsics', '--globalopt', '--licm', '--simplifycfg', '--elim-avail-extern', '--licm', '--simplifycfg', '--early-cse-memssa', '--mem2reg', '--instcombine', '--adce', '--jump-threading', '--gvn', '--simplifycfg', '--elim-avail-extern', '--mem2reg', '--gvn-hoist', '--sccp', '--early-cse', '--lower-constant-intrinsics', '--adce', '--gvn-hoist', '--adce', '--sroa', '--newgvn', '--simplifycfg', '--lower-expect', '--simplifycfg', '--gvn-hoist', '--instcombine', '--globalopt', '--elim-avail-extern', '--gvn', '--gvn', '--ipsccp', '--gvn', '--nary-reassociate', '--lower-constant-intrinsics', '--loop-instsimplify', '--early-cse', '--mem2reg', '--jump-threading', '--globalopt', '--elim-avail-extern', '--instcombine', '--simplifycfg', '--sroa', '--lower-constant-intrinsics', '--early-cse', '--lower-expect', '--lower-constant-intrinsics', '--loop-guard-widening', '--sroa', '--lower-expect', '--globalopt', '--elim-avail-extern', '--lower-expect']",77,-9.252503970888542,0.0,-3.762713785404488,0.0,1,-9.252503970888542,-3.762713785404488,0.0,-89.84771573604061,15.77527455364588,32.35294117647059,34
68,"['--load-store-vectorizer', '--instcombine', '--sroa', '--mem2reg', '--gvn-hoist', '--sccp', '--early-cse', '--lower-constant-intrinsics', '--adce', '--gvn-hoist', '--adce', '--lower-constant-intrinsics', '--instcombine', '--elim-avail-extern', '--early-cse-memssa', '--reassociate', '--mem2reg', '--globalopt', '--newgvn', '--simplifycfg', '--gvn-hoist', '--ipsccp', '--instcombine', '--adce', '--early-cse', '--aggressive-instcombine', '--simplifycfg', '--gvn-hoist', '--gvn']",29,-9.277858351157324,0.0,-3.8357226210385553,0.0,1,-9.277858351157324,-3.8357226210385553,0.16096882073451743,-87.30964467005076,15.481252089078199,32.35294117647059,34
41,"['--loop-guard-widening', '--early-cse', '--elim-avail-extern', '--early-cse-memssa', '--loop-instsimplify', '--mem2reg', '--mergefunc', '--instcombine', '--mem2reg', '--adce', '--jump-threading', '--newgvn', '--ipsccp', '--loop-simplifycfg', '--newgvn', '--sroa', '--simplifycfg', '--mergefunc', '--mem2reg', '--early-cse', '--loop-simplifycfg', '--newgvn', '--prune-eh', '--instsimplify', '--load-store-vectorizer', '--loop-simplifycfg', '--mergefunc', '--early-cse-memssa', '--simplifycfg', '--jump-threading', '--early-cse', '--instcombine', '--mem2reg', '--adce', '--newgvn', '--simplifycfg', '--gvn-hoist', '--mergefunc', '--sroa', '--early-cse', '--lower-constant-intrinsics', '--sccp']",42,-9.27895250784923,0.0,-4.218188959272396,0.0,1,-9.27895250784923,-4.218188959272396,0.0,-87.30964467005076,17.035460825125796,29.411764705882355,34
75,"['--loop-fusion', '--jump-threading', '--newgvn', '--ipsccp', '--loop-simplifycfg', '--newgvn', '--sroa', '--elim-avail-extern', '--mem2reg', '--gvn', '--lower-constant-intrinsics', '--loop-instsimplify', '--early-cse', '--mem2reg', '--jump-threading', '--globalopt', '--elim-avail-extern', '--instcombine', '--simplifycfg', '--sroa', '--sccp', '--gvn-hoist', '--simplifycfg', '--nary-reassociate', '--jump-threading', '--load-store-vectorizer', '--early-cse-memssa', '--lower-expect', '--loop-instsimplify', '--early-cse', '--adce', '--jump-threading', '--gvn', '--simplifycfg', '--elim-avail-extern', '--licm', '--simplifycfg', '--early-cse-memssa', '--mem2reg', '--ipconstprop', '--globalopt']",41,-9.280250474212886,0.0,-4.272128862865507,0.0,1,-9.280250474212886,-4.272128862865507,0.0,-89.84771573604061,16.643891211814026,29.411764705882355,34
101,"['--functionattrs', '--gvn', '--sccp', '--instsimplify', '--mem2reg', '--lower-expect', '--gvn', '--instsimplify', '--licm', '--loop-instsimplify', '--lower-expect', '--ipsccp', '--sccp', '--lower-expect', '--adce', '--early-cse-memssa', '--globalopt', '--instcombine', '--simplifycfg', '--globalopt', '--gvn-hoist', '--early-cse', '--simplifycfg', '--ipsccp', '--elim-avail-extern', '--nary-reassociate', '--sroa', '--lower-constant-intrinsics', '--ipsccp', '--gvn-hoist', '--nary-reassociate', '--jump-threading', '--mergefunc', '--instcombine', '--sroa', '--sccp', '--instsimplify', '--ipsccp', '--mem2reg', '--lower-expect', '--gvn', '--instsimplify', '--licm', '--loop-instsimplify', '--lower-expect', '--early-cse', '--adce', '--sroa', '--newgvn', '--memcpyopt', '--gvn-hoist', '--elim-avail-extern', '--sroa', '--jump-threading']",54,-9.307319929039362,0.0,-3.834643683383041,0.0,1,-9.307319929039362,-3.834643683383041,0.0,-88.3248730964467,15.783959900314942,32.35294117647059,34
371,"['--ipsccp', '--lower-constant-intrinsics', '--sccp', '--early-cse', '--mem2reg', '--jump-threading', '--globalopt', '--elim-avail-extern', '--instcombine', '--adce', '--jump-threading', '--gvn', '--simplifycfg', '--instsimplify', '--gvn-hoist', '--mergefunc', '--gvn-hoist', '--instcombine', '--globalopt', '--elim-avail-extern', '--gvn', '--gvn', '--ipsccp', '--gvn', '--nary-reassociate', '--lower-constant-intrinsics', '--loop-instsimplify', '--early-cse', '--mem2reg', '--jump-threading', '--globalopt', '--elim-avail-extern', '--instcombine', '--simplifycfg', '--sroa', '--mem2reg', '--gvn-hoist', '--sccp', '--early-cse', '--lower-constant-intrinsics', '-loop-reduce', '--adce', '--gvn-hoist', '--adce', '--lower-constant-intrinsics', '--newgvn', '--simplifycfg', '--lower-expect', '--gvn-hoist', '--instcombine', '--globalopt', '--elim-avail-extern', '--gvn', '--gvn', '--ipsccp', '--gvn', '--nary-reassociate', '--lower-constant-intrinsics', '--loop-instsimplify', '--early-cse', '--jump-threading', '--globalopt', '--loop-vectorize', '--elim-avail-extern', '--instcombine', '--simplifycfg', '--sroa', '--lower-constant-intrinsics', '--early-cse', '--lower-expect', '--sroa', '--sccp', '--sroa', '--lower-expect', '--globalopt', '--elim-avail-extern', '--lower-expect']",77,-9.318842299797948,0.0,-3.116053270837959,0.0,1,-9.318842299797948,-3.116053270837959,0.0,-39.59390862944163,8.053317584341851,41.17647058823529,34
71,"['--globalopt', '--loop-simplifycfg', '--aggressive-instcombine', '--newgvn', '--ipsccp', '--gvn-hoist', '--gvn', '--dse', '--jump-threading', '--gvn-hoist', '--mem2reg', '--newgvn', '--adce', '--sroa', '--dse', '--reassociate', '--mem2reg', '--globalopt', '--newgvn', '--simplifycfg', '--load-store-vectorizer', '--ipsccp', '--instcombine', '--adce', '--early-cse', '--aggressive-instcombine', '--simplifycfg', '--gvn-hoist', '--gvn']",29,-9.34545861261469,0.0,-4.153399677399592,0.0,1,-9.34545861261469,-4.153399677399592,0.0,-86.29441624365482,18.18644148682643,29.411764705882355,34
311,"['--ipsccp', '--lower-constant-intrinsics', '--sccp', '--early-cse', '--mem2reg', '--jump-threading', '--globalopt', '--elim-avail-extern', '--instcombine', '--adce', '--jump-threading', '--gvn', '--simplifycfg', '--instsimplify', '--gvn-hoist', '--mergefunc', '--gvn-hoist', '--instcombine', '--globalopt', '--elim-avail-extern', '--gvn', '--gvn', '--ipsccp', '--gvn', '--nary-reassociate', '--lower-constant-intrinsics', '--loop-instsimplify', '--early-cse', '--mem2reg', '--jump-threading', '--globalopt', '--elim-avail-extern', '--instcombine', '--simplifycfg', '--sroa', '--mem2reg', '--gvn-hoist', '--sccp', '--early-cse', '--adce', '--gvn-hoist', '--adce', '--lower-constant-intrinsics', '--newgvn', '--simplifycfg', '--lower-expect', '--simplifycfg', '--gvn-hoist', '--instcombine', '--globalopt', '--elim-avail-extern', '--gvn', '--gvn', '--memcpyopt', '--ipsccp', '--gvn', '--nary-reassociate', '--lower-constant-intrinsics', '--loop-instsimplify', '--early-cse', '--jump-threading', '--globalopt', '--elim-avail-extern', '--instcombine', '--simplifycfg', '--sroa', '--lower-constant-intrinsics', '--loop-predication', '--early-cse', '--lower-expect', '--sroa', '--sccp', '--sroa', '--lower-expect', '--globalopt', '--elim-avail-extern', '--lower-expect']",77,-9.397264469360856,0.0,-3.4494899943283723,0.0,1,-9.397264469360856,-3.4494899943283723,0.0,-88.3248730964467,15.160293265557527,35.294117647058826,34
367,"['--ipsccp', '--lower-constant-intrinsics', '--sccp', '--early-cse', '--mem2reg', '--jump-threading', '--globalopt', '--elim-avail-extern', '--instcombine', '--adce', '--jump-threading', '--gvn', '--simplifycfg', '--instsimplify', '--gvn-hoist', '--mergefunc', '--gvn-hoist', '--instcombine', '--globalopt', '--elim-avail-extern', '--sccp', '--gvn-hoist', '--simplifycfg', '--gvn', '--instcombine', '--correlated-propagation', '--loop-instsimplify', '--early-cse', '--mem2reg', '--jump-threading', '--globalopt', '--elim-avail-extern', '--instcombine', '--simplifycfg', '--sroa', '--mem2reg', '--gvn-hoist', '--sccp', '--early-cse', '--lower-constant-intrinsics', '--adce', '--gvn-hoist', '--adce', '--lower-constant-intrinsics', '--newgvn', '--simplifycfg', '--lower-expect', '--simplifycfg', '--gvn-hoist', '--instcombine', '--globalopt', '--elim-avail-extern', '--gvn', '--gvn', '--ipsccp', '--gvn', '--nary-reassociate', '--lower-constant-intrinsics', '--loop-instsimplify', '--early-cse', '--mem2reg', '--jump-threading', '--globalopt', '--elim-avail-extern', '--instcombine', '--simplifycfg', '--sroa', '--lower-constant-intrinsics', '--loop-versioning-licm', '--early-cse', '--lower-expect', '--sroa', '--sccp', '--sroa', '--lower-expect', '--globalopt', '--elim-avail-extern', '--lower-expect']",78,-9.397264469360856,0.0,-3.4494899943283723,0.0,1,-9.397264469360856,-3.4494899943283723,0.0,-88.3248730964467,15.160293265557527,35.294117647058826,34
60,"['--die', '--gvn', '--jump-threading', '--newgvn', '--simplifycfg', '--ipsccp', '--elim-avail-extern', '--ipsccp', '--jump-threading', '--licm', '--loop-instsimplify', '--early-cse', '--gvn', '--jump-threading', '--newgvn', '--simplifycfg', '--ipsccp', '--elim-avail-extern', '--ipsccp', '--jump-threading', '--licm', '--loop-instsimplify', '--early-cse', '--gvn', '--jump-threading', '--newgvn', '--simplifycfg', '--ipsccp', '--elim-avail-extern', '--ipsccp', '--jump-threading', '--licm', '--dce', '--lower-constant-intrinsics', '--adce', '--loop-simplifycfg', '--sroa', '--sccp', '--die', '--gvn', '--jump-threading', '--newgvn', '--simplifycfg', '--ipsccp', '--elim-avail-extern', '--ipsccp', '--jump-threading', '--licm', '--loop-instsimplify', '--early-cse', '--gvn', '--jump-threading', '--newgvn', '--simplifycfg', '--ipsccp', '--elim-avail-extern', '--ipsccp', '--jump-threading', '--licm', '--dce', '--lower-constant-intrinsics', '--adce', '--loop-simplifycfg', '--sroa', '--sccp', '--die', '--lower-constant-intrinsics', '--instcombine', '--mem2reg', '--early-cse', '--elim-avail-extern', '--ipsccp', '--adce', '--gvn-hoist', '--early-cse-memssa', '--instsimplify', '--licm', '--loop-instsimplify', '--early-cse', '--gvn', '--lower-expect', '--mem2reg', '--bdce', '--newgvn', '--die', '--gvn-hoist', '--gvn', '--gvn', '--jump-threading', '--mem2reg', '--bdce', '--slp-vectorizer', '--instsimplify', '--newgvn', '--instcombine', '--simplifycfg']",96,-9.425505796822925,0.0,-5.068504175110092,0.0,1,-9.425505796822925,-5.068504175110092,0.0,-86.80203045685279,16.535394301962377,26.47058823529412,34
123,"['--functionattrs', '--newgvn', '--jump-threading', '--gvn-hoist', '--adce', '--early-cse', '--aggressive-instcombine', '--simplifycfg', '--gvn-hoist', '--aggressive-instcombine', '--jump-threading', '--ipsccp', '--early-cse-memssa', '--reassociate', '--newgvn', '--sccp', '--mem2reg', '--ipsccp', '--early-cse', '--load-store-vectorizer', '--instcombine', '--globalopt', '--sccp', '--gvn', '--sccp', '--gvn', '--licm', '--simplifycfg', '--slp-vectorizer', '--gvn-hoist', '--aggressive-instcombine', '--early-cse-memssa', '--licm', '--instcombine', '--newgvn', '--ipsccp', '--sccp', '--mem2reg', '--reassociate', '--jump-threading', '--loop-simplifycfg', '--early-cse-memssa', '--early-cse', '--early-cse-memssa', '--jump-threading', '--sccp', '--early-cse', '--adce', '--sroa', '--newgvn', '--memcpyopt', '--gvn-hoist', '--elim-avail-extern', '--sroa', '--jump-threading']",55,-9.542853744275401,0.0,-3.9777786613392854,0.0,1,-9.542853744275401,-3.9777786613392854,0.0,-88.3248730964467,17.065785718003493,32.35294117647059,34
63,"['--mem2reg', '--early-cse', '--loop-simplifycfg', '--newgvn', '--prune-eh', '--instsimplify', '--load-store-vectorizer', '--early-cse-memssa', '--lower-expect', '--loop-instsimplify', '--early-cse', '--early-cse-memssa', '--instsimplify', '--gvn-hoist', '--early-cse-memssa', '--mem2reg', '--jump-threading', '--mem2reg', '--instcombine', '--loop-simplifycfg', '--ipsccp', '--jump-threading', '--mem2reg', '--instcombine', '--sccp', '--lower-constant-intrinsics', '--mergefunc', '--newgvn', '--load-store-vectorizer', '--early-cse-memssa', '--lower-expect', '--loop-instsimplify', '--early-cse', '--early-cse-memssa', '--instsimplify', '--gvn-hoist', '--early-cse-memssa', '--lower-expect', '--loop-instsimplify', '--early-cse', '--early-cse-memssa', '--instsimplify', '--gvn-hoist', '--simplifycfg', '--mem2reg', '--ipsccp', '--loop-simplifycfg', '--newgvn', '--simplifycfg', '--mergefunc', '--instcombine', '--loop-simplifycfg', '--ipsccp', '--jump-threading', '--gvn', '--early-cse-memssa', '--elim-avail-extern', '--prune-eh', '--instsimplify', '--load-store-vectorizer', '--early-cse-memssa', '--lower-expect', '--loop-instsimplify', '--early-cse', '--early-cse-memssa', '--instsimplify', '--gvn-hoist', '--simplifycfg', '--mem2reg', '--ipsccp', '--instcombine', '--prune-eh', '--simplifycfg', '--sroa', '--simplifycfg', '--mergefunc', '--mem2reg', '--early-cse', '--loop-simplifycfg', '--early-cse-memssa', '--ipsccp', '--loop-simplifycfg', '--newgvn', '--sroa', '--elim-avail-extern', '--mem2reg', '--gvn', '--lower-constant-intrinsics', '--load-store-vectorizer', '--early-cse-memssa', '--load-store-vectorizer', '--mem2reg', '--instcombine', '--adce', '--simplifycfg', '--gvn-hoist', '--early-cse-memssa']",97,-9.549975749428016,0.0,-4.005304471549049,0.0,1,-9.549975749428016,-4.005304471549049,0.0,-86.29441624365482,16.930562192956412,32.35294117647059,34
1824,"['--ipsccp', '--speculative-execution', '--sccp', '--early-cse', '--mem2reg', '--mem2reg', '--jump-threading', '--globalopt', '--elim-avail-extern', '--prune-eh', '--instcombine', '--loop-instsimplify', '--jump-threading', '--gvn', '--simplifycfg', '--instsimplify', '--inline', '--mergefunc', '--gvn-hoist', '--instcombine', '--globalopt', '--elim-avail-extern', '--indvars', '--indvars', '--gvn', '--gvn', '--ipsccp', '--gvn', '--nary-reassociate', '--adce', '--early-cse', '--mem2reg', '--jump-threading', '--globalopt', '--elim-avail-extern', '--instcombine', '--simplifycfg', '--sroa', '--mem2reg', '--globaldce', '--gvn-hoist', '--sccp', '--early-cse', '--break-crit-edges', '--adce', '--slsr', '--gvn-hoist', '--adce', '--loop-simplify', '--dse', '--scalarizer', '--simplifycfg', '--lower-expect', '--simplifycfg', '--gvn-hoist', '--simplifycfg', '--elim-avail-extern', '--lower-constant-intrinsics', '--ipsccp', '--gvn', '--nary-reassociate', '--elim-avail-extern', '--early-cse', '--mem2reg', '--jump-threading', '--globalopt', '--slp-vectorizer', '--instcombine', '--simplifycfg', '--sroa', '--early-cse', '--lower-expect', '--sroa', '--sroa', '--lower-expect', '--aggressive-instcombine']",76,-9.583402350802015,0.0,-1.7536048472652683,0.0,1,-9.583402350802015,-1.7536048472652683,0.0,-67.00507614213198,12.093751859412986,47.05882352941176,34
17,"['--early-cse-memssa', '--instsimplify', '--licm', '--simplifycfg', '--early-cse-memssa', '--mem2reg', '--ipsccp', '--instcombine', '--prune-eh', '--simplifycfg', '--sroa', '--nary-reassociate', '--sroa', '--early-cse', '--instsimplify', '--ipsccp', '--loop-simplifycfg', '--sroa', '--early-cse', '--ipsccp', '--licm', '--instcombine', '--gvn', '--jump-threading', '--gvn', '--simplifycfg', '--early-cse-memssa', '--mem2reg', '--instcombine', '--adce', '--simplifycfg', '--sccp', '--jump-threading', '--nary-reassociate', '--lower-expect', '--early-cse', '--simplifycfg', '--gvn', '--ipsccp', '--sroa', '--elim-avail-extern', '--simplifycfg', '--instsimplify', '--gvn-hoist', '--mergefunc', '--gvn']",46,-9.612774045499833,0.0,-4.6630233976176445,0.0,1,-9.612774045499833,-4.6630233976176445,0.0,-89.34010152284264,17.037417914042464,29.411764705882355,34
1945,"['--ipsccp', '--speculative-execution', '--sccp', '--early-cse', '--mem2reg', '--jump-threading', '--elim-avail-extern', '--instcombine', '--adce', '--loop-interchange', '--aggressive-instcombine', '--gvn', '--simplifycfg', '--instsimplify', '--inline', '--mergefunc', '--gvn-hoist', '--gvn-hoist', '--instcombine', '--globalopt', '--elim-avail-extern', '--indvars', '--indvars', '--mem2reg', '--gvn', '--ipsccp', '--gvn', '--nary-reassociate', '--adce', '--early-cse', '--gvn', '--jump-threading', '--globalopt', '--elim-avail-extern', '--instcombine', '--break-crit-edges', '--simplifycfg', '--sroa', '--mem2reg', '--globaldce', '--gvn-hoist', '--sccp', '--early-cse', '--lower-constant-intrinsics', '--adce', '--slsr', '--gvn-hoist', '--adce', '--loop-simplify', '--dse', '--scalarizer', '--simplifycfg', '--lower-expect', '--simplifycfg', '--elim-avail-extern', '--elim-avail-extern', '--lower-constant-intrinsics', '--ipsccp', '--ipsccp', '--loop-reroll', '--gvn', '--early-cse', '--mem2reg', '--jump-threading', '--globalopt', '--slp-vectorizer', '--instcombine', '--simplifycfg', '--sroa', '--early-cse', '--lower-expect', '--sroa', '--sroa', '--lower-expect', '--aggressive-instcombine']",75,-9.638056436048652,0.0,-1.8234665211509746,0.0,1,-9.638056436048652,-1.8234665211509746,0.0,-67.00507614213198,12.116330157736577,47.05882352941176,34
82,"['--functionattrs', '--gvn', '--sccp', '--instsimplify', '--ipsccp', '--mem2reg', '--lower-expect', '--gvn', '--instsimplify', '--load-store-vectorizer', '--licm', '--loop-instsimplify', '--lower-expect', '--ipsccp', '--sccp', '--lower-expect', '--adce', '--early-cse-memssa', '--globalopt', '--instcombine', '--simplifycfg', '--globalopt', '--gvn-hoist', '--early-cse', '--simplifycfg', '--ipsccp', '--elim-avail-extern', '--nary-reassociate', '--sroa', '--lower-constant-intrinsics', '--ipsccp', '--gvn-hoist', '--nary-reassociate', '--jump-threading', '--mergefunc', '--instcombine', '--sroa', '--sccp', '--instsimplify', '--ipsccp', '--mem2reg', '--lower-expect', '--gvn', '--instsimplify', '--licm', '--sroa', '--lower-expect', '--globalopt', '--elim-avail-extern', '--lower-constant-intrinsics', '--globalopt']",51,-9.668946756136808,0.0,-3.660966309615134,0.0,1,-9.668946756136808,-3.660966309615134,0.0,-91.87817258883248,16.291043768666338,35.294117647058826,34
110,"['--load-store-vectorizer', '--loop-simplifycfg', '--aggressive-instcombine', '--newgvn', '--ipsccp', '--gvn-hoist', '--gvn', '--dse', '--jump-threading', '--load-store-vectorizer', '--mem2reg', '--newgvn', '--adce', '--sroa', '--dse', '--jump-threading', '--ipsccp', '--jump-threading', '--instcombine', '--simplifycfg', '--jump-threading', '--instcombine', '--load-store-vectorizer', '--mem2reg', '--newgvn', '--simplifycfg', '--gvn-hoist', '--globalopt', '--mem2reg', '--early-cse-memssa', '--simplifycfg', '--aggressive-instcombine', '--mem2reg', '--early-cse-memssa', '--globalopt', '--instcombine', '--early-cse-memssa', '--reassociate', '--mem2reg', '--globalopt', '--newgvn', '--simplifycfg', '--gvn-hoist', '--aggressive-instcombine', '--jump-threading', '--ipsccp', '--early-cse', '--globalopt', '--mem2reg']",49,-9.672952722751027,0.0,-4.649659411807564,0.0,1,-9.672952722751027,-4.649659411807564,0.0,-86.29441624365482,17.73943458013001,29.411764705882355,34
85,"['--functionattrs', '--newgvn', '--jump-threading', '--gvn-hoist', '--adce', '--early-cse', '--aggressive-instcombine', '--simplifycfg', '--gvn-hoist', '--aggressive-instcombine', '--jump-threading', '--ipsccp', '--early-cse-memssa', '--reassociate', '--newgvn', '--sccp', '--mem2reg', '--irce', '--ipsccp', '--early-cse', '--globalopt', '--mem2reg', '--early-cse-memssa', '--reassociate', '--newgvn', '--sccp', '--mem2reg', '--early-cse-memssa', '--gvn', '--jump-threading', '--gvn-hoist', '--globalopt', '--mem2reg', '--early-cse-memssa', '--load-store-vectorizer', '--instcombine', '--elim-avail-extern', '--early-cse-memssa', '--reassociate', '--mem2reg', '--jump-threading', '--loop-simplifycfg', '--early-cse-memssa', '--early-cse', '--early-cse-memssa', '--jump-threading', '--sccp', '--early-cse', '--adce', '--sroa', '--newgvn', '--memcpyopt', '--gvn-hoist', '--elim-avail-extern', '--sroa', '--jump-threading']",56,-9.802067557963703,0.0,-4.3329375769578755,0.0,1,-9.802067557963703,-4.3329375769578755,0.0,-88.3248730964467,16.994231987747074,32.35294117647059,34
51,"['--loop-fusion', '--jump-threading', '--ipsccp', '--loop-simplifycfg', '--mem2reg', '--mergefunc', '--gvn-hoist', '--newgvn', '--load-store-vectorizer', '--simplifycfg', '--adce', '--lower-constant-intrinsics', '--early-cse-memssa', '--lower-constant-intrinsics', '--licm', '--simplifycfg', '--mergefunc', '--sroa', '--jump-threading', '--prune-eh', '--loop-simplifycfg', '--adce', '--sroa', '--elim-avail-extern', '--mergefunc', '--instcombine', '--licm', '--sccp', '--loop-simplifycfg', '--nary-reassociate', '--lower-expect', '--mem2reg', '--simplifycfg', '--gvn-hoist', '--ipsccp', '--sroa', '--instsimplify', '--sccp', '--gvn', '--ipsccp', '--sroa', '--prune-eh', '--sroa', '--early-cse', '--jump-threading', '--simplifycfg', '--adce', '--lower-constant-intrinsics', '--early-cse-memssa', '--lower-constant-intrinsics', '--licm', '--sccp', '--loop-simplifycfg', '--nary-reassociate', '--sroa', '--early-cse', '--instsimplify', '--ipsccp', '--loop-simplifycfg', '--sroa', '--early-cse', '--ipsccp', '--licm', '--instcombine', '--gvn', '--jump-threading', '--instcombine', '--sroa', '--simplifycfg', '--early-cse-memssa', '--ipsccp', '--gvn', '--newgvn']",73,-9.91990451035786,0.0,-4.361223729226661,0.0,1,-9.91990451035786,-4.361223729226661,0.0,-87.30964467005076,17.96045536967277,32.35294117647059,34
117,"['--aggressive-instcombine', '--gvn-hoist', '--globalopt', '--mem2reg', '--early-cse-memssa', '--load-store-vectorizer', '--instcombine', '--elim-avail-extern', '--early-cse-memssa', '--instcombine', '--mem2reg', '--globalopt', '--newgvn', '--mem2reg', '--early-cse-memssa', '--load-store-vectorizer', '--instcombine', '--elim-avail-extern', '--early-cse-memssa', '--reassociate', '--mem2reg', '--globalopt', '--newgvn', '--simplifycfg', '--instsimplify', '--load-store-vectorizer', '--early-cse-memssa', '--lower-expect', '--loop-instsimplify', '--early-cse', '--early-cse-memssa', '--instsimplify', '--gvn-hoist', '--simplifycfg', '--mem2reg', '--ipsccp', '--instcombine', '--prune-eh', '--simplifycfg', '--sroa', '--nary-reassociate', '--jump-threading', '--reassociate']",43,-9.973468900478167,0.0,-3.5573215134145086,0.0,1,-9.973468900478167,-3.5573215134145086,0.0,-86.80203045685279,15.701836477702281,38.23529411764706,34
54,"['--reassociate', '--gvn', '--load-store-vectorizer', '--early-cse-memssa', '--lower-expect', '--loop-instsimplify', '--early-cse', '--early-cse-memssa', '--instsimplify', '--gvn-hoist', '--simplifycfg', '--mem2reg', '--ipsccp', '--instcombine', '--prune-eh', '--simplifycfg', '--sroa', '--nary-reassociate', '--jump-threading', '--elim-avail-extern', '--mergefunc', '--mem2reg', '--lower-constant-intrinsics', '--mergefunc', '--instsimplify', '--load-store-vectorizer', '--early-cse-memssa', '--lower-expect', '--loop-instsimplify', '--early-cse', '--early-cse-memssa', '--instsimplify', '--gvn-hoist', '--simplifycfg', '--mem2reg', '--ipsccp', '--instcombine', '--prune-eh', '--simplifycfg', '--sroa', '--nary-reassociate', '--jump-threading', '--instcombine']",43,-10.075366852906754,0.0,-4.076997829036178,0.0,1,-10.075366852906754,-4.076997829036178,0.0,-88.3248730964467,17.235008340707957,35.294117647058826,34
410,"['--ipsccp', '--lower-constant-intrinsics', '--sccp', '--early-cse', '--mem2reg', '--jump-threading', '--globalopt', '--elim-avail-extern', '--instcombine', '--adce', '--jump-threading', '--gvn', '--simplifycfg', '--instsimplify', '--gvn-hoist', '--mergefunc', '--gvn-hoist', '--instcombine', '--globalopt', '--elim-avail-extern', '--gvn', '--gvn', '--ipsccp', '--gvn', '--nary-reassociate', '--lower-constant-intrinsics', '--loop-instsimplify', '--strip', '--mem2reg', '--jump-threading', '--globalopt', '--elim-avail-extern', '--instcombine', '--simplifycfg', '--sroa', '--mem2reg', '--gvn-hoist', '--sccp', '--early-cse', '--lower-constant-intrinsics', '--adce', '--gvn-hoist', '--adce', '--lower-constant-intrinsics', '--globalopt', '--simplifycfg', '--lower-expect', '--simplifycfg', '--gvn-hoist', '--instcombine', '--newgvn', '--elim-avail-extern', '--gvn', '--gvn', '--ipsccp', '--gvn', '--nary-reassociate', '--lower-constant-intrinsics', '--loop-instsimplify', '--early-cse', '--mem2reg', '--jump-threading', '--globalopt', '--elim-avail-extern', '--instcombine', '--simplifycfg', '--sroa', '--lower-constant-intrinsics', '--early-cse', '--loop-unroll-and-jam', '--lower-expect', '--sroa', '--sccp', '--sroa', '--lower-expect', '--globalopt', '--elim-avail-extern', '--lower-expect']",78,-10.079323776696654,0.0,-3.738633778530287,0.0,1,-10.079323776696654,-3.738633778530287,0.0,-89.84771573604061,15.400543251518803,38.23529411764706,34
332,"['--ipsccp', '--lower-constant-intrinsics', '--sccp', '--early-cse', '--mem2reg', '--jump-threading', '--globalopt', '--elim-avail-extern', '--instcombine', '--adce', '--jump-threading', '--gvn', '--simplifycfg', '--instsimplify', '--gvn-hoist', '--mergefunc', '--gvn-hoist', '--instcombine', '--globalopt', '--elim-avail-extern', '--gvn', '--gvn', '--ipsccp', '--gvn', '--nary-reassociate', '--lower-constant-intrinsics', '--loop-instsimplify', '--early-cse', '--mem2reg', '--jump-threading', '--globalopt', '--elim-avail-extern', '--instcombine', '--simplifycfg', '--sroa', '--mem2reg', '--gvn-hoist', '--sccp', '--early-cse', '--adce', '--gvn-hoist', '--adce', '--lower-constant-intrinsics', '--newgvn', '--simplifycfg', '--lower-expect', '--simplifycfg', '--gvn-hoist', '--instcombine', '--globalopt', '--elim-avail-extern', '--gvn', '--gvn', '--ipsccp', '--gvn', '--nary-reassociate', '--lower-constant-intrinsics', '--loop-instsimplify', '--early-cse', '--jump-threading', '--globalopt', '--elim-avail-extern', '--instcombine', '--simplifycfg', '--sroa', '--lower-constant-intrinsics', '--early-cse', '--lower-expect', '--sroa', '--sccp', '--loop-simplifycfg', '--sroa', '--lower-expect', '--globalopt', '--elim-avail-extern', '--elim-avail-extern', '--lower-expect']",77,-10.079323776696654,0.0,-3.738633778530287,0.0,1,-10.079323776696654,-3.738633778530287,0.0,-89.84771573604061,15.400543251518803,38.23529411764706,34
120,"['--early-cse-memssa', '--instsimplify', '--licm', '--gvn', '--mem2reg', '--gvn-hoist', '--loop-simplifycfg', '--nary-reassociate', '--mem2reg', '--globalopt', '--licm', '--globalopt', '--ipsccp', '--loop-simplifycfg', '--newgvn', '--sroa', '--simplifycfg', '--mergefunc', '--mem2reg', '--early-cse', '--loop-simplifycfg', '--newgvn', '--prune-eh', '--instsimplify', '--load-store-vectorizer', '--loop-simplifycfg', '--mergefunc', '--early-cse-memssa', '--simplifycfg', '--jump-threading', '--early-cse', '--instcombine', '--mem2reg', '--adce', '--newgvn', '--simplifycfg', '--gvn-hoist', '--mergefunc', '--sroa', '--early-cse', '--lower-constant-intrinsics', '--sccp']",42,-10.224220564242906,0.0,-4.271565573100513,0.0,1,-10.224220564242906,-4.271565573100513,0.0,-87.30964467005076,17.264287373586992,35.294117647058826,34
126,"['--licm', '--simplifycfg', '--aggressive-instcombine', '--aggressive-instcombine', '--gvn-hoist', '--early-cse-memssa', '--simplifycfg', '--slp-vectorizer', '--mem2reg', '--adce', '--instcombine', '--simplifycfg', '--simplifycfg', '--elim-avail-extern', '--early-cse-memssa', '--reassociate', '--mem2reg', '--globalopt', '--newgvn', '--simplifycfg', '--gvn-hoist', '--ipsccp', '--instcombine', '--adce', '--early-cse', '--aggressive-instcombine', '--simplifycfg', '--gvn-hoist', '--gvn']",29,-10.281385262743644,0.0,-5.02416185845366,0.0,1,-10.281385262743644,-5.02416185845366,0.0,-87.81725888324873,16.603226924328112,32.35294117647059,34
23,"['--nary-reassociate', '--sroa', '--early-cse', '--instsimplify', '--ipsccp', '--loop-simplifycfg', '--sroa', '--early-cse', '--ipsccp', '--licm', '--instcombine', '--gvn', '--jump-threading', '--instcombine', '--sroa', '--simplifycfg', '--early-cse-memssa', '--instsimplify', '--licm', '--simplifycfg', '--early-cse-memssa', '--mem2reg', '--gvn', '--elim-avail-extern', '--gvn-hoist', '--early-cse-memssa', '--mem2reg', '--jump-threading', '--mem2reg', '--instcombine', '--sccp', '--lower-constant-intrinsics', '--mergefunc', '--instcombine', '--loop-simplifycfg', '--ipsccp', '--jump-threading', '--gvn', '--early-cse-memssa', '--elim-avail-extern', '--prune-eh', '--early-cse-memssa', '--adce', '--sroa', '--early-cse', '--instsimplify', '--ipsccp', '--loop-simplifycfg', '--sroa', '--early-cse', '--ipsccp', '--licm', '--instcombine', '--gvn', '--jump-threading', '--instcombine', '--sroa', '--simplifycfg', '--early-cse-memssa', '--ipsccp', '--gvn', '--nary-reassociate']",62,-10.518196296767393,0.0,-4.705749849406198,0.0,1,-10.518196296767393,-4.705749849406198,0.0,-88.83248730964468,16.9476626265392,35.294117647058826,34
21,"['--functionattrs', '--gvn', '--sccp', '--instsimplify', '--ipsccp', '--mem2reg', '--lower-expect', '--gvn', '--instsimplify', '--licm', '--loop-instsimplify', '--lower-expect', '--ipsccp', '--sccp', '--lower-expect', '--adce', '--early-cse-memssa', '--globalopt', '--instcombine', '--simplifycfg', '--globalopt', '--gvn-hoist', '--early-cse', '--simplifycfg', '--ipsccp', '--elim-avail-extern', '--nary-reassociate', '--sroa', '--lower-constant-intrinsics', '--ipsccp', '--gvn-hoist', '--nary-reassociate', '--jump-threading', '--mergefunc', '--instcombine', '--sroa', '--sccp', '--instsimplify', '--ipsccp', '--mem2reg', '--lower-expect', '--gvn', '--instsimplify', '--licm', '--loop-instsimplify', '--lower-expect', '--ipsccp', '--sccp', '--lower-expect', '--adce', '--early-cse-memssa', '--globalopt', '--instcombine', '--ipsccp', '--elim-avail-extern', '--nary-reassociate', '--sroa', '--lower-constant-intrinsics', '--ipsccp', '--gvn-hoist', '--nary-reassociate', '--jump-threading', '--mergefunc', '--instcombine', '--sroa', '--sccp', '--instsimplify', '--ipsccp', '--mem2reg', '--lower-expect', '--licm']",71,-10.540744470110356,0.0,-4.2752445248553235,0.0,1,-10.540744470110356,-4.2752445248553235,0.0,-91.87817258883248,15.990169588218045,38.23529411764706,34
38,"['--newgvn', '--gvn', '--jump-threading', '--newgvn', '--simplifycfg', '--ipsccp', '--elim-avail-extern', '--ipsccp', '--jump-threading', '--licm', '--loop-instsimplify', '--early-cse', '--gvn', '--jump-threading', '--newgvn', '--simplifycfg', '--ipsccp', '--elim-avail-extern', '--ipsccp', '--jump-threading', '--licm', '--adce', '--mem2reg', '--gvn', '--ipsccp', '--simplifycfg', '--jump-threading', '--gvn-hoist', '--sccp', '--early-cse', '--ipsccp', '--mem2reg', '--licm', '--lower-constant-intrinsics', '--early-cse-memssa', '--adce', '--early-cse-memssa', '--instcombine', '--early-cse-memssa', '--instcombine', '--gvn-hoist', '--loop-instsimplify', '--mem2reg', '--aggressive-instcombine', '--mem2reg', '--instsimplify', '--sroa', '--instcombine', '--jump-threading', '--slp-vectorizer', '--die', '--simplifycfg']",52,-10.570382735355633,0.0,-5.40053469328297,0.0,1,-10.570382735355633,-5.40053469328297,0.0,-86.80203045685279,16.67040538922818,32.35294117647059,34
95,"['--aggressive-instcombine', '--gvn-hoist', '--globalopt', '--mem2reg', '--early-cse-memssa', '--load-store-vectorizer', '--instcombine', '--elim-avail-extern', '--early-cse-memssa', '--reassociate', '--mem2reg', '--globalopt', '--newgvn', '--simplifycfg', '--gvn-hoist', '--ipsccp', '--instcombine', '--globalopt', '--loop-simplifycfg', '--load-store-vectorizer', '--instcombine', '--globalopt', '--sccp', '--gvn', '--sccp', '--gvn', '--licm', '--simplifycfg', '--slp-vectorizer', '--gvn-hoist', '--aggressive-instcombine', '--early-cse-memssa', '--licm', '--instcombine', '--newgvn', '--ipsccp', '--sccp', '--mem2reg', '--reassociate', '--jump-threading', '--loop-simplifycfg', '--early-cse-memssa', '--early-cse', '--early-cse-memssa', '--jump-threading', '--sccp', '--ipsccp', '--sccp', '--lower-constant-intrinsics', '--adce', '--early-cse-memssa', '--globalopt', '--instcombine', '--ipsccp', '--elim-avail-extern', '--nary-reassociate', '--sroa', '--lower-expect', '--ipsccp', '--gvn-hoist', '--nary-reassociate', '--jump-threading', '--mergefunc', '--instcombine', '--sroa', '--sccp', '--instsimplify', '--ipsccp', '--mem2reg', '--lower-expect', '--licm']",71,-10.642885862003224,0.0,-3.206819014681518,0.0,1,-10.642885862003224,-3.206819014681518,0.0,-89.84771573604061,16.201245421685567,44.11764705882353,34
39,"['--elim-avail-extern', '--early-cse', '--lower-constant-intrinsics', '--adce', '--gvn-hoist', '--adce', '--lower-constant-intrinsics', '--newgvn', '--simplifycfg', '--lower-expect', '--simplifycfg', '--gvn-hoist', '--instcombine', '--globalopt', '--elim-avail-extern', '--gvn', '--gvn', '--ipsccp', '--gvn', '--nary-reassociate', '--mem2reg', '--jump-threading', '--elim-avail-extern', '--lower-constant-intrinsics', '--nary-reassociate', '--lower-expect', '--lower-constant-intrinsics', '--newgvn', '--elim-avail-extern', '--licm', '--instcombine', '--globalopt', '--elim-avail-extern', '--gvn', '--gvn', '--ipsccp', '--gvn', '--nary-reassociate', '--mem2reg', '--ipsccp', '--early-cse-memssa', '--nary-reassociate', '--sroa', '--sccp', '--sroa', '--lower-expect', '--globalopt', '--elim-avail-extern', '--lower-constant-intrinsics', '--globalopt']",50,-10.763385918374116,0.0,-5.1036845364803805,0.0,1,-10.763385918374116,-5.1036845364803805,0.0,-88.83248730964468,16.415048689550076,35.294117647058826,34
1712,"['--ipsccp', '--speculative-execution', '--sccp', '--early-cse', '--mem2reg', '--jump-threading', '--globalopt', '--elim-avail-extern', '--instcombine', '--loop-instsimplify', '--jump-threading', '--gvn', '--simplifycfg', '--instsimplify', '--inline', '--mergefunc', '--gvn-hoist', '--instcombine', '--globalopt', '--elim-avail-extern', '--indvars', '--indvars', '--elim-avail-extern', '--indvars', '--gvn', '--gvn', '--nary-reassociate', '--loop-instsimplify', '--early-cse', '--mem2reg', '--jump-threading', '--globalopt', '--jump-threading', '--bdce', '--elim-avail-extern', '--instcombine', '--simplifycfg', '--sroa', '--mem2reg', '--globaldce', '--gvn-hoist', '--sccp', '--early-cse', '--lower-constant-intrinsics', '--adce', '--slsr', '--gvn-hoist', '--adce', '--loop-simplify', '--dse', '--scalarizer', '--elim-avail-extern', '--lower-expect', '--simplifycfg', '--elim-avail-extern', '--jump-threading', '--lower-constant-intrinsics', '--ipsccp', '--gvn', '--nary-reassociate', '--gvn', '--early-cse', '--mem2reg', '--jump-threading', '--globalopt', '--slp-vectorizer', '--instcombine', '--simplifycfg', '--sroa', '--early-cse', '--lower-expect', '--sroa', '--sroa', '--loop-unswitch', '--aggressive-instcombine']",75,-10.764192411530935,0.0,-4.571132648995409,0.0,1,-10.764192411530935,-4.571132648995409,0.0702247191011236,-97.35099337748345,20.417252777255545,35.294117647058826,34
129,"['--early-cse-memssa', '--instsimplify', '--licm', '--simplifycfg', '--early-cse-memssa', '--mem2reg', '--ipsccp', '--instcombine', '--prune-eh', '--simplifycfg', '--sroa', '--nary-reassociate', '--sroa', '--early-cse', '--instsimplify', '--ipsccp', '--loop-simplifycfg', '--sroa', '--early-cse', '--ipsccp', '--gvn', '--gvn', '--ipsccp', '--gvn', '--nary-reassociate', '--lower-constant-intrinsics', '--simplifycfg', '--gvn-hoist', '--gvn']",29,-10.818208222323415,0.0,-6.125664899340109,0.0,1,-10.818208222323415,-6.125664899340109,0.0,-89.34010152284264,18.121948419359807,29.411764705882355,34
122,"['--loop-fusion', '--jump-threading', '--newgvn', '--ipsccp', '--loop-simplifycfg', '--newgvn', '--sroa', '--elim-avail-extern', '--mem2reg', '--gvn', '--lower-constant-intrinsics', '--loop-instsimplify', '--early-cse', '--mem2reg', '--jump-threading', '--adce', '--early-cse-memssa', '--globalopt', '--instcombine', '--simplifycfg', '--globalopt', '--gvn-hoist', '--early-cse', '--lower-expect', '--ipsccp', '--elim-avail-extern', '--nary-reassociate', '--sroa', '--lower-constant-intrinsics', '--ipsccp', '--gvn-hoist', '--nary-reassociate', '--jump-threading', '--mergefunc', '--instcombine', '--sroa', '--sccp', '--instsimplify', '--ipsccp', '--mem2reg', '--lower-expect', '--gvn', '--instsimplify', '--licm', '--loop-instsimplify', '--lower-expect', '--ipsccp', '--sccp', '--simplifycfg', '--adce', '--early-cse-memssa', '--globalopt', '--instcombine', '--ipsccp', '--elim-avail-extern', '--nary-reassociate', '--sroa', '--lower-constant-intrinsics', '--ipsccp', '--gvn-hoist', '--nary-reassociate', '--jump-threading', '--mergefunc', '--instcombine', '--sroa', '--sccp', '--instsimplify', '--ipsccp', '--mem2reg', '--lower-expect', '--licm']",71,-10.969935924168215,0.0,-4.718921891853092,0.0,1,-10.969935924168215,-4.718921891853092,0.0,-92.38578680203045,16.954503876313385,38.23529411764706,34
22,"['--reassociate', '--gvn', '--load-store-vectorizer', '--early-cse-memssa', '--lower-expect', '--loop-instsimplify', '--early-cse', '--early-cse-memssa', '--instsimplify', '--gvn-hoist', '--simplifycfg', '--mem2reg', '--ipsccp', '--instcombine', '--prune-eh', '--gvn-hoist', '--lower-expect', '--gvn', '--load-store-vectorizer', '--early-cse-memssa', '--lower-expect', '--loop-instsimplify', '--early-cse', '--early-cse-memssa', '--instsimplify', '--gvn-hoist', '--simplifycfg', '--sroa', '--elim-avail-extern', '--mem2reg', '--gvn', '--lower-constant-intrinsics', '--load-store-vectorizer', '--early-cse-memssa', '--load-store-vectorizer', '--mem2reg', '--instcombine', '--adce', '--simplifycfg', '--gvn-hoist', '--simplifycfg', '--mem2reg', '--ipsccp', '--newgvn', '--sroa', '--instcombine', '--prune-eh', '--gvn', '--sccp', '--instsimplify', '--gvn-hoist', '--simplifycfg', '--mem2reg', '--ipsccp', '--newgvn', '--sroa', '--instsimplify', '--mergefunc', '--simplifycfg', '--instcombine', '--gvn-hoist', '--mem2reg']",62,-10.972712949955053,0.0,-4.140679700627921,0.0,1,-10.972712949955053,-4.140679700627921,0.0,-86.29441624365482,16.9073258624882,41.17647058823529,34
92,"['--elim-avail-extern', '--early-cse', '--lower-constant-intrinsics', '--adce', '--gvn-hoist', '--adce', '--lower-constant-intrinsics', '--newgvn', '--simplifycfg', '--lower-expect', '--simplifycfg', '--gvn-hoist', '--instcombine', '--globalopt', '--elim-avail-extern', '--gvn', '--gvn', '--ipsccp', '--gvn', '--nary-reassociate', '--mem2reg', '--jump-threading', '--elim-avail-extern', '--lower-constant-intrinsics', '--nary-reassociate', '--lower-expect', '--lower-constant-intrinsics', '--newgvn', '--elim-avail-extern', '--licm', '--instcombine', '--globalopt', '--elim-avail-extern', '--gvn', '--gvn', '--ipsccp', '--gvn', '--nary-reassociate', '--mem2reg', '--ipsccp', '--early-cse-memssa', '--nary-reassociate', '--sroa', '--sccp', '--loop-instsimplify', '--lower-expect', '--ipsccp', '--sccp', '--lower-expect', '--adce', '--early-cse-memssa', '--globalopt', '--instcombine', '--ipsccp', '--elim-avail-extern', '--nary-reassociate', '--sroa', '--lower-constant-intrinsics', '--ipsccp', '--gvn-hoist', '--nary-reassociate', '--jump-threading', '--mergefunc', '--instcombine', '--sroa', '--sccp', '--instsimplify', '--ipsccp', '--mem2reg', '--lower-expect', '--licm']",71,-11.002334573470662,0.0,-4.780699165509253,0.0,1,-11.002334573470662,-4.780699165509253,0.0,-90.35532994923858,16.815160816916638,38.23529411764706,34
899,"['--ipsccp', '--speculative-execution', '--sccp', '--slsr', '--early-cse', '--mem2reg', '--jump-threading', '--globalopt', '--elim-avail-extern', '--instcombine', '--adce', '--jump-threading', '--gvn', '--simplifycfg', '--instsimplify', '--gvn-hoist', '--loop-fusion', '--mergefunc', '--gvn-hoist', '--instcombine', '--globalopt', '--elim-avail-extern', '--indvars', '--gvn', '--gvn', '--ipsccp', '--gvn', '--nary-reassociate', '--break-crit-edges', '--loop-instsimplify', '--strip', '--mem2reg', '--jump-threading', '--globalopt', '--memcpyopt', '--elim-avail-extern', '--simplifycfg', '--sroa', '--mem2reg', '--gvn-hoist', '--sccp', '--early-cse', '--lower-constant-intrinsics', '--adce', '--gvn-hoist', '--adce', '--loop-simplify', '--dse', '--newgvn', '--simplifycfg', '--lower-expect', '--simplifycfg', '--gvn-hoist', '--gvn', '--gvn', '--ipsccp', '--gvn', '--nary-reassociate', '--lower-constant-intrinsics', '--loop-instsimplify', '--early-cse', '--mem2reg', '--lower-expect', '--slp-vectorizer', '--instcombine', '--simplifycfg', '--sroa', '--lower-constant-intrinsics', '--early-cse', '--jump-threading', '--sroa', '--sroa', '--lower-expect', '--globalopt', '--elim-avail-extern', '--lower-expect']",76,-11.048478074131637,0.0,-2.489257215744213,0.0,1,-11.048478074131637,-2.489257215744213,-0.288193537148332,-69.54314720812182,12.403586917352412,52.94117647058824,34
14,"['--functionattrs', '--newgvn', '--jump-threading', '--licm', '--mem2reg', '--licm', '--mem2reg', '--gvn', '--gvn-hoist', '--aggressive-instcombine', '--sroa', '--load-store-vectorizer', '--jump-threading', '--newgvn', '--slp-vectorizer', '--jump-threading', '--sccp', '--sroa', '--early-cse', '--mem2reg', '--ipsccp', '--early-cse', '--globalopt', '--mem2reg', '--dse', '--newgvn', '--elim-avail-extern', '--early-cse-memssa', '--reassociate', '--mem2reg', '--globalopt', '--newgvn', '--simplifycfg', '--gvn-hoist', '--ipsccp', '--instcombine', '--gvn', '--loop-instsimplify', '--mem2reg', '--loop-simplifycfg']",40,-11.315640045893382,0.0,-3.9096608344098587,0.0,1,-11.315640045893382,-3.9096608344098587,0.0,-90.35532994923858,17.657473612624596,44.11764705882353,34
20,"['--simple-loop-unswitch', '--early-cse', '--early-cse-memssa', '--nary-reassociate', '--lower-constant-intrinsics', '--loop-instsimplify', '--early-cse', '--mem2reg', '--jump-threading', '--globalopt', '--elim-avail-extern', '--instcombine', '--jump-threading', '--globalopt', '--elim-avail-extern', '--instcombine', '--simplifycfg', '--sroa', '--instcombine', '--jump-threading', '--instcombine', '--prune-eh', '--newgvn', '--gvn', '--early-cse', '--sccp', '--loop-simplifycfg', '--licm', '--gvn', '--mem2reg', '--gvn-hoist', '--loop-instsimplify', '--sroa', '--jump-threading', '--loop-simplifycfg', '--licm', '--loop-simplifycfg', '--early-cse', '--ipsccp', '--instsimplify', '--simplifycfg', '--sroa', '--instcombine', '--jump-threading', '--instcombine', '--prune-eh', '--newgvn', '--gvn', '--early-cse', '--sccp', '--loop-simplifycfg', '--gvn-hoist', '--elim-avail-extern', '--mem2reg', '--globalopt', '--sccp', '--early-cse', '--instcombine']",58,-11.442984303117665,0.0,-4.86710176351383,0.0,1,-11.442984303117665,-4.86710176351383,0.0,-88.83248730964468,16.16187392246999,41.17647058823529,34
1053,"['--ipsccp', '--speculative-execution', '--sccp', '--early-cse', '--mem2reg', '--jump-threading', '--globalopt', '--elim-avail-extern', '--instcombine', '--adce', '--jump-threading', '--gvn', '--simplifycfg', '--instsimplify', '--gvn-hoist', '--mergefunc', '--gvn-hoist', '--instcombine', '--globalopt', '--elim-avail-extern', '--indvars', '--gvn', '--gvn', '--ipsccp', '--gvn', '--nary-reassociate', '--lower-constant-intrinsics', '--loop-instsimplify', '--strip', '--mem2reg', '--jump-threading', '--globalopt', '--memcpyopt', '--elim-avail-extern', '--simplifycfg', '--sroa', '--mem2reg', '--gvn-hoist', '--sccp', '--early-cse', '--lower-constant-intrinsics', '--adce', '--gvn-hoist', '--adce', '--loop-simplify', '--dse', '--loop-sink', '--newgvn', '--instcombine', '--lower-expect', '--simplifycfg', '--gvn-hoist', '--instcombine', '--globalopt', '--aggressive-instcombine', '--gvn', '--gvn', '--ipsccp', '--gvn', '--lower-constant-intrinsics', '--loop-instsimplify', '--early-cse', '--break-crit-edges', '--mem2reg', '--jump-threading', '--globalopt', '--slp-vectorizer', '--instcombine', '--simplifycfg', '--sroa', '--lower-constant-intrinsics', '--early-cse', '--lower-expect', '--lower-expect', '--loweratomic', '--elim-avail-extern', '--elim-avail-extern', '--lower-expect', '--slsr']",79,-11.489849405060237,0.0,-2.4944136908607213,0.0,1,-11.489849405060237,-2.4944136908607213,-0.342949289578503,-69.54314720812182,12.366861957382257,55.88235294117647,34
2054,"['--ipsccp', '--speculative-execution', '--sccp', '--early-cse', '--mem2reg', '--jump-threading', '--globalopt', '--elim-avail-extern', '--instcombine', '--loop-instsimplify', '--jump-threading', '--gvn', '--simplifycfg', '--instsimplify', '--inline', '--mergefunc', '--gvn-hoist', '--instcombine', '--globalopt', '--elim-avail-extern', '--indvars', '--indvars', '--gvn', '--gvn', '--ipsccp', '--gvn', '--nary-reassociate', '--adce', '--early-cse', '--mem2reg', '--jump-threading', '--globalopt', '--elim-avail-extern', '--elim-avail-extern', '--instcombine', '--simplifycfg', '--sroa', '--mem2reg', '--globaldce', '--gvn-hoist', '--sccp', '--early-cse', '--lower-constant-intrinsics', '--adce', '--slsr', '--gvn-hoist', '--adce', '--loop-simplify', '--adce', '--loop-simplify', '--dse', '--scalarizer', '--simplifycfg', '--lower-expect', '--nary-reassociate', '--elim-avail-extern', '--lower-constant-intrinsics', '--ipsccp', '--loop-simplify', '--nary-reassociate', '--gvn', '--early-cse', '--break-crit-edges', '--jump-threading', '--globalopt', '--slp-vectorizer', '--instcombine', '--simplifycfg', '--sroa', '--early-cse', '--lower-expect', '--sroa', '--sroa', '--aggressive-instcombine']",74,-11.552012681112444,0.0,-2.0315825553517595,0.0,1,-11.552012681112444,-2.0315825553517595,-0.35560169353525484,-67.00507614213198,12.047963528339176,58.82352941176471,34
2332,"['--ipsccp', '--speculative-execution', '--sccp', '--early-cse', '--mem2reg', '--jump-threading', '--globalopt', '--elim-avail-extern', '--instcombine', '--adce', '--jump-threading', '--gvn', '--simplifycfg', '--instsimplify', '--inline', '--mergefunc', '--gvn-hoist', '--gvn-hoist', '--instcombine', '--globalopt', '--elim-avail-extern', '--loweratomic', '--indvars', '--indvars', '--gvn', '--gvn', '--ipsccp', '--gvn', '--nary-reassociate', '--adce', '--strip', '--mem2reg', '--jump-threading', '--globalopt', '--elim-avail-extern', '--instcombine', '--simplifycfg', '--sroa', '--mem2reg', '--globaldce', '--gvn-hoist', '--sccp', '--early-cse', '--lower-constant-intrinsics', '--adce', '--slsr', '--gvn-hoist', '--adce', '--loop-simplify', '--dse', '--scalarizer', '--adce', '--loop-simplify', '--dse', '--scalarizer', '--simplifycfg', '--mergereturn', '--lower-expect', '--elim-avail-extern', '--lower-constant-intrinsics', '--ipsccp', '--nary-reassociate', '--break-crit-edges', '--gvn', '--jump-threading', '--globalopt', '--slp-vectorizer', '--instcombine', '--slp-vectorizer', '--early-cse', '--lower-expect', '--sroa', '--lower-expect', '--simplifycfg', '--aggressive-instcombine']",75,-11.553461943540697,0.0,-2.0326216087737494,0.0,1,-11.553461943540697,-2.0326216087737494,-0.35560169353525484,-67.00507614213198,12.05466325195678,58.82352941176471,34
1473,"['--ipsccp', '--speculative-execution', '--sccp', '--early-cse', '--mem2reg', '--jump-threading', '--globalopt', '--elim-avail-extern', '--instcombine', '--adce', '--jump-threading', '--gvn', '--simplifycfg', '--instsimplify', '--inline', '--mergefunc', '--gvn-hoist', '--instcombine', '--globalopt', '--elim-avail-extern', '--indvars', '--indvars', '--gvn', '--gvn', '--ipsccp', '--gvn', '--nary-reassociate', '--loop-instsimplify', '--early-cse', '--mem2reg', '--jump-threading', '--globalopt', '--elim-avail-extern', '--instcombine', '--simplifycfg', '--sroa', '--mem2reg', '--gvn', '--gvn-hoist', '--sccp', '--early-cse', '--early-cse', '--lower-constant-intrinsics', '--adce', '--gvn-hoist', '--adce', '--loop-simplify', '--dse', '--scalarizer', '--simplifycfg', '--lower-expect', '--simplifycfg', '--gvn-hoist', '--elim-avail-extern', '--lower-constant-intrinsics', '--break-crit-edges', '--ipsccp', '--gvn', '--nary-reassociate', '--gvn', '--early-cse', '--mem2reg', '--jump-threading', '--globalopt', '--slp-vectorizer', '--instcombine', '--simplifycfg', '--sroa', '--early-cse', '--lower-expect', '--sroa', '--sroa', '--gvn', '--lower-expect', '--aggressive-instcombine']",75,-11.560723308397504,0.0,-2.043661308824401,0.0,1,-11.560723308397504,-2.043661308824401,-0.35560169353525484,-67.00507614213198,12.044479150144971,58.82352941176471,34
2630,"['--ipsccp', '--sccp', '--speculative-execution', '--lower-constant-intrinsics', '--early-cse', '--mem2reg', '--jump-threading', '--globalopt', '--elim-avail-extern', '--instcombine', '--loop-instsimplify', '--gvn', '--simplifycfg', '--instsimplify', '--inline', '--mergefunc', '--reassociate', '--gvn-hoist', '--instcombine', '--lower-expect', '--break-crit-edges', '--elim-avail-extern', '--loweratomic', '--indvars', '--indvars', '--gvn', '--gvn', '--ipsccp', '--gvn', '--nary-reassociate', '--mem2reg', '--jump-threading', '--correlated-propagation', '--mem2reg', '--memcpyopt', '--globalopt', '--bdce', '--elim-avail-extern', '--instcombine', '--simplifycfg', '--sroa', '--lower-constant-intrinsics', '--adce', '--slsr', '--gvn-hoist', '--adce', '--loop-simplify', '--adce', '--loop-simplify', '--dse', '--scalarizer', '--dce', '--simplifycfg', '--globalopt', '--simplifycfg', '--elim-avail-extern', '--lower-constant-intrinsics', '--lower-constant-intrinsics', '--ipsccp', '--nary-reassociate', '--adce', '--early-cse', '--loop-guard-widening', '--jump-threading', '--slp-vectorizer', '--instcombine', '--slp-vectorizer', '--instcombine', '--instcombine', '--simplifycfg', '--sroa', '--early-cse', '--elim-avail-extern', '--lower-expect', '--sroa', '--sroa', '--aggressive-instcombine']",77,-11.595423368996926,0.0,-2.089337980754244,0.0,1,-11.595423368996926,-2.089337980754244,-0.42806546165119685,-67.00507614213198,12.04890471666537,58.82352941176471,34
1941,"['--ipsccp', '--speculative-execution', '--sccp', '--early-cse', '--mem2reg', '--jump-threading', '--globalopt', '--elim-avail-extern', '--instcombine', '--loop-instsimplify', '--jump-threading', '--gvn', '--simplifycfg', '--instsimplify', '--inline', '--mergefunc', '--gvn-hoist', '--tailcallelim', '--globalopt', '--elim-avail-extern', '--loop-interchange', '--indvars', '--indvars', '--gvn', '--gvn', '--ipsccp', '--gvn', '--nary-reassociate', '--adce', '--early-cse', '--mem2reg', '--jump-threading', '--break-crit-edges', '--elim-avail-extern', '--instcombine', '--simplifycfg', '--simplifycfg', '--sroa', '--mem2reg', '--globaldce', '--gvn-hoist', '--sccp', '--early-cse', '--lower-constant-intrinsics', '--adce', '--slsr', '--gvn-hoist', '--elim-avail-extern', '--adce', '--loop-simplify', '--dse', '--scalarizer', '--simplifycfg', '--lower-expect', '--simplifycfg', '--elim-avail-extern', '--lower-constant-intrinsics', '--gvn', '--nary-reassociate', '--gvn', '--early-cse', '--mem2reg', '--jump-threading', '--globalopt', '--slp-vectorizer', '--instcombine', '--simplifycfg', '--sroa', '--early-cse', '--lower-expect', '--sroa', '--lower-expect', '--simplifycfg', '--aggressive-instcombine']",74,-11.614302101633426,0.0,-2.121592268010378,0.0,1,-11.614302101633426,-2.121592268010378,-0.35560169353525484,-67.00507614213198,11.995784888609359,58.82352941176471,34
1370,"['--ipsccp', '--speculative-execution', '--sccp', '--early-cse', '--mem2reg', '--jump-threading', '--globalopt', '--elim-avail-extern', '--instcombine', '--adce', '--jump-threading', '--gvn', '--simplifycfg', '--instsimplify', '--inline', '--mergefunc', '--gvn-hoist', '--gvn-hoist', '--instcombine', '--globalopt', '--elim-avail-extern', '--indvars', '--gvn', '--ipsccp', '--gvn', '--nary-reassociate', '--loop-instsimplify', '--early-cse', '--mem2reg', '--jump-threading', '--globalopt', '--elim-avail-extern', '--instcombine', '--simplifycfg', '--sroa', '--mem2reg', '--globaldce', '--gvn-hoist', '--sccp', '--early-cse', '--lower-constant-intrinsics', '--adce', '--slsr', '--gvn-hoist', '--reg2mem', '--loop-simplify', '--dse', '--scalarizer', '--simplifycfg', '--lower-expect', '--simplifycfg', '--gvn-hoist', '--elim-avail-extern', '--lower-constant-intrinsics', '--gvn', '--ipsccp', '--gvn', '--nary-reassociate', '--gvn', '--early-cse', '--mem2reg', '--jump-threading', '--globalopt', '--slp-vectorizer', '--instcombine', '--simplifycfg', '--sroa', '--early-cse', '--lower-expect', '--sroa', '--lower-expect', '--aggressive-instcombine']",72,-11.723023295105904,0.0,-2.24418349133342,0.0,1,-11.723023295105904,-2.24418349133342,-0.35560169353525484,-68.52791878172589,12.16356264841132,58.82352941176471,34
107,"['--reassociate', '--gvn', '--load-store-vectorizer', '--early-cse-memssa', '--lower-expect', '--loop-instsimplify', '--early-cse', '--early-cse-memssa', '--instsimplify', '--gvn-hoist', '--simplifycfg', '--mem2reg', '--ipsccp', '--instcombine', '--prune-eh', '--simplifycfg', '--sroa', '--nary-reassociate', '--jump-threading', '--elim-avail-extern', '--mergefunc', '--mem2reg', '--lower-constant-intrinsics', '--mergefunc', '--gvn-hoist', '--ipsccp', '--instcombine', '--elim-avail-extern']",28,-11.72717434984694,0.0,-4.525462746963101,0.0,1,-11.72717434984694,-4.525462746963101,0.0,-88.83248730964468,17.154302308010852,44.11764705882353,34
1349,"['--ipsccp', '--speculative-execution', '--sccp', '--early-cse', '--mem2reg', '--jump-threading', '--globalopt', '--elim-avail-extern', '--instcombine', '--adce', '--jump-threading', '--gvn', '--simplifycfg', '--instsimplify', '--inline', '--mergefunc', '--gvn-hoist', '--gvn-hoist', '--instcombine', '--globalopt', '--elim-avail-extern', '--indvars', '--gvn', '--gvn', '--ipsccp', '--gvn', '--nary-reassociate', '--loop-instsimplify', '--early-cse', '--mem2reg', '--jump-threading', '--globalopt', '--elim-avail-extern', '--instcombine', '--simplifycfg', '--sroa', '--mem2reg', '--aggressive-instcombine', '--sccp', '--early-cse', '--lower-constant-intrinsics', '--reg2mem', '--slsr', '--gvn-hoist', '--adce', '--loop-simplify', '--dse', '--scalarizer', '--simplifycfg', '--lower-expect', '--simplifycfg', '--gvn-hoist', '--elim-avail-extern', '--lower-constant-intrinsics', '--gvn', '--ipsccp', '--gvn', '--nary-reassociate', '--gvn', '--early-cse', '--mem2reg', '--jump-threading', '--globalopt', '--slp-vectorizer', '--instcombine', '--simplifycfg', '--sroa', '--early-cse', '--lower-expect', '--sroa', '--lower-expect', '--aggressive-instcombine']",72,-11.731716116756457,0.0,-2.2562622448060625,0.0,1,-11.731716116756457,-2.2562622448060625,-0.35560169353525484,-68.52791878172589,12.159900213872042,58.82352941176471,34
12,"['--ipsccp', '--early-cse-memssa', '--jump-threading', '--lower-expect', '--instcombine', '--sccp', '--elim-avail-extern', '--gvn', '--nary-reassociate', '--lower-constant-intrinsics', '--loop-instsimplify', '--early-cse', '--mem2reg', '--jump-threading', '--globalopt', '--elim-avail-extern', '--instcombine', '--simplifycfg', '--sroa', '--instcombine', '--simplifycfg', '--sroa', '--lower-constant-intrinsics', '--early-cse', '--lower-expect', '--sroa', '--sccp', '--early-cse-memssa', '--jump-threading', '--lower-expect', '--instcombine', '--sccp', '--elim-avail-extern', '--gvn', '--nary-reassociate', '--sroa', '--instcombine', '--jump-threading', '--loop-simplifycfg', '--gvn-hoist']",40,-11.73498294164072,0.0,-5.181570958775606,0.0,1,-11.73498294164072,-5.181570958775606,0.0,-92.38578680203045,16.72334134323721,41.17647058823529,34
746,"['--ipsccp', '--speculative-execution', '--sccp', '--early-cse', '--mem2reg', '--jump-threading', '--globalopt', '--elim-avail-extern', '--break-crit-edges', '--instsimplify', '--jump-threading', '--gvn', '--simplifycfg', '--instsimplify', '--gvn-hoist', '--mergefunc', '--gvn-hoist', '--instcombine', '--globalopt', '--elim-avail-extern', '--indvars', '--gvn', '--gvn', '--ipsccp', '--gvn', '--nary-reassociate', '--loop-instsimplify', '--early-cse', '--mem2reg', '--jump-threading', '--globalopt', '--elim-avail-extern', '--instcombine', '--simplifycfg', '--sroa', '--mem2reg', '--gvn-hoist', '--sccp', '--early-cse', '--lower-constant-intrinsics', '--adce', '--gvn-hoist', '--adce', '--lower-constant-intrinsics', '--newgvn', '--simplifycfg', '--lower-expect', '--gvn-hoist', '--slp-vectorizer', '--globalopt', '--elim-avail-extern', '--gvn', '--ipsccp', '--gvn', '--nary-reassociate', '--lower-constant-intrinsics', '--early-cse', '--mem2reg', '--jump-threading', '--globalopt', '--instcombine', '--instcombine', '--simplifycfg', '--sroa', '--lower-constant-intrinsics', '--early-cse', '--lower-expect', '--sroa', '--lower-expect', '--sroa', '--sccp', '--sroa', '--lower-expect', '--globalopt', '--elim-avail-extern', '--lower-expect']",76,-11.73931556523119,0.0,-2.86057251962089,0.0,1,-11.73931556523119,-2.86057251962089,-0.42806546165119685,-69.54314720812182,12.115332343390506,55.88235294117647,34
80,"['--load-store-vectorizer', '--instcombine', '--sroa', '--mem2reg', '--gvn-hoist', '--sccp', '--early-cse', '--lower-constant-intrinsics', '--adce', '--gvn-hoist', '--adce', '--lower-constant-intrinsics', '--newgvn', '--simplifycfg', '--lower-expect', '--simplifycfg', '--gvn-hoist', '--instcombine', '--globalopt', '--elim-avail-extern', '--gvn', '--ipsccp', '--gvn', '--nary-reassociate', '--sroa', '--sccp', '--early-cse-memssa', '--jump-threading', '--lower-expect', '--instcombine', '--sccp', '--elim-avail-extern', '--gvn', '--nary-reassociate', '--sroa', '--instcombine', '--jump-threading', '--loop-simplifycfg', '--gvn-hoist']",39,-11.782627881711011,0.0,-5.320468467567613,0.0,1,-11.782627881711011,-5.320468467567613,0.0,-90.35532994923858,16.15805942800009,41.17647058823529,34
2529,"['--ipsccp', '--speculative-execution', '--sccp', '--lower-constant-intrinsics', '--early-cse', '--mem2reg', '--jump-threading', '--instcombine', '--elim-avail-extern', '--instcombine', '--loop-instsimplify', '--jump-threading', '--gvn', '--simplifycfg', '--instsimplify', '--inline', '--mergefunc', '--gvn-hoist', '--instcombine', '--globalopt', '--elim-avail-extern', '--loweratomic', '--indvars', '--indvars', '--gvn', '--gvn', '--ipsccp', '--gvn', '--nary-reassociate', '--adce', '--early-cse', '--mem2reg', '--jump-threading', '--globalopt', '--elim-avail-extern', '--instcombine', '--simplifycfg', '--sroa', '--mem2reg', '--globaldce', '--gvn-hoist', '--sccp', '--early-cse', '--reg2mem', '--adce', '--slsr', '--gvn-hoist', '--gvn-hoist', '--adce', '--loop-simplify', '--scalarizer', '--bdce', '--adce', '--loop-simplify', '--scalarizer', '--simplifycfg', '--mergereturn', '--lower-expect', '--ipsccp', '--gvn', '--nary-reassociate', '--gvn', '--early-cse', '--mem2reg', '--jump-threading', '--globalopt', '--slp-vectorizer', '--instcombine', '--simplifycfg', '--sroa', '--early-cse', '--lower-expect', '--sroa', '--sroa', '--lower-expect', '--aggressive-instcombine']",76,-11.796133172475013,0.0,-2.3880136826827716,0.0,1,-11.796133172475013,-2.3880136826827716,-0.35560169353525484,-67.00507614213198,11.81593498698228,58.82352941176471,34
2290,"['--ipsccp', '--speculative-execution', '--sccp', '--early-cse', '--mem2reg', '--jump-threading', '--globalopt', '--elim-avail-extern', '--instcombine', '--adce', '--jump-threading', '--gvn', '--simplifycfg', '--instsimplify', '--inline', '--mergefunc', '--gvn-hoist', '--instcombine', '--loop-sink', '--globalopt', '--elim-avail-extern', '--indvars', '--indvars', '--gvn', '--gvn', '--ipsccp', '--gvn', '--nary-reassociate', '--adce', '--early-cse', '--mem2reg', '--jump-threading', '--globalopt', '--elim-avail-extern', '--instcombine', '--reg2mem', '--simplifycfg', '--sroa', '--mem2reg', '--globaldce', '--mem2reg', '--globaldce', '--gvn-hoist', '--sccp', '--early-cse', '--lower-constant-intrinsics', '--adce', '--slsr', '--gvn-hoist', '--adce', '--loop-simplify', '--dse', '--scalarizer', '--simplifycfg', '--lower-expect', '--ipsccp', '--elim-avail-extern', '--lower-constant-intrinsics', '--ipsccp', '--gvn', '--gvn', '--gvn', '--early-cse', '--mem2reg', '--jump-threading', '--correlated-propagation', '--slp-vectorizer', '--instcombine', '--simplifycfg', '--early-cse-memssa', '--sroa', '--early-cse', '--lower-expect', '--sroa', '--sroa', '--lower-expect', '--aggressive-instcombine']",77,-11.913905894021251,0.0,-3.861144337375504,0.0,1,-11.913905894021251,-3.861144337375504,-0.07751937984496124,-67.00507614213198,15.180476409896224,50.0,34
2307,"['--ipsccp', '--speculative-execution', '--sccp', '--early-cse', '--mem2reg', '--jump-threading', '--globalopt', '--elim-avail-extern', '--instcombine', '--adce', '--jump-threading', '--gvn', '--simplifycfg', '--instsimplify', '--inline', '--mergefunc', '--loop-versioning-licm', '--gvn-hoist', '--instcombine', '--globalopt', '--elim-avail-extern', '--loweratomic', '--indvars', '--indvars', '--gvn', '--gvn', '--ipsccp', '--gvn', '--nary-reassociate', '--adce', '--early-cse', '--mem2reg', '--jump-threading', '--globalopt', '--elim-avail-extern', '--instcombine', '--simplifycfg', '--sroa', '--mem2reg', '--globaldce', '--gvn-hoist', '--sccp', '--early-cse', '--lower-constant-intrinsics', '--adce', '--slsr', '--gvn-hoist', '--adce', '--loop-simplify', '--dse', '--scalarizer', '--scalarizer', '--simplifycfg', '--lower-expect', '--simplifycfg', '--elim-avail-extern', '--break-crit-edges', '--lower-constant-intrinsics', '--ipsccp', '--nary-reassociate', '--adce', '--early-cse', '--loop-guard-widening', '--jump-threading', '--slp-vectorizer', '--instcombine', '--slp-vectorizer', '--instcombine', '--simplifycfg', '--sroa', '--early-cse', '--lower-expect', '--sroa', '--lower-expect', '--aggressive-instcombine']",75,-11.917730783346016,0.0,-2.461135673645979,0.0,1,-11.917730783346016,-2.461135673645979,-0.35560169353525484,-67.00507614213198,12.483496163468256,58.82352941176471,34
756,"['--ipsccp', '--speculative-execution', '--sccp', '--early-cse', '--mem2reg', '--jump-threading', '--globalopt', '--elim-avail-extern', '--instcombine', '--adce', '--jump-threading', '--gvn', '--simplifycfg', '--instsimplify', '--gvn-hoist', '--mergefunc', '--gvn-hoist', '--instcombine', '--globalopt', '--elim-avail-extern', '--indvars', '--gvn', '--gvn', '--ipsccp', '--gvn', '--nary-reassociate', '--lower-constant-intrinsics', '--loop-instsimplify', '--strip', '--mem2reg', '--elim-avail-extern', '--instcombine', '--simplifycfg', '--sroa', '--mem2reg', '--gvn-hoist', '--sccp', '--early-cse', '--lower-constant-intrinsics', '--gvn-hoist', '--adce', '--aggressive-instcombine', '--lower-constant-intrinsics', '--dse', '--newgvn', '--simplifycfg', '--lower-expect', '--simplifycfg', '--gvn-hoist', '--instcombine', '--globalopt', '--elim-avail-extern', '--gvn', '--gvn', '--ipsccp', '--gvn', '--nary-reassociate', '--lower-constant-intrinsics', '--reg2mem', '--early-cse', '--mem2reg', '--jump-threading', '--globalopt', '--slp-vectorizer', '--instcombine', '--simplifycfg', '--sroa', '--lower-constant-intrinsics', '--early-cse', '--lower-expect', '--sroa', '--lower-expect', '--globalopt', '--elim-avail-extern', '--lower-expect']",75,-11.94406663129607,0.0,-3.024030669814638,0.0,1,-11.94406663129607,-3.024030669814638,-0.342949289578503,-69.54314720812182,12.936906877586225,55.88235294117647,34
2638,"['--ipsccp', '--speculative-execution', '--sccp', '--lower-constant-intrinsics', '--early-cse', '--mem2reg', '--jump-threading', '--jump-threading', '--globalopt', '--elim-avail-extern', '--instcombine', '--loop-instsimplify', '--loweratomic', '--jump-threading', '--gvn', '--simplifycfg', '--instsimplify', '--inline', '--mergefunc', '--gvn-hoist', '--instcombine', '--globalopt', '--elim-avail-extern', '--loweratomic', '--break-crit-edges', '--indvars', '--indvars', '--gvn', '--gvn', '--ipsccp', '--gvn', '--nary-reassociate', '--adce', '--mem2reg', '--jump-threading', '--globalopt', '--elim-avail-extern', '--instcombine', '--simplifycfg', '--sroa', '--mem2reg', '--globaldce', '--gvn-hoist', '--sccp', '--early-cse', '--lower-constant-intrinsics', '--adce', '--slsr', '--globaldce', '--gvn-hoist', '--adce', '--loop-simplify', '--dse', '--scalarizer', '--simplifycfg', '--lower-expect', '--simplifycfg', '--elim-avail-extern', '--lower-constant-intrinsics', '--lower-constant-intrinsics', '--ipsccp', '--nary-reassociate', '--adce', '--early-cse', '--loop-guard-widening', '--jump-threading', '--slp-vectorizer', '--instcombine', '--slp-vectorizer', '--instcombine', '--simplifycfg', '--sroa', '--early-cse', '--early-cse', '--lower-expect', '--aggressive-instcombine']",76,-11.975518425067651,0.0,-2.5389445749842925,0.0,1,-11.975518425067651,-2.5389445749842925,-0.42806546165119685,-67.00507614213198,12.477805820647248,58.82352941176471,34
1575,"['--speculative-execution', '--speculative-execution', '--sccp', '--ipconstprop', '--early-cse', '--mem2reg', '--jump-threading', '--globalopt', '--elim-avail-extern', '--instcombine', '--adce', '--jump-threading', '--gvn', '--simplifycfg', '--instsimplify', '--inline', '--mergefunc', '--gvn-hoist', '--globalopt', '--elim-avail-extern', '--indvars', '--indvars', '--gvn', '--gvn', '--elim-avail-extern', '--ipsccp', '--gvn', '--nary-reassociate', '--loop-instsimplify', '--early-cse', '--mem2reg', '--jump-threading', '--globalopt', '--elim-avail-extern', '--instcombine', '--simplifycfg', '--sroa', '--mem2reg', '--gvn', '--reg2mem', '--gvn-hoist', '--sccp', '--lower-constant-intrinsics', '--jump-threading', '--gvn-hoist', '--adce', '--loop-simplify', '--dse', '--scalarizer', '--simplifycfg', '--lower-expect', '--simplifycfg', '--gvn-hoist', '--elim-avail-extern', '--lower-constant-intrinsics', '--gvn', '--ipsccp', '--gvn', '--nary-reassociate', '--gvn', '--early-cse', '--mem2reg', '--jump-threading', '--mem2reg', '--jump-threading', '--globalopt', '--slp-vectorizer', '--instcombine', '--simplifycfg', '--sroa', '--early-cse', '--lower-expect', '--sroa', '--sroa', '--gvn', '--lower-expect', '--aggressive-instcombine']",77,-12.1461785239989,0.0,-2.2548085785216303,0.0,1,-12.1461785239989,-2.2548085785216303,-0.42806546165119685,-67.00507614213198,11.90366207754737,61.76470588235294,34
84,"['--nary-reassociate', '--sroa', '--early-cse', '--instsimplify', '--ipsccp', '--loop-simplifycfg', '--sroa', '--early-cse', '--ipsccp', '--licm', '--instcombine', '--gvn', '--jump-threading', '--instcombine', '--sroa', '--simplifycfg', '--early-cse-memssa', '--instsimplify', '--licm', '--simplifycfg', '--early-cse-memssa', '--mem2reg', '--gvn', '--elim-avail-extern', '--gvn-hoist', '--early-cse-memssa', '--mem2reg', '--jump-threading', '--mem2reg', '--instcombine', '--sccp', '--lower-constant-intrinsics', '--mergefunc', '--instcombine', '--loop-simplifycfg', '--ipsccp', '--sccp', '--mem2reg', '--reassociate', '--jump-threading', '--loop-simplifycfg', '--early-cse-memssa', '--early-cse', '--early-cse-memssa', '--jump-threading', '--sccp', '--early-cse', '--adce', '--sroa', '--newgvn', '--memcpyopt', '--gvn-hoist', '--elim-avail-extern', '--sroa', '--jump-threading']",55,-12.511588727469276,0.0,-5.026176569632687,0.0,1,-12.511588727469276,-5.026176569632687,0.0,-88.3248730964467,16.831327708329965,47.05882352941176,34
64,"['--flattencfg', '--early-cse', '--slp-vectorizer', '--gvn-hoist', '--gvn', '--loop-simplifycfg', '--ipsccp', '--sccp', '--mem2reg', '--reassociate', '--simplifycfg', '--gvn-hoist', '--ipsccp', '--instcombine', '--elim-avail-extern', '--early-cse-memssa', '--reassociate', '--mem2reg', '--globalopt', '--newgvn', '--simplifycfg', '--gvn-hoist', '--ipsccp', '--instcombine', '--adce', '--early-cse', '--slp-vectorizer', '--gvn-hoist', '--gvn', '--loop-simplifycfg', '--ipsccp', '--gvn', '--reassociate', '--simplifycfg', '--aggressive-instcombine', '--early-cse-memssa', '--licm', '--instcombine', '--newgvn', '--simplifycfg', '--gvn-hoist', '--ipsccp', '--instcombine', '--adce', '--early-cse', '--slp-vectorizer', '--gvn-hoist', '--gvn', '--loop-simplifycfg', '--ipsccp', '--gvn', '--reassociate', '--simplifycfg', '--aggressive-instcombine', '--early-cse-memssa', '--licm', '--instcombine', '--newgvn', '--ipsccp', '--sccp', '--mem2reg', '--reassociate', '--jump-threading', '--loop-simplifycfg', '--early-cse', '--simplifycfg', '--jump-threading', '--sccp', '--early-cse', '--loop-instsimplify', '--sroa']",71,-12.514714164412116,0.0,-4.626387938457299,0.0,1,-12.514714164412116,-4.626387938457299,-0.20533880903490762,-89.84771573604061,15.449232105691426,50.0,34
102,"['--ipsccp', '--gvn-hoist', '--reassociate', '--elim-avail-extern', '--early-cse-memssa', '--mem2reg', '--gvn', '--gvn-hoist', '--globalopt', '--mem2reg', '--loop-instsimplify', '--early-cse', '--mem2reg', '--jump-threading', '--globalopt', '--elim-avail-extern', '--instcombine', '--simplifycfg', '--sroa', '--instcombine', '--simplifycfg', '--sroa', '--lower-constant-intrinsics', '--early-cse', '--lower-expect', '--sroa', '--sccp', '--early-cse-memssa', '--jump-threading', '--lower-expect', '--instcombine', '--sccp', '--elim-avail-extern', '--aggressive-instcombine', '--nary-reassociate', '--sroa', '--instcombine', '--jump-threading', '--loop-simplifycfg', '--gvn-hoist']",40,-12.539148682129245,0.0,-5.083716612362458,0.0,1,-12.539148682129245,-5.083716612362458,0.0,-91.87817258883248,16.675376934456366,47.05882352941176,34
2038,"['--ipsccp', '--speculative-execution', '--sccp', '--early-cse', '--mem2reg', '--jump-threading', '--globalopt', '--elim-avail-extern', '--instcombine', '--loop-instsimplify', '--jump-threading', '--gvn', '--simplifycfg', '--instsimplify', '--inline', '--mergefunc', '--gvn-hoist', '--instcombine', '--globalopt', '--elim-avail-extern', '--indvars', '--indvars', '--gvn', '--gvn', '--ipsccp', '--gvn', '--nary-reassociate', '--adce', '--early-cse', '--mem2reg', '--jump-threading', '--globalopt', '--elim-avail-extern', '--instcombine', '--globalopt', '--simplifycfg', '--simplifycfg', '--sroa', '--mem2reg', '--globaldce', '--gvn-hoist', '--gvn', '--early-cse', '--lower-constant-intrinsics', '--slsr', '--gvn-hoist', '--adce', '--loop-simplify', '--adce', '--loop-simplify', '--dse', '--scalarizer', '--simplifycfg', '--lower-expect', '--nary-reassociate', '--elim-avail-extern', '--instcombine', '--ipsccp', '--loop-simplify', '--nary-reassociate', '--sccp', '--early-cse', '--mem2reg', '--jump-threading', '--globalopt', '--slp-vectorizer', '--lower-constant-intrinsics', '--simplifycfg', '--sroa', '--early-cse', '--lower-expect', '--sroa', '--lower-expect', '--simplifycfg', '--aggressive-instcombine']",75,-13.062068721515377,0.0,-8.71370499502035,0.0,1,-13.062068721515377,-8.71370499502035,0.0,-101.44927536231884,25.562017399559963,26.47058823529412,34
1372,"['--ipsccp', '--speculative-execution', '--sccp', '--early-cse', '--mem2reg', '--jump-threading', '--globalopt', '--elim-avail-extern', '--reg2mem', '--adce', '--jump-threading', '--gvn', '--simplifycfg', '--instsimplify', '--inline', '--mergefunc', '--gvn-hoist', '--gvn-hoist', '--instcombine', '--globalopt', '--elim-avail-extern', '--indvars', '--gvn', '--gvn', '--ipsccp', '--gvn', '--elim-avail-extern', '--loop-instsimplify', '--early-cse', '--mem2reg', '--jump-threading', '--globalopt', '--nary-reassociate', '--instcombine', '--simplifycfg', '--sroa', '--mem2reg', '--globaldce', '--gvn-hoist', '--sccp', '--early-cse', '--lower-constant-intrinsics', '--adce', '--slsr', '--gvn-hoist', '--adce', '--loop-simplify', '--dse', '--scalarizer', '--simplifycfg', '--gvn-hoist', '--elim-avail-extern', '--lower-constant-intrinsics', '--gvn', '--gvn', '--nary-reassociate', '--gvn', '--early-cse', '--mem2reg', '--jump-threading', '--globalopt', '--slp-vectorizer', '--instcombine', '--simplifycfg', '--sroa', '--early-cse', '--lower-expect', '--sroa', '--sroa', '--lower-expect', '--aggressive-instcombine']",71,-13.286250367388448,0.0,-3.5121332708193247,0.0,1,-13.286250367388448,-3.5121332708193247,-0.8260869565217391,-68.52791878172589,13.87444531921014,61.76470588235294,34
238,"['--mem2reg', '--mergefunc', '--instcombine', '--mem2reg', '--adce', '--early-cse-memssa', '--flattencfg', '--instcombine', '--ipsccp', '--instcombine', '--elim-avail-extern', '--lower-expect', '--early-cse-memssa', '--mem2reg', '--instcombine', '--adce', '--early-cse-memssa', '--instcombine', '--simplifycfg', '--sroa', '--sccp', '--gvn-hoist', '--simplifycfg', '--gvn', '--nary-reassociate', '--correlated-propagation', '--loop-instsimplify', '--early-cse', '--mem2reg', '--jump-threading', '--globalopt', '--elim-avail-extern', '--instcombine', '--simplifycfg', '--sroa', '--mem2reg', '--gvn-hoist', '--sccp', '--early-cse', '--lower-constant-intrinsics', '--adce', '--gvn-hoist', '--reg2mem', '--adce', '--lower-constant-intrinsics', '--newgvn', '--simplifycfg', '--lower-expect', '--simplifycfg', '--gvn', '--instsimplify', '--gvn-hoist', '--simplifycfg', '--mem2reg', '--ipsccp', '--newgvn', '--sroa', '--instsimplify', '--gvn', '--simplifycfg', '--instcombine', '--gvn-hoist', '--mem2reg']",63,-13.356432993564432,0.0,-4.02759473017156,0.0,1,-13.356432993564432,-4.02759473017156,-0.4549209955592275,-86.80203045685279,15.122075341710556,58.82352941176471,34
1523,"['--ipsccp', '--speculative-execution', '--sccp', '--ipconstprop', '--early-cse', '--mem2reg', '--jump-threading', '--globalopt', '--elim-avail-extern', '--instcombine', '--adce', '--jump-threading', '--gvn', '--simplifycfg', '--instsimplify', '--inline', '--mergefunc', '--gvn-hoist', '--globalopt', '--elim-avail-extern', '--indvars', '--indvars', '--gvn', '--gvn', '--elim-avail-extern', '--ipsccp', '--gvn', '--nary-reassociate', '--loop-instsimplify', '--early-cse', '--mem2reg', '--jump-threading', '--globalopt', '--elim-avail-extern', '--instcombine', '--simplifycfg', '--sroa', '--mem2reg', '--gvn', '--instcombine', '--sccp', '--early-cse', '--lower-constant-intrinsics', '--adce', '--gvn-hoist', '--adce', '--loop-simplify', '--dse', '--scalarizer', '--simplifycfg', '--lower-expect', '--simplifycfg', '--gvn-hoist', '--elim-avail-extern', '--lower-constant-intrinsics', '--gvn', '--ipsccp', '--gvn', '--nary-reassociate', '--gvn', '--early-cse', '--mem2reg', '--jump-threading', '--globalopt', '--slp-vectorizer', '--gvn-hoist', '--simplifycfg', '--sroa', '--early-cse', '--lower-expect', '--sroa', '--sroa', '--gvn', '--lower-expect', '--aggressive-instcombine']",75,-13.38399302020642,0.0,-8.970045988768472,0.0,1,-13.38399302020642,-8.970045988768472,0.0,-122.22222222222223,26.858702933359478,26.47058823529412,34
1703,"['--ipsccp', '--speculative-execution', '--sccp', '--early-cse', '--mem2reg', '--jump-threading', '--elim-avail-extern', '--instcombine', '--adce', '--loop-interchange', '--aggressive-instcombine', '--gvn', '--simplifycfg', '--instsimplify', '--inline', '--mergefunc', '--gvn-hoist', '--gvn-hoist', '--instcombine', '--globalopt', '--elim-avail-extern', '--indvars', '--elim-avail-extern', '--indvars', '--gvn', '--gvn', '--ipsccp', '--gvn', '--nary-reassociate', '--loop-instsimplify', '--early-cse', '--mem2reg', '--jump-threading', '--globalopt', '--elim-avail-extern', '--instcombine', '--simplifycfg', '--sroa', '--mem2reg', '--globaldce', '--gvn-hoist', '--sccp', '--early-cse', '--lower-constant-intrinsics', '--adce', '--slsr', '--gvn-hoist', '--adce', '--loop-simplify', '--dse', '--scalarizer', '--simplifycfg', '--lower-expect', '--simplifycfg', '--elim-avail-extern', '--lower-constant-intrinsics', '--ipsccp', '--gvn', '--nary-reassociate', '--gvn', '--early-cse', '--mem2reg', '--jump-threading', '--globalopt', '--slp-vectorizer', '--mem2reg', '--simplifycfg', '--sroa', '--early-cse', '--lower-expect', '--sroa', '--sroa', '--aggressive-instcombine']",73,-13.460043896858531,0.0,-9.030054893888678,0.0,1,-13.460043896858531,-9.030054893888678,0.0,-124.67320261437908,27.169144911479055,26.47058823529412,34
1404,"['--ipsccp', '--speculative-execution', '--sccp', '--early-cse', '--mem2reg', '--jump-threading', '--globalopt', '--elim-avail-extern', '--instcombine', '--adce', '--jump-threading', '--gvn', '--simplifycfg', '--instsimplify', '--inline', '--mergefunc', '--gvn-hoist', '--gvn-hoist', '--instcombine', '--globalopt', '--elim-avail-extern', '--indvars', '--gvn', '--gvn', '--ipsccp', '--gvn', '--nary-reassociate', '--loop-instsimplify', '--early-cse', '--instcombine', '--jump-threading', '--globalopt', '--elim-avail-extern', '--instcombine', '--simplifycfg', '--sroa', '--mem2reg', '--globaldce', '--gvn-hoist', '--sccp', '--early-cse', '--lower-constant-intrinsics', '--adce', '--slsr', '--gvn-hoist', '--adce', '--loop-simplify', '--dse', '--scalarizer', '--simplifycfg', '--lower-expect', '--simplifycfg', '--gvn-hoist', '--elim-avail-extern', '--lower-constant-intrinsics', '--gvn', '--ipsccp', '--gvn', '--nary-reassociate', '--functionattrs', '--gvn', '--early-cse', '--jump-threading', '--globalopt', '--slp-vectorizer', '--mem2reg', '--simplifycfg', '--sroa', '--early-cse', '--lower-expect', '--sroa', '--lower-expect', '--aggressive-instcombine']",73,-13.50329809360195,0.0,-9.0748443832885,0.0,1,-13.50329809360195,-9.0748443832885,0.0,-124.67320261437908,27.265765708414577,26.47058823529412,34
1475,"['--ipsccp', '--speculative-execution', '--sccp', '--early-cse', '--mem2reg', '--jump-threading', '--globalopt', '--elim-avail-extern', '--instcombine', '--adce', '--loop-guard-widening', '--gvn', '--simplifycfg', '--instsimplify', '--inline', '--gvn-hoist', '--mergefunc', '--gvn-hoist', '--instcombine', '--die', '--globalopt', '--elim-avail-extern', '--indvars', '--gvn', '--gvn', '--ipsccp', '--gvn', '--nary-reassociate', '--loop-instsimplify', '--early-cse', '--mem2reg', '--jump-threading', '--globalopt', '--instcombine', '--simplifycfg', '--sroa', '--mem2reg', '--globaldce', '--gvn-hoist', '--sccp', '--early-cse', '--lower-constant-intrinsics', '--adce', '--slsr', '--gvn-hoist', '--adce', '--loop-simplify', '--dse', '--scalarizer', '--simplifycfg', '--lower-expect', '--simplifycfg', '--gvn-hoist', '--globalopt', '--elim-avail-extern', '--lower-constant-intrinsics', '--gvn', '--ipsccp', '--gvn', '--nary-reassociate', '--gvn', '--early-cse', '--mem2reg', '--jump-threading', '--globalopt', '--slp-vectorizer', '--simplifycfg', '--sroa', '--early-cse', '--lower-expect', '--sroa', '--sroa', '--lower-expect', '--simplifycfg', '--aggressive-instcombine']",75,-13.50329809360195,0.0,-9.0748443832885,0.0,1,-13.50329809360195,-9.0748443832885,0.0,-124.67320261437908,27.265765708414577,26.47058823529412,34
1649,"['--ipsccp', '--speculative-execution', '--sccp', '--early-cse', '--mem2reg', '--jump-threading', '--globalopt', '--elim-avail-extern', '--instcombine', '--loop-instsimplify', '--jump-threading', '--gvn', '--simplifycfg', '--instsimplify', '--inline', '--mergefunc', '--gvn-hoist', '--instcombine', '--globalopt', '--elim-avail-extern', '--indvars', '--indvars', '--elim-avail-extern', '--indvars', '--ipsccp', '--gvn', '--nary-reassociate', '--adce', '--early-cse', '--mem2reg', '--jump-threading', '--globalopt', '--elim-avail-extern', '--instcombine', '--simplifycfg', '--instcombine', '--mem2reg', '--globaldce', '--gvn-hoist', '--sccp', '--sink', '--early-cse', '--lower-constant-intrinsics', '--adce', '--slsr', '--gvn-hoist', '--adce', '--loop-simplify', '--dse', '--scalarizer', '--simplifycfg', '--lower-expect', '--simplifycfg', '--gvn-hoist', '--elim-avail-extern', '--elim-avail-extern', '--lower-constant-intrinsics', '--ipsccp', '--gvn', '--nary-reassociate', '--gvn', '--early-cse', '--mem2reg', '--jump-threading', '--globalopt', '--slp-vectorizer', '--sroa', '--simplifycfg', '--sroa', '--early-cse', '--lower-expect', '--sroa', '--sroa', '--lower-expect', '--aggressive-instcombine']",75,-13.618728148074073,0.0,-9.164618523262,0.0,1,-13.618728148074073,-9.164618523262,0.0,-129.24836601307192,27.746760203334553,26.47058823529412,34
575,"['--ipsccp', '--speculative-execution', '--sccp', '--early-cse', '--mem2reg', '--jump-threading', '--globalopt', '--elim-avail-extern', '--instcombine', '--instsimplify', '--jump-threading', '--gvn', '--simplifycfg', '--adce', '--gvn-hoist', '--mergefunc', '--gvn-hoist', '--reg2mem', '--globalopt', '--elim-avail-extern', '--gvn', '--gvn', '--ipsccp', '--gvn', '--nary-reassociate', '--lower-constant-intrinsics', '--loop-instsimplify', '--early-cse', '--mem2reg', '--jump-threading', '--globalopt', '--elim-avail-extern', '--instcombine', '--simplifycfg', '--sroa', '--mem2reg', '--gvn-hoist', '--sccp', '--early-cse', '--lower-constant-intrinsics', '--adce', '--gvn-hoist', '--adce', '--lower-constant-intrinsics', '--newgvn', '--simplifycfg', '--lower-expect', '--simplifycfg', '--gvn-hoist', '--slp-vectorizer', '--globalopt', '--elim-avail-extern', '--gvn', '--gvn', '--ipsccp', '--gvn', '--nary-reassociate', '--lower-constant-intrinsics', '--loop-instsimplify', '--early-cse', '--mem2reg', '--jump-threading', '--globalopt', '--instcombine', '--instcombine', '--simplifycfg', '--sroa', '--lower-constant-intrinsics', '--early-cse', '--sroa', '--sroa', '--lower-expect', '--globalopt', '--elim-avail-extern', '--lower-expect']",75,-13.890909813494314,0.0,-3.6087410559899844,0.0,1,-13.890909813494314,-3.6087410559899844,-0.6572740022950402,-86.29441624365482,14.784716685606513,64.70588235294117,34
157,"['--ipsccp', '--early-cse-memssa', '--jump-threading', '--early-cse', '--instcombine', '--sccp', '--elim-avail-extern', '--gvn', '--nary-reassociate', '--lower-constant-intrinsics', '--early-cse-memssa', '--load-store-vectorizer', '--instcombine', '--elim-avail-extern', '--early-cse-memssa', '--sccp', '--gvn', '--prune-eh']",18,-14.100541011235393,0.0,-8.036137302295662,0.0,1,-14.100541011235393,-8.036137302295662,0.0,-137.5796178343949,27.793203874548226,35.294117647058826,34
180,"['--ipsccp', '--gvn-hoist', '--reassociate', '--elim-avail-extern', '--early-cse-memssa', '--mem2reg', '--aggressive-instcombine', '--gvn-hoist', '--globalopt', '--mem2reg', '--adce', '--lower-constant-intrinsics', '--newgvn', '--simplifycfg', '--lower-expect', '--simplifycfg', '--gvn-hoist', '--instcombine', '--globalopt', '--elim-avail-extern', '--break-crit-edges', '--gvn', '--ipsccp', '--gvn', '--nary-reassociate', '--lower-constant-intrinsics', '--loop-instsimplify', '--early-cse', '--mem2reg', '--jump-threading', '--globalopt', '--elim-avail-extern', '--mldst-motion', '--instcombine', '--simplifycfg', '--sroa', '--mem2reg', '--simplifycfg', '--early-cse-memssa', '--mem2reg', '--instcombine', '--globalopt']",42,-14.55642270999908,0.0,-4.485006489644201,0.0,1,-14.55642270999908,-4.485006489644201,-0.49829018075232046,-86.80203045685279,14.867854898247534,64.70588235294117,34
2497,"['--ipsccp', '--speculative-execution', '--sccp', '--lower-constant-intrinsics', '--early-cse', '--mem2reg', '--jump-threading', '--globalopt', '--elim-avail-extern', '--instcombine', '--loop-instsimplify', '--jump-threading', '--gvn', '--simplifycfg', '--instsimplify', '--inline', '--mergefunc', '--gvn-hoist', '--instcombine', '--globalopt', '--elim-avail-extern', '--loweratomic', '--reg2mem', '--indvars', '--gvn', '--ipsccp', '--gvn', '--nary-reassociate', '--adce', '--early-cse', '--mem2reg', '--jump-threading', '--globalopt', '--elim-avail-extern', '--instcombine', '--simplifycfg', '--sroa', '--mem2reg', '--globaldce', '--gvn-hoist', '--sccp', '--early-cse', '--lower-constant-intrinsics', '--adce', '--slsr', '--gvn-hoist', '--adce', '--loop-simplify', '--dse', '--scalarizer', '--adce', '--loop-simplify', '--dse', '--scalarizer', '--simplifycfg', '--mergereturn', '--lower-expect', '--elim-avail-extern', '--lower-constant-intrinsics', '--ipsccp', '--nary-reassociate', '--gvn', '--jump-threading', '--globalopt', '--slp-vectorizer', '--instcombine', '--slp-vectorizer', '--instcombine', '--simplifycfg', '--sroa', '--early-cse', '--lower-expect', '--sroa', '--sroa', '--aggressive-instcombine']",75,-14.627484393386398,0.0,-4.351439379985979,0.0,1,-14.627484393386398,-4.351439379985979,-0.6924506867706289,-87.30964467005076,16.58022505455739,64.70588235294117,34
100,"['--loop-simplify', '--gvn', '--loop-simplifycfg', '--globalopt', '--sccp', '--early-cse-memssa', '--nary-reassociate', '--sroa', '--ipsccp', '--instcombine', '--mem2reg', '--globalopt', '--newgvn', '--mem2reg', '--early-cse-memssa', '--load-store-vectorizer', '--instcombine', '--elim-avail-extern', '--early-cse-memssa', '--reassociate', '--mem2reg', '--globalopt', '--newgvn', '--gvn-hoist', '--ipsccp', '--instcombine', '--elim-avail-extern']",27,-14.771218695591182,0.0,-7.813733793740251,0.0,1,-14.771218695591182,-7.813733793740251,0.0,-136.94267515923565,27.344477620507003,41.17647058823529,34
2153,"['--ipsccp', '--speculative-execution', '--sccp', '--lower-constant-intrinsics', '--early-cse', '--mem2reg', '--jump-threading', '--globalopt', '--elim-avail-extern', '--instcombine', '--loop-instsimplify', '--jump-threading', '--gvn', '--simplifycfg', '--instsimplify', '--inline', '--mergefunc', '--gvn-hoist', '--instcombine', '--globalopt', '--elim-avail-extern', '--reg2mem', '--indvars', '--indvars', '--gvn', '--gvn', '--ipsccp', '--nary-reassociate', '--loop-instsimplify', '--early-cse', '--mem2reg', '--jump-threading', '--jump-threading', '--bdce', '--elim-avail-extern', '--instcombine', '--instcombine', '--simplifycfg', '--sroa', '--mem2reg', '--globaldce', '--gvn-hoist', '--sccp', '--early-cse', '--lower-constant-intrinsics', '--adce', '--slsr', '--gvn-hoist', '--adce', '--loop-simplify', '--dse', '--scalarizer', '--simplifycfg', '--lower-expect', '--simplifycfg', '--elim-avail-extern', '--elim-avail-extern', '--lower-constant-intrinsics', '--ipsccp', '--ipsccp', '--loop-reroll', '--gvn', '--early-cse', '--lowerinvoke', '--mem2reg', '--jump-threading', '--globalopt', '--slp-vectorizer', '--instcombine', '--simplifycfg', '--sroa', '--early-cse', '--lower-expect', '--sroa', '--sroa', '--lower-expect', '--aggressive-instcombine']",77,-15.111344792686573,0.0,-4.835909354164145,0.0,1,-15.111344792686573,-4.835909354164145,-0.6924506867706289,-87.30964467005076,17.785304241222892,64.70588235294117,34
2376,"['--ipsccp', '--speculative-execution', '--sccp', '--early-cse', '--mem2reg', '--lowerswitch', '--partially-inline-libcalls', '--globalopt', '--elim-avail-extern', '--instcombine', '--adce', '--jump-threading', '--gvn', '--simplifycfg', '--instsimplify', '--inline', '--mergefunc', '--loop-versioning-licm', '--gvn-hoist', '--instcombine', '--globalopt', '--elim-avail-extern', '--loweratomic', '--indvars', '--indvars', '--gvn', '--gvn', '--ipsccp', '--gvn', '--nary-reassociate', '--adce', '--loweratomic', '--mem2reg', '--jump-threading', '--globalopt', '--elim-avail-extern', '--instcombine', '--simplifycfg', '--sroa', '--mem2reg', '--globaldce', '--simplifycfg', '--sccp', '--early-cse', '--lower-constant-intrinsics', '--adce', '--slsr', '--gvn-hoist', '--adce', '--loop-simplify', '--dse', '--scalarizer', '--simplifycfg', '--lower-expect', '--gvn-hoist', '--simplifycfg', '--lower-expect', '--simplifycfg', '--elim-avail-extern', '--lower-constant-intrinsics', '--ipsccp', '--gvn', '--nary-reassociate', '--gvn', '--early-cse', '--loop-guard-widening', '--jump-threading', '--globalopt', '--slp-vectorizer', '--instcombine', '--slp-vectorizer', '--instcombine', '--simplifycfg', '--sroa', '--early-cse', '--lower-expect', '--aggressive-instcombine']",77,-15.156448717998709,0.0,-6.048496478161748,0.0,1,-15.156448717998709,-6.048496478161748,-0.9142599504045288,-156.85279187817258,26.788998887891626,52.94117647058824,34
1855,"['--ipsccp', '--speculative-execution', '--ipsccp', '--early-cse', '--mem2reg', '--jump-threading', '--globalopt', '--elim-avail-extern', '--instcombine', '--lowerswitch', '--loop-instsimplify', '--jump-threading', '--gvn', '--simplifycfg', '--instsimplify', '--inline', '--mergefunc', '--gvn-hoist', '--tailcallelim', '--globalopt', '--elim-avail-extern', '--loop-interchange', '--indvars', '--indvars', '--gvn', '--gvn', '--gvn', '--gvn', '--ipsccp', '--gvn', '--nary-reassociate', '--loop-instsimplify', '--early-cse', '--mem2reg', '--jump-threading', '--globalopt', '--elim-avail-extern', '--instcombine', '--simplifycfg', '--sroa', '--mem2reg', '--globaldce', '--gvn-hoist', '--sccp', '--early-cse', '--lower-constant-intrinsics', '--adce', '--slsr', '--gvn-hoist', '--adce', '--loop-simplify', '--dse', '--scalarizer', '--simplifycfg', '--lower-expect', '--simplifycfg', '--elim-avail-extern', '--lower-constant-intrinsics', '--ipsccp', '--gvn', '--nary-reassociate', '--gvn', '--early-cse', '--mem2reg', '--jump-threading', '--globalopt', '--slp-vectorizer', '--instcombine', '--simplifycfg', '--early-cse', '--lower-expect', '--sroa', '--sroa', '--lower-expect', '--aggressive-instcombine']",75,-15.171009738970257,0.0,-6.068549954097577,0.0,1,-15.171009738970257,-6.068549954097577,-0.9142599504045288,-156.85279187817258,26.784208028088386,52.94117647058824,34
1898,"['--ipsccp', '--speculative-execution', '--sccp', '--early-cse', '--mem2reg', '--jump-threading', '--globalopt', '--elim-avail-extern', '--instcombine', '--adce', '--aggressive-instcombine', '--gvn', '--simplifycfg', '--instsimplify', '--inline', '--globaldce', '--gvn-hoist', '--gvn-hoist', '--mergefunc', '--instcombine', '--elim-avail-extern', '--indvars', '--indvars', '--mem2reg', '--gvn', '--ipsccp', '--gvn', '--nary-reassociate', '--adce', '--early-cse', '--gvn', '--jump-threading', '--globalopt', '--elim-avail-extern', '--instcombine', '--simplifycfg', '--simplifycfg', '--sroa', '--mem2reg', '--globaldce', '--gvn-hoist', '--sccp', '--early-cse', '--lower-constant-intrinsics', '--adce', '--slsr', '--gvn-hoist', '--adce', '--loop-simplify', '--dse', '--scalarizer', '--simplifycfg', '--lower-expect', '--simplifycfg', '--elim-avail-extern', '--elim-avail-extern', '--lower-constant-intrinsics', '--ipsccp', '--gvn', '--loop-reroll', '--gvn', '--early-cse', '--mem2reg', '--jump-threading', '--globalopt', '--adce', '--instcombine', '--simplifycfg', '--sroa', '--early-cse', '--lower-expect', '--sroa', '--sroa', '--lower-expect', '--aggressive-instcombine']",75,-15.678551130146378,0.0,-11.30931198817265,0.0,1,-15.678551130146378,-11.30931198817265,0.0,-155.07246376811594,32.259789037227726,26.47058823529412,34
850,"['--ipsccp', '--speculative-execution', '--sccp', '--early-cse', '--mem2reg', '--jump-threading', '--globalopt', '--elim-avail-extern', '--instcombine', '--lowerswitch', '--jump-threading', '--simplifycfg', '--instsimplify', '--instsimplify', '--gvn-hoist', '--mergefunc', '--gvn-hoist', '--instcombine', '--globalopt', '--elim-avail-extern', '--indvars', '--gvn', '--gvn', '--ipsccp', '--gvn', '--nary-reassociate', '--lower-constant-intrinsics', '--loop-instsimplify', '--strip', '--mem2reg', '--jump-threading', '--globalopt', '--memcpyopt', '--elim-avail-extern', '--simplifycfg', '--sroa', '--mem2reg', '--gvn-hoist', '--sccp', '--early-cse', '--lower-constant-intrinsics', '--adce', '--gvn-hoist', '--adce', '--loop-simplify', '--dse', '--loop-sink', '--newgvn', '--simplifycfg', '--lower-expect', '--simplifycfg', '--gvn-hoist', '--instcombine', '--globalopt', '--elim-avail-extern', '--gvn', '--gvn', '--ipsccp', '--gvn', '--lower-constant-intrinsics', '--loop-instsimplify', '--early-cse', '--mem2reg', '--jump-threading', '--globalopt', '--slp-vectorizer', '--instcombine', '--simplifycfg', '--sroa', '--lower-constant-intrinsics', '--early-cse', '--lower-expect', '--lower-expect', '--elim-avail-extern', '--elim-avail-extern', '--lower-expect', '--slsr']",77,-15.685054437593326,0.0,-6.704896868890813,0.0,1,-15.685054437593326,-6.704896868890813,-1.072719877067703,-159.89847715736042,27.152053153369796,52.94117647058824,34
1412,"['--ipsccp', '--speculative-execution', '--sccp', '--early-cse', '--mem2reg', '--jump-threading', '--globalopt', '--elim-avail-extern', '--instcombine', '--adce', '--jump-threading', '--gvn', '--simplifycfg', '--instsimplify', '--inline', '--mergefunc', '--aggressive-instcombine', '--gvn-hoist', '--instcombine', '--globalopt', '--elim-avail-extern', '--indvars', '--gvn', '--gvn', '--ipsccp', '--gvn', '--nary-reassociate', '--loop-instsimplify', '--early-cse', '--mem2reg', '--jump-threading', '--globalopt', '--elim-avail-extern', '--instcombine', '--simplifycfg', '--sroa', '--mem2reg', '--globaldce', '--gvn-hoist', '--sccp', '--early-cse', '--lower-constant-intrinsics', '--adce', '--slsr', '--gvn-hoist', '--adce', '--loop-simplify', '--dse', '--scalarizer', '--simplifycfg', '--lower-expect', '--simplifycfg', '--gvn-hoist', '--elim-avail-extern', '--lower-constant-intrinsics', '--gvn', '--ipsccp', '--gvn', '--nary-reassociate', '--gvn', '--early-cse', '--irce', '--mem2reg', '--jump-threading', '--globalopt', '--simplifycfg', '--sroa', '--instcombine', '--simplifycfg', '--mem2reg', '--sroa', '--lower-constant-intrinsics', '--early-cse', '--lower-expect', '--lower-expect', '--loweratomic', '--elim-avail-extern', '--elim-avail-extern', '--slsr']",79,-15.719969160788082,0.0,-11.35410147757247,0.0,1,-15.719969160788082,-11.35410147757247,0.0,-155.07246376811594,32.33804817314611,26.47058823529412,34
713,"['--ipsccp', '--speculative-execution', '--sccp', '--early-cse', '--mem2reg', '--jump-threading', '--globalopt', '--elim-avail-extern', '--instcombine', '--lower-constant-intrinsics', '--jump-threading', '--gvn', '--simplifycfg', '--adce', '--gvn-hoist', '--reg2mem', '--mergefunc', '--gvn-hoist', '--instcombine', '--globalopt', '--elim-avail-extern', '--gvn', '--gvn', '--ipsccp', '--gvn', '--nary-reassociate', '--lower-constant-intrinsics', '--loop-instsimplify', '--early-cse', '--mem2reg', '--gvn', '--globalopt', '--elim-avail-extern', '--instcombine', '--simplifycfg', '--sroa', '--mem2reg', '--gvn-hoist', '--sccp', '--early-cse', '--nary-reassociate', '--adce', '--gvn-hoist', '--adce', '--lower-constant-intrinsics', '--dse', '--newgvn', '--simplifycfg', '--lower-expect', '--simplifycfg', '--gvn-hoist', '--instcombine', '--globalopt', '--elim-avail-extern', '--gvn', '--jump-threading', '--ipsccp', '--gvn', '--nary-reassociate', '--lower-constant-intrinsics', '--loop-instsimplify', '--early-cse', '--mem2reg', '--jump-threading', '--slp-vectorizer', '--instcombine', '--simplifycfg', '--sroa', '--lower-constant-intrinsics', '--early-cse', '--lower-expect', '--sroa', '--sroa', '--lower-expect', '--globalopt', '--elim-avail-extern', '--lower-expect']",77,-16.21755835501157,0.0,-4.2819265857687085,0.0,1,-16.21755835501157,-4.2819265857687085,-1.3198757763975155,-86.29441624365482,15.355251803909196,76.47058823529412,34
2637,"['--ipsccp', '--sccp', '--speculative-execution', '--lower-constant-intrinsics', '--early-cse', '--mem2reg', '--jump-threading', '--globalopt', '--elim-avail-extern', '--instcombine', '--loop-instsimplify', '--gvn', '--simplifycfg', '--instsimplify', '--inline', '--mergefunc', '--reassociate', '--gvn-hoist', '--instcombine', '--lower-expect', '--elim-avail-extern', '--loweratomic', '--indvars', '--indvars', '--gvn', '--gvn', '--lowerswitch', '--gvn', '--nary-reassociate', '--mem2reg', '--jump-threading', '--correlated-propagation', '--mem2reg', '--memcpyopt', '--globalopt', '--bdce', '--elim-avail-extern', '--instcombine', '--simplifycfg', '--sroa', '--lower-constant-intrinsics', '--adce', '--slsr', '--gvn-hoist', '--adce', '--loop-simplify', '--adce', '--loop-simplify', '--dse', '--scalarizer', '--dce', '--simplifycfg', '--globalopt', '--simplifycfg', '--elim-avail-extern', '--lower-constant-intrinsics', '--lower-constant-intrinsics', '--ipsccp', '--nary-reassociate', '--adce', '--early-cse', '--loop-guard-widening', '--jump-threading', '--slp-vectorizer', '--instcombine', '--slp-vectorizer', '--instcombine', '--instcombine', '--simplifycfg', '--sroa', '--early-cse', '--elim-avail-extern', '--lower-expect', '--sroa', '--sroa', '--aggressive-instcombine']",76,-16.368939465193183,0.0,-7.512387077844809,0.0,1,-16.368939465193183,-7.512387077844809,-0.9142599504045288,-156.85279187817258,27.934726862213413,52.94117647058824,34
2095,"['--ipsccp', '--speculative-execution', '--sccp', '--early-cse', '--mem2reg', '--jump-threading', '--globalopt', '--elim-avail-extern', '--instcombine', '--loop-instsimplify', '--jump-threading', '--gvn', '--simplifycfg', '--instsimplify', '--inline', '--mergefunc', '--gvn-hoist', '--instcombine', '--globalopt', '--elim-avail-extern', '--indvars', '--indvars', '--gvn', '--gvn', '--ipsccp', '--gvn', '--nary-reassociate', '--adce', '--lowerswitch', '--mem2reg', '--jump-threading', '--correlated-propagation', '--mem2reg', '--memcpyopt', '--globalopt', '--jump-threading', '--bdce', '--elim-avail-extern', '--instcombine', '--simplifycfg', '--sroa', '--lower-constant-intrinsics', '--adce', '--slsr', '--gvn-hoist', '--adce', '--loop-simplify', '--adce', '--loop-simplify', '--dse', '--scalarizer', '--scalarizer', '--simplifycfg', '--lower-expect', '--simplifycfg', '--elim-avail-extern', '--lower-constant-intrinsics', '--ipsccp', '--gvn', '--nary-reassociate', '--gvn', '--early-cse', '--loop-guard-widening', '--jump-threading', '--globalopt', '--slp-vectorizer', '--instcombine', '--slp-vectorizer', '--instcombine', '--simplifycfg', '--sroa', '--early-cse', '--lower-expect', '--sroa', '--lower-expect', '--aggressive-instcombine']",76,-16.38341503148292,0.0,-7.5324405537806385,0.0,1,-16.38341503148292,-7.5324405537806385,-0.9142599504045288,-156.85279187817258,27.92908145559206,52.94117647058824,34
98,"['--loop-fusion', '--jump-threading', '--newgvn', '--ipsccp', '--loop-simplifycfg', '--newgvn', '--sroa', '--elim-avail-extern', '--mem2reg', '--gvn', '--loop-instsimplify', '--lower-constant-intrinsics', '--early-cse', '--mem2reg', '--jump-threading', '--globalopt', '--elim-avail-extern', '--lower-constant-intrinsics', '--mem2reg', '--ipsccp']",20,-16.432407832158926,0.0,-8.947569906190278,0.0,1,-16.432407832158926,-8.947569906190278,0.0,-127.38853503184713,26.62906873104454,47.05882352941176,34
175,"['--mem2reg', '--mergefunc', '--instcombine', '--mem2reg', '--adce', '--early-cse-memssa', '--flattencfg', '--instcombine', '--ipsccp', '--instcombine', '--elim-avail-extern', '--simplifycfg', '--early-cse-memssa', '--scalarizer', '--instcombine', '--adce', '--early-cse-memssa', '--instcombine', '--simplifycfg', '--sroa', '--sccp', '--gvn-hoist', '--simplifycfg', '--nary-reassociate', '--jump-threading', '--load-store-vectorizer', '--early-cse-memssa', '--lower-expect', '--loop-instsimplify', '--early-cse', '--mem2reg', '--jump-threading', '--globalopt', '--elim-avail-extern', '--instcombine', '--simplifycfg', '--sroa', '--sccp', '--gvn-hoist', '--simplifycfg', '--nary-reassociate', '--gvn-hoist', '--adce', '--lower-constant-intrinsics', '--newgvn', '--simplifycfg', '--lower-expect', '--simplifycfg', '--gvn-hoist', '--instcombine', '--globalopt', '--elim-avail-extern', '--gvn', '--gvn', '--ipsccp', '--gvn', '--nary-reassociate', '--lower-constant-intrinsics', '--loop-instsimplify', '--early-cse', '--mem2reg', '--jump-threading', '--globalopt', '--elim-avail-extern', '--instcombine', '--simplifycfg', '--sroa', '--lower-constant-intrinsics', '--early-cse', '--lower-expect', '--sroa', '--sccp', '--sroa', '--lower-expect', '--globalopt', '--elim-avail-extern', '--lower-expect']",77,-16.433415678502797,0.0,-10.212644402405306,0.0,1,-16.433415678502797,-10.212644402405306,0.0,-152.75362318840578,30.3863825905176,38.23529411764706,34
1888,"['--ipsccp', '--speculative-execution', '--sccp', '--early-cse', '--mergefunc', '--ipsccp', '--mem2reg', '--jump-threading', '--globalopt', '--elim-avail-extern', '--instcombine', '--loop-instsimplify', '--jump-threading', '--gvn', '--simplifycfg', '--instsimplify', '--reg2mem', '--mergefunc', '--gvn-hoist', '--instcombine', '--globalopt', '--elim-avail-extern', '--indvars', '--indvars', '--gvn', '--gvn', '--ipsccp', '--gvn', '--nary-reassociate', '--adce', '--early-cse', '--mem2reg', '--jump-threading', '--instcombine', '--simplifycfg', '--sroa', '--mem2reg', '--globaldce', '--gvn-hoist', '--sccp', '--early-cse', '--lower-constant-intrinsics', '--adce', '--slsr', '--gvn-hoist', '--adce', '--loop-simplify', '--dse', '--scalarizer', '--simplifycfg', '--lower-expect', '--simplifycfg', '--gvn-hoist', '--elim-avail-extern', '--lower-constant-intrinsics', '--gvn', '--ipsccp', '--gvn', '--nary-reassociate', '--early-cse', '--mem2reg', '--jump-threading', '--globalopt', '--slp-vectorizer', '--instcombine', '--simplifycfg', '--sroa', '--early-cse', '--lower-expect', '--sroa', '--lower-expect', '--simplifycfg', '--aggressive-instcombine']",73,-16.439433292000118,0.0,-5.424304041790882,0.0,1,-16.439433292000118,-5.424304041790882,-1.6138552153113999,-88.3248730964467,17.829699665393086,70.58823529411765,34
2159,"['--ipsccp', '--speculative-execution', '--sccp', '--early-cse', '--mem2reg', '--jump-threading', '--globalopt', '--elim-avail-extern', '--instcombine', '--loop-instsimplify', '--jump-threading', '--gvn', '--simplifycfg', '--instsimplify', '--inline', '--mergefunc', '--gvn-hoist', '--instcombine', '--globalopt', '--elim-avail-extern', '--indvars', '--indvars', '--gvn', '--gvn', '--gvn', '--ipsccp', '--gvn', '--nary-reassociate', '--adce', '--early-cse', '--jump-threading', '--globalopt', '--jump-threading', '--bdce', '--elim-avail-extern', '--instcombine', '--instcombine', '--simplifycfg', '--sroa', '--mem2reg', '--globaldce', '--loop-versioning-licm', '--gvn-hoist', '--early-cse', '--lower-constant-intrinsics', '--adce', '--slsr', '--gvn-hoist', '--adce', '--loop-simplify', '--dse', '--scalarizer', '--simplifycfg', '--lower-expect', '--simplifycfg', '--elim-avail-extern', '--lower-constant-intrinsics', '--ipsccp', '--nary-reassociate', '--lowerswitch', '--mem2reg', '--jump-threading', '--globalopt', '--slp-vectorizer', '--instcombine', '--simplifycfg', '--sroa', '--early-cse', '--lower-expect', '--sroa', '--lower-expect', '--aggressive-instcombine']",72,-16.66233798975452,0.0,-7.832178283267337,0.0,1,-16.66233798975452,-7.832178283267337,-0.9142599504045288,-156.85279187817258,28.470278067157814,52.94117647058824,34
2031,"['--ipsccp', '--speculative-execution', '--sccp', '--early-cse', '--mem2reg', '--jump-threading', '--elim-avail-extern', '--instcombine', '--adce', '--loop-interchange', '--aggressive-instcombine', '--gvn', '--simplifycfg', '--instsimplify', '--inline', '--mergefunc', '--gvn-hoist', '--gvn-hoist', '--instcombine', '--globalopt', '--elim-avail-extern', '--indvars', '--elim-avail-extern', '--indvars', '--gvn', '--gvn', '--ipsccp', '--gvn', '--nary-reassociate', '--loop-instsimplify', '--early-cse', '--mem2reg', '--jump-threading', '--globalopt', '--elim-avail-extern', '--instcombine', '--simplifycfg', '--sroa', '--mem2reg', '--globaldce', '--gvn-hoist', '--sccp', '--early-cse', '--lower-constant-intrinsics', '--adce', '--slsr', '--gvn-hoist', '--adce', '--loop-simplify', '--dse', '--scalarizer', '--simplifycfg', '--lower-expect', '--simplifycfg', '--elim-avail-extern', '--lower-constant-intrinsics', '--lowerswitch', '--gvn', '--nary-reassociate', '--gvn', '--early-cse', '--mem2reg', '--jump-threading', '--globalopt', '--slp-vectorizer', '--instcombine', '--simplifycfg', '--sroa', '--early-cse', '--lower-expect', '--sroa', '--sroa', '--lower-expect', '--aggressive-instcombine']",74,-16.66233798975452,0.0,-7.832178283267337,0.0,1,-16.66233798975452,-7.832178283267337,-0.9142599504045288,-156.85279187817258,28.470278067157814,52.94117647058824,34
1887,"['--ipsccp', '--speculative-execution', '--gvn-hoist', '--early-cse', '--mergefunc', '--ipsccp', '--mem2reg', '--jump-threading', '--globalopt', '--elim-avail-extern', '--instcombine', '--loop-instsimplify', '--jump-threading', '--gvn', '--simplifycfg', '--instsimplify', '--gvn-hoist', '--instcombine', '--globalopt', '--elim-avail-extern', '--indvars', '--indvars', '--gvn', '--gvn', '--ipsccp', '--gvn', '--nary-reassociate', '--adce', '--early-cse', '--mem2reg', '--jump-threading', '--globalopt', '--elim-avail-extern', '--instcombine', '--simplifycfg', '--sroa', '--mem2reg', '--globaldce', '--gvn-hoist', '--sccp', '--early-cse', '--lower-constant-intrinsics', '--adce', '--slsr', '--gvn-hoist', '--adce', '--loop-simplify', '--dse', '--scalarizer', '--simplifycfg', '--lower-expect', '--simplifycfg', '--gvn-hoist', '--elim-avail-extern', '--lowerswitch', '--gvn', '--ipsccp', '--gvn', '--nary-reassociate', '--gvn', '--early-cse', '--mem2reg', '--jump-threading', '--globalopt', '--slp-vectorizer', '--instcombine', '--simplifycfg', '--sroa', '--early-cse', '--lower-expect', '--sroa', '--lower-expect', '--aggressive-instcombine']",73,-16.7703778667956,0.0,-7.945985631536452,0.0,1,-16.7703778667956,-7.945985631536452,-0.9142599504045288,-157.86802030456852,28.697121725550232,52.94117647058824,34
65,"['--loop-fusion', '--jump-threading', '--newgvn', '--ipsccp', '--loop-simplifycfg', '--newgvn', '--sroa', '--elim-avail-extern', '--mem2reg', '--gvn', '--lower-constant-intrinsics', '--load-store-vectorizer', '--mem2reg', '--load-store-vectorizer', '--early-cse-memssa', '--instcombine', '--adce', '--prune-eh']",18,-16.83380184818164,0.0,-8.800243552156896,0.0,1,-16.83380184818164,-8.800243552156896,-0.10395010395010396,-135.66878980891718,27.336191840639675,50.0,34
1798,"['--ipsccp', '--speculative-execution', '--sccp', '--early-cse', '--mem2reg', '--jump-threading', '--elim-avail-extern', '--instcombine', '--adce', '--loop-interchange', '--aggressive-instcombine', '--gvn', '--simplifycfg', '--instsimplify', '--simplifycfg', '--instsimplify', '--inline', '--mergefunc', '--gvn-hoist', '--instcombine', '--globalopt', '--elim-avail-extern', '--indvars', '--indvars', '--gvn', '--gvn', '--ipsccp', '--gvn', '--nary-reassociate', '--adce', '--early-cse', '--mem2reg', '--jump-threading', '--globalopt', '--elim-avail-extern', '--instcombine', '--simplifycfg', '--sroa', '--mem2reg', '--globaldce', '--gvn-hoist', '--sccp', '--early-cse', '--lower-constant-intrinsics', '--sroa', '--adce', '--slsr', '--gvn-hoist', '--adce', '--loop-simplify', '--dse', '--scalarizer', '--simplifycfg', '--lower-expect', '--simplifycfg', '--gvn-hoist', '--elim-avail-extern', '--lower-constant-intrinsics', '--gvn', '--ipsccp', '--gvn', '--nary-reassociate', '--gvn', '--early-cse', '--mem2reg', '--jump-threading', '--globalopt', '--mem2reg', '--simplifycfg', '--sroa', '--early-cse', '--lower-expect', '--sroa', '--sroa', '--aggressive-instcombine']",75,-16.865041512916676,0.0,-12.452308828852656,0.0,1,-16.865041512916676,-12.452308828852656,0.0,-159.1304347826087,35.552216559830676,26.47058823529412,34
1769,"['--ipsccp', '--speculative-execution', '--sccp', '--early-cse', '--mergefunc', '--ipsccp', '--mem2reg', '--jump-threading', '--globalopt', '--elim-avail-extern', '--instcombine', '--loop-instsimplify', '--early-cse', '--gvn', '--simplifycfg', '--instsimplify', '--inline', '--mergefunc', '--gvn-hoist', '--instcombine', '--globalopt', '--elim-avail-extern', '--indvars', '--indvars', '--gvn', '--gvn', '--ipsccp', '--gvn', '--nary-reassociate', '--adce', '--jump-threading', '--mem2reg', '--jump-threading', '--globalopt', '--elim-avail-extern', '--instcombine', '--simplifycfg', '--sroa', '--mem2reg', '--globaldce', '--gvn-hoist', '--irce', '--early-cse', '--lower-constant-intrinsics', '--adce', '--slsr', '--gvn-hoist', '--adce', '--loop-simplify', '--dse', '--scalarizer', '--simplifycfg', '--lower-expect', '--simplifycfg', '--gvn-hoist', '--lower-constant-intrinsics', '--slsr', '--ipsccp', '--gvn', '--nary-reassociate', '--gvn', '--early-cse', '--mem2reg', '--jump-threading', '--globalopt', '--simplifycfg', '--sroa', '--early-cse', '--lower-expect', '--sroa', '--sroa', '--lower-expect', '--aggressive-instcombine']",73,-16.865041512916676,0.0,-12.452308828852656,0.0,1,-16.865041512916676,-12.452308828852656,0.0,-159.1304347826087,35.552216559830676,26.47058823529412,34
1914,"['--ipsccp', '--speculative-execution', '--sccp', '--early-cse', '--mem2reg', '--jump-threading', '--globalopt', '--elim-avail-extern', '--instcombine', '--loop-instsimplify', '--jump-threading', '--gvn', '--simplifycfg', '--instsimplify', '--inline', '--mergefunc', '--gvn-hoist', '--instcombine', '--globalopt', '--elim-avail-extern', '--indvars', '--indvars', '--loop-unroll-and-jam', '--elim-avail-extern', '--indvars', '--gvn', '--gvn', '--nary-reassociate', '--loop-instsimplify', '--early-cse', '--mem2reg', '--jump-threading', '--mem2reg', '--globalopt', '--jump-threading', '--bdce', '--elim-avail-extern', '--instcombine', '--simplifycfg', '--sroa', '--tailcallelim', '--globaldce', '--gvn-hoist', '--sccp', '--early-cse', '--lower-constant-intrinsics', '--adce', '--nary-reassociate', '--slsr', '--gvn-hoist', '--adce', '--loop-simplify', '--dse', '--scalarizer', '--elim-avail-extern', '--lower-expect', '--simplifycfg', '--elim-avail-extern', '--jump-threading', '--lower-constant-intrinsics', '--ipsccp', '--gvn', '--nary-reassociate', '--gvn', '--early-cse', '--mem2reg', '--jump-threading', '--sroa', '--early-cse', '--lower-expect', '--sroa', '--sroa', '--lower-expect', '--simplifycfg', '--aggressive-instcombine']",75,-16.87519893056657,0.0,-12.461920516665037,0.0,1,-16.87519893056657,-12.461920516665037,0.0,-159.1304347826087,35.581703077736734,26.47058823529412,34
2641,"['--ipsccp', '--speculative-execution', '--sccp', '--lower-constant-intrinsics', '--early-cse', '--mem2reg', '--jump-threading', '--globalopt', '--instcombine', '--loop-instsimplify', '--jump-threading', '--gvn', '--simplifycfg', '--instsimplify', '--inline', '--inline', '--mergefunc', '--gvn-hoist', '--instcombine', '--globalopt', '--elim-avail-extern', '--loweratomic', '--indvars', '--indvars', '--gvn', '--gvn', '--ipsccp', '--gvn', '--nary-reassociate', '--mem2reg', '--partially-inline-libcalls', '--correlated-propagation', '--mem2reg', '--memcpyopt', '--globalopt', '--jump-threading', '--bdce', '--elim-avail-extern', '--instcombine', '--simplifycfg', '--sroa', '--lower-constant-intrinsics', '--adce', '--slsr', '--gvn-hoist', '--adce', '--loop-simplify', '--adce', '--loop-simplify', '--dse', '--scalarizer', '--simplifycfg', '--lower-expect', '--gvn-hoist', '--simplifycfg', '--lower-expect', '--simplifycfg', '--elim-avail-extern', '--lower-constant-intrinsics', '--ipsccp', '--gvn', '--nary-reassociate', '--loop-guard-widening', '--jump-threading', '--globalopt', '--slp-vectorizer', '--instcombine', '--slp-vectorizer', '--instcombine', '--simplifycfg', '--sroa', '--early-cse', '--lower-expect', '--sroa', '--lower-expect', '--aggressive-instcombine']",76,-16.99381977852224,0.0,-11.642787018554674,0.0,1,-16.99381977852224,-11.642787018554674,0.5620873773639496,-378.42105263157896,64.97023632253293,11.76470588235294,34
2607,"['--ipsccp', '--speculative-execution', '--sccp', '--lower-constant-intrinsics', '--early-cse', '--mem2reg', '--jump-threading', '--globalopt', '--mergereturn', '--instcombine', '--loop-instsimplify', '--jump-threading', '--loop-fusion', '--gvn', '--simplifycfg', '--instsimplify', '--inline', '--mergefunc', '--gvn-hoist', '--instcombine', '--globalopt', '--elim-avail-extern', '--loweratomic', '--indvars', '--indvars', '--gvn', '--gvn', '--ipsccp', '--gvn', '--nary-reassociate', '--adce', '--early-cse', '--mem2reg', '--jump-threading', '--lower-expect', '--elim-avail-extern', '--instcombine', '--simplifycfg', '--sroa', '--mem2reg', '--globaldce', '--gvn-hoist', '--sccp', '--early-cse', '--lower-constant-intrinsics', '--adce', '--slsr', '--nary-reassociate', '--adce', '--loop-simplify', '--dse', '--scalarizer', '--adce', '--loop-simplify', '--dse', '--scalarizer', '--simplifycfg', '--elim-avail-extern', '--lower-expect', '--elim-avail-extern', '--inferattrs', '--ipsccp', '--gvn-hoist', '--gvn', '--jump-threading', '--globalopt', '--slp-vectorizer', '--instcombine', '--slp-vectorizer', '--instcombine', '--simplifycfg', '--sroa', '--early-cse', '--early-cse', '--globalopt', '--aggressive-instcombine']",76,-16.99381977852224,0.0,-11.642787018554674,0.0,1,-16.99381977852224,-11.642787018554674,0.5620873773639496,-378.42105263157896,64.97023632253293,11.76470588235294,34
2534,"['--ipsccp', '--speculative-execution', '--sccp', '--lower-constant-intrinsics', '--early-cse', '--mem2reg', '--jump-threading', '--globalopt', '--instcombine', '--loop-instsimplify', '--gvn', '--simplifycfg', '--instsimplify', '--inline', '--mergefunc', '--reassociate', '--gvn-hoist', '--instcombine', '--globalopt', '--dse', '--loweratomic', '--indvars', '--indvars', '--gvn', '--gvn', '--ipsccp', '--gvn', '--nary-reassociate', '--adce', '--early-cse', '--mem2reg', '--jump-threading', '--globalopt', '--elim-avail-extern', '--instcombine', '--simplifycfg', '--sroa', '--mem2reg', '--globaldce', '--simplifycfg', '--sccp', '--early-cse', '--lower-constant-intrinsics', '--lower-constant-intrinsics', '--gvn-hoist', '--adce', '--loop-simplify', '--adce', '--loop-simplify', '--dse', '--scalarizer', '--simplifycfg', '--lower-expect', '--simplifycfg', '--elim-avail-extern', '--lower-constant-intrinsics', '--ipsccp', '--gvn', '--nary-reassociate', '--gvn', '--mem2reg', '--jump-threading', '--globalopt', '--slp-vectorizer', '--instcombine', '--simplifycfg', '--sroa', '--early-cse', '--lower-expect', '--sroa', '--sroa', '--lower-expect', '--aggressive-instcombine']",73,-17.002620280229213,0.0,-11.654865772027318,0.0,1,-17.002620280229213,-11.654865772027318,0.5620873773639496,-378.42105263157896,64.96765068855782,11.76470588235294,34
1615,"['--ipsccp', '--speculative-execution', '--sccp', '--early-cse', '--mem2reg', '--jump-threading', '--adce', '--instcombine', '--adce', '--loop-interchange', '--aggressive-instcombine', '--gvn', '--simplifycfg', '--instsimplify', '--inline', '--mergefunc', '--gvn-hoist', '--gvn-hoist', '--instcombine', '--globalopt', '--elim-avail-extern', '--indvars', '--indvars', '--gvn', '--gvn', '--ipsccp', '--gvn', '--gvn', '--nary-reassociate', '--loop-instsimplify', '--early-cse', '--mem2reg', '--jump-threading', '--globalopt', '--elim-avail-extern', '--instcombine', '--simplifycfg', '--sroa', '--mem2reg', '--globaldce', '--gvn-hoist', '--sccp', '--early-cse', '--lower-constant-intrinsics', '--adce', '--slsr', '--gvn-hoist', '--adce', '--loop-simplify', '--dse', '--scalarizer', '--simplifycfg', '--lower-expect', '--simplifycfg', '--elim-avail-extern', '--lower-constant-intrinsics', '--ipsccp', '--gvn', '--nary-reassociate', '--gvn', '--early-cse', '--mem2reg', '--jump-threading', '--globalopt', '--slp-vectorizer', '--instcombine', '--simplifycfg', '--sroa', '--early-cse', '--lower-expect', '--sroa', '--sroa', '--lower-expect', '--aggressive-instcombine']",74,-17.008489681056393,0.0,-11.662840494490503,0.0,1,-17.008489681056393,-11.662840494490503,0.5008908414855473,-378.42105263157896,64.96653427835574,11.76470588235294,34
2177,"['--ipsccp', '--speculative-execution', '--sccp', '--early-cse', '--mem2reg', '--jump-threading', '--loop-idiom', '--instcombine', '--adce', '--loop-interchange', '--aggressive-instcombine', '--gvn', '--simplifycfg', '--instsimplify', '--inline', '--mergefunc', '--gvn-hoist', '--gvn-hoist', '--instcombine', '--globalopt', '--elim-avail-extern', '--indvars', '--elim-avail-extern', '--indvars', '--gvn', '--gvn', '--ipsccp', '--gvn', '--nary-reassociate', '--sccp', '--early-cse', '--mem2reg', '--jump-threading', '--elim-avail-extern', '--instcombine', '--simplifycfg', '--sroa', '--mem2reg', '--globaldce', '--gvn-hoist', '--loop-instsimplify', '--early-cse', '--lower-constant-intrinsics', '--adce', '--slsr', '--gvn-hoist', '--adce', '--loop-simplify', '--dse', '--scalarizer', '--simplifycfg', '--lower-expect', '--simplifycfg', '--elim-avail-extern', '--simplifycfg', '--elim-avail-extern', '--lower-constant-intrinsics', '--ipsccp', '--gvn', '--nary-reassociate', '--gvn', '--early-cse', '--loop-guard-widening', '--jump-threading', '--globalopt', '--slp-vectorizer', '--instcombine', '--slp-vectorizer', '--instcombine', '--simplifycfg', '--sroa', '--early-cse', '--lower-expect', '--sroa', '--lower-expect', '--aggressive-instcombine', '--aggressive-instcombine']",77,-17.008489681056393,0.0,-11.662840494490503,0.0,1,-17.008489681056393,-11.662840494490503,0.5008908414855473,-378.42105263157896,64.96653427835574,11.76470588235294,34
1739,"['--ipsccp', '--speculative-execution', '--sccp', '--early-cse', '--mem2reg', '--jump-threading', '--irce', '--instcombine', '--adce', '--loop-interchange', '--aggressive-instcombine', '--gvn', '--simplifycfg', '--instsimplify', '--inline', '--mergefunc', '--gvn-hoist', '--gvn-hoist', '--instcombine', '--globalopt', '--elim-avail-extern', '--indvars', '--elim-avail-extern', '--indvars', '--gvn', '--gvn', '--ipsccp', '--gvn', '--nary-reassociate', '--loop-instsimplify', '--early-cse', '--mem2reg', '--jump-threading', '--globalopt', '--elim-avail-extern', '--instcombine', '--simplifycfg', '--sroa', '--mem2reg', '--globaldce', '--gvn-hoist', '--sccp', '--early-cse', '--lower-constant-intrinsics', '--adce', '--slsr', '--gvn-hoist', '--sroa', '--loop-simplify', '--dse', '--scalarizer', '--simplifycfg', '--lower-expect', '--simplifycfg', '--elim-avail-extern', '--lower-constant-intrinsics', '--ipsccp', '--gvn', '--nary-reassociate', '--gvn', '--early-cse', '--mem2reg', '--jump-threading', '--globalopt', '--slp-vectorizer', '--instcombine', '--simplifycfg', '--sroa', '--early-cse', '--lower-expect', '--sroa', '--sroa', '--lower-expect', '--aggressive-instcombine']",74,-17.008489681056393,0.0,-11.662840494490503,0.0,1,-17.008489681056393,-11.662840494490503,0.5008908414855473,-378.42105263157896,64.96653427835574,11.76470588235294,34
1747,"['--ipsccp', '--speculative-execution', '--sccp', '--early-cse', '--mem2reg', '--jump-threading', '--globalopt', '--aggressive-instcombine', '--instcombine', '--loop-instsimplify', '--jump-threading', '--gvn', '--simplifycfg', '--instsimplify', '--inline', '--mergefunc', '--gvn-hoist', '--instcombine', '--globalopt', '--elim-avail-extern', '--indvars', '--indvars', '--gvn', '--gvn', '--ipsccp', '--gvn', '--nary-reassociate', '--adce', '--early-cse', '--mem2reg', '--jump-threading', '--globalopt', '--elim-avail-extern', '--loop-interchange', '--instcombine', '--simplifycfg', '--sroa', '--mem2reg', '--globaldce', '--gvn-hoist', '--sccp', '--lower-constant-intrinsics', '--adce', '--slsr', '--gvn-hoist', '--adce', '--loop-simplify', '--dse', '--scalarizer', '--simplifycfg', '--lower-expect', '--simplifycfg', '--gvn-hoist', '--elim-avail-extern', '--simplifycfg', '--irce', '--ipsccp', '--gvn', '--nary-reassociate', '--gvn', '--early-cse', '--mem2reg', '--jump-threading', '--globalopt', '--slp-vectorizer', '--instcombine', '--simplifycfg', '--sroa', '--early-cse', '--lower-expect', '--sroa', '--lower-expect', '--elim-avail-extern']",73,-17.008489681056393,0.0,-11.662840494490503,0.0,1,-17.008489681056393,-11.662840494490503,0.5008908414855473,-378.42105263157896,64.96653427835574,11.76470588235294,34
2068,"['--ipsccp', '--speculative-execution', '--sccp', '--early-cse', '--mem2reg', '--jump-threading', '--elim-avail-extern', '--instcombine', '--loop-simplify', '--loop-interchange', '--aggressive-instcombine', '--gvn', '--simplifycfg', '--instsimplify', '--inline', '--mergefunc', '--gvn-hoist', '--gvn-hoist', '--instcombine', '--globalopt', '--elim-avail-extern', '--indvars', '--elim-avail-extern', '--indvars', '--gvn', '--gvn', '--ipsccp', '--gvn', '--nary-reassociate', '--loop-instsimplify', '--early-cse', '--mem2reg', '--jump-threading', '--globalopt', '--elim-avail-extern', '--instcombine', '--simplifycfg', '--sroa', '--gvn-hoist', '--sccp', '--early-cse', '--lower-constant-intrinsics', '--adce', '--slsr', '--adce', '--slsr', '--gvn-hoist', '--gvn', '--adce', '--loop-simplify', '--dse', '--scalarizer', '--simplifycfg', '--lower-expect', '--simplifycfg', '--elim-avail-extern', '--lower-constant-intrinsics', '--gvn', '--nary-reassociate', '--elim-avail-extern', '--early-cse', '--mem2reg', '--jump-threading', '--globalopt', '--slp-vectorizer', '--instcombine', '--simplifycfg', '--sroa', '--early-cse', '--lowerswitch', '--lower-expect', '--sroa', '--lower-expect', '--simplifycfg', '--aggressive-instcombine']",75,-17.080464444769078,0.0,-8.255267030073163,0.0,1,-17.080464444769078,-8.255267030073163,-0.9142599504045288,-160.40609137055836,29.478377016259714,52.94117647058824,34
2587,"['--ipsccp', '--speculative-execution', '--sccp', '--early-cse', '--mem2reg', '--jump-threading', '--globalopt', '--elim-avail-extern', '--instcombine', '--adce', '--jump-threading', '--gvn', '--simplifycfg', '--instsimplify', '--inline', '--mergefunc', '--gvn-hoist', '--gvn-hoist', '--instcombine', '--globalopt', '--elim-avail-extern', '--loweratomic', '--indvars', '--indvars', '--gvn', '--mem2reg', '--ipsccp', '--gvn', '--nary-reassociate', '--adce', '--strip', '--mem2reg', '--jump-threading', '--globalopt', '--elim-avail-extern', '--instcombine', '--simplifycfg', '--sroa', '--mem2reg', '--globaldce', '--gvn-hoist', '--sccp', '--early-cse', '--lower-constant-intrinsics', '--adce', '--slsr', '--gvn-hoist', '--adce', '--loop-simplify', '--loop-simplify', '--dse', '--scalarizer', '--dse', '--aggressive-instcombine', '--simplifycfg', '--mergereturn', '--lower-expect', '--elim-avail-extern', '--lower-constant-intrinsics', '--ipsccp', '--nary-reassociate', '--gvn', '--jump-threading', '--globalopt', '--slp-vectorizer', '--instcombine', '--slp-vectorizer', '--instcombine', '--simplifycfg', '--sroa', '--early-cse', '--lower-expect', '--sroa', '--sroa', '--scalarizer']",75,-17.183876664292505,0.0,-12.83147191483755,0.0,1,-17.183876664292505,-12.83147191483755,0.0702247191011236,-160.28985507246375,35.89684492870227,26.47058823529412,34
2620,"['--ipsccp', '--speculative-execution', '--sccp', '--early-cse', '--mem2reg', '--jump-threading', '--globalopt', '--elim-avail-extern', '--instcombine', '--loop-instsimplify', '--jump-threading', '--gvn', '--simplifycfg', '--instsimplify', '--inline', '--inline', '--mergefunc', '--gvn-hoist', '--instcombine', '--globalopt', '--elim-avail-extern', '--loweratomic', '--indvars', '--indvars', '--gvn', '--gvn', '--ipsccp', '--gvn', '--nary-reassociate', '--mem2reg', '--partially-inline-libcalls', '--correlated-propagation', '--mem2reg', '--memcpyopt', '--globalopt', '--jump-threading', '--bdce', '--elim-avail-extern', '--instcombine', '--simplifycfg', '--sroa', '--lower-constant-intrinsics', '--adce', '--slsr', '--gvn-hoist', '--adce', '--loop-simplify', '--adce', '--loop-simplify', '--dse', '--adce', '--loop-simplify', '--dse', '--scalarizer', '--simplifycfg', '--mergereturn', '--lower-expect', '--elim-avail-extern', '--lower-constant-intrinsics', '--loop-simplify', '--nary-reassociate', '--gvn', '--jump-threading', '--globalopt', '--correlated-propagation', '--slp-vectorizer', '--instcombine', '--slp-vectorizer', '--instcombine', '--simplifycfg', '--sroa', '--early-cse', '--lower-expect', '--sroa', '--scalarizer', '--sroa', '--aggressive-instcombine']",77,-17.183876664292505,0.0,-12.83147191483755,0.0,1,-17.183876664292505,-12.83147191483755,0.0702247191011236,-160.28985507246375,35.89684492870227,26.47058823529412,34
1160,"['--ipsccp', '--speculative-execution', '--sccp', '--early-cse', '--mem2reg', '--jump-threading', '--globalopt', '--sroa', '--instcombine', '--adce', '--jump-threading', '--gvn', '--simplifycfg', '--instsimplify', '--inline', '--gvn-hoist', '--mergefunc', '--gvn-hoist', '--instcombine', '--globalopt', '--elim-avail-extern', '--indvars', '--gvn', '--gvn', '--ipsccp', '--gvn', '--nary-reassociate', '--loop-instsimplify', '--early-cse', '--mem2reg', '--jump-threading', '--globalopt', '--elim-avail-extern', '--instcombine', '--simplifycfg', '--sroa', '--mem2reg', '--gvn-hoist', '--sccp', '--early-cse', '--lower-constant-intrinsics', '--adce', '--gvn-hoist', '--adce', '--loop-simplify', '--dse', '--loop-sink', '--simplifycfg', '--simplifycfg', '--indvars', '--simplifycfg', '--gvn-hoist', '--instcombine', '--globalopt', '--elim-avail-extern', '--ipsccp', '--gvn', '--ipsccp', '--gvn', '--nary-reassociate', '--lower-constant-intrinsics', '--loop-instsimplify', '--early-cse', '--mem2reg', '--jump-threading', '--globalopt', '--slp-vectorizer', '--instcombine', '--simplifycfg', '--sroa', '--lower-constant-intrinsics', '--early-cse', '--aggressive-instcombine']",73,-17.23331388330403,0.0,-11.972150744682722,0.0,1,-17.23331388330403,-11.972150744682722,0.5008908414855473,-378.42105263157896,64.89494942439049,11.76470588235294,34
1184,"['--ipsccp', '--speculative-execution', '--sccp', '--early-cse', '--mem2reg', '--jump-threading', '--globalopt', '--elim-avail-extern', '--instcombine', '--mem2reg', '--jump-threading', '--gvn', '--simplifycfg', '--instsimplify', '--inline', '--gvn-hoist', '--mergefunc', '--gvn-hoist', '--lowerswitch', '--globalopt', '--elim-avail-extern', '--indvars', '--gvn', '--gvn', '--ipsccp', '--gvn', '--nary-reassociate', '--loop-instsimplify', '--early-cse', '--mem2reg', '--jump-threading', '--globalopt', '--elim-avail-extern', '--instcombine', '--simplifycfg', '--sroa', '--mem2reg', '--gvn-hoist', '--sccp', '--early-cse', '--lower-constant-intrinsics', '--adce', '--gvn-hoist', '--adce', '--dse', '--loop-sink', '--simplifycfg', '--lower-expect', '--simplifycfg', '--gvn-hoist', '--instcombine', '--globalopt', '--aggressive-instcombine', '--gvn', '--gvn', '--ipsccp', '--gvn', '--lower-constant-intrinsics', '--loop-instsimplify', '--early-cse', '--mem2reg', '--jump-threading', '--globalopt', '--slp-vectorizer', '--instcombine', '--simplifycfg', '--sroa', '--lower-constant-intrinsics', '--early-cse', '--lower-expect', '--lower-expect', '--loweratomic', '--elim-avail-extern', '--elim-avail-extern', '--lower-expect', '--slsr']",76,-17.327729954433025,0.0,-8.586338647430948,0.0,1,-17.327729954433025,-8.586338647430948,-0.9142599504045288,-158.3756345177665,29.467994982715773,52.94117647058824,34
1246,"['--ipsccp', '--speculative-execution', '--sccp', '--early-cse', '--mem2reg', '--jump-threading', '--globalopt', '--slsr', '--instcombine', '--adce', '--jump-threading', '--gvn', '--simplifycfg', '--instsimplify', '--inline', '--gvn-hoist', '--mergefunc', '--gvn-hoist', '--instcombine', '--globalopt', '--elim-avail-extern', '--indvars', '--gvn', '--gvn', '--ipsccp', '--gvn', '--nary-reassociate', '--loop-instsimplify', '--early-cse', '--mem2reg', '--jump-threading', '--globalopt', '--instcombine', '--simplifycfg', '--sroa', '--gvn-hoist', '--sccp', '--sccp', '--early-cse', '--lower-constant-intrinsics', '--adce', '--gvn-hoist', '--adce', '--loop-simplify', '--dse', '--newgvn', '--simplifycfg', '--newgvn', '--simplifycfg', '--indvars', '--simplifycfg', '--gvn-hoist', '--instcombine', '--globalopt', '--elim-avail-extern', '--ipsccp', '--gvn', '--ipsccp', '--gvn', '--nary-reassociate', '--lower-constant-intrinsics', '--loop-instsimplify', '--early-cse', '--mem2reg', '--jump-threading', '--globalopt', '--slp-vectorizer', '--instcombine', '--simplifycfg', '--sroa', '--lower-constant-intrinsics', '--early-cse', '--lower-expect', '--loweratomic', '--elim-avail-extern', '--elim-avail-extern', '--lower-expect', '--elim-avail-extern']",78,-17.357380104523372,0.0,-12.141939020936539,0.0,1,-17.357380104523372,-12.141939020936539,0.0,-378.42105263157896,64.86219956468028,11.76470588235294,34
1296,"['--ipsccp', '--speculative-execution', '--sccp', '--early-cse', '--mem2reg', '--jump-threading', '--globalopt', '--elim-avail-extern', '--instcombine', '--adce', '--jump-threading', '--gvn', '--simplifycfg', '--instsimplify', '--inline', '--gvn-hoist', '--mergefunc', '--gvn-hoist', '--instcombine', '--globalopt', '--elim-avail-extern', '--indvars', '--gvn', '--gvn', '--ipsccp', '--gvn', '--nary-reassociate', '--loop-instsimplify', '--early-cse', '--mem2reg', '--jump-threading', '--globalopt', '--instcombine', '--instcombine', '--simplifycfg', '--sroa', '--mem2reg', '--gvn-hoist', '--sccp', '--early-cse', '--lower-constant-intrinsics', '--adce', '--gvn-hoist', '--adce', '--loop-simplify', '--dse', '--loop-sink', '--simplifycfg', '--lower-expect', '--simplifycfg', '--indvars', '--instcombine', '--globalopt', '--aggressive-instcombine', '--gvn', '--gvn', '--ipsccp', '--gvn', '--lower-constant-intrinsics', '--loop-instsimplify', '--early-cse', '--mem2reg', '--early-cse-memssa', '--jump-threading', '--reg2mem', '--globalopt', '--slp-vectorizer', '--instcombine', '--simplifycfg', '--sroa', '--lower-constant-intrinsics', '--early-cse', '--lower-expect', '--lower-expect', '--loweratomic', '--elim-avail-extern', '--elim-avail-extern', '--lower-expect', '--slsr']",79,-17.401533186742405,0.0,-5.693821196465104,0.0,1,-17.401533186742405,-5.693821196465104,-3.270183487969332,-67.51269035532995,12.19402583511225,79.41176470588235,34
1510,"['--ipsccp', '--speculative-execution', '--sccp', '--early-cse', '--mem2reg', '--jump-threading', '--globalopt', '--instcombine', '--adce', '--loop-interchange', '--aggressive-instcombine', '--gvn', '--simplifycfg', '--instsimplify', '--inline', '--mergefunc', '--gvn-hoist', '--gvn-hoist', '--instcombine', '--globalopt', '--elim-avail-extern', '--indvars', '--elim-avail-extern', '--indvars', '--gvn', '--gvn', '--ipsccp', '--gvn', '--nary-reassociate', '--loop-instsimplify', '--early-cse', '--mem2reg', '--lower-constant-intrinsics', '--globalopt', '--elim-avail-extern', '--instcombine', '--simplifycfg', '--sroa', '--mem2reg', '--globaldce', '--gvn-hoist', '--sccp', '--early-cse', '--lower-constant-intrinsics', '--adce', '--slsr', '--gvn-hoist', '--adce', '--loop-simplify', '--dse', '--scalarizer', '--simplifycfg', '--lower-expect', '--simplifycfg', '--elim-avail-extern', '--jump-threading', '--ipsccp', '--gvn', '--nary-reassociate', '--gvn', '--early-cse', '--mem2reg', '--jump-threading', '--globalopt', '--slp-vectorizer', '--instcombine', '--simplifycfg', '--sroa', '--early-cse', '--lower-expect', '--sroa', '--sroa', '--lower-expect', '--aggressive-instcombine']",74,-17.404608976427124,0.0,-12.187381521092226,0.0,1,-17.404608976427124,-12.187381521092226,0.5008908414855473,-378.42105263157896,64.99366953255013,11.76470588235294,34
37,"['--break-crit-edges', '--simplifycfg', '--sroa', '--sccp', '--gvn-hoist', '--simplifycfg', '--nary-reassociate', '--jump-threading', '--load-store-vectorizer', '--elim-avail-extern', '--newgvn', '--elim-avail-extern', '--loop-simplifycfg', '--early-cse-memssa', '--ipsccp', '--loop-simplifycfg', '--sroa', '--early-cse', '--ipsccp', '--licm', '--instcombine', '--gvn', '--mem2reg', '--ipsccp', '--instcombine', '--prune-eh', '--simplifycfg', '--sroa', '--simplifycfg', '--sroa']",30,-17.422511547822435,0.0,-5.793923521681868,0.0,1,-17.422511547822435,-5.793923521681868,-0.902845660910177,-87.30964467005076,16.06480671266916,76.47058823529412,34
2234,"['--ipsccp', '--speculative-execution', '--sccp', '--early-cse', '--mem2reg', '--jump-threading', '--globalopt', '--elim-avail-extern', '--instcombine', '--loop-instsimplify', '--jump-threading', '--gvn', '--simplifycfg', '--instsimplify', '--inline', '--mergefunc', '--gvn-hoist', '--instcombine', '--globalopt', '--elim-avail-extern', '--indvars', '--indvars', '--gvn', '--gvn', '--gvn', '--ipsccp', '--gvn', '--nary-reassociate', '--adce', '--early-cse', '--jump-threading', '--globalopt', '--jump-threading', '--bdce', '--elim-avail-extern', '--instcombine', '--instcombine', '--simplifycfg', '--sroa', '--mem2reg', '--globaldce', '--loop-versioning-licm', '--gvn-hoist', '--early-cse', '--lower-constant-intrinsics', '--adce', '--slsr', '--gvn-hoist', '--adce', '--loop-simplify', '--dse', '--scalarizer', '--lower-expect', '--simplifycfg', '--elim-avail-extern', '--lower-constant-intrinsics', '--ipsccp', '--nary-reassociate', '--gvn', '--mem2reg', '--jump-threading', '--globalopt', '--slp-vectorizer', '--reg2mem', '--instcombine', '--simplifycfg', '--sroa', '--early-cse', '--lower-expect', '--sroa', '--lower-expect', '--aggressive-instcombine']",72,-17.428711746279994,0.0,-5.738095880352053,0.0,1,-17.428711746279994,-5.738095880352053,-3.270183487969332,-67.51269035532995,12.133751301336016,79.41176470588235,34
2053,"['--ipsccp', '--speculative-execution', '--sccp', '--early-cse', '--mem2reg', '--jump-threading', '--elim-avail-extern', '--instcombine', '--loop-instsimplify', '--jump-threading', '--gvn', '--simplifycfg', '--instsimplify', '--inline', '--slsr', '--mergefunc', '--gvn-hoist', '--instcombine', '--globalopt', '--globalopt', '--elim-avail-extern', '--indvars', '--indvars', '--gvn-hoist', '--gvn', '--gvn', '--ipsccp', '--gvn', '--nary-reassociate', '--simple-loop-unswitch', '--early-cse', '--mem2reg', '--jump-threading', '--globalopt', '--jump-threading', '--bdce', '--elim-avail-extern', '--instcombine', '--simplifycfg', '--sroa', '--mem2reg', '--globaldce', '--gvn-hoist', '--sccp', '--early-cse', '--lower-constant-intrinsics', '--lower-constant-intrinsics', '--adce', '--slsr', '--dse', '--lower-expect', '--simplifycfg', '--lower-expect', '--simplifycfg', '--elim-avail-extern', '--lower-constant-intrinsics', '--ipsccp', '--loop-simplify', '--nary-reassociate', '--gvn', '--early-cse', '--mem2reg', '--jump-threading', '--globalopt', '--slp-vectorizer', '--instcombine', '--sroa', '--sroa', '--early-cse', '--lower-expect', '--simplifycfg', '--sroa', '--scalarizer', '--simplifycfg', '--aggressive-instcombine']",75,-17.453541069394937,0.0,-13.098234107919478,0.0,1,-17.453541069394937,-13.098234107919478,0.0,-160.28985507246375,36.592772531612134,26.47058823529412,34
799,"['--ipsccp', '--speculative-execution', '--sccp', '--early-cse', '--mem2reg', '--jump-threading', '--globalopt', '--elim-avail-extern', '--instcombine', '--adce', '--jump-threading', '--gvn', '--simplifycfg', '--instsimplify', '--gvn-hoist', '--mergefunc', '--gvn-hoist', '--instcombine', '--lowerswitch', '--globalopt', '--elim-avail-extern', '--indvars', '--gvn', '--gvn', '--ipsccp', '--gvn', '--nary-reassociate', '--loop-instsimplify', '--early-cse', '--mem2reg', '--jump-threading', '--globalopt', '--elim-avail-extern', '--instcombine', '--simplifycfg', '--sroa', '--mem2reg', '--gvn-hoist', '--sccp', '--early-cse', '--lower-constant-intrinsics', '--adce', '--gvn-hoist', '--adce', '--lower-constant-intrinsics', '--dse', '--newgvn', '--simplifycfg', '--lower-expect', '--simplifycfg', '--gvn-hoist', '--instcombine', '--globalopt', '--elim-avail-extern', '--gvn', '--gvn', '--ipsccp', '--gvn', '--nary-reassociate', '--lower-constant-intrinsics', '--loop-instsimplify', '--early-cse', '--mem2reg', '--jump-threading', '--globalopt', '--slp-vectorizer', '--instcombine', '--simplifycfg', '--sroa', '--lower-constant-intrinsics', '--early-cse', '--lower-expect', '--gvn-hoist', '--sroa', '--lower-expect', '--globalopt', '--elim-avail-extern', '--lower-expect']",78,-17.467045378070075,0.0,-8.781690130341648,0.0,1,-17.467045378070075,-8.781690130341648,-1.072719877067703,-159.39086294416242,29.396013097256024,52.94117647058824,34
1986,"['--ipsccp', '--speculative-execution', '--sccp', '--early-cse', '--mem2reg', '--jump-threading', '--simplifycfg', '--instcombine', '--adce', '--loop-interchange', '--aggressive-instcombine', '--gvn', '--simplifycfg', '--instsimplify', '--inline', '--mergefunc', '--gvn-hoist', '--gvn-hoist', '--instcombine', '--globalopt', '--elim-avail-extern', '--indvars', '--elim-avail-extern', '--indvars', '--gvn', '--gvn', '--ipsccp', '--gvn', '--nary-reassociate', '--loop-instsimplify', '--early-cse', '--mem2reg', '--jump-threading', '--globalopt', '--elim-avail-extern', '--instcombine', '--simplifycfg', '--sroa', '--mem2reg', '--globaldce', '--gvn-hoist', '--sccp', '--early-cse', '--lower-constant-intrinsics', '--adce', '--slsr', '--gvn-hoist', '--adce', '--loop-simplify', '--dse', '--scalarizer', '--elim-avail-extern', '--lower-expect', '--simplifycfg', '--elim-avail-extern', '--lower-constant-intrinsics', '--ipsccp', '--gvn', '--lower-constant-intrinsics', '--gvn', '--early-cse', '--mem2reg', '--jump-threading', '--globalopt', '--slp-vectorizer', '--instcombine', '--simplifycfg', '--sroa', '--early-cse', '--lower-expect', '--sroa', '--sroa', '--lower-expect', '--aggressive-instcombine']",74,-17.53261112667053,0.0,-12.35143652177929,0.0,1,-17.53261112667053,-12.35143652177929,0.5008908414855473,-378.42105263157896,65.04327852983124,11.76470588235294,34
1557,"['--ipsccp', '--speculative-execution', '--sccp', '--early-cse', '--mem2reg', '--jump-threading', '--globalopt', '--simplifycfg', '--instcombine', '--adce', '--jump-threading', '--gvn', '--simplifycfg', '--instsimplify', '--inline', '--mergefunc', '--gvn-hoist', '--instcombine', '--globalopt', '--elim-avail-extern', '--indvars', '--indvars', '--gvn', '--gvn', '--ipsccp', '--gvn', '--nary-reassociate', '--loop-instsimplify', '--early-cse', '--mem2reg', '--jump-threading', '--globalopt', '--elim-avail-extern', '--instcombine', '--simplifycfg', '--sroa', '--gvn', '--gvn-hoist', '--sccp', '--early-cse', '--lower-constant-intrinsics', '--adce', '--gvn-hoist', '--adce', '--loop-simplify', '--dse', '--scalarizer', '--simplifycfg', '--lower-expect', '--simplifycfg', '--gvn-hoist', '--elim-avail-extern', '--lower-constant-intrinsics', '--gvn', '--ipsccp', '--gvn', '--nary-reassociate', '--gvn', '--early-cse', '--mem2reg', '--jump-threading', '--mem2reg', '--jump-threading', '--globalopt', '--slp-vectorizer', '--instcombine', '--elim-avail-extern', '--sroa', '--early-cse', '--lower-expect', '--sroa', '--sroa', '--lower-expect', '--aggressive-instcombine']",74,-17.541398758356994,0.0,-12.363515275251931,0.0,1,-17.541398758356994,-12.363515275251931,0.5008908414855473,-378.42105263157896,65.04056419565103,11.76470588235294,34
2575,"['--ipsccp', '--speculative-execution', '--sccp', '--lower-constant-intrinsics', '--early-cse', '--mem2reg', '--jump-threading', '--globalopt', '--instcombine', '--instcombine', '--loop-instsimplify', '--jump-threading', '--gvn', '--gvn', '--instsimplify', '--inline', '--mergefunc', '--gvn-hoist', '--instcombine', '--globalopt', '--elim-avail-extern', '--loweratomic', '--indvars', '--indvars', '--simplifycfg', '--gvn', '--ipsccp', '--gvn', '--nary-reassociate', '--adce', '--early-cse', '--mem2reg', '--jump-threading', '--globalopt', '--elim-avail-extern', '--elim-avail-extern', '--simplifycfg', '--sroa', '--mem2reg', '--globaldce', '--gvn-hoist', '--sccp', '--early-cse', '--loop-guard-widening', '--adce', '--slsr', '--nary-reassociate', '--adce', '--loop-simplify', '--dse', '--scalarizer', '--adce', '--dse', '--scalarizer', '--simplifycfg', '--mergereturn', '--lower-expect', '--elim-avail-extern', '--lower-constant-intrinsics', '--ipsccp', '--nary-reassociate', '--early-cse', '--loop-guard-widening', '--jump-threading', '--slp-vectorizer', '--instcombine', '--dse', '--instcombine', '--instcombine', '--simplifycfg', '--sroa', '--early-cse', '--lower-expect', '--sroa', '--lower-expect', '--aggressive-instcombine']",76,-17.796373930277518,0.0,-12.121295777361805,0.0,1,-17.796373930277518,-12.121295777361805,0.5620873773639496,-378.42105263157896,64.99519744314988,14.705882352941178,34
2071,"['--ipsccp', '--speculative-execution', '--sccp', '--early-cse', '--mem2reg', '--jump-threading', '--globalopt', '--early-cse', '--instcombine', '--loop-instsimplify', '--jump-threading', '--gvn', '--simplifycfg', '--instsimplify', '--inline', '--mergefunc', '--gvn-hoist', '--instcombine', '--globalopt', '--elim-avail-extern', '--indvars', '--indvars', '--gvn', '--gvn', '--ipsccp', '--gvn', '--nary-reassociate', '--adce', '--early-cse', '--mem2reg', '--jump-threading', '--correlated-propagation', '--elim-avail-extern', '--instcombine', '--simplifycfg', '--sroa', '--mem2reg', '--globaldce', '--gvn-hoist', '--sccp', '--early-cse', '--lower-constant-intrinsics', '--adce', '--slsr', '--gvn-hoist', '--adce', '--loop-simplify', '--adce', '--loop-simplify', '--dse', '--scalarizer', '--simplifycfg', '--lower-expect', '--nary-reassociate', '--elim-avail-extern', '--lower-constant-intrinsics', '--gvn', '--nary-reassociate', '--gvn', '--early-cse', '--mem2reg', '--jump-threading', '--globalopt', '--slp-vectorizer', '--instcombine', '--simplifycfg', '--sroa', '--elim-avail-extern', '--lower-expect', '--sroa', '--lower-expect', '--simplifycfg', '--aggressive-instcombine']",73,-17.828212794216046,0.0,-12.742261802369804,0.0,1,-17.828212794216046,-12.742261802369804,0.5008908414855473,-378.42105263157896,65.06810560085752,11.76470588235294,34
1781,"['--ipsccp', '--speculative-execution', '--sccp', '--early-cse', '--mem2reg', '--jump-threading', '--globalopt', '--loop-unswitch', '--instcombine', '--loop-instsimplify', '--jump-threading', '--gvn', '--simplifycfg', '--instsimplify', '--inline', '--mergefunc', '--gvn-hoist', '--instcombine', '--globalopt', '--elim-avail-extern', '--indvars', '--indvars', '--gvn', '--gvn', '--ipsccp', '--gvn', '--ipsccp', '--gvn', '--nary-reassociate', '--loop-instsimplify', '--early-cse', '--mem2reg', '--jump-threading', '--globalopt', '--elim-avail-extern', '--instcombine', '--simplifycfg', '--sroa', '--mem2reg', '--globaldce', '--gvn-hoist', '--sccp', '--early-cse', '--lower-constant-intrinsics', '--adce', '--slsr', '--elim-avail-extern', '--gvn-hoist', '--adce', '--loop-simplify', '--dse', '--scalarizer', '--simplifycfg', '--lower-expect', '--simplifycfg', '--elim-avail-extern', '--lower-constant-intrinsics', '--ipsccp', '--gvn', '--nary-reassociate', '--gvn', '--early-cse', '--mem2reg', '--jump-threading', '--globalopt', '--slp-vectorizer', '--instcombine', '--sroa', '--early-cse', '--lower-expect', '--sroa', '--sroa', '--lower-expect', '--aggressive-instcombine']",74,-17.930700455251774,0.0,-12.305614160248197,0.0,1,-17.930700455251774,-12.305614160248197,0.5008908414855473,-378.42105263157896,64.95607482124448,14.705882352941178,34
2655,"['--ipsccp', '--speculative-execution', '--sccp', '--early-cse', '--mem2reg', '--jump-threading', '--globalopt', '--instsimplify', '--elim-avail-extern', '--instcombine', '--loop-instsimplify', '--jump-threading', '--gvn', '--simplifycfg', '--instsimplify', '--inline', '--inline', '--mergefunc', '--gvn-hoist', '--instcombine', '--globalopt', '--elim-avail-extern', '--loweratomic', '--indvars', '--indvars', '--gvn', '--gvn', '--ipsccp', '--gvn', '--nary-reassociate', '--mem2reg', '--partially-inline-libcalls', '--correlated-propagation', '--jump-threading', '--mem2reg', '--memcpyopt', '--globalopt', '--jump-threading', '--bdce', '--elim-avail-extern', '--instcombine', '--simplifycfg', '--sroa', '--lower-constant-intrinsics', '--adce', '--slsr', '--gvn-hoist', '--adce', '--loop-simplify', '--adce', '--loop-simplify', '--dse', '--scalarizer', '--simplifycfg', '--lower-expect', '--gvn-hoist', '--simplifycfg', '--lower-expect', '--simplifycfg', '--elim-avail-extern', '--lower-constant-intrinsics', '--ipsccp', '--gvn', '--nary-reassociate', '--gvn', '--early-cse', '--loop-guard-widening', '--instcombine', '--ipsccp', '--sroa', '--early-cse', '--lower-expect', '--sroa', '--sroa', '--lower-expect', '--aggressive-instcombine']",76,-18.041153914450494,0.0,-12.093951505994122,0.0,1,-18.041153914450494,-12.093951505994122,0.0,-155.94202898550725,32.35396167307843,38.23529411764706,34
473,"['--ipsccp', '--speculative-execution', '--sccp', '--early-cse', '--mem2reg', '--jump-threading', '--lower-constant-intrinsics', '--globalopt', '--elim-avail-extern', '--instcombine', '--instsimplify', '--jump-threading', '--gvn', '--simplifycfg', '--adce', '--gvn-hoist', '--mergefunc', '--gvn-hoist', '--instcombine', '--globalopt', '--elim-avail-extern', '--gvn', '--gvn', '--ipsccp', '--gvn', '--lower-constant-intrinsics', '--loop-instsimplify', '--strip', '--mem2reg', '--jump-threading', '--globalopt', '--elim-avail-extern', '--instcombine', '--simplifycfg', '--sroa', '--mem2reg', '--gvn-hoist', '--sccp', '--early-cse', '--lower-constant-intrinsics', '--adce', '--gvn-hoist', '--adce', '--lower-constant-intrinsics', '--newgvn', '--simplifycfg', '--lower-expect', '--simplifycfg', '--gvn-hoist', '--instcombine', '--globalopt', '--elim-avail-extern', '--gvn', '--gvn', '--ipsccp', '--gvn', '--nary-reassociate', '--lower-constant-intrinsics', '--loop-instsimplify', '--early-cse', '--mem2reg', '--jump-threading', '--globalopt', '--elim-avail-extern', '--scalarizer', '--simplifycfg', '--sroa', '--lower-constant-intrinsics', '--early-cse', '--lower-expect', '--early-cse', '--lower-expect', '--tailcallelim', '--sccp', '--sroa', '--lower-expect', '--globalopt', '--elim-avail-extern', '--lower-expect']",79,-18.224577997660624,0.0,-13.50713662880995,0.0,1,-18.224577997660624,-13.50713662880995,0.0,-159.1304347826087,36.82460820170811,29.411764705882355,34
705,"['--ipsccp', '--speculative-execution', '--sccp', '--early-cse', '--mem2reg', '--jump-threading', '--globalopt', '--elim-avail-extern', '--instcombine', '--adce', '--jump-threading', '--gvn', '--simplifycfg', '--instsimplify', '--gvn-hoist', '--mergefunc', '--gvn-hoist', '--instcombine', '--globalopt', '--elim-avail-extern', '--indvars', '--gvn', '--gvn', '--ipsccp', '--gvn', '--lowerswitch', '--nary-reassociate', '--lower-constant-intrinsics', '--loop-instsimplify', '--strip', '--mem2reg', '--elim-avail-extern', '--instcombine', '--simplifycfg', '--sroa', '--mem2reg', '--gvn-hoist', '--sccp', '--early-cse', '--lower-constant-intrinsics', '--adce', '--gvn-hoist', '--adce', '--aggressive-instcombine', '--lower-constant-intrinsics', '--dse', '--newgvn', '--simplifycfg', '--lower-expect', '--simplifycfg', '--gvn-hoist', '--instcombine', '--globalopt', '--elim-avail-extern', '--gvn', '--gvn', '--ipsccp', '--gvn', '--nary-reassociate', '--lower-constant-intrinsics', '--loop-instsimplify', '--early-cse', '--mem2reg', '--jump-threading', '--globalopt', '--slp-vectorizer', '--instcombine', '--simplifycfg', '--sroa', '--lower-constant-intrinsics', '--early-cse', '--lower-expect', '--sroa', '--sroa', '--lower-expect', '--globalopt', '--elim-avail-extern', '--lower-expect']",78,-18.44671975541373,0.0,-9.686372370004475,0.0,1,-18.44671975541373,-9.686372370004475,-0.9142599504045288,-159.39086294416242,32.40764007322139,52.94117647058824,34
2445,"['--ipsccp', '--speculative-execution', '--sccp', '--lower-constant-intrinsics', '--early-cse', '--mem2reg', '--jump-threading', '--instcombine', '--simplifycfg', '--globalopt', '--loop-instsimplify', '--jump-threading', '--gvn', '--simplifycfg', '--instsimplify', '--inline', '--mergefunc', '--gvn-hoist', '--instcombine', '--globalopt', '--elim-avail-extern', '--loweratomic', '--indvars', '--indvars', '--gvn', '--gvn', '--ipsccp', '--gvn', '--nary-reassociate', '--adce', '--early-cse', '--mem2reg', '--jump-threading', '--globalopt', '--elim-avail-extern', '--instcombine', '--simplifycfg', '--sroa', '--mem2reg', '--globaldce', '--gvn-hoist', '--sccp', '--early-cse', '--lower-constant-intrinsics', '--adce', '--slsr', '--gvn-hoist', '--adce', '--loop-simplify', '--dse', '--scalarizer', '--adce', '--simplifycfg', '--lower-expect', '--gvn-hoist', '--simplifycfg', '--lower-expect', '--simplifycfg', '--elim-avail-extern', '--lower-constant-intrinsics', '--ipsccp', '--gvn', '--nary-reassociate', '--gvn', '--early-cse', '--loop-guard-widening', '--jump-threading', '--globalopt', '--slp-vectorizer', '--instcombine', '--slp-vectorizer', '--instcombine', '--elim-avail-extern', '--sroa', '--early-cse', '--lower-expect', '--aggressive-instcombine']",77,-18.62856194301338,0.0,-12.059368673873454,0.0,1,-18.62856194301338,-12.059368673873454,0.5008908414855473,-378.42105263157896,64.9580014349064,20.588235294117645,34
565,"['--ipsccp', '--speculative-execution', '--sccp', '--early-cse', '--mem2reg', '--jump-threading', '--globalopt', '--elim-avail-extern', '--instcombine', '--instsimplify', '--jump-threading', '--gvn', '--simplifycfg', '--adce', '--gvn-hoist', '--mergefunc', '--gvn-hoist', '--instcombine', '--globalopt', '--elim-avail-extern', '--gvn', '--gvn', '--ipsccp', '--gvn', '--nary-reassociate', '--lower-constant-intrinsics', '--loop-instsimplify', '--early-cse', '--mem2reg', '--jump-threading', '--globalopt', '--elim-avail-extern', '--instcombine', '--simplifycfg', '--sroa', '--mem2reg', '--gvn-hoist', '--sccp', '--early-cse', '--lower-constant-intrinsics', '--adce', '--gvn-hoist', '--adce', '--lower-constant-intrinsics', '--newgvn', '--lowerswitch', '--simplifycfg', '--lower-expect', '--gvn-hoist', '--slp-vectorizer', '--globalopt', '--elim-avail-extern', '--gvn', '--gvn', '--gvn-hoist', '--ipsccp', '--gvn', '--nary-reassociate', '--lower-constant-intrinsics', '--loop-instsimplify', '--early-cse', '--mem2reg', '--jump-threading', '--globalopt', '--instcombine', '--instcombine', '--simplifycfg', '--sroa', '--lower-constant-intrinsics', '--lower-expect', '--sroa', '--sroa', '--lower-expect', '--globalopt', '--elim-avail-extern', '--lower-expect']",76,-18.726902711894525,0.0,-9.252058107839272,0.0,1,-18.726902711894525,-9.252058107839272,-1.7075132829454465,-163.4517766497462,29.64329719250365,58.82352941176471,34
2127,"['--ipsccp', '--speculative-execution', '--sccp', '--early-cse', '--mem2reg', '--jump-threading', '--globalopt', '--elim-avail-extern', '--instcombine', '--loop-instsimplify', '--jump-threading', '--gvn', '--simplifycfg', '--instsimplify', '--inline', '--mergefunc', '--gvn-hoist', '--instcombine', '--globalopt', '--elim-avail-extern', '--indvars', '--indvars', '--gvn', '--gvn', '--ipsccp', '--gvn', '--nary-reassociate', '--adce', '--early-cse', '--mem2reg', '--jump-threading', '--globalopt', '--mem2reg', '--memcpyopt', '--globalopt', '--jump-threading', '--bdce', '--elim-avail-extern', '--instcombine', '--simplifycfg', '--sroa', '--lower-constant-intrinsics', '--adce', '--slsr', '--gvn-hoist', '--adce', '--loop-simplify', '--adce', '--loop-simplify', '--dse', '--scalarizer', '--scalarizer', '--simplifycfg', '--lower-expect', '--simplifycfg', '--elim-avail-extern', '--lower-constant-intrinsics', '--ipsccp', '--gvn', '--nary-reassociate', '--gvn', '--early-cse', '--loop-guard-widening', '--instcombine', '--simplifycfg', '--sroa', '--early-cse', '--lower-expect', '--sroa', '--lower-expect', '--simplifycfg', '--aggressive-instcombine', '--loop-deletion']",73,-19.08974841929671,0.0,-12.316877755836577,0.0,1,-19.08974841929671,-12.316877755836577,0.0,-155.94202898550725,32.34443043595751,44.11764705882353,34
604,"['--ipsccp', '--speculative-execution', '--sccp', '--early-cse', '--mem2reg', '--jump-threading', '--globalopt', '--elim-avail-extern', '--instcombine', '--adce', '--jump-threading', '--gvn', '--simplifycfg', '--instsimplify', '--gvn-hoist', '--mergefunc', '--gvn-hoist', '--instcombine', '--globalopt', '--elim-avail-extern', '--indvars', '--gvn', '--gvn', '--partially-inline-libcalls', '--ipsccp', '--gvn', '--nary-reassociate', '--lower-constant-intrinsics', '--loop-instsimplify', '--strip', '--mem2reg', '--jump-threading', '--globalopt', '--elim-avail-extern', '--instcombine', '--simplifycfg', '--sroa', '--mem2reg', '--gvn-hoist', '--sccp', '--early-cse', '--lower-constant-intrinsics', '--adce', '--gvn-hoist', '--adce', '--lower-constant-intrinsics', '--newgvn', '--simplifycfg', '--lower-expect', '--simplifycfg', '--gvn-hoist', '--instcombine', '--globalopt', '--elim-avail-extern', '--gvn', '--gvn', '--ipsccp', '--gvn', '--nary-reassociate', '--lower-constant-intrinsics', '--early-cse', '--mem2reg', '--jump-threading', '--globalopt', '--slp-vectorizer', '--instcombine', '--simplifycfg', '--lowerswitch', '--sroa', '--lower-constant-intrinsics', '--early-cse', '--lower-expect', '--sroa', '--sroa', '--lower-expect', '--globalopt', '--elim-avail-extern', '--lower-expect']",78,-19.196249436452888,0.0,-10.152242223217915,0.0,1,-19.196249436452888,-10.152242223217915,-1.4663942374785748,-174.11167512690355,31.99714827862983,55.88235294117647,34
964,"['--ipsccp', '--speculative-execution', '--sccp', '--early-cse', '--mem2reg', '--jump-threading', '--globalopt', '--elim-avail-extern', '--instcombine', '--adce', '--gvn', '--simplifycfg', '--instsimplify', '--gvn-hoist', '--mergefunc', '--gvn-hoist', '--instcombine', '--globalopt', '--elim-avail-extern', '--indvars', '--gvn', '--gvn', '--ipsccp', '--gvn', '--nary-reassociate', '--loop-instsimplify', '--early-cse', '--mem2reg', '--jump-threading', '--globalopt', '--elim-avail-extern', '--instcombine', '--simplifycfg', '--sroa', '--mem2reg', '--gvn-hoist', '--gvn-hoist', '--sccp', '--early-cse', '--loweratomic', '--adce', '--gvn-hoist', '--gvn-hoist', '--adce', '--loop-simplify', '--dse', '--newgvn', '--simplifycfg', '--lower-expect', '--simplifycfg', '--gvn-hoist', '--instcombine', '--globalopt', '--elim-avail-extern', '--gvn', '--gvn', '--ipsccp', '--gvn', '--nary-reassociate', '--lower-constant-intrinsics', '--loop-instsimplify', '--early-cse', '--jump-threading', '--slsr', '--globalopt', '--slp-vectorizer', '--instcombine', '--simplifycfg', '--sroa', '--lower-constant-intrinsics', '--early-cse', '--lower-expect', '--sroa', '--sroa', '--lower-expect', '--globalopt', '--elim-avail-extern', '--break-crit-edges', '--lower-expect']",79,-19.916563171901952,0.0,-6.693713314479281,0.0,1,-19.916563171901952,-6.693713314479281,-3.270183487969332,-98.47715736040608,16.60984068395434,88.23529411764706,34
217,"['--aggressive-instcombine', '--gvn-hoist', '--globalopt', '--mem2reg', '--early-cse-memssa', '--load-store-vectorizer', '--inline', '--elim-avail-extern', '--adce', '--gvn-hoist', '--adce', '--lower-constant-intrinsics', '--newgvn', '--simplifycfg', '--lower-expect', '--simplifycfg', '--gvn-hoist', '--instcombine', '--globalopt', '--elim-avail-extern', '--gvn', '--gvn', '--ipsccp', '--gvn', '--nary-reassociate', '--lower-constant-intrinsics', '--loop-instsimplify', '--early-cse', '--mem2reg', '--jump-threading', '--globalopt', '--elim-avail-extern', '--instcombine', '--simplifycfg', '--sroa', '--mem2reg', '--simplifycfg', '--early-cse-memssa', '--mem2reg', '--instcombine', '--globalopt']",41,-20.128380534541364,0.0,-13.422922961059815,0.0,1,-20.128380534541364,-13.422922961059815,0.13175230566534915,-378.42105263157896,65.3177654904062,23.52941176470588,34
155,"['--ipsccp', '--early-cse-memssa', '--jump-threading', '--early-cse', '--instcombine', '--sccp', '--globalopt', '--elim-avail-extern', '--instcombine', '--adce', '--jump-threading', '--gvn', '--simplifycfg', '--instsimplify', '--gvn-hoist', '--mergefunc', '--adce', '--instcombine', '--mem2reg', '--adce', '--newgvn', '--simplifycfg', '--early-cse-memssa', '--newgvn', '--instsimplify', '--gvn-hoist', '--globalopt', '--licm', '--early-cse-memssa', '--instcombine', '--adce', '--jump-threading', '--gvn', '--simplifycfg', '--instsimplify', '--gvn-hoist', '--mergefunc', '--sroa', '--early-cse', '--instsimplify', '--ipsccp', '--loop-simplifycfg', '--lowerswitch', '--early-cse', '--ipsccp', '--licm', '--instcombine', '--gvn', '--jump-threading', '--instcombine', '--sroa', '--simplifycfg', '--early-cse-memssa', '--ipsccp', '--gvn', '--newgvn']",56,-20.253031752342235,0.0,-10.441588282717722,0.0,1,-20.253031752342235,-10.441588282717722,-1.9347860102181738,-169.54314720812184,31.571346579510028,61.76470588235294,34
1371,"['--ipsccp', '--speculative-execution', '--sccp', '--early-cse', '--mem2reg', '--jump-threading', '--globalopt', '--elim-avail-extern', '--instcombine', '--adce', '--jump-threading', '--gvn', '--simplifycfg', '--instsimplify', '--inline', '--mergefunc', '--gvn-hoist', '--gvn-hoist', '--instcombine', '--globalopt', '--elim-avail-extern', '--indvars', '--gvn', '--gvn', '--ipsccp', '--gvn', '--elim-avail-extern', '--loop-instsimplify', '--early-cse', '--mem2reg', '--jump-threading', '--globalopt', '--nary-reassociate', '--instcombine', '--simplifycfg', '--sroa', '--mem2reg', '--globaldce', '--gvn-hoist', '--sccp', '--early-cse', '--lower-constant-intrinsics', '--adce', '--slsr', '--gvn-hoist', '--adce', '--loop-simplify', '--dse', '--scalarizer', '--simplifycfg', '--lower-expect', '--simplifycfg', '--gvn-hoist', '--elim-avail-extern', '--lower-constant-intrinsics', '--gvn', '--ipsccp', '--gvn', '--nary-reassociate', '--gvn', '--early-cse', '--mem2reg', '--reg2mem', '--jump-threading', '--globalopt', '--slp-vectorizer', '--instcombine', '--simplifycfg', '--sroa', '--early-cse', '--lower-expect', '--sroa', '--sroa', '--lower-expect', '--aggressive-instcombine']",75,-20.98356020979429,0.0,-9.514604506590686,0.0,1,-20.98356020979429,-9.514604506590686,-2.7027027027027026,-126.63398692810458,23.770185945571612,76.47058823529412,34
731,"['--ipsccp', '--speculative-execution', '--sccp', '--early-cse', '--mem2reg', '--jump-threading', '--globalopt', '--elim-avail-extern', '--instcombine', '--instsimplify', '--jump-threading', '--gvn', '--simplifycfg', '--instsimplify', '--gvn-hoist', '--mergefunc', '--gvn-hoist', '--instcombine', '--globalopt', '--elim-avail-extern', '--indvars', '--gvn', '--gvn', '--ipsccp', '--gvn', '--nary-reassociate', '--lower-constant-intrinsics', '--loop-instsimplify', '--strip', '--mem2reg', '--jump-threading', '--globalopt', '--elim-avail-extern', '--simplifycfg', '--sroa', '--mem2reg', '--gvn-hoist', '--sccp', '--early-cse', '--lower-constant-intrinsics', '--adce', '--gvn-hoist', '--adce', '--loop-simplify', '--dse', '--newgvn', '--simplifycfg', '--lower-expect', '--simplifycfg', '--gvn-hoist', '--instcombine', '--gvn-hoist', '--instcombine', '--globalopt', '--elim-avail-extern', '--gvn', '--gvn', '--ipsccp', '--gvn', '--nary-reassociate', '--lower-constant-intrinsics', '--early-cse', '--mem2reg', '--jump-threading', '--globalopt', '--slp-vectorizer', '--instcombine', '--simplifycfg', '--sroa', '--lower-constant-intrinsics', '--reg2mem', '--lower-expect', '--sroa', '--lower-expect', '--globalopt', '--elim-avail-extern', '--lower-expect']",77,-21.168673407416037,0.0,-7.734303782294048,0.0,1,-21.168673407416037,-7.734303782294048,-3.6005963183821623,-100.0,16.914749824602065,91.17647058823529,34
16,"['--adce', '--loop-predication', '--lower-constant-intrinsics', '--loop-fusion', '--inline', '--mergereturn', '--die', '--globalopt', '--licm', '--loop-unroll', '--hotcoldsplit', '--loweratomic', '--loop-guard-widening', '--newgvn', '--aggressive-instcombine', '--loop-instsimplify', '--speculative-execution', '--instsimplify', '--sroa', '--sccp', '--ipsccp', '-loop-reduce', '--flattencfg', '--jump-threading', '--loop-rotate', '--mergefunc', '--early-cse', '--scalarizer', '--elim-avail-extern', '--gvn-hoist', '--mem2reg', '--prune-eh', '--mldst-motion', '--simplifycfg', '--lowerinvoke', '--lower-expect', '--gvn', '--globaldce', '--load-store-vectorizer', '--loop-simplifycfg', '--early-cse-memssa', '--reassociate', '--inferattrs', '--tailcallelim', '--slsr', '--ipconstprop', '--dce', '--simple-loop-unswitch', '--correlated-propagation']",49,-22.11605848401603,0.0,-15.515234006544945,0.0,1,-22.11605848401603,-15.515234006544945,0.0,-176.52173913043478,34.20809449695556,47.05882352941176,34
106,"['--adce', '--loop-predication', '--lower-constant-intrinsics', '--loop-fusion', '--inline', '--mergereturn', '--die', '--globalopt', '--licm', '--loop-unroll', '--hotcoldsplit', '--loweratomic', '--loop-guard-widening', '--newgvn', '--aggressive-instcombine', '--loop-instsimplify', '--speculative-execution', '--slsr', '--instsimplify', '--sroa', '--sccp', '--ipsccp', '-loop-reduce', '--flattencfg', '--jump-threading', '--loop-rotate', '--mergefunc', '--early-cse', '--scalarizer', '--elim-avail-extern', '--gvn-hoist', '--mem2reg', '--prune-eh', '--mldst-motion', '--simplifycfg', '--lowerinvoke', '--lower-expect', '--gvn', '--globaldce', '--load-store-vectorizer', '--loop-simplifycfg', '--early-cse-memssa', '--reassociate', '--inferattrs', '--tailcallelim', '--slsr', '--ipconstprop', '--dce', '--simple-loop-unswitch', '--correlated-propagation']",50,-22.11605848401603,0.0,-15.515234006544945,0.0,1,-22.11605848401603,-15.515234006544945,0.0,-176.52173913043478,34.20809449695556,47.05882352941176,34
121,"['--loop-fusion', '--jump-threading', '--newgvn', '--ipsccp', '--loop-simplifycfg', '--newgvn', '--sroa', '--elim-avail-extern', '--mem2reg', '--gvn', '--lower-constant-intrinsics', '--loop-instsimplify', '--early-cse', '--mem2reg', '--jump-threading', '--globalopt', '--elim-avail-extern', '--instcombine', '--simplifycfg', '--sroa', '--sccp', '--gvn-hoist', '--simplifycfg', '--nary-reassociate', '--jump-threading', '--load-store-vectorizer', '--early-cse-memssa', '--lower-expect', '--loop-instsimplify', '--early-cse', '--mem2reg', '--jump-threading', '--globalopt', '--elim-avail-extern', '--instcombine', '--simplifycfg', '--sroa', '--sccp', '--gvn-hoist', '--simplifycfg', '--nary-reassociate', '--loop-unswitch', '--loop-versioning-licm', '--simple-loop-unswitch', '--sccp', '--mergereturn', '--loop-simplifycfg', '--lowerswitch', '--partially-inline-libcalls', '-loop-reduce', '--newgvn', '--speculative-execution', '--loop-unroll-and-jam', '--instsimplify', '--reassociate', '--loop-instsimplify', '--dse', '--sink', '--lower-constant-intrinsics', '--loweratomic', '--memcpyopt', '--ipconstprop', '--early-cse', '--jump-threading', '--loop-simplify', '--aggressive-instcombine', '--loop-rotate', '--tailcallelim', '--slsr', '--gvn', '--loop-interchange', '--flattencfg', '--sroa', '--irce']",74,-26.28556072879057,0.0,-13.769152072681118,0.0,1,-26.28556072879057,-13.769152072681118,-4.67743775670605,-154.8223350253807,31.645790272209084,85.29411764705883,34
11,"['--mergereturn', '--prune-eh', '--early-cse', '--ipconstprop', '--mergefunc', '--early-cse-memssa', '--lowerswitch', '--slsr', '--functionattrs', '--simplifycfg', '--nary-reassociate', '--loop-reroll', '--dse', '--reassociate', '--speculative-execution', '--simple-loop-unswitch', '--licm', '--dce', '--loop-unroll-and-jam', '--loop-guard-widening', '--elim-avail-extern', '--load-store-vectorizer', '--adce', '--newgvn', '--sroa', '--lower-constant-intrinsics', '--jump-threading', '--tailcallelim', '--globaldce', '--sink', '--loop-fusion', '--gvn-hoist', '--loweratomic', '--ipsccp', '--slp-vectorizer', '--mldst-motion', '--loop-vectorize', '--loop-idiom', '--loop-unswitch', '--flattencfg', '--memcpyopt', '--bdce', '--loop-deletion', '--loop-simplify']",44,-27.211439945794538,0.0,-14.794622247971418,0.0,1,-27.211439945794538,-14.794622247971418,-3.8564879803474295,-172.58883248730965,33.213556127571515,85.29411764705883,34
50,"['--loop-simplifycfg', '--loop-idiom', '--inline', '--gvn-hoist', '--speculative-execution', '--loop-simplify', '-loop-reduce', '--separate-const-offset-from-gep', '--dse', '--slsr', '--ipconstprop', '--loop-unroll', '--loop-vectorize', '--sink', '--simplifycfg', '--nary-reassociate', '--licm', '--memcpyopt', '--inferattrs', '--ipsccp', '--prune-eh', '--lowerswitch', '--globalopt', '--tailcallelim', '--bdce', '--sccp', '--functionattrs', '--loop-unswitch', '--flattencfg', '--gvn', '--irce', '--early-cse-memssa', '--indvars', '--loop-deletion', '--instcombine', '--loop-instsimplify', '--instsimplify', '--aggressive-instcombine', '--mem2reg']",39,-29.552880760082733,0.0,-17.98925608229838,0.0,1,-29.552880760082733,-17.98925608229838,-5.593463672731965,-177.66497461928935,37.07997521888363,82.35294117647058,34
30,"['--slp-vectorizer', '--loop-simplify', '--mldst-motion', '--inline', '--simple-loop-unswitch', '--loop-interchange', '--adce', '--jump-threading', '--tailcallelim', '--prune-eh', '--mergefunc', '--globaldce', '--loop-versioning-licm', '--scalarizer', '--mergereturn', '--bdce', '--slsr', '--functionattrs', '--memcpyopt', '--break-crit-edges', '--nary-reassociate', '--loop-rotate', '--aggressive-instcombine', '--reg2mem', '--gvn-hoist', '--correlated-propagation', '--loop-sink', '--loop-simplifycfg', '--reassociate', '--sink', '-loop-reduce', '--die', '--loop-unswitch', '--loop-fusion', '--loop-reroll', '--ipsccp', '--loop-idiom', '--loop-deletion', '--indvars', '--dce', '--sroa', '--strip', '--loweratomic', '--loop-instsimplify', '--instsimplify', '--separate-const-offset-from-gep', '--inferattrs', '--lower-constant-intrinsics', '--loop-unroll-and-jam', '--load-store-vectorizer', '--dse', '--lowerswitch', '--loop-unroll', '--gvn', '--globalopt', '--flattencfg', '--lower-expect', '--hotcoldsplit', '--speculative-execution', '--early-cse-memssa', '--newgvn', '--elim-avail-extern', '--partially-inline-libcalls', '--sccp', '--early-cse', '--mem2reg', '--ipconstprop', '--irce', '--loop-vectorize', '--licm', '--loop-guard-widening', '--lowerinvoke', '--simplifycfg', '--loop-predication', '--instcombine']",75,-32.587670936766116,0.0,-19.860392274394247,0.0,1,-32.587670936766116,-19.860392274394247,-6.874533952918751,-177.15736040609139,40.15906142735133,91.17647058823529,34
49,"['--irce', '--loop-simplifycfg', '--speculative-execution', '--scalarizer', '--licm', '--indvars', '--tailcallelim', '--dse', '--mem2reg', '--lower-expect', '-loop-reduce', '--flattencfg', '--loop-unroll', '--die', '--loop-vectorize', '--early-cse', '--loop-sink', '--slsr', '--loop-interchange', '--hotcoldsplit', '--elim-avail-extern', '--early-cse-memssa', '--loop-simplify', '--memcpyopt', '--nary-reassociate', '--jump-threading', '--loop-predication', '--slp-vectorizer', '--loop-deletion', '--adce', '--functionattrs', '--loop-versioning-licm', '--loop-unroll-and-jam', '--break-crit-edges', '--lower-constant-intrinsics', '--reassociate', '--simple-loop-unswitch', '--loop-unswitch', '--aggressive-instcombine', '--bdce', '--loop-guard-widening', '--ipconstprop', '--load-store-vectorizer', '--lowerinvoke', '--newgvn', '--loop-idiom', '--mergefunc', '--globalopt', '--simplifycfg', '--sccp', '--lowerswitch', '--instsimplify', '--mergereturn', '--partially-inline-libcalls', '--mldst-motion', '--globaldce']",56,-33.073955560690735,0.0,-21.31666012449526,0.0,1,-33.073955560690735,-21.31666012449526,-7.450223486387647,-152.28426395939084,34.09989879083996,91.17647058823529,34
15,"['--inline', '--elim-avail-extern', '--licm', '--early-cse-memssa', '--early-cse', '--early-cse-memssa', '--sroa', '--jump-threading', '--dse', '--jump-threading', '--globalopt', '--instcombine', '--early-cse-memssa', '--dse', '--jump-threading', '--newgvn', '--elim-avail-extern', '--dse', '--jump-threading', '--globalopt', '--instcombine', '--simplifycfg', '--dse', '--early-cse', '--newgvn', '--gvn-hoist', '--loop-simplifycfg', '--gvn-hoist', '--mem2reg', '--elim-avail-extern', '--instcombine', '--early-cse', '--globalopt', '--newgvn', '--simplifycfg', '--newgvn', '--gvn-hoist', '--elim-avail-extern']",38,-37.620007685243394,0.0,-24.820744941237724,0.0,1,-37.620007685243394,-24.820744941237724,0.0,-705.0,119.45625449903335,47.05882352941176,34
46,"['--instsimplify', '--irce', '--loop-rotate', '--mergereturn', '--loop-sink', '--early-cse', '--bdce', '--flattencfg', '-loop-reduce', '--elim-avail-extern', '--loop-predication', '--sink', '--loop-simplifycfg', '--loop-instsimplify', '--loop-versioning-licm', '--early-cse-memssa', '--jump-threading', '--loop-vectorize', '--prune-eh', '--partially-inline-libcalls', '--loop-fusion', '--sroa', '--ipconstprop', '--load-store-vectorizer', '--reassociate', '--globaldce', '--aggressive-instcombine', '--loop-unroll', '--slp-vectorizer', '--instcombine', '--loop-unroll-and-jam', '--scalarizer', '--slsr', '--loop-interchange', '--globalopt', '--simple-loop-unswitch', '--lower-constant-intrinsics', '--loop-reroll', '--memcpyopt', '--reg2mem', '--loop-simplify', '--loop-unswitch', '--speculative-execution', '--functionattrs', '--sccp', '--ipsccp', '--nary-reassociate', '--mergefunc', '--mldst-motion', '--newgvn', '--correlated-propagation', '--lower-expect', '--mem2reg', '--loweratomic', '--inline', '--inferattrs', '--indvars', '--lowerinvoke', '--loop-guard-widening', '--die', '--lowerswitch', '--licm', '--dse', '--gvn-hoist', '--separate-const-offset-from-gep', '--hotcoldsplit', '--loop-idiom', '--strip', '--adce', '--loop-deletion', '--dce', '--simplifycfg', '--tailcallelim', '--gvn', '--break-crit-edges']",75,-37.687420415537886,0.0,-24.849689806337693,0.0,1,-37.687420415537886,-24.849689806337693,-11.067153261707382,-212.69035532994926,44.91329531372853,97.05882352941177,34
73,"['--aggressive-instcombine', '--gvn-hoist', '--globalopt', '--mem2reg', '--early-cse-memssa', '--load-store-vectorizer', '--instcombine', '--elim-avail-extern', '--early-cse-memssa', '--reassociate', '--mem2reg', '--globalopt', '--newgvn', '--mem2reg', '--early-cse-memssa', '--instcombine', '--adce', '--sccp', '--jump-threading', '--lower-constant-intrinsics', '--globalopt', '--licm', '--simplifycfg', '--elim-avail-extern', '--licm', '--simplifycfg', '--early-cse-memssa', '--mem2reg', '--instcombine', '--adce', '--jump-threading', '--gvn', '--simplifycfg', '--elim-avail-extern', '--licm', '--simplifycfg', '--early-cse-memssa', '--mem2reg', '--instcombine', '--globalopt']",40,-37.75707458033546,0.0,-24.462507231084878,0.0,1,-37.75707458033546,-24.462507231084878,-0.1402524544179523,-702.0,119.10194157021807,50.0,34
142,"['--aggressive-instcombine', '--gvn-hoist', '--globalopt', '--mem2reg', '--early-cse-memssa', '--load-store-vectorizer', '--instcombine', '--elim-avail-extern', '--early-cse-memssa', '--instcombine', '--elim-avail-extern', '--simplifycfg', '--early-cse-memssa', '--mem2reg', '--instcombine', '--adce', '--early-cse-memssa', '--instcombine', '--simplifycfg', '--sroa', '--sccp', '--gvn-hoist', '--simplifycfg', '-loop-reduce', '--jump-threading', '--load-store-vectorizer', '--early-cse-memssa', '--lower-expect', '--loop-instsimplify', '--early-cse', '--mem2reg', '--jump-threading', '--globalopt', '--elim-avail-extern', '--instcombine', '--simplifycfg', '--sroa', '--sccp', '--gvn-hoist', '--simplifycfg', '--nary-reassociate', '--jump-threading', '--load-store-vectorizer', '--early-cse-memssa', '--lower-expect', '--loop-instsimplify', '--early-cse', '--early-cse-memssa', '--instsimplify', '--gvn-hoist', '--simplifycfg', '--mem2reg']",52,-38.635517765494484,0.0,-23.370552443592,0.0,1,-38.635517765494484,-23.370552443592,-0.42727106459010394,-702.0,118.42897550447542,61.76470588235294,34
166,"['--load-store-vectorizer', '--gvn-hoist', '--sroa', '--mem2reg', '--gvn-hoist', '--sccp', '--early-cse', '--lower-constant-intrinsics', '--adce', '--instcombine', '--adce', '--lower-constant-intrinsics', '--newgvn', '--simplifycfg', '--lower-expect', '--instcombine', '--adce', '--simplifycfg', '--sccp', '--jump-threading', '--lower-constant-intrinsics', '--globalopt', '--licm', '--simplifycfg', '--elim-avail-extern', '--licm', '--simplifycfg', '--early-cse-memssa', '--mem2reg', '--instcombine', '--adce', '--jump-threading', '--gvn', '--simplifycfg', '--elim-avail-extern', '--licm', '--simplifycfg', '--early-cse-memssa', '--mem2reg', '--instcombine', '--globalopt']",41,-38.81165742451773,0.0,-24.645536412706676,0.0,1,-38.81165742451773,-24.645536412706676,-0.2807018926201995,-705.0,119.45152173811253,55.88235294117647,34
77,"['--nary-reassociate', '--lower-constant-intrinsics', '--loop-instsimplify', '--early-cse-memssa', '--gvn', '--prune-eh', '--mem2reg', '--loop-simplifycfg', '--load-store-vectorizer', '--simplifycfg', '--elim-avail-extern', '--licm', '--simplifycfg', '--early-cse-memssa', '--mem2reg', '--instcombine', '--adce', '--simplifycfg', '--sccp', '--jump-threading', '--lower-constant-intrinsics', '--globalopt', '--licm', '--simplifycfg', '--elim-avail-extern', '--licm', '--simplifycfg', '--early-cse-memssa', '--mem2reg', '--instcombine', '--adce', '--jump-threading', '--gvn', '--simplifycfg', '--elim-avail-extern', '--licm', '--simplifycfg', '--early-cse-memssa', '--mem2reg', '--instcombine']",40,-39.05449639835453,0.0,-24.364705344685074,0.0,1,-39.05449639835453,-24.364705344685074,-0.29288846259249113,-705.0,119.57437978076018,58.82352941176471,34
115,"['--separate-const-offset-from-gep', '--globalopt', '--elim-avail-extern', '--break-crit-edges', '--mldst-motion', '--ipsccp', '--slp-vectorizer', '--loop-sink', '--inline', '--early-cse-memssa', '--reg2mem', '--simplifycfg', '--loop-predication', '--strip', '--instcombine', '--indvars', '--adce', '--scalarizer', '--functionattrs', '--nary-reassociate', '--inferattrs', '--hotcoldsplit', '--prune-eh', '--die', '--correlated-propagation', '--loop-deletion', '--globaldce', '--lowerinvoke', '--bdce', '--dce', '--loop-guard-widening', '--loop-vectorize', '--lower-expect', '--loop-idiom', '--load-store-vectorizer', '--loop-unroll', '--mem2reg', '--licm', '--mergefunc', '--loop-reroll', '--gvn-hoist', '--jump-threading', '--load-store-vectorizer', '--early-cse-memssa', '--lower-expect', '--loop-instsimplify', '--early-cse', '--early-cse-memssa', '--instsimplify', '--gvn-hoist', '--simplifycfg', '--mem2reg']",52,-39.55079402395651,0.0,-28.911460850295818,0.0,1,-39.55079402395651,-28.911460850295818,-5.6705256060532605,-188.40579710144928,41.90727797999356,91.17647058823529,34
78,"['--nary-reassociate', '--lower-constant-intrinsics', '--loop-instsimplify', '--early-cse', '--gvn', '--prune-eh', '--mem2reg', '--loop-simplifycfg', '--load-store-vectorizer', '--simplifycfg', '--elim-avail-extern', '--licm', '--simplifycfg', '--early-cse-memssa', '--mem2reg', '--instcombine', '--adce', '--simplifycfg', '--sccp', '--jump-threading', '--lower-constant-intrinsics', '--globalopt', '--licm', '--simplifycfg', '--elim-avail-extern', '--licm', '--simplifycfg', '--early-cse-memssa', '--mem2reg', '--instcombine', '--adce', '--jump-threading', '--gvn', '--simplifycfg', '--elim-avail-extern', '--licm', '--simplifycfg', '--early-cse-memssa', '--mem2reg', '--instcombine', '--globalopt']",41,-39.60296749920208,0.0,-24.51215218621852,0.0,1,-39.60296749920208,-24.51215218621852,-0.29288846259249113,-705.0,119.54147477185249,61.76470588235294,34
24,"['--strip', '--prune-eh', '--sink', '--speculative-execution', '--loop-simplify', '--mldst-motion', '--loop-unroll-and-jam', '--partially-inline-libcalls', '--adce', '--loop-simplifycfg', '--instcombine', '--tailcallelim', '--inferattrs', '--flattencfg', '--scalarizer', '--simplifycfg', '--mergereturn', '--slsr', '--loop-predication', '--jump-threading', '--mem2reg', '--loop-versioning-licm', '--irce', '--instsimplify', '--elim-avail-extern', '--loop-deletion', '--early-cse', '--load-store-vectorizer', '--ipsccp', '--lower-constant-intrinsics', '--dce', '--simple-loop-unswitch', '--bdce', '--loop-vectorize', '--loop-instsimplify', '--separate-const-offset-from-gep', '--early-cse-memssa', '--loweratomic', '--nary-reassociate', '--loop-guard-widening', '--dse', '--globalopt', '--loop-sink', '--lowerinvoke', '--reassociate', '--inline', '--gvn', '--globaldce', '--loop-rotate', '--loop-reroll', '--reg2mem', '--ipconstprop', '--newgvn', '--lowerswitch', '--mergefunc', '-loop-reduce', '--loop-unswitch', '--loop-idiom', '--aggressive-instcombine', '--functionattrs', '--loop-interchange', '--slp-vectorizer', '--sroa', '--lower-expect', '--loop-unroll', '--indvars', '--break-crit-edges', '--memcpyopt', '--correlated-propagation', '--loop-fusion', '--gvn-hoist', '--die', '--hotcoldsplit', '--licm', '--sccp']",75,-39.9429853526933,0.0,-27.554702538432426,0.0,1,-39.9429853526933,-27.554702538432426,-11.550939991529948,-223.85786802030458,47.181349194572164,97.05882352941177,34
61,"['--separate-const-offset-from-gep', '--globalopt', '--elim-avail-extern', '--break-crit-edges', '--mldst-motion', '--ipsccp', '--slp-vectorizer', '--loop-sink', '--inline', '--early-cse-memssa', '--reg2mem', '--simplifycfg', '--loop-predication', '--strip', '--instcombine', '--indvars', '--adce', '--scalarizer', '--functionattrs', '--nary-reassociate', '--licm', '--hotcoldsplit', '--prune-eh', '--die', '--correlated-propagation', '--loop-deletion', '--globaldce', '--lowerinvoke', '--bdce', '--dce', '--loop-guard-widening', '--loop-vectorize', '--lower-expect', '--loop-idiom', '--load-store-vectorizer', '--loop-unroll', '--mem2reg', '--inferattrs', '--mergefunc', '--loop-reroll', '--gvn-hoist', '--loop-unswitch', '--loop-versioning-licm', '--simple-loop-unswitch', '--sccp', '--mergereturn', '--loop-simplifycfg', '--lowerswitch', '--partially-inline-libcalls', '-loop-reduce', '--newgvn', '--speculative-execution', '--loop-unroll-and-jam', '--instsimplify', '--reassociate', '--loop-instsimplify', '--dse', '--sink', '--lower-constant-intrinsics', '--loweratomic', '--memcpyopt', '--ipconstprop', '--early-cse', '--jump-threading', '--loop-simplify', '--aggressive-instcombine', '--loop-rotate', '--loop-fusion', '--tailcallelim', '--slsr', '--gvn', '--loop-interchange', '--flattencfg', '--sroa', '--irce']",75,-41.07934648686491,0.0,-30.00402421907787,0.0,1,-41.07934648686491,-30.00402421907787,-11.818484430843982,-187.53623188405797,44.58681263732978,94.11764705882352,34
26,"['--nary-reassociate', '--hotcoldsplit', '--jump-threading', '--elim-avail-extern', '--flattencfg', '--sink', '--mem2reg', '--gvn-hoist', '--partially-inline-libcalls', '--dse', '--lower-constant-intrinsics', '--loop-fusion', '--early-cse', '--gvn', '--lower-expect', '--licm', '--reassociate', '--separate-const-offset-from-gep', '--slsr', '--adce', '--simple-loop-unswitch', '--sccp', '--loop-unroll', '--loweratomic', '--loop-guard-widening', '--ipconstprop', '--ipsccp', '--loop-simplifycfg', '--dce', '--loop-deletion', '--functionattrs', '--loop-predication', '--die', '--prune-eh', '-loop-reduce', '--globalopt', '--loop-interchange', '--bdce', '--loop-versioning-licm', '--mergefunc', '--simplifycfg', '--slp-vectorizer', '--early-cse-memssa', '--lowerinvoke', '--instsimplify', '--loop-reroll', '--reg2mem', '--irce', '--mldst-motion', '--loop-idiom', '--indvars', '--newgvn', '--loop-simplify', '--lowerswitch', '--scalarizer', '--aggressive-instcombine', '--loop-unswitch', '--break-crit-edges', '--instcombine', '--loop-sink', '--globaldce', '--loop-rotate', '--memcpyopt', '--loop-instsimplify', '--load-store-vectorizer', '--mergereturn', '--strip', '--correlated-propagation', '--loop-vectorize', '--loop-unroll-and-jam', '--tailcallelim', '--sroa', '--inline', '--speculative-execution', '--inferattrs']",75,-41.40357796258628,0.0,-29.800410441601652,0.0,1,-41.40357796258628,-29.800410441601652,-13.293718166383702,-193.4010152284264,44.944466019732815,97.05882352941177,34
28,"['--lower-expect', '--nary-reassociate', '--tailcallelim', '--aggressive-instcombine', '--die', '--loop-idiom', '--mldst-motion', '--dse', '--sink', '--simplifycfg', '--loop-rotate', '--ipsccp', '--load-store-vectorizer', '--inferattrs', '--instsimplify', '--hotcoldsplit', '--reassociate', '--lowerswitch', '--newgvn', '--irce', '--loweratomic', '--lowerinvoke', '--reg2mem', '--prune-eh', '--loop-simplify', '--loop-unswitch', '--memcpyopt', '--partially-inline-libcalls', '--loop-reroll', '--slsr', '--loop-deletion', '--inline', '--scalarizer', '--lower-constant-intrinsics', '--strip', '--flattencfg', '--early-cse-memssa', '--loop-sink', '--globaldce', '--loop-guard-widening', '--jump-threading', '--ipconstprop', '--simple-loop-unswitch', '--mem2reg', '--separate-const-offset-from-gep', '-loop-reduce', '--mergereturn', '--slp-vectorizer', '--functionattrs', '--elim-avail-extern', '--mergefunc', '--sroa', '--loop-unroll-and-jam', '--instcombine', '--loop-vectorize', '--gvn', '--early-cse', '--indvars', '--dce', '--loop-versioning-licm', '--loop-instsimplify', '--loop-unroll', '--loop-simplifycfg', '--bdce', '--break-crit-edges', '--globalopt', '--gvn-hoist', '--speculative-execution', '--licm', '--loop-interchange', '--loop-fusion', '--adce', '--sccp', '--correlated-propagation', '--loop-predication']",75,-42.961770872925946,0.0,-28.980380814815526,0.0,1,-42.961770872925946,-28.980380814815526,-10.011520513633688,-382.10526315789474,71.08838202990773,94.11764705882352,34
34,"['--early-cse-memssa', '--loop-unroll', '--loweratomic', '--load-store-vectorizer', '--functionattrs', '--dce', '--bdce', '--flattencfg']",8,-52.659450897598276,0.0,-35.68603516847215,0.0,1,-52.659450897598276,-35.68603516847215,-2.2975877487574126,-705.0,122.18453933008867,91.17647058823529,34
4,"['--loop-unroll-and-jam', '--speculative-execution', '--irce', '--loop-rotate', '--licm', '--gvn', '--early-cse-memssa', '--loop-instsimplify', '--sccp', '--mergereturn', '--partially-inline-libcalls', '--strip', '--loop-idiom', '--reassociate', '--bdce', '--newgvn', '--correlated-propagation', '--flattencfg', '-loop-reduce', '--hotcoldsplit', '--instsimplify']",21,-54.29707925082686,0.0,-37.396914194760534,0.0,1,-54.29707925082686,-37.396914194760534,-2.5500462762204945,-705.0,121.31746545932936,94.11764705882352,34
1,"['--slp-vectorizer', '--globalopt']",2,-55.554686952903324,0.0,-42.428531174503796,0.0,1,-55.554686952903324,-42.428531174503796,-1.2276327368729834,-703.0,127.03876807319595,73.52941176470588,34
32,"['--partially-inline-libcalls', '--prune-eh', '--separate-const-offset-from-gep', '--mem2reg', '--jump-threading', '--gvn', '--bdce', '--ipconstprop', '--slsr', '--sink', '--loop-vectorize', '--sccp', '--simplifycfg', '--mergefunc', '--ipsccp', '--memcpyopt', '--instcombine', '--lowerswitch', '--functionattrs', '--mergereturn', '--correlated-propagation', '--loop-predication', '--reg2mem', '--loop-instsimplify', '--early-cse', '--loop-unroll-and-jam', '--die', '--tailcallelim', '--hotcoldsplit', '--loop-simplify', '--inline', '--early-cse-memssa', '--loop-unroll', '--loop-sink', '--indvars', '--speculative-execution', '--globalopt', '--irce', '--loop-rotate', '--nary-reassociate', '--licm', '--adce', '--dse', '--gvn-hoist', '--loop-idiom', '--load-store-vectorizer', '--loop-unswitch', '--aggressive-instcombine', '--flattencfg', '--loop-interchange', '--scalarizer', '--reassociate', '--lowerinvoke', '--lower-constant-intrinsics', '--sroa', '--slp-vectorizer', '--globaldce', '--inferattrs', '--loop-versioning-licm', '--newgvn', '--loweratomic', '--dce', '--loop-reroll', '--simple-loop-unswitch', '--elim-avail-extern', '--loop-guard-widening', '--loop-fusion', '--strip', '-loop-reduce', '--break-crit-edges', '--instsimplify', '--lower-expect', '--loop-deletion', '--loop-simplifycfg', '--mldst-motion']",75,-56.52546273824635,0.0,-45.39933454835648,0.0,1,-56.52546273824635,-45.39933454835648,-13.33363537513592,-409.4736842105263,79.17138297567224,97.05882352941177,34
42,"['--separate-const-offset-from-gep', '--mergefunc', '--loop-unroll-and-jam', '--instsimplify', '--memcpyopt', '--lower-constant-intrinsics', '--loop-versioning-licm', '--nary-reassociate', '--mldst-motion', '--loop-unswitch', '--loop-simplify', '--gvn', '--licm', '--dce', '--dse', '--tailcallelim', '--aggressive-instcombine', '--scalarizer', '--early-cse', '--globaldce']",20,-60.01050245522654,0.0,-48.458692493596146,0.0,1,-60.01050245522654,-48.458692493596146,-1.7849981711535836,-685.0,121.95894849735313,76.47058823529412,34
35,"['--reg2mem', '--sroa', '--speculative-execution', '--loop-unroll-and-jam', '--hotcoldsplit', '--tailcallelim', '--elim-avail-extern']",7,-60.62362947857943,0.0,-44.148022197196184,0.0,1,-60.62362947857943,-44.148022197196184,-8.054011336385438,-713.0,125.12612830682293,100.0,34
56,"['--partially-inline-libcalls', '--die', '--loop-fusion', '--adce', '--loop-idiom', '--irce', '--slp-vectorizer', '--scalarizer', '--loop-simplifycfg', '--hotcoldsplit', '--loop-reroll', '--loop-instsimplify', '--lower-constant-intrinsics', '--sccp', '--loop-sink', '--simple-loop-unswitch', '--loop-versioning-licm', '--globaldce', '--correlated-propagation', '--lower-expect', '--gvn-hoist', '--loop-guard-widening', '--elim-avail-extern', '--instsimplify', '--dse', '--sroa', '--memcpyopt', '--reassociate', '--bdce', '--lowerinvoke', '--loop-unswitch', '--loop-rotate', '--inferattrs', '--functionattrs', '--loweratomic', '--strip', '--prune-eh', '--licm', '--mem2reg', '--mldst-motion', '-loop-reduce', '--sink', '--loop-predication', '--inline', '--aggressive-instcombine']",45,-61.85739357834643,0.0,-48.89951601889987,0.0,1,-61.85739357834643,-48.89951601889987,-2.657764653014059,-702.0,123.88638917112708,85.29411764705883,34
853,"['--ipsccp', '--speculative-execution', '--sccp', '--early-cse', '--mem2reg', '--jump-threading', '--globalopt', '--elim-avail-extern', '--instcombine', '--adce', '--jump-threading', '--gvn', '--simplifycfg', '--instsimplify', '--gvn-hoist', '--mergefunc', '--gvn-hoist', '--instcombine', '--ipsccp', '--elim-avail-extern', '--indvars', '--gvn', '--gvn', '--ipsccp', '--gvn', '--nary-reassociate', '--loop-instsimplify', '--loop-instsimplify', '--strip', '--mem2reg', '--jump-threading', '--globalopt', '--elim-avail-extern', '--simplifycfg', '--sroa', '--mem2reg', '--gvn-hoist', '--sccp', '--early-cse', '--lower-constant-intrinsics', '--adce', '--adce', '--gvn-hoist', '--adce', '--loop-simplify', '--dse', '--loop-sink', '--newgvn', '--simplifycfg', '--lower-expect', '--simplifycfg', '--gvn-hoist', '--instcombine', '--globalopt', '--elim-avail-extern', '--gvn', '--gvn', '--ipsccp', '--gvn', '--nary-reassociate', '--lower-constant-intrinsics', '--loop-instsimplify', '--early-cse', '--mem2reg', '--jump-threading', '--globalopt', '--slp-vectorizer', '--instcombine', '--simplifycfg', '--sroa', '--lower-constant-intrinsics', '--early-cse', '--lower-expect', '--reg2mem', '--lower-expect', '--elim-avail-extern', '--elim-avail-extern', '--lower-expect', '--slsr']",79,-62.24405076369287,0.0,-55.988514236042825,0.0,1,-62.24405076369287,-55.988514236042825,-55.35237283319125,-222.33502538071065,61.35018027837221,94.11764705882352,34
3,"['--simplifycfg', '--aggressive-instcombine', '--loop-instsimplify', '--early-cse', '--dce', '--scalarizer', '--loop-simplify', '--loop-unroll', '--irce', '--tailcallelim', '--ipconstprop', '-loop-reduce', '--gvn-hoist', '--loop-interchange', '--loop-deletion']",15,-62.673929765671645,0.0,-49.220273328258024,0.0,1,-62.673929765671645,-49.220273328258024,-2.657764653014059,-702.0,125.23430651831066,88.23529411764706,34
59,"['--reg2mem', '--scalarizer', '--adce', '--correlated-propagation', '--inline', '--instcombine', '--loop-rotate', '--loweratomic', '--mem2reg', '--separate-const-offset-from-gep', '--mldst-motion', '--flattencfg', '--loop-simplify', '--slsr', '--memcpyopt', '--lower-expect', '--globaldce', '--jump-threading', '--loop-reroll', '--lowerswitch', '--instsimplify', '--break-crit-edges', '--loop-simplifycfg', '--mergefunc', '--sccp', '--loop-sink', '--loop-instsimplify', '--gvn-hoist', '--prune-eh', '--loop-fusion', '--lower-constant-intrinsics', '--simplifycfg', '--licm', '--loop-unswitch', '--simple-loop-unswitch', '--lowerinvoke', '--ipconstprop', '--indvars', '--sink', '--strip', '--gvn', '--globalopt', '--nary-reassociate', '--loop-interchange', '--ipsccp', '-loop-reduce', '--mergereturn', '--early-cse', '--loop-unroll-and-jam', '--dse']",50,-63.171923967207775,0.0,-51.55227197394077,0.0,1,-63.171923967207775,-51.55227197394077,-17.382022471910112,-558.421052631579,99.48896457340429,97.05882352941177,34
40,"['--elim-avail-extern', '--lowerinvoke', '--loop-rotate', '--gvn-hoist', '--tailcallelim', '--lowerswitch', '--simple-loop-unswitch', '--loop-fusion', '--strip', '--aggressive-instcombine', '--loop-interchange', '--globalopt', '--sink', '--flattencfg', '--loop-unroll', '--loop-reroll', '--loop-versioning-licm', '--irce', '--bdce', '--slsr', '--inline', '--nary-reassociate', '--load-store-vectorizer', '--mergefunc', '--loop-deletion', '--gvn', '--loop-instsimplify', '--loop-sink', '--loweratomic', '--partially-inline-libcalls', '--loop-idiom', '--scalarizer', '--sccp']",33,-64.03338933021388,0.0,-50.60927194248505,0.0,1,-64.03338933021388,-50.60927194248505,-5.452744940273566,-745.0,132.8231772629127,85.29411764705883,34
47,"['--tailcallelim', '--loop-vectorize', '--sccp', '--licm', '--loop-interchange', '--irce', '--mem2reg', '--loop-reroll', '--separate-const-offset-from-gep', '--loop-sink', '--loop-simplifycfg', '--sink', '--gvn', '--loop-rotate', '--bdce', '--loop-unroll', '--loop-unswitch', '--strip', '-loop-reduce', '--gvn-hoist', '--loop-instsimplify', '--loop-versioning-licm', '--lowerinvoke', '--loop-deletion', '--lower-expect', '--prune-eh', '--instsimplify', '--mldst-motion', '--globalopt', '--functionattrs', '--ipconstprop', '--correlated-propagation', '--loweratomic', '--slp-vectorizer', '--break-crit-edges', '--early-cse-memssa', '--dse', '--globaldce', '--dce', '--loop-unroll-and-jam', '--aggressive-instcombine', '--lowerswitch', '--adce', '--jump-threading', '--partially-inline-libcalls', '--simplifycfg', '--instcombine', '--loop-fusion', '--reassociate', '--speculative-execution', '--slsr', '--sroa', '--memcpyopt', '--lower-constant-intrinsics', '--reg2mem', '--simple-loop-unswitch', '--loop-simplify', '--mergereturn', '--ipsccp', '--die', '--flattencfg', '--newgvn', '--scalarizer', '--early-cse', '--loop-predication', '--loop-guard-widening', '--loop-idiom', '--nary-reassociate', '--mergefunc', '--elim-avail-extern', '--load-store-vectorizer', '--inferattrs', '--hotcoldsplit', '--inline', '--indvars']",75,-69.09765226431318,0.0,-62.880495213007904,0.0,1,-69.09765226431318,-62.880495213007904,-43.626931805900796,-281.7258883248731,73.78457325145494,97.05882352941177,34
19,"['--strip', '--scalarizer', '--loop-vectorize', '--gvn', '--slp-vectorizer', '--correlated-propagation', '--irce', '--mergefunc', '--loop-reroll', '--prune-eh', '--licm', '--memcpyopt', '--partially-inline-libcalls', '--lowerswitch', '--hotcoldsplit', '--inferattrs', '--instcombine', '--lowerinvoke', '--loop-fusion', '--loop-interchange', '--lower-constant-intrinsics', '--loop-simplify', '--newgvn', '--reg2mem', '--instsimplify', '--loop-rotate', '--flattencfg', '-loop-reduce', '--aggressive-instcombine', '--dse', '--loop-sink', '--simple-loop-unswitch', '--loop-unswitch', '--sink', '--bdce', '--slsr', '--indvars', '--separate-const-offset-from-gep', '--load-store-vectorizer', '--early-cse', '--adce', '--ipconstprop', '--dce', '--sccp', '--ipsccp', '--break-crit-edges', '--gvn-hoist', '--loop-instsimplify', '--loop-guard-widening', '--loweratomic', '--functionattrs', '--loop-unroll']",52,-70.95418463015751,0.0,-64.5232771312673,0.0,1,-70.95418463015751,-64.5232771312673,-49.361111111111114,-327.4111675126904,80.02903252295275,97.05882352941177,34
5,"['--lower-constant-intrinsics', '--loop-deletion', '--separate-const-offset-from-gep', '--speculative-execution', '--loop-rotate', '--load-store-vectorizer', '--inline', '--dse', '--reg2mem', '--mem2reg', '--correlated-propagation', '--indvars', '--elim-avail-extern', '--lowerswitch', '--simplifycfg', '--loop-predication', '--sroa', '--loop-simplifycfg', '--reassociate', '--bdce', '--loop-unroll', '--break-crit-edges', '--sccp', '--slp-vectorizer', '--early-cse-memssa']",25,-71.04818653402697,0.0,-54.49222454371174,0.0,1,-71.04818653402697,-54.49222454371174,-11.40193315105498,-790.0,151.7901812624317,100.0,34
44,"['--elim-avail-extern', '-loop-reduce', '--loop-unroll-and-jam', '--memcpyopt', '--loop-rotate', '--hotcoldsplit', '--mldst-motion', '--die', '--loop-simplify', '--lowerswitch', '--gvn-hoist', '--tailcallelim', '--gvn', '--strip', '--loop-unroll', '--loop-deletion', '--bdce', '--lowerinvoke', '--functionattrs', '--inline', '--ipsccp', '--loop-guard-widening', '--instsimplify', '--flattencfg', '--instcombine', '--sroa', '--lower-expect', '--mem2reg', '--sccp', '--irce', '--loop-versioning-licm', '--globaldce', '--loop-interchange', '--early-cse-memssa', '--loop-simplifycfg', '--slsr', '--partially-inline-libcalls', '--simple-loop-unswitch', '--dce', '--mergereturn', '--break-crit-edges', '--adce', '--globalopt', '--loop-fusion', '--licm', '--loweratomic', '--separate-const-offset-from-gep', '--reg2mem', '--nary-reassociate', '--loop-predication', '--loop-vectorize', '--correlated-propagation', '--load-store-vectorizer', '--slp-vectorizer', '--loop-idiom', '--indvars', '--prune-eh', '--simplifycfg', '--dse', '--mergefunc', '--speculative-execution', '--sink', '--aggressive-instcombine', '--loop-sink', '--loop-instsimplify', '--jump-threading', '--loop-unswitch', '--newgvn', '--reassociate', '--inferattrs', '--scalarizer', '--loop-reroll', '--lower-constant-intrinsics', '--early-cse', '--ipconstprop']",75,-73.03396666814825,0.0,-65.76684326208247,0.0,1,-73.03396666814825,-65.76684326208247,-38.85798224778097,-428.02547770700636,91.50010692174631,97.05882352941177,34
31,"['--simplifycfg', '--loop-unroll-and-jam', '--bdce', '--loop-reroll', '--loop-instsimplify', '--ipsccp', '--inline', '-loop-reduce', '--loop-deletion', '--slp-vectorizer', '--adce', '--separate-const-offset-from-gep', '--loweratomic', '--memcpyopt', '--globaldce', '--lowerswitch', '--partially-inline-libcalls', '--loop-guard-widening', '--tailcallelim', '--gvn-hoist', '--aggressive-instcombine', '--jump-threading', '--reassociate', '--globalopt', '--sccp', '--lower-expect', '--lowerinvoke', '--loop-unroll', '--dse', '--indvars', '--load-store-vectorizer', '--loop-simplifycfg', '--lower-constant-intrinsics', '--gvn', '--mldst-motion', '--prune-eh', '--loop-sink', '--licm', '--loop-interchange', '--mem2reg', '--loop-unswitch', '--hotcoldsplit', '--newgvn', '--early-cse-memssa', '--break-crit-edges', '--sink', '--scalarizer', '--loop-versioning-licm', '--sroa', '--speculative-execution', '--slsr', '--strip', '--reg2mem', '--irce', '--ipconstprop', '--dce', '--instsimplify', '--flattencfg', '--instcombine', '--loop-simplify', '--inferattrs', '--simple-loop-unswitch', '--mergefunc', '--elim-avail-extern', '--loop-vectorize', '--die', '--nary-reassociate', '--loop-idiom', '--correlated-propagation', '--loop-predication', '--loop-rotate', '--early-cse', '--functionattrs', '--loop-fusion', '--mergereturn']",75,-80.08503139973719,0.0,-75.70141305042121,0.0,1,-80.08503139973719,-75.70141305042121,-48.774509803921575,-307.10659898477155,87.50148082509516,97.05882352941177,34
7,"['--tailcallelim', '--loop-versioning-licm', '--loop-unroll', '--lowerswitch', '--loop-idiom', '--bdce', '--nary-reassociate', '--loop-rotate', '--loop-predication', '--scalarizer', '--aggressive-instcombine', '--lower-expect', '--elim-avail-extern', '--separate-const-offset-from-gep', '--inline', '--indvars', '--loop-vectorize', '--globaldce', '--break-crit-edges', '--functionattrs', '--load-store-vectorizer', '--reg2mem', '--hotcoldsplit', '--partially-inline-libcalls', '--inferattrs', '--sccp', '--globalopt', '--instcombine', '--instsimplify', '--mem2reg', '--loop-fusion']",31,-81.69721223870529,0.0,-70.87220784205952,0.0,1,-81.69721223870529,-70.87220784205952,-25.634057971014496,-787.0,139.84232827748878,97.05882352941177,34
29,"['--loweratomic', '--lowerswitch', '--mldst-motion', '--loop-versioning-licm', '--loop-predication', '--adce', '--lower-expect', '--early-cse', '--gvn-hoist', '--slp-vectorizer', '--gvn', '--memcpyopt', '--mem2reg', '--mergefunc', '--die', '--sroa', '--lower-constant-intrinsics', '--hotcoldsplit', '--instsimplify', '--scalarizer', '--strip', '--newgvn', '--inferattrs', '--loop-idiom', '--prune-eh', '--functionattrs', '--jump-threading', '--simplifycfg', '--mergereturn', '--globalopt', '--break-crit-edges', '--loop-vectorize', '--licm', '--ipsccp', '--loop-rotate', '--loop-reroll', '--lowerinvoke', '--simple-loop-unswitch', '--loop-unroll-and-jam', '--irce', '--tailcallelim', '--load-store-vectorizer', '--dce', '--loop-sink', '--loop-instsimplify', '-loop-reduce', '--loop-simplify', '--indvars', '--sccp', '--loop-guard-widening', '--flattencfg', '--loop-deletion', '--sink', '--aggressive-instcombine', '--loop-interchange', '--separate-const-offset-from-gep', '--inline', '--reassociate', '--partially-inline-libcalls', '--slsr', '--loop-unroll', '--nary-reassociate', '--globaldce', '--loop-unswitch', '--loop-fusion', '--reg2mem', '--elim-avail-extern', '--instcombine', '--bdce', '--early-cse-memssa', '--dse', '--ipconstprop', '--speculative-execution', '--loop-simplifycfg', '--correlated-propagation']",75,-84.5512198472814,0.0,-79.12296224142305,0.0,1,-84.5512198472814,-79.12296224142305,-37.06108829568789,-476.3157894736843,106.50174636802345,97.05882352941177,34
55,"['--inferattrs', '--lower-expect', '--loop-vectorize', '--loop-rotate', '--dse', '--mldst-motion', '--slp-vectorizer', '--early-cse', '--inline', '--separate-const-offset-from-gep', '--partially-inline-libcalls', '--load-store-vectorizer', '--reassociate', '--newgvn', '--mergefunc', '--loop-unroll-and-jam', '--loop-reroll', '--simplifycfg', '--elim-avail-extern', '--loop-unswitch', '--die', '--strip', '--functionattrs', '--memcpyopt', '--break-crit-edges', '--ipsccp', '--globaldce', '--mem2reg', '--scalarizer', '--loop-deletion', '--indvars', '--loop-interchange', '--bdce', '--lowerswitch', '--loop-simplify', '--speculative-execution', '--loop-sink', '--correlated-propagation', '--loop-unroll', '--prune-eh', '--hotcoldsplit', '--instcombine', '--loop-fusion', '--sccp', '--lower-constant-intrinsics', '--mergereturn', '--early-cse-memssa', '--instsimplify', '--globalopt', '--loop-guard-widening', '--aggressive-instcombine', '--irce', '--loop-instsimplify', '--loop-versioning-licm', '-loop-reduce', '--sink', '--loop-idiom', '--adce', '--nary-reassociate', '--loop-simplifycfg', '--sroa', '--tailcallelim', '--loop-predication', '--loweratomic', '--dce', '--reg2mem', '--slsr', '--lowerinvoke', '--gvn-hoist', '--licm', '--simple-loop-unswitch', '--ipconstprop', '--flattencfg', '--gvn', '--jump-threading']",75,-84.96501597072955,0.0,-79.3826014448522,0.0,1,-84.96501597072955,-79.3826014448522,-42.7444576405384,-528.9473684210526,108.6924135767863,97.05882352941177,34
25,"['--correlated-propagation', '--slsr', '--bdce', '--loop-predication', '--loop-reroll', '--mergereturn', '--nary-reassociate', '--loop-guard-widening', '--aggressive-instcombine', '--loop-deletion', '--globaldce', '--strip', '--break-crit-edges', '--reassociate', '--loop-instsimplify', '--flattencfg', '--simplifycfg', '--adce', '--inferattrs', '--loop-unroll', '--partially-inline-libcalls', '--licm', '--indvars', '--dse', '--mldst-motion', '--early-cse-memssa', '--lowerswitch', '--jump-threading', '--hotcoldsplit', '--separate-const-offset-from-gep', '--instcombine', '--mergefunc', '--gvn-hoist', '--loop-vectorize', '--early-cse', '--gvn', '--lower-expect', '--irce', '--loop-simplify', '--mem2reg', '-loop-reduce', '--loweratomic', '--inline', '--reg2mem', '--sink', '--elim-avail-extern', '--loop-unroll-and-jam', '--loop-sink', '--prune-eh', '--ipconstprop', '--newgvn', '--loop-fusion', '--lower-constant-intrinsics', '--instsimplify', '--speculative-execution', '--loop-idiom', '--slp-vectorizer', '--dce', '--load-store-vectorizer', '--scalarizer', '--globalopt', '--ipsccp', '--memcpyopt', '--loop-unswitch', '--die']",65,-86.23556019959526,0.0,-80.52773392675589,0.0,1,-86.23556019959526,-80.52773392675589,-44.36952206294781,-558.421052631579,112.80936225116574,97.05882352941177,34
33,"['--separate-const-offset-from-gep', '--lowerswitch', '--instcombine', '--prune-eh', '--loop-unroll', '--load-store-vectorizer', '--sink', '--reg2mem']",8,-100.19915301443686,0.0,-94.29405883679986,0.0,1,-100.19915301443686,-94.29405883679986,-74.34284275139382,-790.0,144.78608886836972,100.0,34
13,"['--strip', '--flattencfg', '--scalarizer', '--ipconstprop', '--lowerswitch', '--loop-predication', '-loop-reduce', '--lowerinvoke', '--mergefunc', '--instcombine', '--loop-unswitch', '--inline', '--sroa', '--simplifycfg', '--slsr', '--loop-vectorize', '--early-cse', '--elim-avail-extern', '--dse', '--loop-guard-widening', '--loop-fusion', '--reg2mem', '--aggressive-instcombine', '--lower-expect', '--reassociate', '--simple-loop-unswitch', '--mergereturn', '--die', '--functionattrs', '--loop-interchange', '--loop-unroll-and-jam', '--loop-unroll', '--load-store-vectorizer', '--loop-deletion', '--sink', '--globalopt', '--hotcoldsplit', '--globaldce']",38,-101.33403730605048,0.0,-97.20488509103208,0.0,1,-101.33403730605048,-97.20488509103208,-68.63058969327687,-704.2105263157895,138.71549958364645,97.05882352941177,34
52,"['--adce', '--loweratomic', '--loop-idiom', '--jump-threading', '--slp-vectorizer', '--loop-rotate', '--tailcallelim', '--loop-deletion', '--loop-predication', '--newgvn', '--loop-simplifycfg', '--loop-unswitch', '--simplifycfg', '--inline', '--elim-avail-extern', '--speculative-execution', '--break-crit-edges', '--globaldce', '--correlated-propagation', '--gvn-hoist', '--instcombine', '--scalarizer', '--mergereturn', '--flattencfg', '--loop-instsimplify', '--mem2reg', '-loop-reduce', '--loop-sink', '--slsr', '--early-cse-memssa', '--loop-simplify', '--gvn', '--loop-guard-widening', '--loop-interchange', '--early-cse', '--globalopt', '--loop-unroll', '--loop-vectorize', '--sccp', '--loop-versioning-licm', '--lowerswitch', '--reassociate', '--prune-eh', '--indvars', '--mergefunc', '--loop-fusion', '--partially-inline-libcalls', '--sroa', '--aggressive-instcombine', '--irce', '--load-store-vectorizer', '--lower-constant-intrinsics', '--functionattrs', '--separate-const-offset-from-gep', '--memcpyopt', '--dse', '--mldst-motion', '--bdce', '--reg2mem', '--nary-reassociate', '--loop-reroll', '--loop-unroll-and-jam', '--hotcoldsplit', '--die', '--simple-loop-unswitch', '--dce', '--inferattrs', '--instsimplify', '--licm', '--ipsccp', '--lower-expect', '--sink', '--ipconstprop', '--lowerinvoke', '--strip']",75,-131.99318041682486,0.0,-131.53822452595332,0.0,1,-131.99318041682486,-131.53822452595332,-80.71819741356558,-817.8343949044587,187.80688492948093,97.05882352941177,34
